1.158417570000000000e+08 1.750000000000000000e+03 3.600000000000000000e+03 4.220000000000000000e+03 5.320000000000000000e+03
1.158419650000000000e+08 1.750000000000000000e+03 3.590000000000000000e+03 4.230000000000000000e+03 5.330000000000000000e+03
1.158421730000000000e+08 1.760000000000000000e+03 3.590000000000000000e+03 4.230000000000000000e+03 5.320000000000000000e+03
1.158423810000000000e+08 1.750000000000000000e+03 3.590000000000000000e+03 4.230000000000000000e+03 5.320000000000000000e+03
1.158425890000000000e+08 1.750000000000000000e+03 3.600000000000000000e+03 4.230000000000000000e+03 5.320000000000000000e+03
1.158427970000000000e+08 1.740000000000000000e+03 3.600000000000000000e+03 4.230000000000000000e+03 5.320000000000000000e+03
1.158430050000000000e+08 1.750000000000000000e+03 3.620000000000000000e+03 4.220000000000000000e+03 5.330000000000000000e+03
1.158432130000000000e+08 1.770000000000000000e+03 3.620000000000000000e+03 4.230000000000000000e+03 5.320000000000000000e+03
1.158434210000000000e+08 1.770000000000000000e+03 3.620000000000000000e+03 4.240000000000000000e+03 5.320000000000000000e+03
1.158436290000000000e+08 1.760000000000000000e+03 3.610000000000000000e+03 4.240000000000000000e+03 5.320000000000000000e+03
1.158438370000000000e+08 1.750000000000000000e+03 3.600000000000000000e+03 4.230000000000000000e+03 5.320000000000000000e+03
1.158440450000000000e+08 1.760000000000000000e+03 3.600000000000000000e+03 4.230000000000000000e+03 5.330000000000000000e+03
1.158442530000000000e+08 1.740000000000000000e+03 3.600000000000000000e+03 4.220000000000000000e+03 5.320000000000000000e+03
1.158444610000000000e+08 1.740000000000000000e+03 3.590000000000000000e+03 4.240000000000000000e+03 5.320000000000000000e+03
1.158446690000000000e+08 1.720000000000000000e+03 3.590000000000000000e+03 4.230000000000000000e+03 5.320000000000000000e+03
1.158448770000000000e+08 1.720000000000000000e+03 3.590000000000000000e+03 4.230000000000000000e+03 5.330000000000000000e+03
1.158450850000000000e+08 1.740000000000000000e+03 3.600000000000000000e+03 4.220000000000000000e+03 5.330000000000000000e+03
1.158452930000000000e+08 1.760000000000000000e+03 3.600000000000000000e+03 4.230000000000000000e+03 5.330000000000000000e+03
1.158455010000000000e+08 1.750000000000000000e+03 3.600000000000000000e+03 4.240000000000000000e+03 5.330000000000000000e+03
1.158457080000000000e+08 1.760000000000000000e+03 3.600000000000000000e+03 4.240000000000000000e+03 5.320000000000000000e+03
1.158459170000000000e+08 1.760000000000000000e+03 3.610000000000000000e+03 4.240000000000000000e+03 5.320000000000000000e+03
1.158461240000000000e+08 1.770000000000000000e+03 3.610000000000000000e+03 4.230000000000000000e+03 5.330000000000000000e+03
1.158463330000000000e+08 1.780000000000000000e+03 3.610000000000000000e+03 4.230000000000000000e+03 5.320000000000000000e+03
1.158465400000000000e+08 1.780000000000000000e+03 3.610000000000000000e+03 4.220000000000000000e+03 5.320000000000000000e+03
1.158467480000000000e+08 1.770000000000000000e+03 3.610000000000000000e+03 4.220000000000000000e+03 5.320000000000000000e+03
1.158469560000000000e+08 1.760000000000000000e+03 3.600000000000000000e+03 4.220000000000000000e+03 5.330000000000000000e+03
1.158471640000000000e+08 1.760000000000000000e+03 3.600000000000000000e+03 4.210000000000000000e+03 5.320000000000000000e+03
1.158473720000000000e+08 1.750000000000000000e+03 3.610000000000000000e+03 4.210000000000000000e+03 5.310000000000000000e+03
1.158475800000000000e+08 1.750000000000000000e+03 3.610000000000000000e+03 4.210000000000000000e+03 5.310000000000000000e+03
1.158477880000000000e+08 1.760000000000000000e+03 3.600000000000000000e+03 4.200000000000000000e+03 5.310000000000000000e+03
1.158479960000000000e+08 1.770000000000000000e+03 3.600000000000000000e+03 4.220000000000000000e+03 5.310000000000000000e+03
1.158482040000000000e+08 1.760000000000000000e+03 3.600000000000000000e+03 4.230000000000000000e+03 5.300000000000000000e+03
1.158484120000000000e+08 1.770000000000000000e+03 3.590000000000000000e+03 4.230000000000000000e+03 5.300000000000000000e+03
1.158486200000000000e+08 1.760000000000000000e+03 3.590000000000000000e+03 4.230000000000000000e+03 5.290000000000000000e+03
1.158488280000000000e+08 1.770000000000000000e+03 3.610000000000000000e+03 4.230000000000000000e+03 5.290000000000000000e+03
1.158490360000000000e+08 1.780000000000000000e+03 3.610000000000000000e+03 4.230000000000000000e+03 5.290000000000000000e+03
1.158492440000000000e+08 1.780000000000000000e+03 3.610000000000000000e+03 4.240000000000000000e+03 5.290000000000000000e+03
1.158494520000000000e+08 1.770000000000000000e+03 3.600000000000000000e+03 4.240000000000000000e+03 5.290000000000000000e+03
1.158496600000000000e+08 1.770000000000000000e+03 3.600000000000000000e+03 4.240000000000000000e+03 5.300000000000000000e+03
1.158498680000000000e+08 1.780000000000000000e+03 3.600000000000000000e+03 4.230000000000000000e+03 5.300000000000000000e+03
1.158500750000000000e+08 1.780000000000000000e+03 3.610000000000000000e+03 4.230000000000000000e+03 5.310000000000000000e+03
1.158502840000000000e+08 1.780000000000000000e+03 3.610000000000000000e+03 4.240000000000000000e+03 5.310000000000000000e+03
1.158504920000000000e+08 1.800000000000000000e+03 3.610000000000000000e+03 4.240000000000000000e+03 5.320000000000000000e+03
1.158506990000000000e+08 1.780000000000000000e+03 3.610000000000000000e+03 4.240000000000000000e+03 5.320000000000000000e+03
1.158509080000000000e+08 1.760000000000000000e+03 3.620000000000000000e+03 4.230000000000000000e+03 5.320000000000000000e+03
1.158511160000000000e+08 1.760000000000000000e+03 3.620000000000000000e+03 4.220000000000000000e+03 5.320000000000000000e+03
1.158513240000000000e+08 1.770000000000000000e+03 3.610000000000000000e+03 4.220000000000000000e+03 5.330000000000000000e+03
1.158515320000000000e+08 1.770000000000000000e+03 3.610000000000000000e+03 4.220000000000000000e+03 5.320000000000000000e+03
1.158517400000000000e+08 1.770000000000000000e+03 3.610000000000000000e+03 4.230000000000000000e+03 5.330000000000000000e+03
1.158519480000000000e+08 1.760000000000000000e+03 3.610000000000000000e+03 4.230000000000000000e+03 5.330000000000000000e+03
1.158521560000000000e+08 1.780000000000000000e+03 3.600000000000000000e+03 4.230000000000000000e+03 5.320000000000000000e+03
1.158523630000000000e+08 1.780000000000000000e+03 3.600000000000000000e+03 4.230000000000000000e+03 5.320000000000000000e+03
1.158525710000000000e+08 1.800000000000000000e+03 3.600000000000000000e+03 4.240000000000000000e+03 5.320000000000000000e+03
1.158527800000000000e+08 1.800000000000000000e+03 3.600000000000000000e+03 4.250000000000000000e+03 5.320000000000000000e+03
1.158529870000000000e+08 1.760000000000000000e+03 3.600000000000000000e+03 4.250000000000000000e+03 5.310000000000000000e+03
1.158534030000000000e+08 1.770000000000000000e+03 3.600000000000000000e+03 4.250000000000000000e+03 5.310000000000000000e+03
1.158536110000000000e+08 1.760000000000000000e+03 3.600000000000000000e+03 4.240000000000000000e+03 5.310000000000000000e+03
1.158538190000000000e+08 1.770000000000000000e+03 3.600000000000000000e+03 4.240000000000000000e+03 5.310000000000000000e+03
1.158540270000000000e+08 1.760000000000000000e+03 3.610000000000000000e+03 4.230000000000000000e+03 5.310000000000000000e+03
1.158542350000000000e+08 1.780000000000000000e+03 3.610000000000000000e+03 4.230000000000000000e+03 5.310000000000000000e+03
1.158544430000000000e+08 1.780000000000000000e+03 3.600000000000000000e+03 4.230000000000000000e+03 5.310000000000000000e+03
1.158546510000000000e+08 1.760000000000000000e+03 3.600000000000000000e+03 4.230000000000000000e+03 5.310000000000000000e+03
1.158548590000000000e+08 1.760000000000000000e+03 3.620000000000000000e+03 4.230000000000000000e+03 5.310000000000000000e+03
1.158552750000000000e+08 1.750000000000000000e+03 3.610000000000000000e+03 4.230000000000000000e+03 5.310000000000000000e+03
1.158554830000000000e+08 1.750000000000000000e+03 3.600000000000000000e+03 4.220000000000000000e+03 5.310000000000000000e+03
1.158556910000000000e+08 1.740000000000000000e+03 3.590000000000000000e+03 4.220000000000000000e+03 5.320000000000000000e+03
1.158558990000000000e+08 1.730000000000000000e+03 3.590000000000000000e+03 4.220000000000000000e+03 5.310000000000000000e+03
1.158561070000000000e+08 1.750000000000000000e+03 3.600000000000000000e+03 4.230000000000000000e+03 5.320000000000000000e+03
1.158563150000000000e+08 1.770000000000000000e+03 3.600000000000000000e+03 4.230000000000000000e+03 5.320000000000000000e+03
1.158565230000000000e+08 1.780000000000000000e+03 3.600000000000000000e+03 4.220000000000000000e+03 5.320000000000000000e+03
1.158569230000000000e+08 1.800000000000000000e+03 3.600000000000000000e+03 4.220000000000000000e+03 5.320000000000000000e+03
1.158571310000000000e+08 1.760000000000000000e+03 3.600000000000000000e+03 4.220000000000000000e+03 5.330000000000000000e+03
1.158573390000000000e+08 1.740000000000000000e+03 3.600000000000000000e+03 4.220000000000000000e+03 5.320000000000000000e+03
1.158575470000000000e+08 1.760000000000000000e+03 3.600000000000000000e+03 4.220000000000000000e+03 5.320000000000000000e+03
1.158577540000000000e+08 1.760000000000000000e+03 3.600000000000000000e+03 4.220000000000000000e+03 5.310000000000000000e+03
1.158579630000000000e+08 1.750000000000000000e+03 3.600000000000000000e+03 4.230000000000000000e+03 5.310000000000000000e+03
1.158581700000000000e+08 1.750000000000000000e+03 3.610000000000000000e+03 4.230000000000000000e+03 5.310000000000000000e+03
1.158583780000000000e+08 1.760000000000000000e+03 3.610000000000000000e+03 4.230000000000000000e+03 5.310000000000000000e+03
1.158585860000000000e+08 1.770000000000000000e+03 3.610000000000000000e+03 4.240000000000000000e+03 5.300000000000000000e+03
1.158587940000000000e+08 1.770000000000000000e+03 3.610000000000000000e+03 4.230000000000000000e+03 5.300000000000000000e+03
1.158590020000000000e+08 1.760000000000000000e+03 3.610000000000000000e+03 4.230000000000000000e+03 5.300000000000000000e+03
1.158592100000000000e+08 1.770000000000000000e+03 3.610000000000000000e+03 4.220000000000000000e+03 5.310000000000000000e+03
1.158594180000000000e+08 1.770000000000000000e+03 3.620000000000000000e+03 4.220000000000000000e+03 5.320000000000000000e+03
1.158596260000000000e+08 1.740000000000000000e+03 3.620000000000000000e+03 4.220000000000000000e+03 5.320000000000000000e+03
1.158598340000000000e+08 1.740000000000000000e+03 3.610000000000000000e+03 4.220000000000000000e+03 5.320000000000000000e+03
1.159000420000000000e+08 1.740000000000000000e+03 3.610000000000000000e+03 4.220000000000000000e+03 5.320000000000000000e+03
1.159002500000000000e+08 1.750000000000000000e+03 3.610000000000000000e+03 4.220000000000000000e+03 5.320000000000000000e+03
1.159004580000000000e+08 1.750000000000000000e+03 3.610000000000000000e+03 4.210000000000000000e+03 5.320000000000000000e+03
1.159006660000000000e+08 1.740000000000000000e+03 3.610000000000000000e+03 4.220000000000000000e+03 5.320000000000000000e+03
1.159008740000000000e+08 1.750000000000000000e+03 3.610000000000000000e+03 4.220000000000000000e+03 5.320000000000000000e+03
1.159010820000000000e+08 1.760000000000000000e+03 3.610000000000000000e+03 4.220000000000000000e+03 5.320000000000000000e+03
1.159012900000000000e+08 1.760000000000000000e+03 3.610000000000000000e+03 4.220000000000000000e+03 5.320000000000000000e+03
1.159014980000000000e+08 1.750000000000000000e+03 3.610000000000000000e+03 4.220000000000000000e+03 5.320000000000000000e+03
1.159017060000000000e+08 1.740000000000000000e+03 3.610000000000000000e+03 4.220000000000000000e+03 5.320000000000000000e+03
1.159019140000000000e+08 1.750000000000000000e+03 3.620000000000000000e+03 4.220000000000000000e+03 5.330000000000000000e+03
1.159021220000000000e+08 1.760000000000000000e+03 3.610000000000000000e+03 4.240000000000000000e+03 5.330000000000000000e+03
1.159023300000000000e+08 1.740000000000000000e+03 3.620000000000000000e+03 4.230000000000000000e+03 5.320000000000000000e+03
1.159025380000000000e+08 1.750000000000000000e+03 3.610000000000000000e+03 4.230000000000000000e+03 5.320000000000000000e+03
1.159027460000000000e+08 1.750000000000000000e+03 3.620000000000000000e+03 4.230000000000000000e+03 5.320000000000000000e+03
1.159029540000000000e+08 1.760000000000000000e+03 3.620000000000000000e+03 4.230000000000000000e+03 5.310000000000000000e+03
1.159031620000000000e+08 1.760000000000000000e+03 3.620000000000000000e+03 4.230000000000000000e+03 5.310000000000000000e+03
1.159033700000000000e+08 1.760000000000000000e+03 3.620000000000000000e+03 4.240000000000000000e+03 5.300000000000000000e+03
1.159035780000000000e+08 1.770000000000000000e+03 3.620000000000000000e+03 4.230000000000000000e+03 5.300000000000000000e+03
1.159037860000000000e+08 1.780000000000000000e+03 3.620000000000000000e+03 4.240000000000000000e+03 5.300000000000000000e+03
1.159039930000000000e+08 1.760000000000000000e+03 3.620000000000000000e+03 4.230000000000000000e+03 5.300000000000000000e+03
1.159042010000000000e+08 1.750000000000000000e+03 3.620000000000000000e+03 4.230000000000000000e+03 5.300000000000000000e+03
1.159044090000000000e+08 1.750000000000000000e+03 3.630000000000000000e+03 4.230000000000000000e+03 5.300000000000000000e+03
1.159046170000000000e+08 1.740000000000000000e+03 3.620000000000000000e+03 4.230000000000000000e+03 5.310000000000000000e+03
1.159048250000000000e+08 1.750000000000000000e+03 3.620000000000000000e+03 4.230000000000000000e+03 5.310000000000000000e+03
1.159050330000000000e+08 1.760000000000000000e+03 3.620000000000000000e+03 4.230000000000000000e+03 5.300000000000000000e+03
1.159052410000000000e+08 1.760000000000000000e+03 3.620000000000000000e+03 4.230000000000000000e+03 5.300000000000000000e+03
1.159054490000000000e+08 1.760000000000000000e+03 3.620000000000000000e+03 4.230000000000000000e+03 5.310000000000000000e+03
1.159056570000000000e+08 1.760000000000000000e+03 3.620000000000000000e+03 4.230000000000000000e+03 5.310000000000000000e+03
1.159058650000000000e+08 1.750000000000000000e+03 3.620000000000000000e+03 4.230000000000000000e+03 5.310000000000000000e+03
1.159060730000000000e+08 1.770000000000000000e+03 3.610000000000000000e+03 4.230000000000000000e+03 5.310000000000000000e+03
1.159062810000000000e+08 1.780000000000000000e+03 3.610000000000000000e+03 4.220000000000000000e+03 5.320000000000000000e+03
1.159064890000000000e+08 1.800000000000000000e+03 3.620000000000000000e+03 4.220000000000000000e+03 5.330000000000000000e+03
1.159066970000000000e+08 1.780000000000000000e+03 3.620000000000000000e+03 4.230000000000000000e+03 5.330000000000000000e+03
1.159069050000000000e+08 1.760000000000000000e+03 3.600000000000000000e+03 4.230000000000000000e+03 5.330000000000000000e+03
1.159071130000000000e+08 1.760000000000000000e+03 3.600000000000000000e+03 4.220000000000000000e+03 5.320000000000000000e+03
1.159073210000000000e+08 1.760000000000000000e+03 3.600000000000000000e+03 4.220000000000000000e+03 5.320000000000000000e+03
1.159075290000000000e+08 1.770000000000000000e+03 3.620000000000000000e+03 4.230000000000000000e+03 5.320000000000000000e+03
1.159077370000000000e+08 1.770000000000000000e+03 3.610000000000000000e+03 4.230000000000000000e+03 5.310000000000000000e+03
1.159079450000000000e+08 1.770000000000000000e+03 3.610000000000000000e+03 4.230000000000000000e+03 5.310000000000000000e+03
1.159081530000000000e+08 1.770000000000000000e+03 3.620000000000000000e+03 4.230000000000000000e+03 5.320000000000000000e+03
1.159083610000000000e+08 1.750000000000000000e+03 3.620000000000000000e+03 4.230000000000000000e+03 5.320000000000000000e+03
1.159085680000000000e+08 1.770000000000000000e+03 3.630000000000000000e+03 4.230000000000000000e+03 5.320000000000000000e+03
1.159087770000000000e+08 1.780000000000000000e+03 3.620000000000000000e+03 4.230000000000000000e+03 5.320000000000000000e+03
1.159089850000000000e+08 1.780000000000000000e+03 3.620000000000000000e+03 4.230000000000000000e+03 5.320000000000000000e+03
1.159091930000000000e+08 1.760000000000000000e+03 3.610000000000000000e+03 4.230000000000000000e+03 5.310000000000000000e+03
1.159094000000000000e+08 1.760000000000000000e+03 3.600000000000000000e+03 4.230000000000000000e+03 5.310000000000000000e+03
1.159096080000000000e+08 1.750000000000000000e+03 3.610000000000000000e+03 4.230000000000000000e+03 5.310000000000000000e+03
1.159098160000000000e+08 1.750000000000000000e+03 3.600000000000000000e+03 4.230000000000000000e+03 5.320000000000000000e+03
1.159100240000000000e+08 1.760000000000000000e+03 3.610000000000000000e+03 4.230000000000000000e+03 5.320000000000000000e+03
1.159102320000000000e+08 1.750000000000000000e+03 3.620000000000000000e+03 4.240000000000000000e+03 5.320000000000000000e+03
1.159104400000000000e+08 1.770000000000000000e+03 3.620000000000000000e+03 4.230000000000000000e+03 5.310000000000000000e+03
1.159106480000000000e+08 1.770000000000000000e+03 3.620000000000000000e+03 4.250000000000000000e+03 5.310000000000000000e+03
1.159108560000000000e+08 1.770000000000000000e+03 3.610000000000000000e+03 4.240000000000000000e+03 5.310000000000000000e+03
1.159110640000000000e+08 1.770000000000000000e+03 3.600000000000000000e+03 4.240000000000000000e+03 5.330000000000000000e+03
1.159112720000000000e+08 1.770000000000000000e+03 3.600000000000000000e+03 4.230000000000000000e+03 5.320000000000000000e+03
1.159114800000000000e+08 1.750000000000000000e+03 3.620000000000000000e+03 4.230000000000000000e+03 5.310000000000000000e+03
1.159116880000000000e+08 1.770000000000000000e+03 3.610000000000000000e+03 4.240000000000000000e+03 5.310000000000000000e+03
1.159118960000000000e+08 1.780000000000000000e+03 3.600000000000000000e+03 4.250000000000000000e+03 5.310000000000000000e+03
1.159121040000000000e+08 1.780000000000000000e+03 3.600000000000000000e+03 4.250000000000000000e+03 5.310000000000000000e+03
1.159123120000000000e+08 1.780000000000000000e+03 3.610000000000000000e+03 4.250000000000000000e+03 5.320000000000000000e+03
1.159125200000000000e+08 1.780000000000000000e+03 3.610000000000000000e+03 4.240000000000000000e+03 5.330000000000000000e+03
1.159127280000000000e+08 1.780000000000000000e+03 3.610000000000000000e+03 4.230000000000000000e+03 5.330000000000000000e+03
1.159129360000000000e+08 1.770000000000000000e+03 3.610000000000000000e+03 4.230000000000000000e+03 5.320000000000000000e+03
1.159131440000000000e+08 1.770000000000000000e+03 3.620000000000000000e+03 4.230000000000000000e+03 5.320000000000000000e+03
1.159133520000000000e+08 1.760000000000000000e+03 3.620000000000000000e+03 4.230000000000000000e+03 5.320000000000000000e+03
1.159135600000000000e+08 1.740000000000000000e+03 3.620000000000000000e+03 4.240000000000000000e+03 5.320000000000000000e+03
1.159137680000000000e+08 1.760000000000000000e+03 3.620000000000000000e+03 4.230000000000000000e+03 5.320000000000000000e+03
1.159139760000000000e+08 1.760000000000000000e+03 3.610000000000000000e+03 4.230000000000000000e+03 5.320000000000000000e+03
1.159141840000000000e+08 1.760000000000000000e+03 3.600000000000000000e+03 4.220000000000000000e+03 5.320000000000000000e+03
1.159143920000000000e+08 1.760000000000000000e+03 3.610000000000000000e+03 4.240000000000000000e+03 5.310000000000000000e+03
1.159145990000000000e+08 1.770000000000000000e+03 3.610000000000000000e+03 4.230000000000000000e+03 5.310000000000000000e+03
1.159148080000000000e+08 1.740000000000000000e+03 3.610000000000000000e+03 4.230000000000000000e+03 5.310000000000000000e+03
1.159150150000000000e+08 1.760000000000000000e+03 3.610000000000000000e+03 4.230000000000000000e+03 5.310000000000000000e+03
1.159152240000000000e+08 1.770000000000000000e+03 3.600000000000000000e+03 4.240000000000000000e+03 5.310000000000000000e+03
1.159154310000000000e+08 1.770000000000000000e+03 3.610000000000000000e+03 4.240000000000000000e+03 5.310000000000000000e+03
1.159156390000000000e+08 1.780000000000000000e+03 3.610000000000000000e+03 4.230000000000000000e+03 5.310000000000000000e+03
1.159158470000000000e+08 1.780000000000000000e+03 3.610000000000000000e+03 4.230000000000000000e+03 5.310000000000000000e+03
1.159160550000000000e+08 1.780000000000000000e+03 3.600000000000000000e+03 4.230000000000000000e+03 5.300000000000000000e+03
1.159162630000000000e+08 1.750000000000000000e+03 3.600000000000000000e+03 4.230000000000000000e+03 5.300000000000000000e+03
1.159164710000000000e+08 1.760000000000000000e+03 3.600000000000000000e+03 4.230000000000000000e+03 5.300000000000000000e+03
1.159166790000000000e+08 1.750000000000000000e+03 3.610000000000000000e+03 4.230000000000000000e+03 5.310000000000000000e+03
1.159168870000000000e+08 1.750000000000000000e+03 3.620000000000000000e+03 4.240000000000000000e+03 5.310000000000000000e+03
1.159170950000000000e+08 1.740000000000000000e+03 3.620000000000000000e+03 4.230000000000000000e+03 5.310000000000000000e+03
1.159173030000000000e+08 1.740000000000000000e+03 3.610000000000000000e+03 4.250000000000000000e+03 5.310000000000000000e+03
1.159175110000000000e+08 1.740000000000000000e+03 3.600000000000000000e+03 4.250000000000000000e+03 5.310000000000000000e+03
1.159177190000000000e+08 1.750000000000000000e+03 3.610000000000000000e+03 4.250000000000000000e+03 5.310000000000000000e+03
1.159179270000000000e+08 1.770000000000000000e+03 3.610000000000000000e+03 4.250000000000000000e+03 5.320000000000000000e+03
1.159181350000000000e+08 1.770000000000000000e+03 3.610000000000000000e+03 4.240000000000000000e+03 5.320000000000000000e+03
1.159183430000000000e+08 1.750000000000000000e+03 3.600000000000000000e+03 4.230000000000000000e+03 5.330000000000000000e+03
1.159185510000000000e+08 1.750000000000000000e+03 3.590000000000000000e+03 4.230000000000000000e+03 5.330000000000000000e+03
1.159187590000000000e+08 1.760000000000000000e+03 3.590000000000000000e+03 4.230000000000000000e+03 5.330000000000000000e+03
1.159189660000000000e+08 1.760000000000000000e+03 3.600000000000000000e+03 4.230000000000000000e+03 5.320000000000000000e+03
1.159191750000000000e+08 1.770000000000000000e+03 3.590000000000000000e+03 4.240000000000000000e+03 5.320000000000000000e+03
1.159193830000000000e+08 1.780000000000000000e+03 3.590000000000000000e+03 4.230000000000000000e+03 5.320000000000000000e+03
1.159195910000000000e+08 1.770000000000000000e+03 3.590000000000000000e+03 4.220000000000000000e+03 5.320000000000000000e+03
1.159197980000000000e+08 1.760000000000000000e+03 3.600000000000000000e+03 4.220000000000000000e+03 5.310000000000000000e+03
1.159200070000000000e+08 1.760000000000000000e+03 3.610000000000000000e+03 4.210000000000000000e+03 5.310000000000000000e+03
1.159202150000000000e+08 1.770000000000000000e+03 3.610000000000000000e+03 4.210000000000000000e+03 5.310000000000000000e+03
1.159204230000000000e+08 1.770000000000000000e+03 3.620000000000000000e+03 4.210000000000000000e+03 5.310000000000000000e+03
1.159206310000000000e+08 1.770000000000000000e+03 3.630000000000000000e+03 4.210000000000000000e+03 5.310000000000000000e+03
1.159208390000000000e+08 1.750000000000000000e+03 3.630000000000000000e+03 4.220000000000000000e+03 5.310000000000000000e+03
1.159210470000000000e+08 1.760000000000000000e+03 3.630000000000000000e+03 4.210000000000000000e+03 5.320000000000000000e+03
1.159212540000000000e+08 1.760000000000000000e+03 3.620000000000000000e+03 4.230000000000000000e+03 5.320000000000000000e+03
1.159214620000000000e+08 1.760000000000000000e+03 3.620000000000000000e+03 4.230000000000000000e+03 5.330000000000000000e+03
1.159216710000000000e+08 1.770000000000000000e+03 3.620000000000000000e+03 4.230000000000000000e+03 5.330000000000000000e+03
1.159218780000000000e+08 1.770000000000000000e+03 3.610000000000000000e+03 4.230000000000000000e+03 5.320000000000000000e+03
1.159220860000000000e+08 1.770000000000000000e+03 3.610000000000000000e+03 4.230000000000000000e+03 5.310000000000000000e+03
1.159222940000000000e+08 1.760000000000000000e+03 3.610000000000000000e+03 4.230000000000000000e+03 5.310000000000000000e+03
1.159225020000000000e+08 1.750000000000000000e+03 3.610000000000000000e+03 4.230000000000000000e+03 5.300000000000000000e+03
1.159227100000000000e+08 1.750000000000000000e+03 3.620000000000000000e+03 4.230000000000000000e+03 5.300000000000000000e+03
1.159229180000000000e+08 1.760000000000000000e+03 3.610000000000000000e+03 4.230000000000000000e+03 5.300000000000000000e+03
1.159231260000000000e+08 1.770000000000000000e+03 3.610000000000000000e+03 4.230000000000000000e+03 5.300000000000000000e+03
1.159233330000000000e+08 1.760000000000000000e+03 3.620000000000000000e+03 4.230000000000000000e+03 5.310000000000000000e+03
1.159235420000000000e+08 1.760000000000000000e+03 3.610000000000000000e+03 4.240000000000000000e+03 5.320000000000000000e+03
1.159237500000000000e+08 1.760000000000000000e+03 3.610000000000000000e+03 4.240000000000000000e+03 5.330000000000000000e+03
1.159239580000000000e+08 1.760000000000000000e+03 3.610000000000000000e+03 4.230000000000000000e+03 5.320000000000000000e+03
1.159241660000000000e+08 1.750000000000000000e+03 3.610000000000000000e+03 4.230000000000000000e+03 5.320000000000000000e+03
1.159243730000000000e+08 1.760000000000000000e+03 3.600000000000000000e+03 4.230000000000000000e+03 5.320000000000000000e+03
1.159245820000000000e+08 1.760000000000000000e+03 3.600000000000000000e+03 4.240000000000000000e+03 5.330000000000000000e+03
1.159247900000000000e+08 1.770000000000000000e+03 3.610000000000000000e+03 4.230000000000000000e+03 5.320000000000000000e+03
1.159249980000000000e+08 1.770000000000000000e+03 3.620000000000000000e+03 4.230000000000000000e+03 5.320000000000000000e+03
1.159252060000000000e+08 1.780000000000000000e+03 3.620000000000000000e+03 4.230000000000000000e+03 5.340000000000000000e+03
1.159256210000000000e+08 1.770000000000000000e+03 3.620000000000000000e+03 4.230000000000000000e+03 5.340000000000000000e+03
1.159258300000000000e+08 1.760000000000000000e+03 3.620000000000000000e+03 4.220000000000000000e+03 5.340000000000000000e+03
1.159260380000000000e+08 1.770000000000000000e+03 3.620000000000000000e+03 4.220000000000000000e+03 5.330000000000000000e+03
1.159262460000000000e+08 1.770000000000000000e+03 3.610000000000000000e+03 4.220000000000000000e+03 5.320000000000000000e+03
1.159264540000000000e+08 1.780000000000000000e+03 3.610000000000000000e+03 4.220000000000000000e+03 5.320000000000000000e+03
1.159266610000000000e+08 1.760000000000000000e+03 3.610000000000000000e+03 4.220000000000000000e+03 5.320000000000000000e+03
1.159268690000000000e+08 1.770000000000000000e+03 3.610000000000000000e+03 4.230000000000000000e+03 5.320000000000000000e+03
1.159270770000000000e+08 1.770000000000000000e+03 3.610000000000000000e+03 4.220000000000000000e+03 5.320000000000000000e+03
1.159272850000000000e+08 1.770000000000000000e+03 3.600000000000000000e+03 4.220000000000000000e+03 5.330000000000000000e+03
1.159274930000000000e+08 1.770000000000000000e+03 3.610000000000000000e+03 4.230000000000000000e+03 5.330000000000000000e+03
1.159277010000000000e+08 1.760000000000000000e+03 3.610000000000000000e+03 4.240000000000000000e+03 5.330000000000000000e+03
1.159279090000000000e+08 1.770000000000000000e+03 3.610000000000000000e+03 4.230000000000000000e+03 5.330000000000000000e+03
1.159281170000000000e+08 1.760000000000000000e+03 3.610000000000000000e+03 4.230000000000000000e+03 5.330000000000000000e+03
1.159283250000000000e+08 1.770000000000000000e+03 3.600000000000000000e+03 4.230000000000000000e+03 5.330000000000000000e+03
1.159285330000000000e+08 1.770000000000000000e+03 3.610000000000000000e+03 4.230000000000000000e+03 5.320000000000000000e+03
1.159287410000000000e+08 1.770000000000000000e+03 3.610000000000000000e+03 4.230000000000000000e+03 5.320000000000000000e+03
1.159289490000000000e+08 1.770000000000000000e+03 3.610000000000000000e+03 4.220000000000000000e+03 5.330000000000000000e+03
1.159291570000000000e+08 1.750000000000000000e+03 3.610000000000000000e+03 4.230000000000000000e+03 5.320000000000000000e+03
1.159293640000000000e+08 1.760000000000000000e+03 3.600000000000000000e+03 4.240000000000000000e+03 5.320000000000000000e+03
1.159295730000000000e+08 1.760000000000000000e+03 3.610000000000000000e+03 4.230000000000000000e+03 5.320000000000000000e+03
1.159297810000000000e+08 1.750000000000000000e+03 3.600000000000000000e+03 4.230000000000000000e+03 5.320000000000000000e+03
1.159299890000000000e+08 1.750000000000000000e+03 3.600000000000000000e+03 4.230000000000000000e+03 5.320000000000000000e+03
1.159301970000000000e+08 1.750000000000000000e+03 3.610000000000000000e+03 4.230000000000000000e+03 5.320000000000000000e+03
1.159304050000000000e+08 1.760000000000000000e+03 3.610000000000000000e+03 4.230000000000000000e+03 5.320000000000000000e+03
1.159306130000000000e+08 1.770000000000000000e+03 3.610000000000000000e+03 4.230000000000000000e+03 5.320000000000000000e+03
1.159308210000000000e+08 1.780000000000000000e+03 3.610000000000000000e+03 4.230000000000000000e+03 5.320000000000000000e+03
1.159310290000000000e+08 1.780000000000000000e+03 3.600000000000000000e+03 4.230000000000000000e+03 5.320000000000000000e+03
1.159312370000000000e+08 1.780000000000000000e+03 3.600000000000000000e+03 4.220000000000000000e+03 5.310000000000000000e+03
1.159314450000000000e+08 1.800000000000000000e+03 3.610000000000000000e+03 4.220000000000000000e+03 5.310000000000000000e+03
1.159316530000000000e+08 1.780000000000000000e+03 3.610000000000000000e+03 4.220000000000000000e+03 5.320000000000000000e+03
1.159318610000000000e+08 1.780000000000000000e+03 3.610000000000000000e+03 4.230000000000000000e+03 5.320000000000000000e+03
1.159320690000000000e+08 1.770000000000000000e+03 3.600000000000000000e+03 4.230000000000000000e+03 5.320000000000000000e+03
1.159322770000000000e+08 1.780000000000000000e+03 3.590000000000000000e+03 4.220000000000000000e+03 5.330000000000000000e+03
1.159324850000000000e+08 1.770000000000000000e+03 3.590000000000000000e+03 4.220000000000000000e+03 5.330000000000000000e+03
1.159326930000000000e+08 1.780000000000000000e+03 3.580000000000000000e+03 4.220000000000000000e+03 5.320000000000000000e+03
1.159329000000000000e+08 1.770000000000000000e+03 3.590000000000000000e+03 4.230000000000000000e+03 5.320000000000000000e+03
1.159331080000000000e+08 1.780000000000000000e+03 3.590000000000000000e+03 4.230000000000000000e+03 5.320000000000000000e+03
1.159333160000000000e+08 1.780000000000000000e+03 3.600000000000000000e+03 4.210000000000000000e+03 5.320000000000000000e+03
1.159335240000000000e+08 1.780000000000000000e+03 3.590000000000000000e+03 4.220000000000000000e+03 5.320000000000000000e+03
1.159337320000000000e+08 1.780000000000000000e+03 3.600000000000000000e+03 4.220000000000000000e+03 5.330000000000000000e+03
1.159339400000000000e+08 1.800000000000000000e+03 3.600000000000000000e+03 4.230000000000000000e+03 5.320000000000000000e+03
1.159341480000000000e+08 1.800000000000000000e+03 3.600000000000000000e+03 4.240000000000000000e+03 5.320000000000000000e+03
1.159343720000000000e+08 1.800000000000000000e+03 3.610000000000000000e+03 4.240000000000000000e+03 5.320000000000000000e+03
1.159345790000000000e+08 1.800000000000000000e+03 3.610000000000000000e+03 4.250000000000000000e+03 5.320000000000000000e+03
1.159347880000000000e+08 1.800000000000000000e+03 3.610000000000000000e+03 4.250000000000000000e+03 5.320000000000000000e+03
1.159349960000000000e+08 1.800000000000000000e+03 3.630000000000000000e+03 4.250000000000000000e+03 5.320000000000000000e+03
1.159352040000000000e+08 1.800000000000000000e+03 3.630000000000000000e+03 4.240000000000000000e+03 5.320000000000000000e+03
1.159354120000000000e+08 1.780000000000000000e+03 3.620000000000000000e+03 4.230000000000000000e+03 5.320000000000000000e+03
1.159356200000000000e+08 1.800000000000000000e+03 3.620000000000000000e+03 4.230000000000000000e+03 5.320000000000000000e+03
1.159358280000000000e+08 1.770000000000000000e+03 3.630000000000000000e+03 4.230000000000000000e+03 5.320000000000000000e+03
1.159360360000000000e+08 1.760000000000000000e+03 3.620000000000000000e+03 4.230000000000000000e+03 5.330000000000000000e+03
1.159362440000000000e+08 1.770000000000000000e+03 3.610000000000000000e+03 4.230000000000000000e+03 5.330000000000000000e+03
1.159364520000000000e+08 1.780000000000000000e+03 3.620000000000000000e+03 4.240000000000000000e+03 5.320000000000000000e+03
1.159366600000000000e+08 1.760000000000000000e+03 3.620000000000000000e+03 4.240000000000000000e+03 5.320000000000000000e+03
1.159368680000000000e+08 1.760000000000000000e+03 3.620000000000000000e+03 4.230000000000000000e+03 5.320000000000000000e+03
1.159370760000000000e+08 1.750000000000000000e+03 3.620000000000000000e+03 4.230000000000000000e+03 5.320000000000000000e+03
1.159372840000000000e+08 1.750000000000000000e+03 3.630000000000000000e+03 4.230000000000000000e+03 5.320000000000000000e+03
1.159374920000000000e+08 1.760000000000000000e+03 3.630000000000000000e+03 4.230000000000000000e+03 5.320000000000000000e+03
1.159377000000000000e+08 1.760000000000000000e+03 3.620000000000000000e+03 4.230000000000000000e+03 5.320000000000000000e+03
1.159379080000000000e+08 1.770000000000000000e+03 3.610000000000000000e+03 4.240000000000000000e+03 5.310000000000000000e+03
1.159381150000000000e+08 1.770000000000000000e+03 3.600000000000000000e+03 4.240000000000000000e+03 5.310000000000000000e+03
1.159383240000000000e+08 1.780000000000000000e+03 3.610000000000000000e+03 4.230000000000000000e+03 5.310000000000000000e+03
1.159385310000000000e+08 1.780000000000000000e+03 3.610000000000000000e+03 4.220000000000000000e+03 5.310000000000000000e+03
1.159387390000000000e+08 1.800000000000000000e+03 3.600000000000000000e+03 4.220000000000000000e+03 5.320000000000000000e+03
1.159389470000000000e+08 1.800000000000000000e+03 3.600000000000000000e+03 4.220000000000000000e+03 5.320000000000000000e+03
1.159391550000000000e+08 1.780000000000000000e+03 3.610000000000000000e+03 4.220000000000000000e+03 5.320000000000000000e+03
1.159393640000000000e+08 1.800000000000000000e+03 3.590000000000000000e+03 4.220000000000000000e+03 5.320000000000000000e+03
1.159395710000000000e+08 1.770000000000000000e+03 3.600000000000000000e+03 4.230000000000000000e+03 5.310000000000000000e+03
1.159397790000000000e+08 1.760000000000000000e+03 3.600000000000000000e+03 4.230000000000000000e+03 5.330000000000000000e+03
1.159399860000000000e+08 1.760000000000000000e+03 3.590000000000000000e+03 4.230000000000000000e+03 5.330000000000000000e+03
1.159401950000000000e+08 1.770000000000000000e+03 3.580000000000000000e+03 4.230000000000000000e+03 5.320000000000000000e+03
1.159404030000000000e+08 1.780000000000000000e+03 3.590000000000000000e+03 4.230000000000000000e+03 5.320000000000000000e+03
1.159406110000000000e+08 1.780000000000000000e+03 3.590000000000000000e+03 4.230000000000000000e+03 5.320000000000000000e+03
1.159408190000000000e+08 1.800000000000000000e+03 3.600000000000000000e+03 4.240000000000000000e+03 5.320000000000000000e+03
1.159410270000000000e+08 1.800000000000000000e+03 3.600000000000000000e+03 4.230000000000000000e+03 5.320000000000000000e+03
1.159412360000000000e+08 1.780000000000000000e+03 3.600000000000000000e+03 4.230000000000000000e+03 5.320000000000000000e+03
1.159414430000000000e+08 1.770000000000000000e+03 3.610000000000000000e+03 4.230000000000000000e+03 5.310000000000000000e+03
1.159416510000000000e+08 1.780000000000000000e+03 3.620000000000000000e+03 4.230000000000000000e+03 5.310000000000000000e+03
1.159418590000000000e+08 1.780000000000000000e+03 3.620000000000000000e+03 4.230000000000000000e+03 5.320000000000000000e+03
1.159420670000000000e+08 1.780000000000000000e+03 3.620000000000000000e+03 4.230000000000000000e+03 5.310000000000000000e+03
1.159422750000000000e+08 1.780000000000000000e+03 3.610000000000000000e+03 4.230000000000000000e+03 5.310000000000000000e+03
1.159424830000000000e+08 1.780000000000000000e+03 3.610000000000000000e+03 4.230000000000000000e+03 5.320000000000000000e+03
1.159426910000000000e+08 1.770000000000000000e+03 3.610000000000000000e+03 4.230000000000000000e+03 5.320000000000000000e+03
1.159428990000000000e+08 1.780000000000000000e+03 3.610000000000000000e+03 4.240000000000000000e+03 5.320000000000000000e+03
1.159431070000000000e+08 1.780000000000000000e+03 3.610000000000000000e+03 4.240000000000000000e+03 5.330000000000000000e+03
1.159433150000000000e+08 1.760000000000000000e+03 3.620000000000000000e+03 4.240000000000000000e+03 5.330000000000000000e+03
1.159435230000000000e+08 1.770000000000000000e+03 3.620000000000000000e+03 4.240000000000000000e+03 5.320000000000000000e+03
1.159437310000000000e+08 1.770000000000000000e+03 3.620000000000000000e+03 4.230000000000000000e+03 5.320000000000000000e+03
1.159439500000000000e+08 1.770000000000000000e+03 3.610000000000000000e+03 4.240000000000000000e+03 5.310000000000000000e+03
