1.216360030000000000e+08 2.920000000000000000e+03 4.290000000000000000e+03 2.850000000000000000e+03 4.240000000000000000e+03
1.216362110000000000e+08 2.900000000000000000e+03 4.270000000000000000e+03 2.860000000000000000e+03 4.240000000000000000e+03
1.216364190000000000e+08 2.900000000000000000e+03 4.270000000000000000e+03 2.860000000000000000e+03 4.250000000000000000e+03
1.216366270000000000e+08 2.900000000000000000e+03 4.270000000000000000e+03 2.870000000000000000e+03 4.250000000000000000e+03
1.216368350000000000e+08 2.890000000000000000e+03 4.260000000000000000e+03 2.870000000000000000e+03 4.250000000000000000e+03
1.216370550000000000e+08 2.890000000000000000e+03 4.270000000000000000e+03 2.860000000000000000e+03 4.250000000000000000e+03
1.216372500000000000e+08 2.900000000000000000e+03 4.270000000000000000e+03 2.860000000000000000e+03 4.250000000000000000e+03
1.216374590000000000e+08 2.900000000000000000e+03 4.270000000000000000e+03 2.870000000000000000e+03 4.250000000000000000e+03
1.216376670000000000e+08 2.900000000000000000e+03 4.290000000000000000e+03 2.860000000000000000e+03 4.250000000000000000e+03
1.216378740000000000e+08 2.900000000000000000e+03 4.300000000000000000e+03 2.860000000000000000e+03 4.250000000000000000e+03
1.216380830000000000e+08 2.890000000000000000e+03 4.290000000000000000e+03 2.860000000000000000e+03 4.240000000000000000e+03
1.216382910000000000e+08 2.900000000000000000e+03 4.290000000000000000e+03 2.870000000000000000e+03 4.240000000000000000e+03
1.216384990000000000e+08 2.900000000000000000e+03 4.290000000000000000e+03 2.860000000000000000e+03 4.250000000000000000e+03
1.216387060000000000e+08 2.910000000000000000e+03 4.290000000000000000e+03 2.860000000000000000e+03 4.240000000000000000e+03
1.216389150000000000e+08 2.920000000000000000e+03 4.290000000000000000e+03 2.860000000000000000e+03 4.230000000000000000e+03
1.216391220000000000e+08 2.910000000000000000e+03 4.300000000000000000e+03 2.880000000000000000e+03 4.230000000000000000e+03
1.216393300000000000e+08 2.920000000000000000e+03 4.300000000000000000e+03 2.880000000000000000e+03 4.230000000000000000e+03
1.216395390000000000e+08 2.910000000000000000e+03 4.310000000000000000e+03 2.870000000000000000e+03 4.240000000000000000e+03
1.216397460000000000e+08 2.920000000000000000e+03 4.300000000000000000e+03 2.870000000000000000e+03 4.240000000000000000e+03
1.216399540000000000e+08 2.920000000000000000e+03 4.310000000000000000e+03 2.870000000000000000e+03 4.240000000000000000e+03
1.216401620000000000e+08 2.920000000000000000e+03 4.290000000000000000e+03 2.880000000000000000e+03 4.240000000000000000e+03
1.216403700000000000e+08 2.920000000000000000e+03 4.300000000000000000e+03 2.880000000000000000e+03 4.240000000000000000e+03
1.216405780000000000e+08 2.920000000000000000e+03 4.290000000000000000e+03 2.880000000000000000e+03 4.240000000000000000e+03
1.216407860000000000e+08 2.910000000000000000e+03 4.290000000000000000e+03 2.880000000000000000e+03 4.240000000000000000e+03
1.216409940000000000e+08 2.910000000000000000e+03 4.300000000000000000e+03 2.880000000000000000e+03 4.230000000000000000e+03
1.216414100000000000e+08 2.920000000000000000e+03 4.310000000000000000e+03 2.880000000000000000e+03 4.230000000000000000e+03
1.216416180000000000e+08 2.920000000000000000e+03 4.310000000000000000e+03 2.860000000000000000e+03 4.230000000000000000e+03
1.216418260000000000e+08 2.920000000000000000e+03 4.320000000000000000e+03 2.860000000000000000e+03 4.230000000000000000e+03
1.216420340000000000e+08 2.920000000000000000e+03 4.310000000000000000e+03 2.860000000000000000e+03 4.240000000000000000e+03
1.216422420000000000e+08 2.920000000000000000e+03 4.310000000000000000e+03 2.860000000000000000e+03 4.240000000000000000e+03
1.216424500000000000e+08 2.910000000000000000e+03 4.300000000000000000e+03 2.860000000000000000e+03 4.240000000000000000e+03
1.216426580000000000e+08 2.910000000000000000e+03 4.290000000000000000e+03 2.860000000000000000e+03 4.240000000000000000e+03
1.216428650000000000e+08 2.900000000000000000e+03 4.290000000000000000e+03 2.860000000000000000e+03 4.250000000000000000e+03
1.216430740000000000e+08 2.920000000000000000e+03 4.290000000000000000e+03 2.860000000000000000e+03 4.250000000000000000e+03
1.216432810000000000e+08 2.910000000000000000e+03 4.300000000000000000e+03 2.860000000000000000e+03 4.250000000000000000e+03
1.216434900000000000e+08 2.910000000000000000e+03 4.290000000000000000e+03 2.860000000000000000e+03 4.240000000000000000e+03
1.216436980000000000e+08 2.910000000000000000e+03 4.290000000000000000e+03 2.860000000000000000e+03 4.240000000000000000e+03
1.216439060000000000e+08 2.910000000000000000e+03 4.290000000000000000e+03 2.860000000000000000e+03 4.240000000000000000e+03
1.216441140000000000e+08 2.910000000000000000e+03 4.290000000000000000e+03 2.860000000000000000e+03 4.240000000000000000e+03
1.216443220000000000e+08 2.910000000000000000e+03 4.300000000000000000e+03 2.860000000000000000e+03 4.250000000000000000e+03
1.216445300000000000e+08 2.920000000000000000e+03 4.290000000000000000e+03 2.850000000000000000e+03 4.250000000000000000e+03
1.216447370000000000e+08 2.910000000000000000e+03 4.300000000000000000e+03 2.860000000000000000e+03 4.260000000000000000e+03
1.216449460000000000e+08 2.910000000000000000e+03 4.310000000000000000e+03 2.860000000000000000e+03 4.270000000000000000e+03
1.216451530000000000e+08 2.910000000000000000e+03 4.300000000000000000e+03 2.860000000000000000e+03 4.270000000000000000e+03
1.216453610000000000e+08 2.920000000000000000e+03 4.290000000000000000e+03 2.850000000000000000e+03 4.260000000000000000e+03
1.216455690000000000e+08 2.900000000000000000e+03 4.290000000000000000e+03 2.850000000000000000e+03 4.260000000000000000e+03
1.216457770000000000e+08 2.910000000000000000e+03 4.290000000000000000e+03 2.850000000000000000e+03 4.240000000000000000e+03
1.216459850000000000e+08 2.910000000000000000e+03 4.290000000000000000e+03 2.870000000000000000e+03 4.250000000000000000e+03
1.216461930000000000e+08 2.910000000000000000e+03 4.270000000000000000e+03 2.860000000000000000e+03 4.240000000000000000e+03
1.216464010000000000e+08 2.910000000000000000e+03 4.290000000000000000e+03 2.860000000000000000e+03 4.250000000000000000e+03
1.216466090000000000e+08 2.910000000000000000e+03 4.290000000000000000e+03 2.860000000000000000e+03 4.250000000000000000e+03
1.216468170000000000e+08 2.910000000000000000e+03 4.300000000000000000e+03 2.860000000000000000e+03 4.240000000000000000e+03
1.216470250000000000e+08 2.910000000000000000e+03 4.300000000000000000e+03 2.860000000000000000e+03 4.230000000000000000e+03
1.216472330000000000e+08 2.920000000000000000e+03 4.290000000000000000e+03 2.860000000000000000e+03 4.230000000000000000e+03
1.216474410000000000e+08 2.910000000000000000e+03 4.270000000000000000e+03 2.870000000000000000e+03 4.230000000000000000e+03
1.216476490000000000e+08 2.900000000000000000e+03 4.270000000000000000e+03 2.860000000000000000e+03 4.230000000000000000e+03
1.216478570000000000e+08 2.900000000000000000e+03 4.290000000000000000e+03 2.850000000000000000e+03 4.240000000000000000e+03
1.216480650000000000e+08 2.910000000000000000e+03 4.290000000000000000e+03 2.850000000000000000e+03 4.240000000000000000e+03
1.216482730000000000e+08 2.920000000000000000e+03 4.300000000000000000e+03 2.850000000000000000e+03 4.240000000000000000e+03
1.216484810000000000e+08 2.920000000000000000e+03 4.310000000000000000e+03 2.840000000000000000e+03 4.230000000000000000e+03
1.216486890000000000e+08 2.920000000000000000e+03 4.300000000000000000e+03 2.840000000000000000e+03 4.230000000000000000e+03
1.216488970000000000e+08 2.920000000000000000e+03 4.300000000000000000e+03 2.850000000000000000e+03 4.230000000000000000e+03
1.216491050000000000e+08 2.920000000000000000e+03 4.290000000000000000e+03 2.850000000000000000e+03 4.240000000000000000e+03
1.216493130000000000e+08 2.920000000000000000e+03 4.290000000000000000e+03 2.860000000000000000e+03 4.250000000000000000e+03
1.216495210000000000e+08 2.920000000000000000e+03 4.290000000000000000e+03 2.860000000000000000e+03 4.250000000000000000e+03
1.216497290000000000e+08 2.920000000000000000e+03 4.290000000000000000e+03 2.860000000000000000e+03 4.240000000000000000e+03
1.216499370000000000e+08 2.920000000000000000e+03 4.290000000000000000e+03 2.860000000000000000e+03 4.240000000000000000e+03
1.216501450000000000e+08 2.920000000000000000e+03 4.290000000000000000e+03 2.860000000000000000e+03 4.250000000000000000e+03
1.216503530000000000e+08 2.920000000000000000e+03 4.290000000000000000e+03 2.860000000000000000e+03 4.250000000000000000e+03
1.216505600000000000e+08 2.930000000000000000e+03 4.300000000000000000e+03 2.860000000000000000e+03 4.250000000000000000e+03
1.216507680000000000e+08 2.930000000000000000e+03 4.300000000000000000e+03 2.860000000000000000e+03 4.240000000000000000e+03
1.216509760000000000e+08 2.930000000000000000e+03 4.290000000000000000e+03 2.850000000000000000e+03 4.240000000000000000e+03
1.216511840000000000e+08 2.930000000000000000e+03 4.290000000000000000e+03 2.850000000000000000e+03 4.240000000000000000e+03
1.216513920000000000e+08 2.930000000000000000e+03 4.290000000000000000e+03 2.850000000000000000e+03 4.240000000000000000e+03
1.216516000000000000e+08 2.930000000000000000e+03 4.300000000000000000e+03 2.850000000000000000e+03 4.240000000000000000e+03
1.216518080000000000e+08 2.930000000000000000e+03 4.290000000000000000e+03 2.860000000000000000e+03 4.240000000000000000e+03
1.216520160000000000e+08 2.930000000000000000e+03 4.290000000000000000e+03 2.860000000000000000e+03 4.250000000000000000e+03
1.216522250000000000e+08 2.930000000000000000e+03 4.290000000000000000e+03 2.860000000000000000e+03 4.240000000000000000e+03
1.216524320000000000e+08 2.920000000000000000e+03 4.290000000000000000e+03 2.870000000000000000e+03 4.240000000000000000e+03
1.216526400000000000e+08 2.920000000000000000e+03 4.300000000000000000e+03 2.870000000000000000e+03 4.240000000000000000e+03
1.216528480000000000e+08 2.920000000000000000e+03 4.300000000000000000e+03 2.870000000000000000e+03 4.240000000000000000e+03
1.216530560000000000e+08 2.920000000000000000e+03 4.270000000000000000e+03 2.880000000000000000e+03 4.240000000000000000e+03
1.216532630000000000e+08 2.920000000000000000e+03 4.290000000000000000e+03 2.870000000000000000e+03 4.240000000000000000e+03
1.216534720000000000e+08 2.920000000000000000e+03 4.290000000000000000e+03 2.870000000000000000e+03 4.240000000000000000e+03
1.216536800000000000e+08 2.920000000000000000e+03 4.290000000000000000e+03 2.870000000000000000e+03 4.240000000000000000e+03
1.216538880000000000e+08 2.920000000000000000e+03 4.290000000000000000e+03 2.870000000000000000e+03 4.240000000000000000e+03
1.216540960000000000e+08 2.930000000000000000e+03 4.300000000000000000e+03 2.870000000000000000e+03 4.240000000000000000e+03
1.216543040000000000e+08 2.930000000000000000e+03 4.310000000000000000e+03 2.870000000000000000e+03 4.240000000000000000e+03
1.216545120000000000e+08 2.930000000000000000e+03 4.310000000000000000e+03 2.870000000000000000e+03 4.240000000000000000e+03
1.216547200000000000e+08 2.920000000000000000e+03 4.310000000000000000e+03 2.860000000000000000e+03 4.240000000000000000e+03
1.216549290000000000e+08 2.920000000000000000e+03 4.310000000000000000e+03 2.850000000000000000e+03 4.240000000000000000e+03
1.216551360000000000e+08 2.920000000000000000e+03 4.300000000000000000e+03 2.850000000000000000e+03 4.240000000000000000e+03
1.216553440000000000e+08 2.920000000000000000e+03 4.300000000000000000e+03 2.850000000000000000e+03 4.240000000000000000e+03
1.216555520000000000e+08 2.920000000000000000e+03 4.300000000000000000e+03 2.850000000000000000e+03 4.240000000000000000e+03
1.216557600000000000e+08 2.920000000000000000e+03 4.300000000000000000e+03 2.850000000000000000e+03 4.240000000000000000e+03
1.216559680000000000e+08 2.920000000000000000e+03 4.300000000000000000e+03 2.850000000000000000e+03 4.230000000000000000e+03
1.216561750000000000e+08 2.930000000000000000e+03 4.310000000000000000e+03 2.850000000000000000e+03 4.230000000000000000e+03
1.216563840000000000e+08 2.930000000000000000e+03 4.310000000000000000e+03 2.850000000000000000e+03 4.240000000000000000e+03
1.216565920000000000e+08 2.930000000000000000e+03 4.310000000000000000e+03 2.850000000000000000e+03 4.240000000000000000e+03
1.216567990000000000e+08 2.930000000000000000e+03 4.300000000000000000e+03 2.860000000000000000e+03 4.240000000000000000e+03
1.216570070000000000e+08 2.940000000000000000e+03 4.300000000000000000e+03 2.850000000000000000e+03 4.240000000000000000e+03
1.216572150000000000e+08 2.940000000000000000e+03 4.310000000000000000e+03 2.850000000000000000e+03 4.250000000000000000e+03
1.216574230000000000e+08 2.940000000000000000e+03 4.290000000000000000e+03 2.850000000000000000e+03 4.250000000000000000e+03
1.216576310000000000e+08 2.940000000000000000e+03 4.300000000000000000e+03 2.850000000000000000e+03 4.250000000000000000e+03
1.216578390000000000e+08 2.940000000000000000e+03 4.300000000000000000e+03 2.860000000000000000e+03 4.240000000000000000e+03
1.216580470000000000e+08 2.950000000000000000e+03 4.310000000000000000e+03 2.870000000000000000e+03 4.240000000000000000e+03
1.216582550000000000e+08 2.960000000000000000e+03 4.310000000000000000e+03 2.880000000000000000e+03 4.250000000000000000e+03
1.216584630000000000e+08 2.950000000000000000e+03 4.300000000000000000e+03 2.870000000000000000e+03 4.250000000000000000e+03
1.216586710000000000e+08 2.950000000000000000e+03 4.300000000000000000e+03 2.870000000000000000e+03 4.250000000000000000e+03
1.216588790000000000e+08 2.950000000000000000e+03 4.300000000000000000e+03 2.870000000000000000e+03 4.240000000000000000e+03
1.216590870000000000e+08 2.940000000000000000e+03 4.300000000000000000e+03 2.870000000000000000e+03 4.240000000000000000e+03
1.216592950000000000e+08 2.940000000000000000e+03 4.300000000000000000e+03 2.860000000000000000e+03 4.250000000000000000e+03
1.216595030000000000e+08 2.940000000000000000e+03 4.290000000000000000e+03 2.860000000000000000e+03 4.240000000000000000e+03
1.216597110000000000e+08 2.930000000000000000e+03 4.300000000000000000e+03 2.870000000000000000e+03 4.250000000000000000e+03
1.216599190000000000e+08 2.920000000000000000e+03 4.290000000000000000e+03 2.880000000000000000e+03 4.240000000000000000e+03
1.217001270000000000e+08 2.920000000000000000e+03 4.290000000000000000e+03 2.880000000000000000e+03 4.240000000000000000e+03
1.217003350000000000e+08 2.920000000000000000e+03 4.300000000000000000e+03 2.880000000000000000e+03 4.240000000000000000e+03
1.217005430000000000e+08 2.910000000000000000e+03 4.300000000000000000e+03 2.870000000000000000e+03 4.240000000000000000e+03
1.217007510000000000e+08 2.910000000000000000e+03 4.290000000000000000e+03 2.870000000000000000e+03 4.250000000000000000e+03
1.217009590000000000e+08 2.910000000000000000e+03 4.300000000000000000e+03 2.860000000000000000e+03 4.250000000000000000e+03
1.217011670000000000e+08 2.910000000000000000e+03 4.310000000000000000e+03 2.860000000000000000e+03 4.250000000000000000e+03
1.217013750000000000e+08 2.910000000000000000e+03 4.300000000000000000e+03 2.860000000000000000e+03 4.260000000000000000e+03
1.217015830000000000e+08 2.920000000000000000e+03 4.310000000000000000e+03 2.860000000000000000e+03 4.260000000000000000e+03
1.217017910000000000e+08 2.920000000000000000e+03 4.300000000000000000e+03 2.870000000000000000e+03 4.260000000000000000e+03
1.217019980000000000e+08 2.920000000000000000e+03 4.310000000000000000e+03 2.870000000000000000e+03 4.250000000000000000e+03
1.217022070000000000e+08 2.920000000000000000e+03 4.300000000000000000e+03 2.880000000000000000e+03 4.250000000000000000e+03
1.217024140000000000e+08 2.920000000000000000e+03 4.300000000000000000e+03 2.880000000000000000e+03 4.240000000000000000e+03
1.217026220000000000e+08 2.930000000000000000e+03 4.300000000000000000e+03 2.880000000000000000e+03 4.250000000000000000e+03
1.217028300000000000e+08 2.930000000000000000e+03 4.310000000000000000e+03 2.880000000000000000e+03 4.260000000000000000e+03
1.217030380000000000e+08 2.930000000000000000e+03 4.310000000000000000e+03 2.880000000000000000e+03 4.260000000000000000e+03
1.217032460000000000e+08 2.930000000000000000e+03 4.310000000000000000e+03 2.880000000000000000e+03 4.250000000000000000e+03
1.217034540000000000e+08 2.930000000000000000e+03 4.300000000000000000e+03 2.870000000000000000e+03 4.250000000000000000e+03
1.217036620000000000e+08 2.930000000000000000e+03 4.310000000000000000e+03 2.870000000000000000e+03 4.260000000000000000e+03
1.217038700000000000e+08 2.940000000000000000e+03 4.310000000000000000e+03 2.870000000000000000e+03 4.250000000000000000e+03
1.217040780000000000e+08 2.930000000000000000e+03 4.300000000000000000e+03 2.870000000000000000e+03 4.240000000000000000e+03
1.217042860000000000e+08 2.930000000000000000e+03 4.290000000000000000e+03 2.870000000000000000e+03 4.240000000000000000e+03
1.217044940000000000e+08 2.930000000000000000e+03 4.310000000000000000e+03 2.870000000000000000e+03 4.250000000000000000e+03
1.217047010000000000e+08 2.930000000000000000e+03 4.310000000000000000e+03 2.870000000000000000e+03 4.260000000000000000e+03
1.217049100000000000e+08 2.930000000000000000e+03 4.310000000000000000e+03 2.860000000000000000e+03 4.260000000000000000e+03
1.217051180000000000e+08 2.930000000000000000e+03 4.310000000000000000e+03 2.850000000000000000e+03 4.260000000000000000e+03
1.217053260000000000e+08 2.930000000000000000e+03 4.310000000000000000e+03 2.850000000000000000e+03 4.260000000000000000e+03
1.217055340000000000e+08 2.930000000000000000e+03 4.290000000000000000e+03 2.850000000000000000e+03 4.260000000000000000e+03
1.217057420000000000e+08 2.920000000000000000e+03 4.290000000000000000e+03 2.850000000000000000e+03 4.260000000000000000e+03
1.217059500000000000e+08 2.920000000000000000e+03 4.270000000000000000e+03 2.850000000000000000e+03 4.260000000000000000e+03
1.217061580000000000e+08 2.920000000000000000e+03 4.290000000000000000e+03 2.850000000000000000e+03 4.260000000000000000e+03
1.217063670000000000e+08 2.920000000000000000e+03 4.290000000000000000e+03 2.850000000000000000e+03 4.260000000000000000e+03
1.217065740000000000e+08 2.920000000000000000e+03 4.300000000000000000e+03 2.860000000000000000e+03 4.260000000000000000e+03
1.217067820000000000e+08 2.930000000000000000e+03 4.290000000000000000e+03 2.860000000000000000e+03 4.260000000000000000e+03
1.217069900000000000e+08 2.930000000000000000e+03 4.290000000000000000e+03 2.860000000000000000e+03 4.260000000000000000e+03
1.217071980000000000e+08 2.930000000000000000e+03 4.290000000000000000e+03 2.860000000000000000e+03 4.270000000000000000e+03
1.217074060000000000e+08 2.930000000000000000e+03 4.270000000000000000e+03 2.860000000000000000e+03 4.260000000000000000e+03
1.217076140000000000e+08 2.930000000000000000e+03 4.290000000000000000e+03 2.860000000000000000e+03 4.260000000000000000e+03
1.217078220000000000e+08 2.920000000000000000e+03 4.290000000000000000e+03 2.860000000000000000e+03 4.260000000000000000e+03
1.217080300000000000e+08 2.910000000000000000e+03 4.290000000000000000e+03 2.870000000000000000e+03 4.260000000000000000e+03
1.217082380000000000e+08 2.920000000000000000e+03 4.290000000000000000e+03 2.870000000000000000e+03 4.260000000000000000e+03
1.217084450000000000e+08 2.910000000000000000e+03 4.300000000000000000e+03 2.870000000000000000e+03 4.250000000000000000e+03
1.217086530000000000e+08 2.910000000000000000e+03 4.290000000000000000e+03 2.870000000000000000e+03 4.270000000000000000e+03
1.217088610000000000e+08 2.920000000000000000e+03 4.290000000000000000e+03 2.870000000000000000e+03 4.260000000000000000e+03
1.217090690000000000e+08 2.930000000000000000e+03 4.300000000000000000e+03 2.860000000000000000e+03 4.260000000000000000e+03
1.217092770000000000e+08 2.930000000000000000e+03 4.300000000000000000e+03 2.860000000000000000e+03 4.250000000000000000e+03
1.217094850000000000e+08 2.930000000000000000e+03 4.300000000000000000e+03 2.860000000000000000e+03 4.260000000000000000e+03
1.217096930000000000e+08 2.920000000000000000e+03 4.290000000000000000e+03 2.860000000000000000e+03 4.260000000000000000e+03
1.217099010000000000e+08 2.930000000000000000e+03 4.290000000000000000e+03 2.860000000000000000e+03 4.260000000000000000e+03
1.217101090000000000e+08 2.920000000000000000e+03 4.300000000000000000e+03 2.860000000000000000e+03 4.260000000000000000e+03
1.217103170000000000e+08 2.920000000000000000e+03 4.300000000000000000e+03 2.860000000000000000e+03 4.260000000000000000e+03
1.217105250000000000e+08 2.920000000000000000e+03 4.310000000000000000e+03 2.860000000000000000e+03 4.250000000000000000e+03
1.217107330000000000e+08 2.920000000000000000e+03 4.320000000000000000e+03 2.860000000000000000e+03 4.240000000000000000e+03
1.217109410000000000e+08 2.930000000000000000e+03 4.320000000000000000e+03 2.850000000000000000e+03 4.250000000000000000e+03
1.217111490000000000e+08 2.930000000000000000e+03 4.310000000000000000e+03 2.850000000000000000e+03 4.260000000000000000e+03
1.217113570000000000e+08 2.930000000000000000e+03 4.310000000000000000e+03 2.850000000000000000e+03 4.250000000000000000e+03
1.217115650000000000e+08 2.930000000000000000e+03 4.310000000000000000e+03 2.850000000000000000e+03 4.240000000000000000e+03
1.217117730000000000e+08 2.930000000000000000e+03 4.300000000000000000e+03 2.840000000000000000e+03 4.240000000000000000e+03
1.217119810000000000e+08 2.930000000000000000e+03 4.300000000000000000e+03 2.850000000000000000e+03 4.250000000000000000e+03
1.217121890000000000e+08 2.930000000000000000e+03 4.310000000000000000e+03 2.860000000000000000e+03 4.250000000000000000e+03
1.217123970000000000e+08 2.930000000000000000e+03 4.300000000000000000e+03 2.860000000000000000e+03 4.250000000000000000e+03
1.217126050000000000e+08 2.940000000000000000e+03 4.300000000000000000e+03 2.850000000000000000e+03 4.250000000000000000e+03
1.217128130000000000e+08 2.950000000000000000e+03 4.310000000000000000e+03 2.860000000000000000e+03 4.250000000000000000e+03
1.217130210000000000e+08 2.950000000000000000e+03 4.300000000000000000e+03 2.860000000000000000e+03 4.240000000000000000e+03
1.217132280000000000e+08 2.940000000000000000e+03 4.270000000000000000e+03 2.850000000000000000e+03 4.240000000000000000e+03
1.217134370000000000e+08 2.940000000000000000e+03 4.290000000000000000e+03 2.850000000000000000e+03 4.250000000000000000e+03
1.217136450000000000e+08 2.940000000000000000e+03 4.290000000000000000e+03 2.850000000000000000e+03 4.240000000000000000e+03
1.217138530000000000e+08 2.930000000000000000e+03 4.300000000000000000e+03 2.850000000000000000e+03 4.240000000000000000e+03
1.217140600000000000e+08 2.930000000000000000e+03 4.300000000000000000e+03 2.840000000000000000e+03 4.250000000000000000e+03
1.217142680000000000e+08 2.930000000000000000e+03 4.300000000000000000e+03 2.840000000000000000e+03 4.240000000000000000e+03
1.217144760000000000e+08 2.930000000000000000e+03 4.290000000000000000e+03 2.840000000000000000e+03 4.230000000000000000e+03
1.217146840000000000e+08 2.930000000000000000e+03 4.300000000000000000e+03 2.850000000000000000e+03 4.240000000000000000e+03
1.217148920000000000e+08 2.930000000000000000e+03 4.300000000000000000e+03 2.850000000000000000e+03 4.240000000000000000e+03
1.217151000000000000e+08 2.930000000000000000e+03 4.300000000000000000e+03 2.850000000000000000e+03 4.240000000000000000e+03
1.217153080000000000e+08 2.930000000000000000e+03 4.310000000000000000e+03 2.850000000000000000e+03 4.250000000000000000e+03
1.217155160000000000e+08 2.930000000000000000e+03 4.310000000000000000e+03 2.870000000000000000e+03 4.250000000000000000e+03
1.217157240000000000e+08 2.930000000000000000e+03 4.300000000000000000e+03 2.870000000000000000e+03 4.250000000000000000e+03
1.217159320000000000e+08 2.930000000000000000e+03 4.300000000000000000e+03 2.870000000000000000e+03 4.250000000000000000e+03
1.217161400000000000e+08 2.930000000000000000e+03 4.310000000000000000e+03 2.870000000000000000e+03 4.260000000000000000e+03
1.217163480000000000e+08 2.940000000000000000e+03 4.310000000000000000e+03 2.870000000000000000e+03 4.260000000000000000e+03
1.217165560000000000e+08 2.940000000000000000e+03 4.300000000000000000e+03 2.860000000000000000e+03 4.260000000000000000e+03
1.217167640000000000e+08 2.940000000000000000e+03 4.290000000000000000e+03 2.860000000000000000e+03 4.260000000000000000e+03
1.217169720000000000e+08 2.940000000000000000e+03 4.290000000000000000e+03 2.860000000000000000e+03 4.260000000000000000e+03
1.217171800000000000e+08 2.940000000000000000e+03 4.290000000000000000e+03 2.860000000000000000e+03 4.260000000000000000e+03
1.217173880000000000e+08 2.940000000000000000e+03 4.290000000000000000e+03 2.870000000000000000e+03 4.260000000000000000e+03
1.217175960000000000e+08 2.940000000000000000e+03 4.300000000000000000e+03 2.860000000000000000e+03 4.260000000000000000e+03
1.217178040000000000e+08 2.940000000000000000e+03 4.310000000000000000e+03 2.860000000000000000e+03 4.250000000000000000e+03
1.217180120000000000e+08 2.940000000000000000e+03 4.310000000000000000e+03 2.850000000000000000e+03 4.240000000000000000e+03
1.217182200000000000e+08 2.940000000000000000e+03 4.310000000000000000e+03 2.860000000000000000e+03 4.250000000000000000e+03
1.217184270000000000e+08 2.930000000000000000e+03 4.320000000000000000e+03 2.860000000000000000e+03 4.250000000000000000e+03
1.217186350000000000e+08 2.930000000000000000e+03 4.320000000000000000e+03 2.860000000000000000e+03 4.260000000000000000e+03
1.217188430000000000e+08 2.930000000000000000e+03 4.310000000000000000e+03 2.860000000000000000e+03 4.260000000000000000e+03
1.217190520000000000e+08 2.930000000000000000e+03 4.300000000000000000e+03 2.860000000000000000e+03 4.260000000000000000e+03
1.217192600000000000e+08 2.930000000000000000e+03 4.300000000000000000e+03 2.860000000000000000e+03 4.250000000000000000e+03
1.217194670000000000e+08 2.940000000000000000e+03 4.290000000000000000e+03 2.860000000000000000e+03 4.250000000000000000e+03
1.217196760000000000e+08 2.940000000000000000e+03 4.270000000000000000e+03 2.860000000000000000e+03 4.250000000000000000e+03
1.217198830000000000e+08 2.940000000000000000e+03 4.270000000000000000e+03 2.860000000000000000e+03 4.250000000000000000e+03
1.217200920000000000e+08 2.940000000000000000e+03 4.270000000000000000e+03 2.870000000000000000e+03 4.240000000000000000e+03
1.217202990000000000e+08 2.940000000000000000e+03 4.290000000000000000e+03 2.860000000000000000e+03 4.240000000000000000e+03
1.217205120000000000e+08 2.940000000000000000e+03 4.290000000000000000e+03 2.850000000000000000e+03 4.240000000000000000e+03
1.217207150000000000e+08 2.950000000000000000e+03 4.290000000000000000e+03 2.850000000000000000e+03 4.240000000000000000e+03
1.217209230000000000e+08 2.950000000000000000e+03 4.270000000000000000e+03 2.850000000000000000e+03 4.240000000000000000e+03
1.217211310000000000e+08 2.950000000000000000e+03 4.290000000000000000e+03 2.850000000000000000e+03 4.240000000000000000e+03
1.217213390000000000e+08 2.940000000000000000e+03 4.300000000000000000e+03 2.850000000000000000e+03 4.240000000000000000e+03
1.217215480000000000e+08 2.940000000000000000e+03 4.300000000000000000e+03 2.840000000000000000e+03 4.250000000000000000e+03
1.217217550000000000e+08 2.940000000000000000e+03 4.310000000000000000e+03 2.840000000000000000e+03 4.240000000000000000e+03
1.217219630000000000e+08 2.930000000000000000e+03 4.300000000000000000e+03 2.840000000000000000e+03 4.230000000000000000e+03
1.217221720000000000e+08 2.930000000000000000e+03 4.310000000000000000e+03 2.840000000000000000e+03 4.240000000000000000e+03
1.217223790000000000e+08 2.930000000000000000e+03 4.310000000000000000e+03 2.850000000000000000e+03 4.240000000000000000e+03
1.217225870000000000e+08 2.930000000000000000e+03 4.270000000000000000e+03 2.850000000000000000e+03 4.240000000000000000e+03
1.217227950000000000e+08 2.930000000000000000e+03 4.290000000000000000e+03 2.850000000000000000e+03 4.250000000000000000e+03
1.217230030000000000e+08 2.930000000000000000e+03 4.290000000000000000e+03 2.860000000000000000e+03 4.240000000000000000e+03
1.217232110000000000e+08 2.930000000000000000e+03 4.300000000000000000e+03 2.860000000000000000e+03 4.250000000000000000e+03
1.217234190000000000e+08 2.930000000000000000e+03 4.300000000000000000e+03 2.870000000000000000e+03 4.250000000000000000e+03
1.217236270000000000e+08 2.930000000000000000e+03 4.300000000000000000e+03 2.870000000000000000e+03 4.240000000000000000e+03
1.217238350000000000e+08 2.920000000000000000e+03 4.290000000000000000e+03 2.860000000000000000e+03 4.240000000000000000e+03
1.217240420000000000e+08 2.920000000000000000e+03 4.290000000000000000e+03 2.860000000000000000e+03 4.240000000000000000e+03
1.217242510000000000e+08 2.920000000000000000e+03 4.290000000000000000e+03 2.860000000000000000e+03 4.240000000000000000e+03
1.217244590000000000e+08 2.920000000000000000e+03 4.300000000000000000e+03 2.860000000000000000e+03 4.240000000000000000e+03
1.217246670000000000e+08 2.920000000000000000e+03 4.290000000000000000e+03 2.860000000000000000e+03 4.240000000000000000e+03
1.217248750000000000e+08 2.920000000000000000e+03 4.270000000000000000e+03 2.870000000000000000e+03 4.240000000000000000e+03
1.217250830000000000e+08 2.930000000000000000e+03 4.260000000000000000e+03 2.860000000000000000e+03 4.250000000000000000e+03
1.217252910000000000e+08 2.930000000000000000e+03 4.290000000000000000e+03 2.860000000000000000e+03 4.240000000000000000e+03
1.217254980000000000e+08 2.930000000000000000e+03 4.270000000000000000e+03 2.860000000000000000e+03 4.230000000000000000e+03
1.217257060000000000e+08 2.930000000000000000e+03 4.290000000000000000e+03 2.860000000000000000e+03 4.250000000000000000e+03
1.217259140000000000e+08 2.930000000000000000e+03 4.300000000000000000e+03 2.860000000000000000e+03 4.250000000000000000e+03
1.217261220000000000e+08 2.930000000000000000e+03 4.290000000000000000e+03 2.860000000000000000e+03 4.250000000000000000e+03
1.217263300000000000e+08 2.930000000000000000e+03 4.300000000000000000e+03 2.860000000000000000e+03 4.240000000000000000e+03
1.217265380000000000e+08 2.930000000000000000e+03 4.310000000000000000e+03 2.860000000000000000e+03 4.240000000000000000e+03
1.217267460000000000e+08 2.930000000000000000e+03 4.300000000000000000e+03 2.860000000000000000e+03 4.240000000000000000e+03
1.217269540000000000e+08 2.930000000000000000e+03 4.300000000000000000e+03 2.860000000000000000e+03 4.240000000000000000e+03
1.217271620000000000e+08 2.930000000000000000e+03 4.300000000000000000e+03 2.850000000000000000e+03 4.250000000000000000e+03
1.217273700000000000e+08 2.930000000000000000e+03 4.300000000000000000e+03 2.850000000000000000e+03 4.240000000000000000e+03
1.217275780000000000e+08 2.930000000000000000e+03 4.290000000000000000e+03 2.860000000000000000e+03 4.240000000000000000e+03
1.217277860000000000e+08 2.920000000000000000e+03 4.300000000000000000e+03 2.850000000000000000e+03 4.250000000000000000e+03
1.217279940000000000e+08 2.920000000000000000e+03 4.300000000000000000e+03 2.850000000000000000e+03 4.260000000000000000e+03
1.217282020000000000e+08 2.920000000000000000e+03 4.300000000000000000e+03 2.860000000000000000e+03 4.260000000000000000e+03
1.217284090000000000e+08 2.920000000000000000e+03 4.290000000000000000e+03 2.850000000000000000e+03 4.250000000000000000e+03
1.217286180000000000e+08 2.920000000000000000e+03 4.270000000000000000e+03 2.860000000000000000e+03 4.250000000000000000e+03
1.217288260000000000e+08 2.920000000000000000e+03 4.300000000000000000e+03 2.860000000000000000e+03 4.250000000000000000e+03
1.217290340000000000e+08 2.920000000000000000e+03 4.310000000000000000e+03 2.860000000000000000e+03 4.240000000000000000e+03
1.217292420000000000e+08 2.920000000000000000e+03 4.310000000000000000e+03 2.860000000000000000e+03 4.240000000000000000e+03
1.217294500000000000e+08 2.920000000000000000e+03 4.310000000000000000e+03 2.870000000000000000e+03 4.230000000000000000e+03
1.217296580000000000e+08 2.920000000000000000e+03 4.310000000000000000e+03 2.870000000000000000e+03 4.240000000000000000e+03
1.217298660000000000e+08 2.920000000000000000e+03 4.310000000000000000e+03 2.860000000000000000e+03 4.240000000000000000e+03
1.217300740000000000e+08 2.930000000000000000e+03 4.310000000000000000e+03 2.860000000000000000e+03 4.240000000000000000e+03
1.217302820000000000e+08 2.930000000000000000e+03 4.290000000000000000e+03 2.860000000000000000e+03 4.240000000000000000e+03
1.217304900000000000e+08 2.930000000000000000e+03 4.290000000000000000e+03 2.860000000000000000e+03 4.240000000000000000e+03
1.217306970000000000e+08 2.930000000000000000e+03 4.300000000000000000e+03 2.860000000000000000e+03 4.250000000000000000e+03
1.217309060000000000e+08 2.930000000000000000e+03 4.310000000000000000e+03 2.860000000000000000e+03 4.250000000000000000e+03
1.217311140000000000e+08 2.930000000000000000e+03 4.300000000000000000e+03 2.860000000000000000e+03 4.250000000000000000e+03
1.217313220000000000e+08 2.930000000000000000e+03 4.290000000000000000e+03 2.860000000000000000e+03 4.240000000000000000e+03
1.217315290000000000e+08 2.930000000000000000e+03 4.300000000000000000e+03 2.860000000000000000e+03 4.240000000000000000e+03
1.217317370000000000e+08 2.940000000000000000e+03 4.290000000000000000e+03 2.860000000000000000e+03 4.240000000000000000e+03
1.217319450000000000e+08 2.940000000000000000e+03 4.300000000000000000e+03 2.860000000000000000e+03 4.240000000000000000e+03
1.217321530000000000e+08 2.930000000000000000e+03 4.310000000000000000e+03 2.860000000000000000e+03 4.240000000000000000e+03
1.217323610000000000e+08 2.930000000000000000e+03 4.310000000000000000e+03 2.860000000000000000e+03 4.240000000000000000e+03
1.217325690000000000e+08 2.930000000000000000e+03 4.310000000000000000e+03 2.860000000000000000e+03 4.250000000000000000e+03
1.217327770000000000e+08 2.930000000000000000e+03 4.300000000000000000e+03 2.860000000000000000e+03 4.250000000000000000e+03
1.217329850000000000e+08 2.930000000000000000e+03 4.300000000000000000e+03 2.850000000000000000e+03 4.250000000000000000e+03
1.217331930000000000e+08 2.930000000000000000e+03 4.290000000000000000e+03 2.850000000000000000e+03 4.250000000000000000e+03
1.217334010000000000e+08 2.930000000000000000e+03 4.290000000000000000e+03 2.860000000000000000e+03 4.250000000000000000e+03
1.217336090000000000e+08 2.930000000000000000e+03 4.300000000000000000e+03 2.860000000000000000e+03 4.250000000000000000e+03
1.217338170000000000e+08 2.930000000000000000e+03 4.310000000000000000e+03 2.860000000000000000e+03 4.240000000000000000e+03
1.217342330000000000e+08 2.930000000000000000e+03 4.290000000000000000e+03 2.860000000000000000e+03 4.230000000000000000e+03
1.217344410000000000e+08 2.930000000000000000e+03 4.290000000000000000e+03 2.860000000000000000e+03 4.230000000000000000e+03
1.217346490000000000e+08 2.930000000000000000e+03 4.300000000000000000e+03 2.860000000000000000e+03 4.240000000000000000e+03
1.217348570000000000e+08 2.920000000000000000e+03 4.300000000000000000e+03 2.870000000000000000e+03 4.250000000000000000e+03
1.217350650000000000e+08 2.920000000000000000e+03 4.310000000000000000e+03 2.860000000000000000e+03 4.250000000000000000e+03
1.217352730000000000e+08 2.920000000000000000e+03 4.310000000000000000e+03 2.850000000000000000e+03 4.250000000000000000e+03
1.217354810000000000e+08 2.920000000000000000e+03 4.300000000000000000e+03 2.850000000000000000e+03 4.250000000000000000e+03
1.217356900000000000e+08 2.920000000000000000e+03 4.290000000000000000e+03 2.850000000000000000e+03 4.240000000000000000e+03
1.217358970000000000e+08 2.920000000000000000e+03 4.300000000000000000e+03 2.850000000000000000e+03 4.240000000000000000e+03
1.217361050000000000e+08 2.930000000000000000e+03 4.300000000000000000e+03 2.860000000000000000e+03 4.240000000000000000e+03
1.217363130000000000e+08 2.930000000000000000e+03 4.300000000000000000e+03 2.860000000000000000e+03 4.230000000000000000e+03
1.217365210000000000e+08 2.950000000000000000e+03 4.310000000000000000e+03 2.860000000000000000e+03 4.240000000000000000e+03
1.217367280000000000e+08 2.950000000000000000e+03 4.310000000000000000e+03 2.860000000000000000e+03 4.230000000000000000e+03
1.217369360000000000e+08 2.950000000000000000e+03 4.300000000000000000e+03 2.860000000000000000e+03 4.230000000000000000e+03
1.217371440000000000e+08 2.940000000000000000e+03 4.300000000000000000e+03 2.860000000000000000e+03 4.230000000000000000e+03
1.217373520000000000e+08 2.940000000000000000e+03 4.300000000000000000e+03 2.860000000000000000e+03 4.240000000000000000e+03
1.217375600000000000e+08 2.930000000000000000e+03 4.290000000000000000e+03 2.860000000000000000e+03 4.230000000000000000e+03
1.217377680000000000e+08 2.930000000000000000e+03 4.300000000000000000e+03 2.870000000000000000e+03 4.240000000000000000e+03
1.217379760000000000e+08 2.930000000000000000e+03 4.300000000000000000e+03 2.860000000000000000e+03 4.250000000000000000e+03
1.217381840000000000e+08 2.930000000000000000e+03 4.290000000000000000e+03 2.860000000000000000e+03 4.240000000000000000e+03
1.217383920000000000e+08 2.930000000000000000e+03 4.290000000000000000e+03 2.860000000000000000e+03 4.240000000000000000e+03
1.217386000000000000e+08 2.930000000000000000e+03 4.300000000000000000e+03 2.860000000000000000e+03 4.230000000000000000e+03
1.217388070000000000e+08 2.930000000000000000e+03 4.310000000000000000e+03 2.850000000000000000e+03 4.230000000000000000e+03
1.217390160000000000e+08 2.930000000000000000e+03 4.300000000000000000e+03 2.850000000000000000e+03 4.230000000000000000e+03
1.217392240000000000e+08 2.930000000000000000e+03 4.300000000000000000e+03 2.850000000000000000e+03 4.230000000000000000e+03
1.217394320000000000e+08 2.930000000000000000e+03 4.290000000000000000e+03 2.850000000000000000e+03 4.240000000000000000e+03
1.217396400000000000e+08 2.930000000000000000e+03 4.300000000000000000e+03 2.850000000000000000e+03 4.230000000000000000e+03
1.217398480000000000e+08 2.930000000000000000e+03 4.310000000000000000e+03 2.850000000000000000e+03 4.240000000000000000e+03
1.217400720000000000e+08 2.930000000000000000e+03 4.310000000000000000e+03 2.850000000000000000e+03 4.250000000000000000e+03
1.217402800000000000e+08 2.930000000000000000e+03 4.300000000000000000e+03 2.850000000000000000e+03 4.240000000000000000e+03
1.217404870000000000e+08 2.920000000000000000e+03 4.310000000000000000e+03 2.850000000000000000e+03 4.240000000000000000e+03
1.217406960000000000e+08 2.920000000000000000e+03 4.310000000000000000e+03 2.850000000000000000e+03 4.240000000000000000e+03
1.217409040000000000e+08 2.930000000000000000e+03 4.290000000000000000e+03 2.840000000000000000e+03 4.250000000000000000e+03
1.217411120000000000e+08 2.930000000000000000e+03 4.290000000000000000e+03 2.840000000000000000e+03 4.240000000000000000e+03
1.217413200000000000e+08 2.930000000000000000e+03 4.290000000000000000e+03 2.850000000000000000e+03 4.250000000000000000e+03
1.217415280000000000e+08 2.930000000000000000e+03 4.300000000000000000e+03 2.850000000000000000e+03 4.250000000000000000e+03
1.217417360000000000e+08 2.940000000000000000e+03 4.300000000000000000e+03 2.850000000000000000e+03 4.250000000000000000e+03
1.217419440000000000e+08 2.940000000000000000e+03 4.310000000000000000e+03 2.850000000000000000e+03 4.250000000000000000e+03
1.217421520000000000e+08 2.940000000000000000e+03 4.300000000000000000e+03 2.850000000000000000e+03 4.250000000000000000e+03
1.217423590000000000e+08 2.940000000000000000e+03 4.290000000000000000e+03 2.850000000000000000e+03 4.250000000000000000e+03
1.217425670000000000e+08 2.940000000000000000e+03 4.290000000000000000e+03 2.860000000000000000e+03 4.250000000000000000e+03
1.217427750000000000e+08 2.940000000000000000e+03 4.290000000000000000e+03 2.860000000000000000e+03 4.250000000000000000e+03
1.217429830000000000e+08 2.940000000000000000e+03 4.300000000000000000e+03 2.850000000000000000e+03 4.240000000000000000e+03
1.217431910000000000e+08 2.940000000000000000e+03 4.290000000000000000e+03 2.850000000000000000e+03 4.250000000000000000e+03
1.217433990000000000e+08 2.930000000000000000e+03 4.290000000000000000e+03 2.840000000000000000e+03 4.250000000000000000e+03
1.217436070000000000e+08 2.930000000000000000e+03 4.300000000000000000e+03 2.850000000000000000e+03 4.240000000000000000e+03
1.217438150000000000e+08 2.930000000000000000e+03 4.300000000000000000e+03 2.850000000000000000e+03 4.230000000000000000e+03
1.217440230000000000e+08 2.930000000000000000e+03 4.300000000000000000e+03 2.860000000000000000e+03 4.250000000000000000e+03
1.217442310000000000e+08 2.940000000000000000e+03 4.290000000000000000e+03 2.860000000000000000e+03 4.250000000000000000e+03
1.217444390000000000e+08 2.940000000000000000e+03 4.290000000000000000e+03 2.860000000000000000e+03 4.250000000000000000e+03
1.217446470000000000e+08 2.940000000000000000e+03 4.300000000000000000e+03 2.850000000000000000e+03 4.240000000000000000e+03
1.217448550000000000e+08 2.940000000000000000e+03 4.300000000000000000e+03 2.850000000000000000e+03 4.230000000000000000e+03
1.217450630000000000e+08 2.940000000000000000e+03 4.310000000000000000e+03 2.850000000000000000e+03 4.230000000000000000e+03
1.217452710000000000e+08 2.940000000000000000e+03 4.300000000000000000e+03 2.850000000000000000e+03 4.230000000000000000e+03
1.217454790000000000e+08 2.940000000000000000e+03 4.300000000000000000e+03 2.860000000000000000e+03 4.230000000000000000e+03
1.217456870000000000e+08 2.940000000000000000e+03 4.290000000000000000e+03 2.860000000000000000e+03 4.240000000000000000e+03
1.217458950000000000e+08 2.930000000000000000e+03 4.290000000000000000e+03 2.860000000000000000e+03 4.240000000000000000e+03
1.217461030000000000e+08 2.930000000000000000e+03 4.300000000000000000e+03 2.870000000000000000e+03 4.250000000000000000e+03
1.217463110000000000e+08 2.940000000000000000e+03 4.290000000000000000e+03 2.870000000000000000e+03 4.250000000000000000e+03
1.217465190000000000e+08 2.940000000000000000e+03 4.300000000000000000e+03 2.870000000000000000e+03 4.250000000000000000e+03
1.217467270000000000e+08 2.940000000000000000e+03 4.310000000000000000e+03 2.860000000000000000e+03 4.250000000000000000e+03
1.217469340000000000e+08 2.940000000000000000e+03 4.310000000000000000e+03 2.860000000000000000e+03 4.250000000000000000e+03
1.217471430000000000e+08 2.940000000000000000e+03 4.310000000000000000e+03 2.860000000000000000e+03 4.250000000000000000e+03
1.217473510000000000e+08 2.930000000000000000e+03 4.300000000000000000e+03 2.860000000000000000e+03 4.250000000000000000e+03
1.217475590000000000e+08 2.930000000000000000e+03 4.310000000000000000e+03 2.860000000000000000e+03 4.260000000000000000e+03
1.217477670000000000e+08 2.930000000000000000e+03 4.310000000000000000e+03 2.860000000000000000e+03 4.250000000000000000e+03
1.217479740000000000e+08 2.930000000000000000e+03 4.300000000000000000e+03 2.860000000000000000e+03 4.240000000000000000e+03
