1.549174880000000000e+08 5.150000000000000000e+03 5.130000000000000000e+03 2.520000000000000000e+03 2.450000000000000000e+03
1.549176960000000000e+08 5.150000000000000000e+03 5.120000000000000000e+03 2.530000000000000000e+03 2.460000000000000000e+03
1.549179040000000000e+08 5.150000000000000000e+03 5.110000000000000000e+03 2.530000000000000000e+03 2.450000000000000000e+03
1.549181120000000000e+08 5.150000000000000000e+03 5.120000000000000000e+03 2.540000000000000000e+03 2.460000000000000000e+03
1.549183200000000000e+08 5.150000000000000000e+03 5.110000000000000000e+03 2.550000000000000000e+03 2.470000000000000000e+03
1.549185270000000000e+08 5.140000000000000000e+03 5.110000000000000000e+03 2.560000000000000000e+03 2.470000000000000000e+03
1.549187360000000000e+08 5.140000000000000000e+03 5.110000000000000000e+03 2.550000000000000000e+03 2.450000000000000000e+03
1.549189430000000000e+08 5.140000000000000000e+03 5.130000000000000000e+03 2.550000000000000000e+03 2.450000000000000000e+03
1.549191510000000000e+08 5.140000000000000000e+03 5.120000000000000000e+03 2.550000000000000000e+03 2.450000000000000000e+03
1.549193590000000000e+08 5.140000000000000000e+03 5.130000000000000000e+03 2.540000000000000000e+03 2.450000000000000000e+03
1.549195670000000000e+08 5.150000000000000000e+03 5.130000000000000000e+03 2.540000000000000000e+03 2.440000000000000000e+03
1.549197750000000000e+08 5.150000000000000000e+03 5.120000000000000000e+03 2.540000000000000000e+03 2.450000000000000000e+03
1.549199830000000000e+08 5.150000000000000000e+03 5.120000000000000000e+03 2.540000000000000000e+03 2.440000000000000000e+03
1.549201910000000000e+08 5.150000000000000000e+03 5.120000000000000000e+03 2.530000000000000000e+03 2.450000000000000000e+03
1.549203990000000000e+08 5.150000000000000000e+03 5.130000000000000000e+03 2.530000000000000000e+03 2.460000000000000000e+03
1.549207120000000000e+08 5.150000000000000000e+03 5.140000000000000000e+03 2.520000000000000000e+03 2.460000000000000000e+03
1.549208150000000000e+08 5.150000000000000000e+03 5.140000000000000000e+03 2.540000000000000000e+03 2.460000000000000000e+03
1.549210230000000000e+08 5.150000000000000000e+03 5.140000000000000000e+03 2.540000000000000000e+03 2.460000000000000000e+03
1.549212310000000000e+08 5.150000000000000000e+03 5.140000000000000000e+03 2.540000000000000000e+03 2.460000000000000000e+03
1.549214380000000000e+08 5.150000000000000000e+03 5.140000000000000000e+03 2.540000000000000000e+03 2.460000000000000000e+03
1.549216470000000000e+08 5.150000000000000000e+03 5.130000000000000000e+03 2.550000000000000000e+03 2.450000000000000000e+03
1.549218550000000000e+08 5.150000000000000000e+03 5.110000000000000000e+03 2.540000000000000000e+03 2.450000000000000000e+03
1.549220630000000000e+08 5.140000000000000000e+03 5.120000000000000000e+03 2.540000000000000000e+03 2.440000000000000000e+03
1.549222710000000000e+08 5.140000000000000000e+03 5.120000000000000000e+03 2.550000000000000000e+03 2.450000000000000000e+03
1.549224790000000000e+08 5.140000000000000000e+03 5.120000000000000000e+03 2.560000000000000000e+03 2.440000000000000000e+03
1.549226870000000000e+08 5.140000000000000000e+03 5.120000000000000000e+03 2.550000000000000000e+03 2.430000000000000000e+03
1.549228940000000000e+08 5.140000000000000000e+03 5.130000000000000000e+03 2.540000000000000000e+03 2.440000000000000000e+03
1.549231020000000000e+08 5.140000000000000000e+03 5.130000000000000000e+03 2.550000000000000000e+03 2.450000000000000000e+03
1.549233100000000000e+08 5.140000000000000000e+03 5.120000000000000000e+03 2.550000000000000000e+03 2.450000000000000000e+03
1.549235180000000000e+08 5.140000000000000000e+03 5.120000000000000000e+03 2.540000000000000000e+03 2.450000000000000000e+03
1.549237260000000000e+08 5.140000000000000000e+03 5.120000000000000000e+03 2.530000000000000000e+03 2.460000000000000000e+03
1.549239340000000000e+08 5.140000000000000000e+03 5.120000000000000000e+03 2.550000000000000000e+03 2.460000000000000000e+03
1.549241420000000000e+08 5.140000000000000000e+03 5.120000000000000000e+03 2.540000000000000000e+03 2.460000000000000000e+03
1.549243500000000000e+08 5.140000000000000000e+03 5.120000000000000000e+03 2.550000000000000000e+03 2.460000000000000000e+03
1.549245580000000000e+08 5.140000000000000000e+03 5.110000000000000000e+03 2.550000000000000000e+03 2.460000000000000000e+03
1.549247660000000000e+08 5.140000000000000000e+03 5.120000000000000000e+03 2.540000000000000000e+03 2.460000000000000000e+03
1.549249740000000000e+08 5.140000000000000000e+03 5.120000000000000000e+03 2.550000000000000000e+03 2.450000000000000000e+03
1.549251820000000000e+08 5.140000000000000000e+03 5.110000000000000000e+03 2.550000000000000000e+03 2.440000000000000000e+03
1.549253900000000000e+08 5.140000000000000000e+03 5.100000000000000000e+03 2.550000000000000000e+03 2.440000000000000000e+03
1.549255980000000000e+08 5.140000000000000000e+03 5.100000000000000000e+03 2.540000000000000000e+03 2.440000000000000000e+03
1.549258050000000000e+08 5.140000000000000000e+03 5.100000000000000000e+03 2.530000000000000000e+03 2.440000000000000000e+03
1.549260140000000000e+08 5.140000000000000000e+03 5.100000000000000000e+03 2.540000000000000000e+03 2.450000000000000000e+03
1.549262220000000000e+08 5.150000000000000000e+03 5.110000000000000000e+03 2.560000000000000000e+03 2.440000000000000000e+03
1.549264300000000000e+08 5.150000000000000000e+03 5.120000000000000000e+03 2.560000000000000000e+03 2.440000000000000000e+03
1.549268460000000000e+08 5.150000000000000000e+03 5.130000000000000000e+03 2.550000000000000000e+03 2.440000000000000000e+03
1.549270540000000000e+08 5.150000000000000000e+03 5.130000000000000000e+03 2.540000000000000000e+03 2.440000000000000000e+03
1.549272610000000000e+08 5.150000000000000000e+03 5.130000000000000000e+03 2.550000000000000000e+03 2.440000000000000000e+03
1.549274690000000000e+08 5.150000000000000000e+03 5.140000000000000000e+03 2.550000000000000000e+03 2.460000000000000000e+03
1.549276770000000000e+08 5.150000000000000000e+03 5.140000000000000000e+03 2.530000000000000000e+03 2.450000000000000000e+03
1.549278850000000000e+08 5.150000000000000000e+03 5.140000000000000000e+03 2.530000000000000000e+03 2.450000000000000000e+03
1.549280930000000000e+08 5.150000000000000000e+03 5.140000000000000000e+03 2.530000000000000000e+03 2.440000000000000000e+03
1.549283010000000000e+08 5.150000000000000000e+03 5.130000000000000000e+03 2.550000000000000000e+03 2.440000000000000000e+03
1.549285090000000000e+08 5.140000000000000000e+03 5.130000000000000000e+03 2.540000000000000000e+03 2.450000000000000000e+03
1.549287170000000000e+08 5.140000000000000000e+03 5.120000000000000000e+03 2.540000000000000000e+03 2.450000000000000000e+03
1.549289250000000000e+08 5.140000000000000000e+03 5.130000000000000000e+03 2.540000000000000000e+03 2.460000000000000000e+03
1.549291330000000000e+08 5.140000000000000000e+03 5.130000000000000000e+03 2.540000000000000000e+03 2.460000000000000000e+03
1.549293410000000000e+08 5.140000000000000000e+03 5.120000000000000000e+03 2.540000000000000000e+03 2.450000000000000000e+03
1.549295490000000000e+08 5.140000000000000000e+03 5.120000000000000000e+03 2.540000000000000000e+03 2.460000000000000000e+03
1.549297570000000000e+08 5.140000000000000000e+03 5.130000000000000000e+03 2.530000000000000000e+03 2.450000000000000000e+03
1.549299650000000000e+08 5.140000000000000000e+03 5.120000000000000000e+03 2.540000000000000000e+03 2.450000000000000000e+03
1.549301730000000000e+08 5.140000000000000000e+03 5.120000000000000000e+03 2.530000000000000000e+03 2.440000000000000000e+03
1.549303810000000000e+08 5.140000000000000000e+03 5.120000000000000000e+03 2.530000000000000000e+03 2.440000000000000000e+03
1.549305890000000000e+08 5.140000000000000000e+03 5.120000000000000000e+03 2.540000000000000000e+03 2.440000000000000000e+03
1.549307970000000000e+08 5.140000000000000000e+03 5.120000000000000000e+03 2.550000000000000000e+03 2.440000000000000000e+03
1.549310050000000000e+08 5.140000000000000000e+03 5.120000000000000000e+03 2.550000000000000000e+03 2.440000000000000000e+03
1.549312130000000000e+08 5.140000000000000000e+03 5.110000000000000000e+03 2.540000000000000000e+03 2.440000000000000000e+03
1.549314200000000000e+08 5.140000000000000000e+03 5.120000000000000000e+03 2.550000000000000000e+03 2.450000000000000000e+03
1.549316280000000000e+08 5.140000000000000000e+03 5.120000000000000000e+03 2.550000000000000000e+03 2.460000000000000000e+03
1.549318360000000000e+08 5.140000000000000000e+03 5.130000000000000000e+03 2.550000000000000000e+03 2.460000000000000000e+03
1.549320440000000000e+08 5.140000000000000000e+03 5.120000000000000000e+03 2.550000000000000000e+03 2.460000000000000000e+03
1.549322520000000000e+08 5.140000000000000000e+03 5.110000000000000000e+03 2.560000000000000000e+03 2.450000000000000000e+03
1.549324600000000000e+08 5.140000000000000000e+03 5.110000000000000000e+03 2.560000000000000000e+03 2.450000000000000000e+03
1.549326680000000000e+08 5.140000000000000000e+03 5.120000000000000000e+03 2.560000000000000000e+03 2.450000000000000000e+03
1.549328760000000000e+08 5.140000000000000000e+03 5.120000000000000000e+03 2.540000000000000000e+03 2.460000000000000000e+03
1.549330840000000000e+08 5.140000000000000000e+03 5.110000000000000000e+03 2.550000000000000000e+03 2.460000000000000000e+03
1.549332920000000000e+08 5.140000000000000000e+03 5.110000000000000000e+03 2.560000000000000000e+03 2.470000000000000000e+03
1.549335000000000000e+08 5.140000000000000000e+03 5.110000000000000000e+03 2.580000000000000000e+03 2.460000000000000000e+03
1.549337080000000000e+08 5.140000000000000000e+03 5.120000000000000000e+03 2.580000000000000000e+03 2.460000000000000000e+03
1.549339160000000000e+08 5.140000000000000000e+03 5.120000000000000000e+03 2.580000000000000000e+03 2.460000000000000000e+03
1.549341240000000000e+08 5.140000000000000000e+03 5.110000000000000000e+03 2.570000000000000000e+03 2.470000000000000000e+03
1.549343320000000000e+08 5.140000000000000000e+03 5.120000000000000000e+03 2.550000000000000000e+03 2.480000000000000000e+03
1.549345400000000000e+08 5.140000000000000000e+03 5.130000000000000000e+03 2.540000000000000000e+03 2.480000000000000000e+03
1.549347480000000000e+08 5.140000000000000000e+03 5.120000000000000000e+03 2.550000000000000000e+03 2.480000000000000000e+03
1.549349560000000000e+08 5.140000000000000000e+03 5.120000000000000000e+03 2.560000000000000000e+03 2.470000000000000000e+03
1.549351640000000000e+08 5.140000000000000000e+03 5.120000000000000000e+03 2.560000000000000000e+03 2.450000000000000000e+03
1.549353720000000000e+08 5.140000000000000000e+03 5.130000000000000000e+03 2.550000000000000000e+03 2.440000000000000000e+03
1.549355800000000000e+08 5.140000000000000000e+03 5.130000000000000000e+03 2.550000000000000000e+03 2.440000000000000000e+03
1.549357880000000000e+08 5.140000000000000000e+03 5.130000000000000000e+03 2.550000000000000000e+03 2.450000000000000000e+03
1.549359960000000000e+08 5.140000000000000000e+03 5.120000000000000000e+03 2.540000000000000000e+03 2.450000000000000000e+03
1.549362040000000000e+08 5.140000000000000000e+03 5.100000000000000000e+03 2.550000000000000000e+03 2.450000000000000000e+03
1.549364110000000000e+08 5.140000000000000000e+03 5.100000000000000000e+03 2.550000000000000000e+03 2.450000000000000000e+03
1.549366190000000000e+08 5.140000000000000000e+03 5.100000000000000000e+03 2.550000000000000000e+03 2.440000000000000000e+03
1.549368270000000000e+08 5.140000000000000000e+03 5.100000000000000000e+03 2.540000000000000000e+03 2.440000000000000000e+03
1.549370350000000000e+08 5.140000000000000000e+03 5.100000000000000000e+03 2.530000000000000000e+03 2.450000000000000000e+03
1.549372430000000000e+08 5.140000000000000000e+03 5.110000000000000000e+03 2.530000000000000000e+03 2.450000000000000000e+03
1.549374510000000000e+08 5.140000000000000000e+03 5.110000000000000000e+03 2.530000000000000000e+03 2.450000000000000000e+03
1.549376590000000000e+08 5.140000000000000000e+03 5.110000000000000000e+03 2.550000000000000000e+03 2.440000000000000000e+03
1.549378670000000000e+08 5.140000000000000000e+03 5.110000000000000000e+03 2.540000000000000000e+03 2.450000000000000000e+03
1.549380750000000000e+08 5.140000000000000000e+03 5.120000000000000000e+03 2.550000000000000000e+03 2.440000000000000000e+03
1.549382830000000000e+08 5.150000000000000000e+03 5.110000000000000000e+03 2.540000000000000000e+03 2.450000000000000000e+03
1.549384910000000000e+08 5.150000000000000000e+03 5.110000000000000000e+03 2.540000000000000000e+03 2.450000000000000000e+03
1.549386990000000000e+08 5.150000000000000000e+03 5.100000000000000000e+03 2.540000000000000000e+03 2.440000000000000000e+03
1.549389070000000000e+08 5.150000000000000000e+03 5.100000000000000000e+03 2.550000000000000000e+03 2.440000000000000000e+03
1.549391150000000000e+08 5.150000000000000000e+03 5.110000000000000000e+03 2.560000000000000000e+03 2.430000000000000000e+03
1.549393230000000000e+08 5.140000000000000000e+03 5.120000000000000000e+03 2.560000000000000000e+03 2.440000000000000000e+03
1.549395310000000000e+08 5.140000000000000000e+03 5.110000000000000000e+03 2.560000000000000000e+03 2.450000000000000000e+03
1.549397390000000000e+08 5.140000000000000000e+03 5.100000000000000000e+03 2.550000000000000000e+03 2.450000000000000000e+03
1.549399480000000000e+08 5.140000000000000000e+03 5.100000000000000000e+03 2.560000000000000000e+03 2.450000000000000000e+03
1.549401550000000000e+08 5.130000000000000000e+03 5.100000000000000000e+03 2.560000000000000000e+03 2.450000000000000000e+03
1.549403630000000000e+08 5.130000000000000000e+03 5.110000000000000000e+03 2.570000000000000000e+03 2.450000000000000000e+03
1.549405710000000000e+08 5.140000000000000000e+03 5.110000000000000000e+03 2.570000000000000000e+03 2.460000000000000000e+03
1.549407780000000000e+08 5.140000000000000000e+03 5.120000000000000000e+03 2.580000000000000000e+03 2.460000000000000000e+03
1.549409860000000000e+08 5.140000000000000000e+03 5.130000000000000000e+03 2.560000000000000000e+03 2.450000000000000000e+03
1.549411940000000000e+08 5.140000000000000000e+03 5.130000000000000000e+03 2.550000000000000000e+03 2.450000000000000000e+03
1.549414020000000000e+08 5.130000000000000000e+03 5.130000000000000000e+03 2.550000000000000000e+03 2.440000000000000000e+03
1.549416100000000000e+08 5.130000000000000000e+03 5.120000000000000000e+03 2.540000000000000000e+03 2.430000000000000000e+03
1.549418180000000000e+08 5.140000000000000000e+03 5.130000000000000000e+03 2.550000000000000000e+03 2.430000000000000000e+03
1.549420260000000000e+08 5.140000000000000000e+03 5.130000000000000000e+03 2.560000000000000000e+03 2.440000000000000000e+03
1.549422340000000000e+08 5.140000000000000000e+03 5.120000000000000000e+03 2.550000000000000000e+03 2.440000000000000000e+03
1.549424420000000000e+08 5.130000000000000000e+03 5.120000000000000000e+03 2.540000000000000000e+03 2.440000000000000000e+03
1.549426500000000000e+08 5.130000000000000000e+03 5.110000000000000000e+03 2.550000000000000000e+03 2.440000000000000000e+03
1.549428580000000000e+08 5.130000000000000000e+03 5.110000000000000000e+03 2.540000000000000000e+03 2.440000000000000000e+03
1.549430660000000000e+08 5.140000000000000000e+03 5.120000000000000000e+03 2.540000000000000000e+03 2.440000000000000000e+03
1.549432740000000000e+08 5.140000000000000000e+03 5.120000000000000000e+03 2.550000000000000000e+03 2.440000000000000000e+03
1.549434820000000000e+08 5.140000000000000000e+03 5.120000000000000000e+03 2.550000000000000000e+03 2.440000000000000000e+03
1.549436900000000000e+08 5.140000000000000000e+03 5.110000000000000000e+03 2.540000000000000000e+03 2.450000000000000000e+03
1.549438980000000000e+08 5.140000000000000000e+03 5.120000000000000000e+03 2.550000000000000000e+03 2.460000000000000000e+03
1.549441060000000000e+08 5.140000000000000000e+03 5.130000000000000000e+03 2.550000000000000000e+03 2.460000000000000000e+03
1.549443140000000000e+08 5.140000000000000000e+03 5.130000000000000000e+03 2.560000000000000000e+03 2.460000000000000000e+03
1.549445210000000000e+08 5.140000000000000000e+03 5.130000000000000000e+03 2.570000000000000000e+03 2.450000000000000000e+03
1.549447300000000000e+08 5.140000000000000000e+03 5.130000000000000000e+03 2.570000000000000000e+03 2.450000000000000000e+03
1.549449380000000000e+08 5.140000000000000000e+03 5.130000000000000000e+03 2.570000000000000000e+03 2.450000000000000000e+03
1.549451460000000000e+08 5.140000000000000000e+03 5.110000000000000000e+03 2.570000000000000000e+03 2.450000000000000000e+03
1.549453530000000000e+08 5.140000000000000000e+03 5.130000000000000000e+03 2.560000000000000000e+03 2.430000000000000000e+03
1.549455610000000000e+08 5.140000000000000000e+03 5.130000000000000000e+03 2.570000000000000000e+03 2.430000000000000000e+03
1.549457690000000000e+08 5.140000000000000000e+03 5.130000000000000000e+03 2.580000000000000000e+03 2.440000000000000000e+03
1.549459770000000000e+08 5.150000000000000000e+03 5.120000000000000000e+03 2.580000000000000000e+03 2.430000000000000000e+03
1.549461850000000000e+08 5.150000000000000000e+03 5.110000000000000000e+03 2.590000000000000000e+03 2.430000000000000000e+03
1.549463940000000000e+08 5.140000000000000000e+03 5.110000000000000000e+03 2.590000000000000000e+03 2.440000000000000000e+03
1.549466010000000000e+08 5.140000000000000000e+03 5.110000000000000000e+03 2.580000000000000000e+03 2.440000000000000000e+03
1.549468090000000000e+08 5.140000000000000000e+03 5.120000000000000000e+03 2.560000000000000000e+03 2.440000000000000000e+03
1.549470170000000000e+08 5.140000000000000000e+03 5.130000000000000000e+03 2.560000000000000000e+03 2.450000000000000000e+03
1.549472240000000000e+08 5.140000000000000000e+03 5.120000000000000000e+03 2.560000000000000000e+03 2.450000000000000000e+03
1.549474330000000000e+08 5.140000000000000000e+03 5.120000000000000000e+03 2.550000000000000000e+03 2.450000000000000000e+03
1.549476410000000000e+08 5.140000000000000000e+03 5.120000000000000000e+03 2.550000000000000000e+03 2.450000000000000000e+03
1.549478490000000000e+08 5.140000000000000000e+03 5.120000000000000000e+03 2.550000000000000000e+03 2.450000000000000000e+03
1.549480570000000000e+08 5.150000000000000000e+03 5.110000000000000000e+03 2.550000000000000000e+03 2.450000000000000000e+03
1.549482650000000000e+08 5.150000000000000000e+03 5.120000000000000000e+03 2.560000000000000000e+03 2.440000000000000000e+03
1.549484720000000000e+08 5.150000000000000000e+03 5.110000000000000000e+03 2.560000000000000000e+03 2.440000000000000000e+03
1.549486810000000000e+08 5.150000000000000000e+03 5.120000000000000000e+03 2.560000000000000000e+03 2.450000000000000000e+03
1.549488890000000000e+08 5.150000000000000000e+03 5.120000000000000000e+03 2.560000000000000000e+03 2.450000000000000000e+03
1.549490970000000000e+08 5.150000000000000000e+03 5.120000000000000000e+03 2.560000000000000000e+03 2.460000000000000000e+03
1.549493040000000000e+08 5.150000000000000000e+03 5.130000000000000000e+03 2.570000000000000000e+03 2.450000000000000000e+03
1.549495120000000000e+08 5.150000000000000000e+03 5.110000000000000000e+03 2.580000000000000000e+03 2.450000000000000000e+03
1.549497210000000000e+08 5.150000000000000000e+03 5.120000000000000000e+03 2.580000000000000000e+03 2.450000000000000000e+03
1.549499280000000000e+08 5.150000000000000000e+03 5.110000000000000000e+03 2.590000000000000000e+03 2.450000000000000000e+03
1.549501360000000000e+08 5.150000000000000000e+03 5.110000000000000000e+03 2.590000000000000000e+03 2.460000000000000000e+03
1.549503440000000000e+08 5.150000000000000000e+03 5.110000000000000000e+03 2.600000000000000000e+03 2.460000000000000000e+03
1.549505520000000000e+08 5.150000000000000000e+03 5.110000000000000000e+03 2.600000000000000000e+03 2.460000000000000000e+03
1.549507600000000000e+08 5.150000000000000000e+03 5.110000000000000000e+03 2.580000000000000000e+03 2.440000000000000000e+03
1.549509680000000000e+08 5.150000000000000000e+03 5.110000000000000000e+03 2.590000000000000000e+03 2.430000000000000000e+03
1.549511760000000000e+08 5.150000000000000000e+03 5.110000000000000000e+03 2.580000000000000000e+03 2.430000000000000000e+03
1.549513840000000000e+08 5.140000000000000000e+03 5.100000000000000000e+03 2.580000000000000000e+03 2.430000000000000000e+03
1.549515920000000000e+08 5.130000000000000000e+03 5.110000000000000000e+03 2.590000000000000000e+03 2.440000000000000000e+03
1.549518000000000000e+08 5.130000000000000000e+03 5.110000000000000000e+03 2.580000000000000000e+03 2.430000000000000000e+03
1.549520080000000000e+08 5.130000000000000000e+03 5.100000000000000000e+03 2.560000000000000000e+03 2.430000000000000000e+03
1.549522160000000000e+08 5.120000000000000000e+03 5.100000000000000000e+03 2.560000000000000000e+03 2.430000000000000000e+03
1.549524240000000000e+08 5.120000000000000000e+03 5.100000000000000000e+03 2.570000000000000000e+03 2.430000000000000000e+03
1.549526320000000000e+08 5.120000000000000000e+03 5.110000000000000000e+03 2.580000000000000000e+03 2.420000000000000000e+03
1.549528400000000000e+08 5.120000000000000000e+03 5.130000000000000000e+03 2.580000000000000000e+03 2.430000000000000000e+03
1.549530480000000000e+08 5.120000000000000000e+03 5.130000000000000000e+03 2.570000000000000000e+03 2.440000000000000000e+03
1.549532560000000000e+08 5.110000000000000000e+03 5.120000000000000000e+03 2.560000000000000000e+03 2.440000000000000000e+03
1.549534640000000000e+08 5.120000000000000000e+03 5.110000000000000000e+03 2.540000000000000000e+03 2.440000000000000000e+03
1.549536720000000000e+08 5.120000000000000000e+03 5.110000000000000000e+03 2.540000000000000000e+03 2.450000000000000000e+03
1.549538790000000000e+08 5.120000000000000000e+03 5.110000000000000000e+03 2.560000000000000000e+03 2.440000000000000000e+03
1.549540870000000000e+08 5.130000000000000000e+03 5.110000000000000000e+03 2.550000000000000000e+03 2.440000000000000000e+03
1.549542950000000000e+08 5.120000000000000000e+03 5.110000000000000000e+03 2.550000000000000000e+03 2.430000000000000000e+03
1.549545030000000000e+08 5.110000000000000000e+03 5.110000000000000000e+03 2.560000000000000000e+03 2.440000000000000000e+03
1.549547110000000000e+08 5.110000000000000000e+03 5.120000000000000000e+03 2.570000000000000000e+03 2.440000000000000000e+03
1.549549190000000000e+08 5.110000000000000000e+03 5.120000000000000000e+03 2.570000000000000000e+03 2.440000000000000000e+03
1.549551270000000000e+08 5.110000000000000000e+03 5.110000000000000000e+03 2.570000000000000000e+03 2.440000000000000000e+03
1.549553430000000000e+08 5.100000000000000000e+03 5.130000000000000000e+03 2.560000000000000000e+03 2.430000000000000000e+03
1.549555430000000000e+08 5.110000000000000000e+03 5.130000000000000000e+03 2.540000000000000000e+03 2.430000000000000000e+03
1.549557510000000000e+08 5.120000000000000000e+03 5.130000000000000000e+03 2.530000000000000000e+03 2.440000000000000000e+03
1.549559590000000000e+08 5.130000000000000000e+03 5.120000000000000000e+03 2.520000000000000000e+03 2.430000000000000000e+03
1.549561670000000000e+08 5.130000000000000000e+03 5.110000000000000000e+03 2.520000000000000000e+03 2.440000000000000000e+03
1.549563750000000000e+08 5.130000000000000000e+03 5.110000000000000000e+03 2.540000000000000000e+03 2.440000000000000000e+03
1.549565830000000000e+08 5.140000000000000000e+03 5.130000000000000000e+03 2.560000000000000000e+03 2.460000000000000000e+03
1.549567900000000000e+08 5.140000000000000000e+03 5.130000000000000000e+03 2.550000000000000000e+03 2.460000000000000000e+03
1.549570940000000000e+08 5.130000000000000000e+03 5.120000000000000000e+03 2.540000000000000000e+03 2.460000000000000000e+03
1.549572070000000000e+08 5.130000000000000000e+03 5.110000000000000000e+03 2.550000000000000000e+03 2.450000000000000000e+03
1.549574150000000000e+08 5.140000000000000000e+03 5.120000000000000000e+03 2.550000000000000000e+03 2.440000000000000000e+03
1.549576230000000000e+08 5.140000000000000000e+03 5.120000000000000000e+03 2.560000000000000000e+03 2.440000000000000000e+03
1.549578310000000000e+08 5.140000000000000000e+03 5.130000000000000000e+03 2.550000000000000000e+03 2.430000000000000000e+03
1.549580390000000000e+08 5.140000000000000000e+03 5.130000000000000000e+03 2.540000000000000000e+03 2.440000000000000000e+03
1.549582480000000000e+08 5.140000000000000000e+03 5.130000000000000000e+03 2.530000000000000000e+03 2.440000000000000000e+03
1.549584540000000000e+08 5.140000000000000000e+03 5.120000000000000000e+03 2.530000000000000000e+03 2.440000000000000000e+03
1.549586630000000000e+08 5.130000000000000000e+03 5.120000000000000000e+03 2.530000000000000000e+03 2.440000000000000000e+03
1.549588700000000000e+08 5.130000000000000000e+03 5.120000000000000000e+03 2.520000000000000000e+03 2.430000000000000000e+03
1.549590780000000000e+08 5.130000000000000000e+03 5.130000000000000000e+03 2.520000000000000000e+03 2.440000000000000000e+03
1.549592860000000000e+08 5.140000000000000000e+03 5.130000000000000000e+03 2.540000000000000000e+03 2.440000000000000000e+03
1.549594940000000000e+08 5.140000000000000000e+03 5.130000000000000000e+03 2.530000000000000000e+03 2.440000000000000000e+03
1.549597020000000000e+08 5.140000000000000000e+03 5.120000000000000000e+03 2.540000000000000000e+03 2.440000000000000000e+03
1.549599100000000000e+08 5.140000000000000000e+03 5.130000000000000000e+03 2.540000000000000000e+03 2.450000000000000000e+03
1.550001180000000000e+08 5.140000000000000000e+03 5.130000000000000000e+03 2.540000000000000000e+03 2.460000000000000000e+03
1.550003260000000000e+08 5.140000000000000000e+03 5.130000000000000000e+03 2.540000000000000000e+03 2.460000000000000000e+03
1.550005360000000000e+08 5.150000000000000000e+03 5.120000000000000000e+03 2.550000000000000000e+03 2.460000000000000000e+03
1.550007420000000000e+08 5.150000000000000000e+03 5.120000000000000000e+03 2.560000000000000000e+03 2.450000000000000000e+03
1.550009500000000000e+08 5.150000000000000000e+03 5.120000000000000000e+03 2.580000000000000000e+03 2.460000000000000000e+03
1.550011580000000000e+08 5.150000000000000000e+03 5.110000000000000000e+03 2.580000000000000000e+03 2.460000000000000000e+03
1.550013660000000000e+08 5.150000000000000000e+03 5.120000000000000000e+03 2.590000000000000000e+03 2.470000000000000000e+03
1.550015740000000000e+08 5.150000000000000000e+03 5.120000000000000000e+03 2.590000000000000000e+03 2.460000000000000000e+03
1.550017820000000000e+08 5.150000000000000000e+03 5.120000000000000000e+03 2.580000000000000000e+03 2.460000000000000000e+03
1.550019900000000000e+08 5.150000000000000000e+03 5.120000000000000000e+03 2.580000000000000000e+03 2.460000000000000000e+03
1.550021980000000000e+08 5.150000000000000000e+03 5.120000000000000000e+03 2.580000000000000000e+03 2.460000000000000000e+03
1.550024060000000000e+08 5.150000000000000000e+03 5.130000000000000000e+03 2.570000000000000000e+03 2.460000000000000000e+03
1.550026140000000000e+08 5.150000000000000000e+03 5.120000000000000000e+03 2.560000000000000000e+03 2.460000000000000000e+03
1.550028210000000000e+08 5.140000000000000000e+03 5.120000000000000000e+03 2.540000000000000000e+03 2.460000000000000000e+03
