1.551307220000000000e+08 5.360000000000000000e+03 4.860000000000000000e+03 3.030000000000000000e+03 1.910000000000000000e+03
1.551309300000000000e+08 5.360000000000000000e+03 4.870000000000000000e+03 3.020000000000000000e+03 1.920000000000000000e+03
1.551311380000000000e+08 5.360000000000000000e+03 4.860000000000000000e+03 3.020000000000000000e+03 1.920000000000000000e+03
1.551313450000000000e+08 5.360000000000000000e+03 4.860000000000000000e+03 3.020000000000000000e+03 1.910000000000000000e+03
1.551317610000000000e+08 5.360000000000000000e+03 4.870000000000000000e+03 3.030000000000000000e+03 1.910000000000000000e+03
1.551319690000000000e+08 5.360000000000000000e+03 4.870000000000000000e+03 3.020000000000000000e+03 1.910000000000000000e+03
1.551321770000000000e+08 5.350000000000000000e+03 4.860000000000000000e+03 3.020000000000000000e+03 1.910000000000000000e+03
1.551323850000000000e+08 5.350000000000000000e+03 4.860000000000000000e+03 3.030000000000000000e+03 1.900000000000000000e+03
1.551325930000000000e+08 5.350000000000000000e+03 4.860000000000000000e+03 3.050000000000000000e+03 1.910000000000000000e+03
1.551328010000000000e+08 5.350000000000000000e+03 4.870000000000000000e+03 3.050000000000000000e+03 1.910000000000000000e+03
1.551330080000000000e+08 5.340000000000000000e+03 4.860000000000000000e+03 3.060000000000000000e+03 1.900000000000000000e+03
1.551332170000000000e+08 5.340000000000000000e+03 4.860000000000000000e+03 3.060000000000000000e+03 1.890000000000000000e+03
1.551334250000000000e+08 5.340000000000000000e+03 4.860000000000000000e+03 3.030000000000000000e+03 1.900000000000000000e+03
1.551336330000000000e+08 5.340000000000000000e+03 4.860000000000000000e+03 3.030000000000000000e+03 1.910000000000000000e+03
1.551338410000000000e+08 5.340000000000000000e+03 4.860000000000000000e+03 3.030000000000000000e+03 1.900000000000000000e+03
1.551340490000000000e+08 5.330000000000000000e+03 4.870000000000000000e+03 3.020000000000000000e+03 1.900000000000000000e+03
1.551342570000000000e+08 5.340000000000000000e+03 4.870000000000000000e+03 3.030000000000000000e+03 1.910000000000000000e+03
1.551344640000000000e+08 5.330000000000000000e+03 4.860000000000000000e+03 3.030000000000000000e+03 1.910000000000000000e+03
1.551346730000000000e+08 5.330000000000000000e+03 4.870000000000000000e+03 3.030000000000000000e+03 1.900000000000000000e+03
1.551348810000000000e+08 5.330000000000000000e+03 4.860000000000000000e+03 3.030000000000000000e+03 1.910000000000000000e+03
1.551350890000000000e+08 5.340000000000000000e+03 4.860000000000000000e+03 3.030000000000000000e+03 1.920000000000000000e+03
1.551352970000000000e+08 5.350000000000000000e+03 4.860000000000000000e+03 3.020000000000000000e+03 1.920000000000000000e+03
1.551355040000000000e+08 5.360000000000000000e+03 4.870000000000000000e+03 3.030000000000000000e+03 1.910000000000000000e+03
1.551357130000000000e+08 5.360000000000000000e+03 4.870000000000000000e+03 3.030000000000000000e+03 1.900000000000000000e+03
1.551359200000000000e+08 5.360000000000000000e+03 4.860000000000000000e+03 3.030000000000000000e+03 1.920000000000000000e+03
1.551361280000000000e+08 5.350000000000000000e+03 4.870000000000000000e+03 3.020000000000000000e+03 1.910000000000000000e+03
1.551363360000000000e+08 5.350000000000000000e+03 4.870000000000000000e+03 3.020000000000000000e+03 1.900000000000000000e+03
1.551365440000000000e+08 5.340000000000000000e+03 4.860000000000000000e+03 3.020000000000000000e+03 1.900000000000000000e+03
1.551367520000000000e+08 5.340000000000000000e+03 4.860000000000000000e+03 3.030000000000000000e+03 1.900000000000000000e+03
1.551369600000000000e+08 5.340000000000000000e+03 4.860000000000000000e+03 3.020000000000000000e+03 1.900000000000000000e+03
1.551371680000000000e+08 5.340000000000000000e+03 4.860000000000000000e+03 3.020000000000000000e+03 1.900000000000000000e+03
1.551373760000000000e+08 5.350000000000000000e+03 4.860000000000000000e+03 3.020000000000000000e+03 1.900000000000000000e+03
1.551375840000000000e+08 5.350000000000000000e+03 4.870000000000000000e+03 3.030000000000000000e+03 1.900000000000000000e+03
1.551377920000000000e+08 5.340000000000000000e+03 4.860000000000000000e+03 3.050000000000000000e+03 1.890000000000000000e+03
1.551380000000000000e+08 5.340000000000000000e+03 4.860000000000000000e+03 3.050000000000000000e+03 1.890000000000000000e+03
1.551382080000000000e+08 5.340000000000000000e+03 4.860000000000000000e+03 3.050000000000000000e+03 1.890000000000000000e+03
1.551384160000000000e+08 5.330000000000000000e+03 4.860000000000000000e+03 3.060000000000000000e+03 1.900000000000000000e+03
1.551386240000000000e+08 5.330000000000000000e+03 4.860000000000000000e+03 3.050000000000000000e+03 1.920000000000000000e+03
1.551388320000000000e+08 5.330000000000000000e+03 4.850000000000000000e+03 3.030000000000000000e+03 1.910000000000000000e+03
1.551390400000000000e+08 5.330000000000000000e+03 4.860000000000000000e+03 3.030000000000000000e+03 1.900000000000000000e+03
1.551392480000000000e+08 5.330000000000000000e+03 4.860000000000000000e+03 3.030000000000000000e+03 1.900000000000000000e+03
1.551394550000000000e+08 5.340000000000000000e+03 4.860000000000000000e+03 3.020000000000000000e+03 1.900000000000000000e+03
1.551396630000000000e+08 5.340000000000000000e+03 4.870000000000000000e+03 3.050000000000000000e+03 1.900000000000000000e+03
1.551398710000000000e+08 5.340000000000000000e+03 4.870000000000000000e+03 3.030000000000000000e+03 1.910000000000000000e+03
1.551400790000000000e+08 5.340000000000000000e+03 4.870000000000000000e+03 3.050000000000000000e+03 1.910000000000000000e+03
1.551402870000000000e+08 5.340000000000000000e+03 4.860000000000000000e+03 3.020000000000000000e+03 1.910000000000000000e+03
1.551404950000000000e+08 5.350000000000000000e+03 4.850000000000000000e+03 3.030000000000000000e+03 1.910000000000000000e+03
1.551407030000000000e+08 5.350000000000000000e+03 4.850000000000000000e+03 3.030000000000000000e+03 1.900000000000000000e+03
1.551409110000000000e+08 5.350000000000000000e+03 4.840000000000000000e+03 3.030000000000000000e+03 1.900000000000000000e+03
1.551411190000000000e+08 5.340000000000000000e+03 4.850000000000000000e+03 3.050000000000000000e+03 1.900000000000000000e+03
1.551413270000000000e+08 5.340000000000000000e+03 4.850000000000000000e+03 3.030000000000000000e+03 1.890000000000000000e+03
1.551415340000000000e+08 5.340000000000000000e+03 4.860000000000000000e+03 3.020000000000000000e+03 1.890000000000000000e+03
1.551417430000000000e+08 5.340000000000000000e+03 4.860000000000000000e+03 3.030000000000000000e+03 1.890000000000000000e+03
1.551419510000000000e+08 5.340000000000000000e+03 4.860000000000000000e+03 3.030000000000000000e+03 1.890000000000000000e+03
1.551421590000000000e+08 5.330000000000000000e+03 4.870000000000000000e+03 3.020000000000000000e+03 1.890000000000000000e+03
1.551423670000000000e+08 5.340000000000000000e+03 4.870000000000000000e+03 3.020000000000000000e+03 1.890000000000000000e+03
1.551425750000000000e+08 5.340000000000000000e+03 4.860000000000000000e+03 3.020000000000000000e+03 1.910000000000000000e+03
1.551427830000000000e+08 5.340000000000000000e+03 4.860000000000000000e+03 3.020000000000000000e+03 1.910000000000000000e+03
1.551429910000000000e+08 5.350000000000000000e+03 4.860000000000000000e+03 3.020000000000000000e+03 1.910000000000000000e+03
1.551431990000000000e+08 5.350000000000000000e+03 4.860000000000000000e+03 3.030000000000000000e+03 1.910000000000000000e+03
1.551434070000000000e+08 5.340000000000000000e+03 4.860000000000000000e+03 3.030000000000000000e+03 1.910000000000000000e+03
1.551436150000000000e+08 5.350000000000000000e+03 4.860000000000000000e+03 3.050000000000000000e+03 1.900000000000000000e+03
1.551438230000000000e+08 5.340000000000000000e+03 4.860000000000000000e+03 3.020000000000000000e+03 1.900000000000000000e+03
1.551440310000000000e+08 5.340000000000000000e+03 4.860000000000000000e+03 3.030000000000000000e+03 1.890000000000000000e+03
1.551442380000000000e+08 5.330000000000000000e+03 4.840000000000000000e+03 3.050000000000000000e+03 1.890000000000000000e+03
1.551444460000000000e+08 5.330000000000000000e+03 4.850000000000000000e+03 3.030000000000000000e+03 1.890000000000000000e+03
1.551446540000000000e+08 5.340000000000000000e+03 4.860000000000000000e+03 3.030000000000000000e+03 1.890000000000000000e+03
1.551448620000000000e+08 5.340000000000000000e+03 4.860000000000000000e+03 3.030000000000000000e+03 1.890000000000000000e+03
1.551450700000000000e+08 5.350000000000000000e+03 4.850000000000000000e+03 3.030000000000000000e+03 1.900000000000000000e+03
1.551452780000000000e+08 5.350000000000000000e+03 4.860000000000000000e+03 3.050000000000000000e+03 1.910000000000000000e+03
1.551454860000000000e+08 5.340000000000000000e+03 4.860000000000000000e+03 3.050000000000000000e+03 1.900000000000000000e+03
1.551456940000000000e+08 5.340000000000000000e+03 4.860000000000000000e+03 3.050000000000000000e+03 1.900000000000000000e+03
1.551459020000000000e+08 5.330000000000000000e+03 4.860000000000000000e+03 3.030000000000000000e+03 1.890000000000000000e+03
1.551461100000000000e+08 5.340000000000000000e+03 4.860000000000000000e+03 3.030000000000000000e+03 7.000000000000000000e+01
1.551463180000000000e+08 5.340000000000000000e+03 4.860000000000000000e+03 3.050000000000000000e+03 1.890000000000000000e+03
1.551465260000000000e+08 5.340000000000000000e+03 4.860000000000000000e+03 3.030000000000000000e+03 1.900000000000000000e+03
1.551467340000000000e+08 5.340000000000000000e+03 4.860000000000000000e+03 3.030000000000000000e+03 1.900000000000000000e+03
1.551469420000000000e+08 5.340000000000000000e+03 4.870000000000000000e+03 3.060000000000000000e+03 1.890000000000000000e+03
1.551471500000000000e+08 5.340000000000000000e+03 4.870000000000000000e+03 3.050000000000000000e+03 1.890000000000000000e+03
1.551473580000000000e+08 5.340000000000000000e+03 4.870000000000000000e+03 3.050000000000000000e+03 1.890000000000000000e+03
1.551475660000000000e+08 5.340000000000000000e+03 4.870000000000000000e+03 3.030000000000000000e+03 1.890000000000000000e+03
1.551477740000000000e+08 5.340000000000000000e+03 4.860000000000000000e+03 3.030000000000000000e+03 1.900000000000000000e+03
1.551479810000000000e+08 5.340000000000000000e+03 4.860000000000000000e+03 3.030000000000000000e+03 1.910000000000000000e+03
1.551481900000000000e+08 5.340000000000000000e+03 4.870000000000000000e+03 3.020000000000000000e+03 1.900000000000000000e+03
1.551483980000000000e+08 5.340000000000000000e+03 4.870000000000000000e+03 3.020000000000000000e+03 1.900000000000000000e+03
1.551486050000000000e+08 5.340000000000000000e+03 4.860000000000000000e+03 3.030000000000000000e+03 1.900000000000000000e+03
1.551488130000000000e+08 5.340000000000000000e+03 4.870000000000000000e+03 3.020000000000000000e+03 1.910000000000000000e+03
1.551490220000000000e+08 5.340000000000000000e+03 4.870000000000000000e+03 3.020000000000000000e+03 1.910000000000000000e+03
1.551492290000000000e+08 5.340000000000000000e+03 4.870000000000000000e+03 3.050000000000000000e+03 1.920000000000000000e+03
1.551494370000000000e+08 5.350000000000000000e+03 4.870000000000000000e+03 3.050000000000000000e+03 1.910000000000000000e+03
1.551496450000000000e+08 5.350000000000000000e+03 4.860000000000000000e+03 3.020000000000000000e+03 1.920000000000000000e+03
1.551498530000000000e+08 5.340000000000000000e+03 4.870000000000000000e+03 3.030000000000000000e+03 1.920000000000000000e+03
1.551500610000000000e+08 5.340000000000000000e+03 4.870000000000000000e+03 3.020000000000000000e+03 1.930000000000000000e+03
1.551502690000000000e+08 5.350000000000000000e+03 4.860000000000000000e+03 3.030000000000000000e+03 1.940000000000000000e+03
1.551504770000000000e+08 5.350000000000000000e+03 4.870000000000000000e+03 3.020000000000000000e+03 1.930000000000000000e+03
1.551506850000000000e+08 5.350000000000000000e+03 4.880000000000000000e+03 3.030000000000000000e+03 1.920000000000000000e+03
1.551508930000000000e+08 5.350000000000000000e+03 4.880000000000000000e+03 3.030000000000000000e+03 1.910000000000000000e+03
1.551511010000000000e+08 5.340000000000000000e+03 4.880000000000000000e+03 3.050000000000000000e+03 1.900000000000000000e+03
1.551513090000000000e+08 5.340000000000000000e+03 4.870000000000000000e+03 3.050000000000000000e+03 1.910000000000000000e+03
1.551515170000000000e+08 5.340000000000000000e+03 4.870000000000000000e+03 3.050000000000000000e+03 1.920000000000000000e+03
1.551517250000000000e+08 5.340000000000000000e+03 4.870000000000000000e+03 3.030000000000000000e+03 1.920000000000000000e+03
1.551519330000000000e+08 5.340000000000000000e+03 4.870000000000000000e+03 3.020000000000000000e+03 1.920000000000000000e+03
1.551521400000000000e+08 5.340000000000000000e+03 4.870000000000000000e+03 3.020000000000000000e+03 1.910000000000000000e+03
1.551523480000000000e+08 5.330000000000000000e+03 4.870000000000000000e+03 3.030000000000000000e+03 1.920000000000000000e+03
1.551525560000000000e+08 5.330000000000000000e+03 4.870000000000000000e+03 3.030000000000000000e+03 1.920000000000000000e+03
1.551527650000000000e+08 5.340000000000000000e+03 4.870000000000000000e+03 3.050000000000000000e+03 1.920000000000000000e+03
1.551529720000000000e+08 5.340000000000000000e+03 4.870000000000000000e+03 3.050000000000000000e+03 1.920000000000000000e+03
1.551531810000000000e+08 5.350000000000000000e+03 4.870000000000000000e+03 3.050000000000000000e+03 1.910000000000000000e+03
1.551533880000000000e+08 5.360000000000000000e+03 4.880000000000000000e+03 3.050000000000000000e+03 1.910000000000000000e+03
1.551538040000000000e+08 5.350000000000000000e+03 4.880000000000000000e+03 3.050000000000000000e+03 1.890000000000000000e+03
1.551540120000000000e+08 5.350000000000000000e+03 4.870000000000000000e+03 3.050000000000000000e+03 1.890000000000000000e+03
1.551542200000000000e+08 5.350000000000000000e+03 4.870000000000000000e+03 3.030000000000000000e+03 1.900000000000000000e+03
1.551544280000000000e+08 5.350000000000000000e+03 4.870000000000000000e+03 3.030000000000000000e+03 1.900000000000000000e+03
1.551546360000000000e+08 5.340000000000000000e+03 4.870000000000000000e+03 3.030000000000000000e+03 1.910000000000000000e+03
1.551548440000000000e+08 5.330000000000000000e+03 4.870000000000000000e+03 3.050000000000000000e+03 1.920000000000000000e+03
1.551550520000000000e+08 5.330000000000000000e+03 4.860000000000000000e+03 3.030000000000000000e+03 1.920000000000000000e+03
1.551552600000000000e+08 5.330000000000000000e+03 4.870000000000000000e+03 3.050000000000000000e+03 1.920000000000000000e+03
1.551554680000000000e+08 5.330000000000000000e+03 4.860000000000000000e+03 3.030000000000000000e+03 1.930000000000000000e+03
1.551556760000000000e+08 5.330000000000000000e+03 4.870000000000000000e+03 3.030000000000000000e+03 1.920000000000000000e+03
1.551558840000000000e+08 5.330000000000000000e+03 4.870000000000000000e+03 3.020000000000000000e+03 1.920000000000000000e+03
1.551560910000000000e+08 5.340000000000000000e+03 4.860000000000000000e+03 3.030000000000000000e+03 1.920000000000000000e+03
1.551563000000000000e+08 5.340000000000000000e+03 4.860000000000000000e+03 3.020000000000000000e+03 1.910000000000000000e+03
1.551565080000000000e+08 5.340000000000000000e+03 4.880000000000000000e+03 3.030000000000000000e+03 1.910000000000000000e+03
1.551567160000000000e+08 5.340000000000000000e+03 4.880000000000000000e+03 3.010000000000000000e+03 1.900000000000000000e+03
1.551571320000000000e+08 5.350000000000000000e+03 4.880000000000000000e+03 3.010000000000000000e+03 1.900000000000000000e+03
1.551573390000000000e+08 5.350000000000000000e+03 4.880000000000000000e+03 3.030000000000000000e+03 1.900000000000000000e+03
1.551575480000000000e+08 5.350000000000000000e+03 4.880000000000000000e+03 3.030000000000000000e+03 1.910000000000000000e+03
1.551577560000000000e+08 5.350000000000000000e+03 4.880000000000000000e+03 3.030000000000000000e+03 1.910000000000000000e+03
1.551579630000000000e+08 5.350000000000000000e+03 4.870000000000000000e+03 3.030000000000000000e+03 1.910000000000000000e+03
1.551581710000000000e+08 5.350000000000000000e+03 4.860000000000000000e+03 3.050000000000000000e+03 1.910000000000000000e+03
1.551583790000000000e+08 5.350000000000000000e+03 4.860000000000000000e+03 3.060000000000000000e+03 1.900000000000000000e+03
1.551585870000000000e+08 5.350000000000000000e+03 4.860000000000000000e+03 3.030000000000000000e+03 1.910000000000000000e+03
1.551587980000000000e+08 5.350000000000000000e+03 4.860000000000000000e+03 3.030000000000000000e+03 1.900000000000000000e+03
1.551590030000000000e+08 5.340000000000000000e+03 4.870000000000000000e+03 3.030000000000000000e+03 1.900000000000000000e+03
1.551592110000000000e+08 5.340000000000000000e+03 4.860000000000000000e+03 3.030000000000000000e+03 1.900000000000000000e+03
1.551594190000000000e+08 5.340000000000000000e+03 4.870000000000000000e+03 3.050000000000000000e+03 1.900000000000000000e+03
1.551596270000000000e+08 5.350000000000000000e+03 4.870000000000000000e+03 3.020000000000000000e+03 1.900000000000000000e+03
1.551598350000000000e+08 5.350000000000000000e+03 4.860000000000000000e+03 3.020000000000000000e+03 1.910000000000000000e+03
1.552000430000000000e+08 5.340000000000000000e+03 4.860000000000000000e+03 3.030000000000000000e+03 1.920000000000000000e+03
1.552002510000000000e+08 5.340000000000000000e+03 4.860000000000000000e+03 3.020000000000000000e+03 1.910000000000000000e+03
1.552004590000000000e+08 5.340000000000000000e+03 4.880000000000000000e+03 3.030000000000000000e+03 1.920000000000000000e+03
1.552006670000000000e+08 5.340000000000000000e+03 4.880000000000000000e+03 3.050000000000000000e+03 1.920000000000000000e+03
1.552008750000000000e+08 5.340000000000000000e+03 4.870000000000000000e+03 3.050000000000000000e+03 1.910000000000000000e+03
1.552010830000000000e+08 5.350000000000000000e+03 4.860000000000000000e+03 3.030000000000000000e+03 1.920000000000000000e+03
1.552012910000000000e+08 5.340000000000000000e+03 4.870000000000000000e+03 3.030000000000000000e+03 1.920000000000000000e+03
1.552014990000000000e+08 5.340000000000000000e+03 4.870000000000000000e+03 3.030000000000000000e+03 1.920000000000000000e+03
1.552017060000000000e+08 5.340000000000000000e+03 4.870000000000000000e+03 3.050000000000000000e+03 1.920000000000000000e+03
1.552019140000000000e+08 5.340000000000000000e+03 4.860000000000000000e+03 3.030000000000000000e+03 1.910000000000000000e+03
1.552021220000000000e+08 5.340000000000000000e+03 4.860000000000000000e+03 3.030000000000000000e+03 1.900000000000000000e+03
1.552023300000000000e+08 5.340000000000000000e+03 4.860000000000000000e+03 3.050000000000000000e+03 1.910000000000000000e+03
1.552025380000000000e+08 5.340000000000000000e+03 4.860000000000000000e+03 3.020000000000000000e+03 1.920000000000000000e+03
1.552027460000000000e+08 5.330000000000000000e+03 4.850000000000000000e+03 3.020000000000000000e+03 1.920000000000000000e+03
1.552029540000000000e+08 5.330000000000000000e+03 4.860000000000000000e+03 3.030000000000000000e+03 1.920000000000000000e+03
1.552031620000000000e+08 5.330000000000000000e+03 4.860000000000000000e+03 3.030000000000000000e+03 1.920000000000000000e+03
1.552033700000000000e+08 5.340000000000000000e+03 4.870000000000000000e+03 3.020000000000000000e+03 1.920000000000000000e+03
1.552035780000000000e+08 5.350000000000000000e+03 4.880000000000000000e+03 3.030000000000000000e+03 1.920000000000000000e+03
1.552037860000000000e+08 5.350000000000000000e+03 4.880000000000000000e+03 3.050000000000000000e+03 1.920000000000000000e+03
1.552039940000000000e+08 5.350000000000000000e+03 4.870000000000000000e+03 3.060000000000000000e+03 1.920000000000000000e+03
1.552042020000000000e+08 5.340000000000000000e+03 4.870000000000000000e+03 3.050000000000000000e+03 1.920000000000000000e+03
1.552044100000000000e+08 5.350000000000000000e+03 4.860000000000000000e+03 3.030000000000000000e+03 1.920000000000000000e+03
1.552046180000000000e+08 5.340000000000000000e+03 4.860000000000000000e+03 3.030000000000000000e+03 1.910000000000000000e+03
1.552048260000000000e+08 5.350000000000000000e+03 4.860000000000000000e+03 3.020000000000000000e+03 1.910000000000000000e+03
1.552050340000000000e+08 5.350000000000000000e+03 4.860000000000000000e+03 3.050000000000000000e+03 1.900000000000000000e+03
1.552052420000000000e+08 5.350000000000000000e+03 4.860000000000000000e+03 3.050000000000000000e+03 1.900000000000000000e+03
1.552054500000000000e+08 5.350000000000000000e+03 4.870000000000000000e+03 3.030000000000000000e+03 1.900000000000000000e+03
1.552056580000000000e+08 5.350000000000000000e+03 4.870000000000000000e+03 3.020000000000000000e+03 1.900000000000000000e+03
1.552058660000000000e+08 5.350000000000000000e+03 4.870000000000000000e+03 3.030000000000000000e+03 1.910000000000000000e+03
1.552060730000000000e+08 5.350000000000000000e+03 4.870000000000000000e+03 3.030000000000000000e+03 1.920000000000000000e+03
1.552062820000000000e+08 5.350000000000000000e+03 4.860000000000000000e+03 3.050000000000000000e+03 1.910000000000000000e+03
1.552064900000000000e+08 5.350000000000000000e+03 4.870000000000000000e+03 3.050000000000000000e+03 1.910000000000000000e+03
1.552066970000000000e+08 5.350000000000000000e+03 4.870000000000000000e+03 3.050000000000000000e+03 1.910000000000000000e+03
1.552069050000000000e+08 5.350000000000000000e+03 4.860000000000000000e+03 3.030000000000000000e+03 1.900000000000000000e+03
1.552071120000000000e+08 5.350000000000000000e+03 4.860000000000000000e+03 3.050000000000000000e+03 1.900000000000000000e+03
1.552073210000000000e+08 5.350000000000000000e+03 4.870000000000000000e+03 3.050000000000000000e+03 1.890000000000000000e+03
1.552075290000000000e+08 5.350000000000000000e+03 4.860000000000000000e+03 3.030000000000000000e+03 1.890000000000000000e+03
1.552077370000000000e+08 5.340000000000000000e+03 4.860000000000000000e+03 3.030000000000000000e+03 1.890000000000000000e+03
1.552079450000000000e+08 5.330000000000000000e+03 4.860000000000000000e+03 3.050000000000000000e+03 1.890000000000000000e+03
1.552081530000000000e+08 5.330000000000000000e+03 4.860000000000000000e+03 3.050000000000000000e+03 1.900000000000000000e+03
1.552083610000000000e+08 5.340000000000000000e+03 4.870000000000000000e+03 3.030000000000000000e+03 1.890000000000000000e+03
1.552085690000000000e+08 5.340000000000000000e+03 4.860000000000000000e+03 3.030000000000000000e+03 1.890000000000000000e+03
1.552087770000000000e+08 5.330000000000000000e+03 4.860000000000000000e+03 3.020000000000000000e+03 1.890000000000000000e+03
1.552089850000000000e+08 5.330000000000000000e+03 4.870000000000000000e+03 3.030000000000000000e+03 1.890000000000000000e+03
1.552091930000000000e+08 5.330000000000000000e+03 4.870000000000000000e+03 3.050000000000000000e+03 1.890000000000000000e+03
1.552094010000000000e+08 5.330000000000000000e+03 4.860000000000000000e+03 3.050000000000000000e+03 1.900000000000000000e+03
1.552096090000000000e+08 5.330000000000000000e+03 4.860000000000000000e+03 3.030000000000000000e+03 1.900000000000000000e+03
1.552098170000000000e+08 5.330000000000000000e+03 4.870000000000000000e+03 3.020000000000000000e+03 1.900000000000000000e+03
1.552100250000000000e+08 5.330000000000000000e+03 4.870000000000000000e+03 3.030000000000000000e+03 1.910000000000000000e+03
1.552102330000000000e+08 5.340000000000000000e+03 4.850000000000000000e+03 3.020000000000000000e+03 1.900000000000000000e+03
1.552104410000000000e+08 5.340000000000000000e+03 4.860000000000000000e+03 3.020000000000000000e+03 1.910000000000000000e+03
1.552106620000000000e+08 5.330000000000000000e+03 4.860000000000000000e+03 3.020000000000000000e+03 1.920000000000000000e+03
1.552108570000000000e+08 5.340000000000000000e+03 4.860000000000000000e+03 3.020000000000000000e+03 1.930000000000000000e+03
1.552110640000000000e+08 5.340000000000000000e+03 4.860000000000000000e+03 3.020000000000000000e+03 1.920000000000000000e+03
1.552112720000000000e+08 5.340000000000000000e+03 4.860000000000000000e+03 3.030000000000000000e+03 1.920000000000000000e+03
1.552114800000000000e+08 5.340000000000000000e+03 4.870000000000000000e+03 3.050000000000000000e+03 1.910000000000000000e+03
1.552116880000000000e+08 5.340000000000000000e+03 4.870000000000000000e+03 3.030000000000000000e+03 1.920000000000000000e+03
1.552118960000000000e+08 5.350000000000000000e+03 4.860000000000000000e+03 3.020000000000000000e+03 1.920000000000000000e+03
1.552121040000000000e+08 5.340000000000000000e+03 4.860000000000000000e+03 3.020000000000000000e+03 1.920000000000000000e+03
1.552123120000000000e+08 5.340000000000000000e+03 4.860000000000000000e+03 3.030000000000000000e+03 1.910000000000000000e+03
1.552125200000000000e+08 5.340000000000000000e+03 4.860000000000000000e+03 3.030000000000000000e+03 1.900000000000000000e+03
1.552127280000000000e+08 5.350000000000000000e+03 4.860000000000000000e+03 3.030000000000000000e+03 1.900000000000000000e+03
1.552129360000000000e+08 5.350000000000000000e+03 4.870000000000000000e+03 3.030000000000000000e+03 1.900000000000000000e+03
1.552131440000000000e+08 5.350000000000000000e+03 4.880000000000000000e+03 3.050000000000000000e+03 1.900000000000000000e+03
1.552133520000000000e+08 5.350000000000000000e+03 4.870000000000000000e+03 3.030000000000000000e+03 1.880000000000000000e+03
1.552135600000000000e+08 5.340000000000000000e+03 4.870000000000000000e+03 3.030000000000000000e+03 1.900000000000000000e+03
1.552137680000000000e+08 5.340000000000000000e+03 4.870000000000000000e+03 3.050000000000000000e+03 1.900000000000000000e+03
1.552139760000000000e+08 5.340000000000000000e+03 4.860000000000000000e+03 3.050000000000000000e+03 1.910000000000000000e+03
1.552141840000000000e+08 5.340000000000000000e+03 4.860000000000000000e+03 3.050000000000000000e+03 1.910000000000000000e+03
1.552143920000000000e+08 5.340000000000000000e+03 4.860000000000000000e+03 3.030000000000000000e+03 1.920000000000000000e+03
1.552146000000000000e+08 5.350000000000000000e+03 4.860000000000000000e+03 3.030000000000000000e+03 1.930000000000000000e+03
1.552148080000000000e+08 5.350000000000000000e+03 4.850000000000000000e+03 3.030000000000000000e+03 1.920000000000000000e+03
1.552150160000000000e+08 5.350000000000000000e+03 4.860000000000000000e+03 3.020000000000000000e+03 1.910000000000000000e+03
1.552152240000000000e+08 5.350000000000000000e+03 4.860000000000000000e+03 3.020000000000000000e+03 1.920000000000000000e+03
1.552154320000000000e+08 5.350000000000000000e+03 4.860000000000000000e+03 3.030000000000000000e+03 1.910000000000000000e+03
1.552156400000000000e+08 5.350000000000000000e+03 4.870000000000000000e+03 3.020000000000000000e+03 1.910000000000000000e+03
1.552158470000000000e+08 5.340000000000000000e+03 4.860000000000000000e+03 3.020000000000000000e+03 1.910000000000000000e+03
1.552160550000000000e+08 5.350000000000000000e+03 4.870000000000000000e+03 3.010000000000000000e+03 1.900000000000000000e+03
1.552162630000000000e+08 5.340000000000000000e+03 4.870000000000000000e+03 3.000000000000000000e+03 1.900000000000000000e+03
1.552164710000000000e+08 5.330000000000000000e+03 4.860000000000000000e+03 3.000000000000000000e+03 1.900000000000000000e+03
1.552166790000000000e+08 5.330000000000000000e+03 4.860000000000000000e+03 3.010000000000000000e+03 1.900000000000000000e+03
1.552168870000000000e+08 5.340000000000000000e+03 4.850000000000000000e+03 3.030000000000000000e+03 1.910000000000000000e+03
1.552170950000000000e+08 5.340000000000000000e+03 4.850000000000000000e+03 3.030000000000000000e+03 1.900000000000000000e+03
