1.600230650000000000e+08 4.180000000000000000e+03 3.540000000000000000e+03 3.560000000000000000e+03 2.700000000000000000e+03
1.600232730000000000e+08 4.180000000000000000e+03 3.540000000000000000e+03 3.560000000000000000e+03 2.700000000000000000e+03
1.600234810000000000e+08 4.190000000000000000e+03 3.540000000000000000e+03 3.560000000000000000e+03 2.700000000000000000e+03
1.600236890000000000e+08 4.200000000000000000e+03 3.540000000000000000e+03 3.560000000000000000e+03 2.700000000000000000e+03
1.600238970000000000e+08 4.190000000000000000e+03 3.530000000000000000e+03 3.560000000000000000e+03 2.700000000000000000e+03
1.600241050000000000e+08 4.190000000000000000e+03 3.530000000000000000e+03 3.560000000000000000e+03 2.710000000000000000e+03
1.600243130000000000e+08 4.200000000000000000e+03 3.540000000000000000e+03 3.560000000000000000e+03 2.700000000000000000e+03
1.600245200000000000e+08 4.200000000000000000e+03 3.540000000000000000e+03 3.560000000000000000e+03 2.700000000000000000e+03
1.600247280000000000e+08 4.200000000000000000e+03 3.540000000000000000e+03 3.560000000000000000e+03 2.680000000000000000e+03
1.600249360000000000e+08 4.200000000000000000e+03 3.540000000000000000e+03 3.560000000000000000e+03 2.690000000000000000e+03
1.600251440000000000e+08 4.200000000000000000e+03 3.540000000000000000e+03 3.560000000000000000e+03 2.700000000000000000e+03
1.600253520000000000e+08 4.210000000000000000e+03 3.540000000000000000e+03 3.560000000000000000e+03 2.690000000000000000e+03
1.600255600000000000e+08 4.200000000000000000e+03 3.540000000000000000e+03 3.560000000000000000e+03 2.700000000000000000e+03
1.600257670000000000e+08 4.200000000000000000e+03 3.550000000000000000e+03 3.560000000000000000e+03 2.710000000000000000e+03
1.600259760000000000e+08 4.200000000000000000e+03 3.550000000000000000e+03 3.560000000000000000e+03 2.720000000000000000e+03
1.600261850000000000e+08 4.200000000000000000e+03 3.550000000000000000e+03 3.560000000000000000e+03 2.720000000000000000e+03
1.600263920000000000e+08 4.200000000000000000e+03 3.540000000000000000e+03 3.560000000000000000e+03 2.720000000000000000e+03
1.600265990000000000e+08 4.190000000000000000e+03 3.540000000000000000e+03 3.570000000000000000e+03 2.700000000000000000e+03
1.600268080000000000e+08 4.190000000000000000e+03 3.550000000000000000e+03 3.570000000000000000e+03 2.710000000000000000e+03
1.600270160000000000e+08 4.190000000000000000e+03 3.550000000000000000e+03 3.560000000000000000e+03 2.710000000000000000e+03
1.600272240000000000e+08 4.190000000000000000e+03 3.550000000000000000e+03 3.560000000000000000e+03 2.700000000000000000e+03
1.600274320000000000e+08 4.190000000000000000e+03 3.550000000000000000e+03 3.560000000000000000e+03 2.710000000000000000e+03
1.600276390000000000e+08 4.200000000000000000e+03 3.560000000000000000e+03 3.560000000000000000e+03 2.710000000000000000e+03
1.600278480000000000e+08 4.190000000000000000e+03 3.560000000000000000e+03 3.560000000000000000e+03 2.710000000000000000e+03
1.600280560000000000e+08 4.180000000000000000e+03 3.560000000000000000e+03 3.560000000000000000e+03 2.720000000000000000e+03
1.600282640000000000e+08 4.190000000000000000e+03 3.560000000000000000e+03 3.560000000000000000e+03 2.710000000000000000e+03
1.600284710000000000e+08 4.190000000000000000e+03 3.560000000000000000e+03 3.560000000000000000e+03 2.700000000000000000e+03
1.600286790000000000e+08 4.190000000000000000e+03 3.560000000000000000e+03 3.560000000000000000e+03 2.690000000000000000e+03
1.600288870000000000e+08 4.190000000000000000e+03 3.550000000000000000e+03 3.560000000000000000e+03 2.690000000000000000e+03
1.600290950000000000e+08 4.180000000000000000e+03 3.550000000000000000e+03 3.560000000000000000e+03 2.700000000000000000e+03
1.600293030000000000e+08 4.180000000000000000e+03 3.550000000000000000e+03 3.560000000000000000e+03 2.700000000000000000e+03
1.600295110000000000e+08 4.190000000000000000e+03 3.550000000000000000e+03 3.560000000000000000e+03 2.700000000000000000e+03
1.600297190000000000e+08 4.190000000000000000e+03 3.550000000000000000e+03 3.560000000000000000e+03 2.720000000000000000e+03
1.600299270000000000e+08 4.200000000000000000e+03 3.550000000000000000e+03 3.560000000000000000e+03 2.720000000000000000e+03
1.600301350000000000e+08 4.190000000000000000e+03 3.550000000000000000e+03 3.560000000000000000e+03 2.710000000000000000e+03
1.600303430000000000e+08 4.190000000000000000e+03 3.550000000000000000e+03 3.560000000000000000e+03 2.720000000000000000e+03
1.600305510000000000e+08 4.190000000000000000e+03 3.540000000000000000e+03 3.570000000000000000e+03 2.720000000000000000e+03
1.600307590000000000e+08 4.190000000000000000e+03 3.550000000000000000e+03 3.570000000000000000e+03 2.710000000000000000e+03
1.600309670000000000e+08 4.180000000000000000e+03 3.550000000000000000e+03 3.570000000000000000e+03 2.700000000000000000e+03
1.600311750000000000e+08 4.190000000000000000e+03 3.540000000000000000e+03 3.570000000000000000e+03 2.700000000000000000e+03
1.600313830000000000e+08 4.190000000000000000e+03 3.550000000000000000e+03 3.560000000000000000e+03 2.710000000000000000e+03
1.600315910000000000e+08 4.190000000000000000e+03 3.550000000000000000e+03 3.570000000000000000e+03 2.690000000000000000e+03
1.600317990000000000e+08 4.190000000000000000e+03 3.550000000000000000e+03 3.570000000000000000e+03 2.700000000000000000e+03
1.600320060000000000e+08 4.180000000000000000e+03 3.550000000000000000e+03 3.570000000000000000e+03 2.700000000000000000e+03
1.600322150000000000e+08 4.180000000000000000e+03 3.550000000000000000e+03 3.570000000000000000e+03 2.700000000000000000e+03
1.600324220000000000e+08 4.180000000000000000e+03 3.550000000000000000e+03 3.570000000000000000e+03 2.690000000000000000e+03
1.600326310000000000e+08 4.180000000000000000e+03 3.550000000000000000e+03 3.570000000000000000e+03 2.700000000000000000e+03
1.600328380000000000e+08 4.180000000000000000e+03 3.550000000000000000e+03 3.570000000000000000e+03 2.700000000000000000e+03
1.600330460000000000e+08 4.170000000000000000e+03 3.550000000000000000e+03 3.570000000000000000e+03 2.700000000000000000e+03
1.600332540000000000e+08 4.170000000000000000e+03 3.550000000000000000e+03 3.560000000000000000e+03 2.710000000000000000e+03
1.600334620000000000e+08 4.170000000000000000e+03 3.550000000000000000e+03 3.560000000000000000e+03 2.710000000000000000e+03
1.600336700000000000e+08 4.180000000000000000e+03 3.550000000000000000e+03 3.560000000000000000e+03 2.700000000000000000e+03
1.600338780000000000e+08 4.180000000000000000e+03 3.550000000000000000e+03 3.560000000000000000e+03 2.700000000000000000e+03
1.600340860000000000e+08 4.180000000000000000e+03 3.550000000000000000e+03 3.560000000000000000e+03 2.690000000000000000e+03
1.600342940000000000e+08 4.190000000000000000e+03 3.550000000000000000e+03 3.560000000000000000e+03 2.690000000000000000e+03
1.600345020000000000e+08 4.190000000000000000e+03 3.550000000000000000e+03 3.560000000000000000e+03 2.700000000000000000e+03
1.600347100000000000e+08 4.190000000000000000e+03 3.550000000000000000e+03 3.560000000000000000e+03 2.700000000000000000e+03
1.600349180000000000e+08 4.200000000000000000e+03 3.550000000000000000e+03 3.560000000000000000e+03 2.690000000000000000e+03
1.600351260000000000e+08 4.200000000000000000e+03 3.540000000000000000e+03 3.560000000000000000e+03 2.700000000000000000e+03
1.600353340000000000e+08 4.200000000000000000e+03 3.540000000000000000e+03 3.560000000000000000e+03 2.710000000000000000e+03
1.600355410000000000e+08 4.200000000000000000e+03 3.550000000000000000e+03 3.560000000000000000e+03 2.710000000000000000e+03
1.600357500000000000e+08 4.190000000000000000e+03 3.550000000000000000e+03 3.560000000000000000e+03 2.720000000000000000e+03
1.600359570000000000e+08 4.190000000000000000e+03 3.550000000000000000e+03 3.560000000000000000e+03 2.720000000000000000e+03
1.600361660000000000e+08 4.190000000000000000e+03 3.550000000000000000e+03 3.560000000000000000e+03 2.720000000000000000e+03
1.600363740000000000e+08 4.190000000000000000e+03 3.530000000000000000e+03 3.560000000000000000e+03 2.720000000000000000e+03
1.600365820000000000e+08 4.180000000000000000e+03 3.540000000000000000e+03 3.560000000000000000e+03 2.720000000000000000e+03
1.600367890000000000e+08 4.200000000000000000e+03 3.550000000000000000e+03 3.560000000000000000e+03 2.710000000000000000e+03
1.600369980000000000e+08 4.200000000000000000e+03 3.550000000000000000e+03 3.560000000000000000e+03 2.710000000000000000e+03
1.600372050000000000e+08 4.190000000000000000e+03 3.550000000000000000e+03 3.560000000000000000e+03 2.720000000000000000e+03
1.600374130000000000e+08 4.200000000000000000e+03 3.540000000000000000e+03 3.560000000000000000e+03 2.720000000000000000e+03
1.600376210000000000e+08 4.200000000000000000e+03 3.540000000000000000e+03 3.560000000000000000e+03 2.720000000000000000e+03
1.600378290000000000e+08 4.200000000000000000e+03 3.540000000000000000e+03 3.560000000000000000e+03 2.710000000000000000e+03
1.600380370000000000e+08 4.190000000000000000e+03 3.550000000000000000e+03 3.560000000000000000e+03 2.710000000000000000e+03
1.600382450000000000e+08 4.180000000000000000e+03 3.550000000000000000e+03 3.560000000000000000e+03 2.710000000000000000e+03
1.600384530000000000e+08 4.180000000000000000e+03 3.550000000000000000e+03 3.560000000000000000e+03 2.710000000000000000e+03
1.600386610000000000e+08 4.180000000000000000e+03 3.550000000000000000e+03 3.560000000000000000e+03 2.710000000000000000e+03
1.600388690000000000e+08 4.180000000000000000e+03 3.550000000000000000e+03 3.560000000000000000e+03 2.700000000000000000e+03
1.600390770000000000e+08 4.180000000000000000e+03 3.540000000000000000e+03 3.560000000000000000e+03 2.700000000000000000e+03
1.600392850000000000e+08 4.190000000000000000e+03 3.540000000000000000e+03 3.560000000000000000e+03 2.710000000000000000e+03
1.600394930000000000e+08 4.190000000000000000e+03 3.540000000000000000e+03 3.560000000000000000e+03 2.680000000000000000e+03
1.600397010000000000e+08 4.180000000000000000e+03 3.540000000000000000e+03 3.560000000000000000e+03 2.700000000000000000e+03
1.600399090000000000e+08 4.180000000000000000e+03 3.540000000000000000e+03 3.560000000000000000e+03 2.710000000000000000e+03
1.600401170000000000e+08 4.180000000000000000e+03 3.540000000000000000e+03 3.570000000000000000e+03 2.700000000000000000e+03
1.600403250000000000e+08 4.190000000000000000e+03 3.550000000000000000e+03 3.570000000000000000e+03 2.710000000000000000e+03
1.600405330000000000e+08 4.180000000000000000e+03 3.550000000000000000e+03 3.570000000000000000e+03 2.690000000000000000e+03
1.600407410000000000e+08 4.180000000000000000e+03 3.550000000000000000e+03 3.560000000000000000e+03 2.690000000000000000e+03
1.600409490000000000e+08 4.180000000000000000e+03 3.550000000000000000e+03 3.560000000000000000e+03 2.710000000000000000e+03
1.600411570000000000e+08 4.180000000000000000e+03 3.550000000000000000e+03 3.560000000000000000e+03 2.720000000000000000e+03
1.600413650000000000e+08 4.190000000000000000e+03 3.550000000000000000e+03 3.560000000000000000e+03 2.710000000000000000e+03
1.600415730000000000e+08 4.190000000000000000e+03 3.550000000000000000e+03 3.560000000000000000e+03 2.690000000000000000e+03
1.600417800000000000e+08 4.190000000000000000e+03 3.550000000000000000e+03 3.560000000000000000e+03 2.700000000000000000e+03
1.600419880000000000e+08 4.190000000000000000e+03 3.530000000000000000e+03 3.560000000000000000e+03 2.700000000000000000e+03
1.600424040000000000e+08 4.190000000000000000e+03 3.540000000000000000e+03 3.560000000000000000e+03 2.700000000000000000e+03
1.600426120000000000e+08 4.190000000000000000e+03 3.540000000000000000e+03 3.560000000000000000e+03 2.700000000000000000e+03
1.600428200000000000e+08 4.190000000000000000e+03 3.540000000000000000e+03 3.560000000000000000e+03 2.700000000000000000e+03
1.600430280000000000e+08 4.180000000000000000e+03 3.540000000000000000e+03 3.560000000000000000e+03 2.700000000000000000e+03
1.600432360000000000e+08 4.180000000000000000e+03 3.530000000000000000e+03 3.560000000000000000e+03 2.700000000000000000e+03
1.600434440000000000e+08 4.180000000000000000e+03 3.540000000000000000e+03 3.560000000000000000e+03 2.700000000000000000e+03
1.600436520000000000e+08 4.190000000000000000e+03 3.540000000000000000e+03 3.560000000000000000e+03 2.710000000000000000e+03
1.600438600000000000e+08 4.190000000000000000e+03 3.540000000000000000e+03 3.560000000000000000e+03 2.710000000000000000e+03
1.600440680000000000e+08 4.190000000000000000e+03 3.540000000000000000e+03 3.560000000000000000e+03 2.700000000000000000e+03
1.600442760000000000e+08 4.180000000000000000e+03 3.540000000000000000e+03 3.560000000000000000e+03 2.710000000000000000e+03
1.600444840000000000e+08 4.180000000000000000e+03 3.540000000000000000e+03 3.560000000000000000e+03 2.710000000000000000e+03
1.600446920000000000e+08 4.180000000000000000e+03 3.550000000000000000e+03 3.560000000000000000e+03 2.720000000000000000e+03
1.600449000000000000e+08 4.180000000000000000e+03 3.550000000000000000e+03 3.560000000000000000e+03 2.710000000000000000e+03
1.600451080000000000e+08 4.180000000000000000e+03 3.550000000000000000e+03 3.560000000000000000e+03 2.710000000000000000e+03
1.600453160000000000e+08 4.180000000000000000e+03 3.550000000000000000e+03 3.560000000000000000e+03 2.710000000000000000e+03
1.600455230000000000e+08 4.180000000000000000e+03 3.550000000000000000e+03 3.560000000000000000e+03 2.710000000000000000e+03
1.600457320000000000e+08 4.190000000000000000e+03 3.540000000000000000e+03 3.560000000000000000e+03 2.720000000000000000e+03
1.600459400000000000e+08 4.190000000000000000e+03 3.530000000000000000e+03 3.560000000000000000e+03 2.720000000000000000e+03
1.600461480000000000e+08 4.180000000000000000e+03 3.540000000000000000e+03 3.560000000000000000e+03 2.720000000000000000e+03
1.600463550000000000e+08 4.190000000000000000e+03 3.540000000000000000e+03 3.560000000000000000e+03 2.720000000000000000e+03
1.600465630000000000e+08 4.190000000000000000e+03 3.540000000000000000e+03 3.560000000000000000e+03 2.710000000000000000e+03
1.600467710000000000e+08 4.200000000000000000e+03 3.530000000000000000e+03 3.560000000000000000e+03 2.710000000000000000e+03
1.600469790000000000e+08 4.190000000000000000e+03 3.540000000000000000e+03 3.560000000000000000e+03 2.720000000000000000e+03
1.600471890000000000e+08 4.190000000000000000e+03 3.540000000000000000e+03 3.560000000000000000e+03 2.710000000000000000e+03
1.600473950000000000e+08 4.190000000000000000e+03 3.540000000000000000e+03 3.560000000000000000e+03 2.710000000000000000e+03
1.600476030000000000e+08 4.190000000000000000e+03 3.530000000000000000e+03 3.560000000000000000e+03 2.710000000000000000e+03
1.600478110000000000e+08 4.180000000000000000e+03 3.540000000000000000e+03 3.560000000000000000e+03 2.710000000000000000e+03
1.600480190000000000e+08 4.190000000000000000e+03 3.520000000000000000e+03 3.560000000000000000e+03 2.710000000000000000e+03
1.600482270000000000e+08 4.180000000000000000e+03 3.530000000000000000e+03 3.560000000000000000e+03 2.700000000000000000e+03
1.600484350000000000e+08 4.180000000000000000e+03 3.530000000000000000e+03 3.560000000000000000e+03 2.700000000000000000e+03
1.600486430000000000e+08 4.180000000000000000e+03 3.540000000000000000e+03 3.560000000000000000e+03 2.700000000000000000e+03
1.600488510000000000e+08 4.180000000000000000e+03 3.550000000000000000e+03 3.560000000000000000e+03 2.700000000000000000e+03
1.600490590000000000e+08 4.200000000000000000e+03 3.550000000000000000e+03 3.560000000000000000e+03 2.690000000000000000e+03
1.600492670000000000e+08 4.190000000000000000e+03 3.540000000000000000e+03 3.560000000000000000e+03 2.710000000000000000e+03
1.600494750000000000e+08 4.180000000000000000e+03 3.540000000000000000e+03 3.560000000000000000e+03 2.710000000000000000e+03
1.600496830000000000e+08 4.180000000000000000e+03 3.540000000000000000e+03 3.560000000000000000e+03 2.700000000000000000e+03
1.600498910000000000e+08 4.180000000000000000e+03 3.530000000000000000e+03 3.560000000000000000e+03 2.710000000000000000e+03
1.600500990000000000e+08 4.190000000000000000e+03 3.530000000000000000e+03 3.570000000000000000e+03 2.710000000000000000e+03
1.600503070000000000e+08 4.190000000000000000e+03 3.540000000000000000e+03 3.570000000000000000e+03 2.700000000000000000e+03
1.600505140000000000e+08 4.190000000000000000e+03 3.540000000000000000e+03 3.570000000000000000e+03 2.700000000000000000e+03
1.600507220000000000e+08 4.190000000000000000e+03 3.550000000000000000e+03 3.570000000000000000e+03 2.720000000000000000e+03
1.600509300000000000e+08 4.190000000000000000e+03 3.550000000000000000e+03 3.570000000000000000e+03 2.710000000000000000e+03
1.600511380000000000e+08 4.180000000000000000e+03 3.550000000000000000e+03 3.570000000000000000e+03 2.720000000000000000e+03
1.600513460000000000e+08 4.180000000000000000e+03 3.550000000000000000e+03 3.570000000000000000e+03 2.700000000000000000e+03
1.600515530000000000e+08 4.180000000000000000e+03 3.550000000000000000e+03 3.570000000000000000e+03 2.710000000000000000e+03
1.600517620000000000e+08 4.180000000000000000e+03 3.550000000000000000e+03 3.570000000000000000e+03 2.710000000000000000e+03
1.600519700000000000e+08 4.180000000000000000e+03 3.550000000000000000e+03 3.570000000000000000e+03 2.700000000000000000e+03
1.600521780000000000e+08 4.180000000000000000e+03 3.540000000000000000e+03 3.570000000000000000e+03 2.700000000000000000e+03
1.600523860000000000e+08 4.180000000000000000e+03 3.540000000000000000e+03 3.570000000000000000e+03 2.710000000000000000e+03
1.600525940000000000e+08 4.190000000000000000e+03 3.540000000000000000e+03 3.570000000000000000e+03 2.720000000000000000e+03
1.600528020000000000e+08 4.200000000000000000e+03 3.540000000000000000e+03 3.570000000000000000e+03 2.740000000000000000e+03
1.600530100000000000e+08 4.190000000000000000e+03 3.540000000000000000e+03 3.570000000000000000e+03 2.740000000000000000e+03
1.600532180000000000e+08 4.190000000000000000e+03 3.540000000000000000e+03 3.570000000000000000e+03 2.720000000000000000e+03
1.600534260000000000e+08 4.180000000000000000e+03 3.530000000000000000e+03 3.570000000000000000e+03 2.700000000000000000e+03
1.600536340000000000e+08 4.180000000000000000e+03 3.530000000000000000e+03 3.570000000000000000e+03 2.710000000000000000e+03
1.600538420000000000e+08 4.180000000000000000e+03 3.540000000000000000e+03 3.570000000000000000e+03 2.720000000000000000e+03
1.600540500000000000e+08 4.180000000000000000e+03 3.540000000000000000e+03 3.570000000000000000e+03 2.740000000000000000e+03
1.600542570000000000e+08 4.180000000000000000e+03 3.540000000000000000e+03 3.570000000000000000e+03 2.740000000000000000e+03
1.600544660000000000e+08 4.170000000000000000e+03 3.550000000000000000e+03 3.580000000000000000e+03 2.740000000000000000e+03
1.600546740000000000e+08 4.180000000000000000e+03 3.550000000000000000e+03 3.570000000000000000e+03 2.750000000000000000e+03
1.600548810000000000e+08 4.180000000000000000e+03 3.550000000000000000e+03 3.570000000000000000e+03 2.750000000000000000e+03
1.600550890000000000e+08 4.180000000000000000e+03 3.550000000000000000e+03 3.570000000000000000e+03 2.750000000000000000e+03
1.600552970000000000e+08 4.180000000000000000e+03 3.550000000000000000e+03 3.570000000000000000e+03 2.750000000000000000e+03
1.600555050000000000e+08 4.180000000000000000e+03 3.550000000000000000e+03 3.570000000000000000e+03 2.720000000000000000e+03
1.600557130000000000e+08 4.190000000000000000e+03 3.550000000000000000e+03 3.570000000000000000e+03 2.710000000000000000e+03
1.600559210000000000e+08 4.190000000000000000e+03 3.550000000000000000e+03 3.570000000000000000e+03 2.720000000000000000e+03
1.600561290000000000e+08 4.190000000000000000e+03 3.550000000000000000e+03 3.570000000000000000e+03 2.720000000000000000e+03
1.600563370000000000e+08 4.190000000000000000e+03 3.550000000000000000e+03 3.570000000000000000e+03 2.700000000000000000e+03
1.600565450000000000e+08 4.190000000000000000e+03 3.550000000000000000e+03 3.570000000000000000e+03 2.710000000000000000e+03
1.600567530000000000e+08 4.190000000000000000e+03 3.540000000000000000e+03 3.570000000000000000e+03 2.700000000000000000e+03
1.600571690000000000e+08 4.190000000000000000e+03 3.540000000000000000e+03 3.560000000000000000e+03 2.720000000000000000e+03
1.600573770000000000e+08 4.190000000000000000e+03 3.550000000000000000e+03 3.550000000000000000e+03 2.740000000000000000e+03
1.600575850000000000e+08 4.180000000000000000e+03 3.550000000000000000e+03 3.550000000000000000e+03 2.740000000000000000e+03
1.600577940000000000e+08 4.180000000000000000e+03 3.550000000000000000e+03 3.550000000000000000e+03 2.740000000000000000e+03
1.600580010000000000e+08 4.180000000000000000e+03 3.540000000000000000e+03 3.550000000000000000e+03 2.740000000000000000e+03
1.600582090000000000e+08 4.180000000000000000e+03 3.530000000000000000e+03 3.550000000000000000e+03 2.740000000000000000e+03
1.600584170000000000e+08 4.180000000000000000e+03 3.530000000000000000e+03 3.550000000000000000e+03 2.750000000000000000e+03
1.600586250000000000e+08 4.190000000000000000e+03 3.550000000000000000e+03 3.550000000000000000e+03 2.740000000000000000e+03
1.600588330000000000e+08 4.190000000000000000e+03 3.540000000000000000e+03 3.550000000000000000e+03 2.710000000000000000e+03
1.600590410000000000e+08 4.200000000000000000e+03 3.550000000000000000e+03 3.550000000000000000e+03 2.700000000000000000e+03
1.600592490000000000e+08 4.190000000000000000e+03 3.540000000000000000e+03 3.550000000000000000e+03 2.690000000000000000e+03
1.600594560000000000e+08 4.190000000000000000e+03 3.540000000000000000e+03 3.560000000000000000e+03 2.700000000000000000e+03
1.600596640000000000e+08 4.200000000000000000e+03 3.550000000000000000e+03 3.570000000000000000e+03 2.710000000000000000e+03
1.600598720000000000e+08 4.200000000000000000e+03 3.550000000000000000e+03 3.570000000000000000e+03 2.720000000000000000e+03
1.601000800000000000e+08 4.200000000000000000e+03 3.540000000000000000e+03 3.570000000000000000e+03 2.720000000000000000e+03
1.601002880000000000e+08 4.200000000000000000e+03 3.540000000000000000e+03 3.570000000000000000e+03 2.720000000000000000e+03
1.601004960000000000e+08 4.200000000000000000e+03 3.540000000000000000e+03 3.570000000000000000e+03 2.720000000000000000e+03
1.601007040000000000e+08 4.190000000000000000e+03 3.550000000000000000e+03 3.570000000000000000e+03 2.720000000000000000e+03
1.601009110000000000e+08 4.190000000000000000e+03 3.560000000000000000e+03 3.570000000000000000e+03 2.720000000000000000e+03
1.601011200000000000e+08 4.180000000000000000e+03 3.550000000000000000e+03 3.570000000000000000e+03 2.710000000000000000e+03
1.601013280000000000e+08 4.190000000000000000e+03 3.550000000000000000e+03 3.570000000000000000e+03 2.700000000000000000e+03
1.601015360000000000e+08 4.200000000000000000e+03 3.550000000000000000e+03 3.570000000000000000e+03 2.720000000000000000e+03
1.601017430000000000e+08 4.200000000000000000e+03 3.550000000000000000e+03 3.570000000000000000e+03 2.740000000000000000e+03
1.601019520000000000e+08 4.210000000000000000e+03 3.550000000000000000e+03 3.570000000000000000e+03 2.720000000000000000e+03
1.601021600000000000e+08 4.210000000000000000e+03 3.550000000000000000e+03 3.570000000000000000e+03 2.710000000000000000e+03
1.601023680000000000e+08 4.200000000000000000e+03 3.550000000000000000e+03 3.570000000000000000e+03 2.710000000000000000e+03
1.601025760000000000e+08 4.200000000000000000e+03 3.550000000000000000e+03 3.570000000000000000e+03 2.700000000000000000e+03
1.601027840000000000e+08 4.190000000000000000e+03 3.550000000000000000e+03 3.570000000000000000e+03 2.710000000000000000e+03
1.601029920000000000e+08 4.180000000000000000e+03 3.550000000000000000e+03 3.570000000000000000e+03 2.720000000000000000e+03
1.601032000000000000e+08 4.180000000000000000e+03 3.550000000000000000e+03 3.570000000000000000e+03 2.710000000000000000e+03
1.601034070000000000e+08 4.190000000000000000e+03 3.550000000000000000e+03 3.570000000000000000e+03 2.720000000000000000e+03
1.601036150000000000e+08 4.190000000000000000e+03 3.540000000000000000e+03 3.570000000000000000e+03 2.710000000000000000e+03
1.601038230000000000e+08 4.190000000000000000e+03 3.550000000000000000e+03 3.570000000000000000e+03 2.710000000000000000e+03
1.601040310000000000e+08 4.190000000000000000e+03 3.550000000000000000e+03 3.570000000000000000e+03 2.690000000000000000e+03
1.601042390000000000e+08 4.190000000000000000e+03 3.550000000000000000e+03 3.570000000000000000e+03 2.700000000000000000e+03
1.601044470000000000e+08 4.190000000000000000e+03 3.550000000000000000e+03 3.570000000000000000e+03 2.690000000000000000e+03
1.601046550000000000e+08 4.190000000000000000e+03 3.550000000000000000e+03 3.570000000000000000e+03 2.710000000000000000e+03
1.601048630000000000e+08 4.190000000000000000e+03 3.550000000000000000e+03 3.570000000000000000e+03 2.700000000000000000e+03
1.601050710000000000e+08 4.200000000000000000e+03 3.560000000000000000e+03 3.570000000000000000e+03 2.690000000000000000e+03
1.601052790000000000e+08 4.200000000000000000e+03 3.560000000000000000e+03 3.560000000000000000e+03 2.690000000000000000e+03
1.601054870000000000e+08 4.190000000000000000e+03 3.550000000000000000e+03 3.560000000000000000e+03 2.690000000000000000e+03
1.601056950000000000e+08 4.190000000000000000e+03 3.550000000000000000e+03 3.560000000000000000e+03 2.700000000000000000e+03
1.601059030000000000e+08 4.180000000000000000e+03 3.550000000000000000e+03 3.550000000000000000e+03 2.700000000000000000e+03
1.601061110000000000e+08 4.180000000000000000e+03 3.550000000000000000e+03 3.550000000000000000e+03 2.700000000000000000e+03
1.601063190000000000e+08 4.180000000000000000e+03 3.550000000000000000e+03 3.560000000000000000e+03 2.700000000000000000e+03
1.601065270000000000e+08 4.180000000000000000e+03 3.550000000000000000e+03 3.560000000000000000e+03 2.710000000000000000e+03
1.601067350000000000e+08 4.180000000000000000e+03 3.540000000000000000e+03 3.560000000000000000e+03 2.710000000000000000e+03
1.601069430000000000e+08 4.180000000000000000e+03 3.540000000000000000e+03 3.560000000000000000e+03 2.700000000000000000e+03
1.601071510000000000e+08 4.180000000000000000e+03 3.540000000000000000e+03 3.570000000000000000e+03 2.700000000000000000e+03
1.601073590000000000e+08 4.180000000000000000e+03 3.540000000000000000e+03 3.570000000000000000e+03 2.720000000000000000e+03
1.601075670000000000e+08 4.200000000000000000e+03 3.530000000000000000e+03 3.570000000000000000e+03 2.710000000000000000e+03
1.601077740000000000e+08 4.200000000000000000e+03 3.540000000000000000e+03 3.570000000000000000e+03 2.710000000000000000e+03
1.601079830000000000e+08 4.190000000000000000e+03 3.540000000000000000e+03 3.570000000000000000e+03 2.690000000000000000e+03
1.601081900000000000e+08 4.190000000000000000e+03 3.530000000000000000e+03 3.570000000000000000e+03 2.690000000000000000e+03
1.601083980000000000e+08 4.190000000000000000e+03 3.540000000000000000e+03 3.560000000000000000e+03 2.710000000000000000e+03
1.601086060000000000e+08 4.190000000000000000e+03 3.540000000000000000e+03 3.560000000000000000e+03 2.710000000000000000e+03
1.601088140000000000e+08 4.190000000000000000e+03 3.540000000000000000e+03 3.560000000000000000e+03 2.700000000000000000e+03
1.601090220000000000e+08 4.180000000000000000e+03 3.540000000000000000e+03 3.560000000000000000e+03 2.710000000000000000e+03
1.601092300000000000e+08 4.190000000000000000e+03 3.540000000000000000e+03 3.560000000000000000e+03 2.700000000000000000e+03
1.601094380000000000e+08 4.180000000000000000e+03 3.540000000000000000e+03 3.570000000000000000e+03 2.710000000000000000e+03
1.601096460000000000e+08 4.180000000000000000e+03 3.540000000000000000e+03 3.570000000000000000e+03 2.710000000000000000e+03
1.601098540000000000e+08 4.180000000000000000e+03 3.550000000000000000e+03 3.570000000000000000e+03 2.710000000000000000e+03
1.601100620000000000e+08 4.190000000000000000e+03 3.560000000000000000e+03 3.570000000000000000e+03 2.710000000000000000e+03
1.601102700000000000e+08 4.190000000000000000e+03 3.560000000000000000e+03 3.570000000000000000e+03 2.720000000000000000e+03
1.601104780000000000e+08 4.190000000000000000e+03 3.560000000000000000e+03 3.570000000000000000e+03 2.710000000000000000e+03
1.601106860000000000e+08 4.190000000000000000e+03 3.560000000000000000e+03 3.570000000000000000e+03 2.710000000000000000e+03
1.601108940000000000e+08 4.190000000000000000e+03 3.560000000000000000e+03 3.560000000000000000e+03 2.710000000000000000e+03
1.601111020000000000e+08 4.190000000000000000e+03 3.560000000000000000e+03 3.560000000000000000e+03 2.710000000000000000e+03
1.601113100000000000e+08 4.190000000000000000e+03 3.550000000000000000e+03 3.560000000000000000e+03 2.710000000000000000e+03
1.601115180000000000e+08 4.190000000000000000e+03 3.540000000000000000e+03 3.560000000000000000e+03 2.700000000000000000e+03
1.601117260000000000e+08 4.190000000000000000e+03 3.550000000000000000e+03 3.560000000000000000e+03 2.720000000000000000e+03
1.601119340000000000e+08 4.180000000000000000e+03 3.550000000000000000e+03 3.560000000000000000e+03 2.720000000000000000e+03
1.601121420000000000e+08 4.180000000000000000e+03 3.550000000000000000e+03 3.560000000000000000e+03 2.720000000000000000e+03
1.601123500000000000e+08 4.180000000000000000e+03 3.550000000000000000e+03 3.560000000000000000e+03 2.710000000000000000e+03
1.601125570000000000e+08 4.180000000000000000e+03 3.550000000000000000e+03 3.570000000000000000e+03 2.710000000000000000e+03
1.601127650000000000e+08 4.190000000000000000e+03 3.550000000000000000e+03 3.570000000000000000e+03 2.710000000000000000e+03
1.601129730000000000e+08 4.190000000000000000e+03 3.550000000000000000e+03 3.570000000000000000e+03 2.720000000000000000e+03
1.601131810000000000e+08 4.190000000000000000e+03 3.550000000000000000e+03 3.570000000000000000e+03 2.740000000000000000e+03
1.601133890000000000e+08 4.180000000000000000e+03 3.550000000000000000e+03 3.570000000000000000e+03 2.740000000000000000e+03
1.601135970000000000e+08 4.180000000000000000e+03 3.550000000000000000e+03 3.570000000000000000e+03 2.720000000000000000e+03
1.601138050000000000e+08 4.170000000000000000e+03 3.550000000000000000e+03 3.560000000000000000e+03 2.740000000000000000e+03
1.601140130000000000e+08 4.180000000000000000e+03 3.550000000000000000e+03 3.560000000000000000e+03 2.710000000000000000e+03
1.601142210000000000e+08 4.180000000000000000e+03 3.560000000000000000e+03 3.560000000000000000e+03 2.720000000000000000e+03
1.601144290000000000e+08 4.170000000000000000e+03 3.550000000000000000e+03 3.560000000000000000e+03 2.740000000000000000e+03
