1.613273020000000000e+08 2.990000000000000000e+03 2.020000000000000000e+03 5.430000000000000000e+03 4.840000000000000000e+03
1.613275100000000000e+08 2.990000000000000000e+03 2.010000000000000000e+03 5.420000000000000000e+03 4.830000000000000000e+03
1.613277180000000000e+08 3.000000000000000000e+03 2.010000000000000000e+03 5.420000000000000000e+03 4.840000000000000000e+03
1.613279260000000000e+08 2.980000000000000000e+03 2.010000000000000000e+03 5.420000000000000000e+03 4.850000000000000000e+03
1.613281340000000000e+08 2.980000000000000000e+03 2.010000000000000000e+03 5.420000000000000000e+03 4.840000000000000000e+03
1.613283420000000000e+08 2.980000000000000000e+03 2.020000000000000000e+03 5.420000000000000000e+03 4.840000000000000000e+03
1.613285500000000000e+08 2.990000000000000000e+03 2.020000000000000000e+03 5.420000000000000000e+03 4.840000000000000000e+03
1.613287570000000000e+08 2.980000000000000000e+03 2.020000000000000000e+03 5.420000000000000000e+03 4.830000000000000000e+03
1.613289660000000000e+08 2.990000000000000000e+03 2.020000000000000000e+03 5.420000000000000000e+03 4.840000000000000000e+03
1.613291740000000000e+08 2.990000000000000000e+03 2.020000000000000000e+03 5.420000000000000000e+03 4.830000000000000000e+03
1.613293820000000000e+08 3.000000000000000000e+03 2.030000000000000000e+03 5.420000000000000000e+03 4.830000000000000000e+03
1.613295890000000000e+08 2.990000000000000000e+03 2.030000000000000000e+03 5.420000000000000000e+03 4.830000000000000000e+03
1.613297980000000000e+08 3.000000000000000000e+03 2.040000000000000000e+03 5.420000000000000000e+03 4.830000000000000000e+03
1.613300060000000000e+08 3.000000000000000000e+03 2.040000000000000000e+03 5.420000000000000000e+03 4.820000000000000000e+03
1.613302140000000000e+08 3.000000000000000000e+03 2.030000000000000000e+03 5.420000000000000000e+03 4.820000000000000000e+03
1.613304220000000000e+08 2.990000000000000000e+03 2.020000000000000000e+03 5.420000000000000000e+03 4.810000000000000000e+03
1.613306300000000000e+08 3.000000000000000000e+03 2.020000000000000000e+03 5.420000000000000000e+03 4.810000000000000000e+03
1.613308380000000000e+08 3.000000000000000000e+03 2.010000000000000000e+03 5.420000000000000000e+03 4.820000000000000000e+03
1.613310460000000000e+08 2.990000000000000000e+03 2.010000000000000000e+03 5.430000000000000000e+03 4.810000000000000000e+03
1.613312540000000000e+08 2.980000000000000000e+03 2.000000000000000000e+03 5.440000000000000000e+03 4.810000000000000000e+03
1.613314610000000000e+08 2.990000000000000000e+03 2.010000000000000000e+03 5.440000000000000000e+03 4.820000000000000000e+03
1.613316720000000000e+08 2.990000000000000000e+03 2.010000000000000000e+03 5.440000000000000000e+03 4.830000000000000000e+03
1.613318770000000000e+08 2.990000000000000000e+03 2.000000000000000000e+03 5.440000000000000000e+03 4.830000000000000000e+03
1.613320850000000000e+08 2.990000000000000000e+03 2.000000000000000000e+03 5.440000000000000000e+03 4.820000000000000000e+03
1.613322930000000000e+08 2.990000000000000000e+03 2.000000000000000000e+03 5.430000000000000000e+03 4.810000000000000000e+03
1.613325010000000000e+08 3.000000000000000000e+03 2.010000000000000000e+03 5.430000000000000000e+03 4.810000000000000000e+03
1.613327090000000000e+08 2.990000000000000000e+03 2.010000000000000000e+03 5.430000000000000000e+03 4.820000000000000000e+03
1.613329170000000000e+08 2.990000000000000000e+03 2.010000000000000000e+03 5.440000000000000000e+03 4.810000000000000000e+03
1.613331250000000000e+08 3.000000000000000000e+03 2.010000000000000000e+03 5.430000000000000000e+03 4.820000000000000000e+03
1.613333330000000000e+08 3.000000000000000000e+03 2.010000000000000000e+03 5.430000000000000000e+03 4.830000000000000000e+03
1.613335410000000000e+08 3.000000000000000000e+03 2.010000000000000000e+03 5.430000000000000000e+03 4.830000000000000000e+03
1.613337490000000000e+08 3.000000000000000000e+03 2.000000000000000000e+03 5.430000000000000000e+03 4.820000000000000000e+03
1.613339570000000000e+08 3.000000000000000000e+03 2.000000000000000000e+03 5.430000000000000000e+03 4.830000000000000000e+03
1.613341650000000000e+08 3.000000000000000000e+03 2.000000000000000000e+03 5.430000000000000000e+03 4.820000000000000000e+03
1.613343730000000000e+08 3.000000000000000000e+03 2.000000000000000000e+03 5.430000000000000000e+03 4.810000000000000000e+03
1.613345810000000000e+08 3.000000000000000000e+03 2.010000000000000000e+03 5.430000000000000000e+03 4.810000000000000000e+03
1.613347880000000000e+08 3.000000000000000000e+03 2.000000000000000000e+03 5.430000000000000000e+03 4.810000000000000000e+03
1.613349970000000000e+08 2.990000000000000000e+03 2.000000000000000000e+03 5.430000000000000000e+03 4.820000000000000000e+03
1.613352050000000000e+08 2.990000000000000000e+03 2.000000000000000000e+03 5.430000000000000000e+03 4.830000000000000000e+03
1.613354130000000000e+08 2.990000000000000000e+03 2.000000000000000000e+03 5.430000000000000000e+03 4.830000000000000000e+03
1.613356210000000000e+08 2.990000000000000000e+03 2.000000000000000000e+03 5.430000000000000000e+03 4.830000000000000000e+03
1.613358290000000000e+08 2.990000000000000000e+03 2.000000000000000000e+03 5.430000000000000000e+03 4.820000000000000000e+03
1.613360370000000000e+08 2.990000000000000000e+03 2.010000000000000000e+03 5.430000000000000000e+03 4.810000000000000000e+03
1.613362450000000000e+08 2.990000000000000000e+03 2.000000000000000000e+03 5.430000000000000000e+03 4.820000000000000000e+03
1.613364520000000000e+08 2.990000000000000000e+03 2.000000000000000000e+03 5.430000000000000000e+03 4.820000000000000000e+03
1.613366600000000000e+08 2.990000000000000000e+03 2.000000000000000000e+03 5.430000000000000000e+03 4.810000000000000000e+03
1.613368680000000000e+08 3.000000000000000000e+03 2.000000000000000000e+03 5.430000000000000000e+03 4.820000000000000000e+03
1.613370760000000000e+08 3.000000000000000000e+03 2.010000000000000000e+03 5.430000000000000000e+03 4.820000000000000000e+03
1.613372840000000000e+08 3.000000000000000000e+03 2.020000000000000000e+03 5.430000000000000000e+03 4.830000000000000000e+03
1.613374920000000000e+08 3.000000000000000000e+03 2.030000000000000000e+03 5.430000000000000000e+03 4.830000000000000000e+03
1.613377000000000000e+08 2.990000000000000000e+03 2.020000000000000000e+03 5.420000000000000000e+03 4.830000000000000000e+03
1.613379080000000000e+08 2.980000000000000000e+03 2.010000000000000000e+03 5.420000000000000000e+03 4.820000000000000000e+03
1.613381160000000000e+08 2.980000000000000000e+03 2.020000000000000000e+03 5.430000000000000000e+03 4.810000000000000000e+03
1.613383240000000000e+08 2.990000000000000000e+03 2.010000000000000000e+03 5.430000000000000000e+03 4.810000000000000000e+03
1.613385320000000000e+08 2.980000000000000000e+03 2.000000000000000000e+03 5.430000000000000000e+03 4.820000000000000000e+03
1.613387400000000000e+08 2.980000000000000000e+03 2.000000000000000000e+03 5.430000000000000000e+03 4.810000000000000000e+03
1.613389480000000000e+08 2.990000000000000000e+03 2.020000000000000000e+03 5.430000000000000000e+03 4.820000000000000000e+03
1.613391560000000000e+08 2.990000000000000000e+03 2.010000000000000000e+03 5.430000000000000000e+03 4.820000000000000000e+03
1.613393640000000000e+08 2.990000000000000000e+03 2.000000000000000000e+03 5.440000000000000000e+03 4.830000000000000000e+03
1.613395720000000000e+08 2.990000000000000000e+03 2.000000000000000000e+03 5.440000000000000000e+03 4.820000000000000000e+03
1.613397800000000000e+08 3.000000000000000000e+03 2.000000000000000000e+03 5.440000000000000000e+03 4.830000000000000000e+03
1.613399870000000000e+08 3.000000000000000000e+03 2.010000000000000000e+03 5.440000000000000000e+03 4.830000000000000000e+03
1.613401960000000000e+08 2.990000000000000000e+03 2.020000000000000000e+03 5.440000000000000000e+03 4.840000000000000000e+03
1.613404040000000000e+08 2.990000000000000000e+03 2.010000000000000000e+03 5.440000000000000000e+03 4.840000000000000000e+03
1.613406110000000000e+08 3.000000000000000000e+03 2.010000000000000000e+03 5.440000000000000000e+03 4.840000000000000000e+03
1.613408190000000000e+08 3.000000000000000000e+03 2.000000000000000000e+03 5.440000000000000000e+03 4.830000000000000000e+03
1.613410270000000000e+08 3.000000000000000000e+03 2.020000000000000000e+03 5.440000000000000000e+03 4.820000000000000000e+03
1.613412350000000000e+08 2.980000000000000000e+03 2.020000000000000000e+03 5.430000000000000000e+03 4.810000000000000000e+03
1.613414430000000000e+08 2.990000000000000000e+03 2.020000000000000000e+03 5.430000000000000000e+03 4.810000000000000000e+03
1.613416510000000000e+08 3.000000000000000000e+03 2.030000000000000000e+03 5.430000000000000000e+03 4.820000000000000000e+03
1.613418600000000000e+08 2.990000000000000000e+03 2.020000000000000000e+03 5.430000000000000000e+03 4.840000000000000000e+03
1.613420670000000000e+08 2.970000000000000000e+03 2.020000000000000000e+03 5.420000000000000000e+03 4.830000000000000000e+03
1.613422750000000000e+08 2.980000000000000000e+03 2.020000000000000000e+03 5.420000000000000000e+03 4.830000000000000000e+03
1.613424830000000000e+08 2.980000000000000000e+03 2.020000000000000000e+03 5.420000000000000000e+03 4.820000000000000000e+03
1.613426910000000000e+08 2.970000000000000000e+03 2.020000000000000000e+03 5.430000000000000000e+03 4.830000000000000000e+03
1.613428990000000000e+08 2.980000000000000000e+03 2.030000000000000000e+03 5.430000000000000000e+03 4.830000000000000000e+03
1.613431070000000000e+08 2.980000000000000000e+03 2.020000000000000000e+03 5.430000000000000000e+03 4.830000000000000000e+03
1.613433150000000000e+08 2.990000000000000000e+03 2.010000000000000000e+03 5.430000000000000000e+03 4.830000000000000000e+03
1.613435230000000000e+08 3.000000000000000000e+03 2.000000000000000000e+03 5.430000000000000000e+03 4.830000000000000000e+03
1.613437310000000000e+08 3.000000000000000000e+03 2.000000000000000000e+03 5.430000000000000000e+03 4.820000000000000000e+03
1.613439390000000000e+08 2.990000000000000000e+03 2.000000000000000000e+03 5.430000000000000000e+03 4.830000000000000000e+03
1.613441470000000000e+08 3.000000000000000000e+03 2.010000000000000000e+03 5.430000000000000000e+03 4.830000000000000000e+03
1.613443550000000000e+08 3.000000000000000000e+03 2.010000000000000000e+03 5.430000000000000000e+03 4.830000000000000000e+03
1.613445620000000000e+08 3.000000000000000000e+03 2.000000000000000000e+03 5.430000000000000000e+03 4.830000000000000000e+03
1.613447710000000000e+08 2.990000000000000000e+03 2.010000000000000000e+03 5.430000000000000000e+03 4.830000000000000000e+03
1.613449780000000000e+08 2.990000000000000000e+03 2.020000000000000000e+03 5.430000000000000000e+03 4.830000000000000000e+03
1.613451870000000000e+08 2.990000000000000000e+03 2.020000000000000000e+03 5.430000000000000000e+03 4.820000000000000000e+03
1.613453940000000000e+08 2.990000000000000000e+03 2.020000000000000000e+03 5.430000000000000000e+03 4.830000000000000000e+03
1.613456020000000000e+08 2.990000000000000000e+03 2.020000000000000000e+03 5.430000000000000000e+03 4.840000000000000000e+03
1.613458100000000000e+08 2.990000000000000000e+03 2.020000000000000000e+03 5.430000000000000000e+03 4.830000000000000000e+03
1.613460180000000000e+08 2.980000000000000000e+03 2.010000000000000000e+03 5.440000000000000000e+03 4.820000000000000000e+03
1.613462260000000000e+08 2.970000000000000000e+03 2.020000000000000000e+03 5.440000000000000000e+03 4.820000000000000000e+03
1.613464340000000000e+08 2.960000000000000000e+03 2.020000000000000000e+03 5.430000000000000000e+03 4.810000000000000000e+03
1.613466420000000000e+08 2.960000000000000000e+03 2.020000000000000000e+03 5.430000000000000000e+03 4.820000000000000000e+03
1.613468500000000000e+08 2.950000000000000000e+03 2.020000000000000000e+03 5.430000000000000000e+03 4.830000000000000000e+03
1.613470580000000000e+08 2.960000000000000000e+03 2.020000000000000000e+03 5.430000000000000000e+03 4.820000000000000000e+03
1.613472660000000000e+08 2.970000000000000000e+03 2.020000000000000000e+03 5.430000000000000000e+03 4.830000000000000000e+03
1.613474740000000000e+08 2.970000000000000000e+03 2.010000000000000000e+03 5.430000000000000000e+03 4.830000000000000000e+03
1.613476810000000000e+08 2.980000000000000000e+03 2.000000000000000000e+03 5.430000000000000000e+03 4.840000000000000000e+03
1.613478890000000000e+08 2.980000000000000000e+03 2.000000000000000000e+03 5.430000000000000000e+03 4.840000000000000000e+03
1.613480980000000000e+08 2.980000000000000000e+03 2.020000000000000000e+03 5.430000000000000000e+03 4.840000000000000000e+03
1.613483060000000000e+08 2.980000000000000000e+03 2.010000000000000000e+03 5.430000000000000000e+03 4.830000000000000000e+03
1.613485140000000000e+08 2.990000000000000000e+03 2.020000000000000000e+03 5.430000000000000000e+03 4.820000000000000000e+03
1.613487220000000000e+08 2.990000000000000000e+03 2.010000000000000000e+03 5.430000000000000000e+03 4.820000000000000000e+03
1.613489300000000000e+08 2.990000000000000000e+03 2.010000000000000000e+03 5.430000000000000000e+03 4.830000000000000000e+03
1.613491370000000000e+08 3.000000000000000000e+03 2.000000000000000000e+03 5.440000000000000000e+03 4.820000000000000000e+03
1.613493450000000000e+08 3.000000000000000000e+03 2.000000000000000000e+03 5.440000000000000000e+03 4.820000000000000000e+03
1.613495540000000000e+08 3.010000000000000000e+03 2.000000000000000000e+03 5.430000000000000000e+03 4.810000000000000000e+03
1.613497610000000000e+08 3.010000000000000000e+03 2.000000000000000000e+03 5.440000000000000000e+03 4.820000000000000000e+03
1.613499690000000000e+08 3.020000000000000000e+03 2.010000000000000000e+03 5.440000000000000000e+03 4.820000000000000000e+03
1.613501770000000000e+08 3.000000000000000000e+03 2.000000000000000000e+03 5.440000000000000000e+03 4.820000000000000000e+03
1.613503840000000000e+08 3.000000000000000000e+03 2.010000000000000000e+03 5.440000000000000000e+03 4.830000000000000000e+03
1.613505930000000000e+08 2.980000000000000000e+03 2.000000000000000000e+03 5.440000000000000000e+03 4.830000000000000000e+03
1.613508010000000000e+08 2.980000000000000000e+03 2.010000000000000000e+03 5.430000000000000000e+03 4.820000000000000000e+03
1.613510090000000000e+08 2.980000000000000000e+03 2.020000000000000000e+03 5.420000000000000000e+03 4.830000000000000000e+03
1.613512170000000000e+08 2.990000000000000000e+03 2.020000000000000000e+03 5.420000000000000000e+03 4.820000000000000000e+03
1.613514250000000000e+08 2.990000000000000000e+03 2.010000000000000000e+03 5.420000000000000000e+03 4.830000000000000000e+03
1.613516330000000000e+08 2.990000000000000000e+03 2.000000000000000000e+03 5.430000000000000000e+03 4.830000000000000000e+03
1.613518410000000000e+08 2.970000000000000000e+03 2.010000000000000000e+03 5.430000000000000000e+03 4.830000000000000000e+03
1.613520490000000000e+08 2.980000000000000000e+03 2.020000000000000000e+03 5.430000000000000000e+03 4.820000000000000000e+03
1.613522570000000000e+08 2.980000000000000000e+03 2.020000000000000000e+03 5.430000000000000000e+03 4.830000000000000000e+03
1.613524650000000000e+08 2.980000000000000000e+03 2.030000000000000000e+03 5.430000000000000000e+03 4.830000000000000000e+03
1.613526730000000000e+08 2.980000000000000000e+03 2.020000000000000000e+03 5.430000000000000000e+03 4.830000000000000000e+03
1.613528810000000000e+08 2.980000000000000000e+03 2.030000000000000000e+03 5.430000000000000000e+03 4.830000000000000000e+03
1.613530890000000000e+08 2.980000000000000000e+03 2.040000000000000000e+03 5.430000000000000000e+03 4.830000000000000000e+03
1.613533010000000000e+08 2.980000000000000000e+03 2.040000000000000000e+03 5.430000000000000000e+03 4.840000000000000000e+03
1.613535050000000000e+08 2.970000000000000000e+03 2.040000000000000000e+03 5.430000000000000000e+03 4.830000000000000000e+03
1.613537130000000000e+08 2.980000000000000000e+03 2.030000000000000000e+03 5.430000000000000000e+03 4.830000000000000000e+03
1.613539200000000000e+08 2.990000000000000000e+03 2.020000000000000000e+03 5.440000000000000000e+03 4.830000000000000000e+03
1.613541280000000000e+08 2.990000000000000000e+03 2.030000000000000000e+03 5.440000000000000000e+03 4.830000000000000000e+03
1.613543360000000000e+08 2.980000000000000000e+03 2.020000000000000000e+03 5.440000000000000000e+03 4.830000000000000000e+03
1.613545440000000000e+08 3.000000000000000000e+03 2.020000000000000000e+03 5.440000000000000000e+03 4.830000000000000000e+03
1.613547510000000000e+08 3.000000000000000000e+03 2.020000000000000000e+03 5.440000000000000000e+03 4.820000000000000000e+03
1.613549590000000000e+08 3.000000000000000000e+03 2.020000000000000000e+03 5.440000000000000000e+03 4.810000000000000000e+03
1.613551680000000000e+08 3.000000000000000000e+03 2.020000000000000000e+03 5.440000000000000000e+03 4.810000000000000000e+03
1.613553760000000000e+08 3.000000000000000000e+03 2.020000000000000000e+03 5.440000000000000000e+03 4.810000000000000000e+03
1.613555840000000000e+08 2.990000000000000000e+03 2.020000000000000000e+03 5.440000000000000000e+03 4.810000000000000000e+03
1.613557920000000000e+08 2.990000000000000000e+03 2.010000000000000000e+03 5.440000000000000000e+03 4.830000000000000000e+03
1.613560000000000000e+08 3.000000000000000000e+03 2.000000000000000000e+03 5.440000000000000000e+03 4.830000000000000000e+03
1.613562080000000000e+08 3.000000000000000000e+03 2.000000000000000000e+03 5.440000000000000000e+03 4.830000000000000000e+03
1.613564160000000000e+08 3.000000000000000000e+03 2.000000000000000000e+03 5.440000000000000000e+03 4.830000000000000000e+03
1.613566240000000000e+08 3.000000000000000000e+03 2.000000000000000000e+03 5.440000000000000000e+03 4.830000000000000000e+03
1.613568320000000000e+08 2.990000000000000000e+03 2.000000000000000000e+03 5.440000000000000000e+03 4.830000000000000000e+03
1.613570400000000000e+08 3.000000000000000000e+03 2.010000000000000000e+03 5.430000000000000000e+03 4.840000000000000000e+03
1.613572480000000000e+08 3.000000000000000000e+03 2.020000000000000000e+03 5.430000000000000000e+03 4.840000000000000000e+03
1.613574560000000000e+08 2.990000000000000000e+03 2.020000000000000000e+03 5.430000000000000000e+03 4.830000000000000000e+03
1.613576640000000000e+08 2.990000000000000000e+03 2.010000000000000000e+03 5.430000000000000000e+03 4.820000000000000000e+03
1.613578710000000000e+08 3.000000000000000000e+03 2.010000000000000000e+03 5.430000000000000000e+03 4.830000000000000000e+03
1.613580790000000000e+08 3.000000000000000000e+03 2.000000000000000000e+03 5.430000000000000000e+03 4.830000000000000000e+03
1.613582870000000000e+08 3.000000000000000000e+03 2.010000000000000000e+03 5.430000000000000000e+03 4.830000000000000000e+03
1.613584960000000000e+08 2.990000000000000000e+03 2.020000000000000000e+03 5.430000000000000000e+03 4.820000000000000000e+03
1.613587030000000000e+08 3.000000000000000000e+03 2.020000000000000000e+03 5.430000000000000000e+03 4.820000000000000000e+03
1.613589110000000000e+08 2.990000000000000000e+03 2.020000000000000000e+03 5.430000000000000000e+03 4.830000000000000000e+03
1.613591190000000000e+08 2.990000000000000000e+03 2.020000000000000000e+03 5.430000000000000000e+03 4.830000000000000000e+03
1.613593270000000000e+08 3.000000000000000000e+03 2.020000000000000000e+03 5.420000000000000000e+03 4.830000000000000000e+03
1.613595350000000000e+08 3.000000000000000000e+03 2.020000000000000000e+03 5.420000000000000000e+03 4.810000000000000000e+03
1.613597430000000000e+08 3.010000000000000000e+03 2.010000000000000000e+03 5.420000000000000000e+03 4.810000000000000000e+03
1.613599510000000000e+08 3.010000000000000000e+03 2.010000000000000000e+03 5.420000000000000000e+03 4.820000000000000000e+03
1.614001590000000000e+08 2.990000000000000000e+03 2.020000000000000000e+03 5.420000000000000000e+03 4.820000000000000000e+03
1.614003670000000000e+08 2.990000000000000000e+03 2.020000000000000000e+03 5.430000000000000000e+03 4.820000000000000000e+03
1.614005750000000000e+08 2.990000000000000000e+03 2.010000000000000000e+03 5.430000000000000000e+03 4.830000000000000000e+03
1.614007830000000000e+08 2.990000000000000000e+03 2.010000000000000000e+03 5.430000000000000000e+03 4.830000000000000000e+03
1.614009910000000000e+08 2.990000000000000000e+03 2.010000000000000000e+03 5.430000000000000000e+03 4.820000000000000000e+03
1.614011990000000000e+08 2.990000000000000000e+03 2.010000000000000000e+03 5.430000000000000000e+03 4.830000000000000000e+03
1.614014070000000000e+08 2.980000000000000000e+03 2.010000000000000000e+03 5.430000000000000000e+03 4.830000000000000000e+03
1.614016140000000000e+08 2.980000000000000000e+03 2.020000000000000000e+03 5.430000000000000000e+03 4.830000000000000000e+03
1.614018220000000000e+08 2.990000000000000000e+03 2.020000000000000000e+03 5.430000000000000000e+03 4.830000000000000000e+03
1.614020310000000000e+08 2.990000000000000000e+03 2.020000000000000000e+03 5.440000000000000000e+03 4.840000000000000000e+03
1.614022380000000000e+08 2.990000000000000000e+03 2.020000000000000000e+03 5.440000000000000000e+03 4.830000000000000000e+03
1.614024470000000000e+08 2.990000000000000000e+03 2.020000000000000000e+03 5.440000000000000000e+03 4.820000000000000000e+03
1.614026540000000000e+08 2.990000000000000000e+03 2.020000000000000000e+03 5.440000000000000000e+03 4.830000000000000000e+03
1.614028620000000000e+08 2.990000000000000000e+03 2.030000000000000000e+03 5.440000000000000000e+03 4.830000000000000000e+03
1.614030700000000000e+08 2.990000000000000000e+03 2.020000000000000000e+03 5.440000000000000000e+03 4.830000000000000000e+03
1.614032780000000000e+08 2.990000000000000000e+03 2.020000000000000000e+03 5.440000000000000000e+03 4.830000000000000000e+03
1.614034860000000000e+08 2.990000000000000000e+03 2.020000000000000000e+03 5.430000000000000000e+03 4.830000000000000000e+03
1.614036950000000000e+08 2.990000000000000000e+03 2.020000000000000000e+03 5.440000000000000000e+03 4.820000000000000000e+03
1.614039010000000000e+08 3.000000000000000000e+03 2.020000000000000000e+03 5.440000000000000000e+03 4.820000000000000000e+03
1.614041100000000000e+08 2.990000000000000000e+03 2.020000000000000000e+03 5.440000000000000000e+03 4.830000000000000000e+03
1.614043180000000000e+08 2.990000000000000000e+03 2.020000000000000000e+03 5.440000000000000000e+03 4.840000000000000000e+03
1.614045260000000000e+08 2.990000000000000000e+03 2.020000000000000000e+03 5.440000000000000000e+03 4.830000000000000000e+03
1.614047340000000000e+08 2.990000000000000000e+03 2.020000000000000000e+03 5.430000000000000000e+03 4.830000000000000000e+03
1.614049420000000000e+08 3.000000000000000000e+03 2.020000000000000000e+03 5.430000000000000000e+03 4.830000000000000000e+03
1.614051490000000000e+08 3.000000000000000000e+03 2.010000000000000000e+03 5.430000000000000000e+03 4.820000000000000000e+03
1.614053580000000000e+08 3.000000000000000000e+03 2.010000000000000000e+03 5.430000000000000000e+03 4.810000000000000000e+03
1.614055660000000000e+08 2.980000000000000000e+03 2.000000000000000000e+03 5.430000000000000000e+03 4.820000000000000000e+03
1.614057740000000000e+08 2.980000000000000000e+03 1.990000000000000000e+03 5.430000000000000000e+03 4.830000000000000000e+03
1.614059820000000000e+08 2.980000000000000000e+03 2.000000000000000000e+03 5.430000000000000000e+03 4.830000000000000000e+03
1.614061900000000000e+08 2.980000000000000000e+03 2.010000000000000000e+03 5.430000000000000000e+03 4.840000000000000000e+03
1.614063980000000000e+08 2.980000000000000000e+03 2.010000000000000000e+03 5.430000000000000000e+03 4.840000000000000000e+03
1.614066050000000000e+08 2.970000000000000000e+03 2.010000000000000000e+03 5.430000000000000000e+03 4.830000000000000000e+03
1.614068140000000000e+08 2.990000000000000000e+03 2.010000000000000000e+03 5.430000000000000000e+03 4.830000000000000000e+03
1.614070210000000000e+08 2.990000000000000000e+03 2.010000000000000000e+03 5.430000000000000000e+03 4.820000000000000000e+03
1.614072290000000000e+08 2.990000000000000000e+03 2.010000000000000000e+03 5.430000000000000000e+03 4.830000000000000000e+03
1.614074370000000000e+08 3.000000000000000000e+03 2.000000000000000000e+03 5.430000000000000000e+03 4.830000000000000000e+03
1.614076450000000000e+08 3.000000000000000000e+03 2.020000000000000000e+03 5.430000000000000000e+03 4.830000000000000000e+03
1.614078530000000000e+08 3.000000000000000000e+03 2.020000000000000000e+03 5.430000000000000000e+03 4.830000000000000000e+03
1.614080610000000000e+08 2.990000000000000000e+03 2.020000000000000000e+03 5.430000000000000000e+03 4.810000000000000000e+03
1.614082690000000000e+08 2.980000000000000000e+03 2.020000000000000000e+03 5.430000000000000000e+03 4.810000000000000000e+03
1.614084770000000000e+08 2.980000000000000000e+03 2.020000000000000000e+03 5.430000000000000000e+03 4.820000000000000000e+03
1.614086850000000000e+08 2.990000000000000000e+03 2.010000000000000000e+03 5.430000000000000000e+03 4.820000000000000000e+03
1.614088990000000000e+08 3.000000000000000000e+03 2.010000000000000000e+03 5.430000000000000000e+03 4.820000000000000000e+03
1.614091010000000000e+08 3.000000000000000000e+03 2.010000000000000000e+03 5.430000000000000000e+03 4.830000000000000000e+03
1.614093090000000000e+08 3.000000000000000000e+03 2.010000000000000000e+03 5.430000000000000000e+03 4.820000000000000000e+03
1.614095170000000000e+08 2.980000000000000000e+03 2.010000000000000000e+03 5.430000000000000000e+03 4.840000000000000000e+03
1.614097250000000000e+08 2.980000000000000000e+03 2.020000000000000000e+03 5.430000000000000000e+03 4.830000000000000000e+03
1.614099330000000000e+08 2.960000000000000000e+03 2.010000000000000000e+03 5.440000000000000000e+03 4.830000000000000000e+03
1.614101410000000000e+08 2.970000000000000000e+03 2.000000000000000000e+03 5.440000000000000000e+03 4.840000000000000000e+03
1.614103490000000000e+08 2.980000000000000000e+03 2.010000000000000000e+03 5.440000000000000000e+03 4.830000000000000000e+03
1.614105570000000000e+08 2.970000000000000000e+03 2.010000000000000000e+03 5.440000000000000000e+03 4.830000000000000000e+03
1.614107650000000000e+08 2.980000000000000000e+03 2.010000000000000000e+03 5.440000000000000000e+03 4.820000000000000000e+03
1.614109730000000000e+08 2.990000000000000000e+03 2.010000000000000000e+03 5.440000000000000000e+03 4.830000000000000000e+03
1.614111800000000000e+08 3.000000000000000000e+03 2.010000000000000000e+03 5.440000000000000000e+03 4.830000000000000000e+03
1.614113890000000000e+08 2.990000000000000000e+03 2.000000000000000000e+03 5.440000000000000000e+03 4.820000000000000000e+03
1.614115960000000000e+08 3.000000000000000000e+03 2.020000000000000000e+03 5.430000000000000000e+03 4.830000000000000000e+03
1.614118210000000000e+08 3.000000000000000000e+03 2.020000000000000000e+03 5.430000000000000000e+03 4.830000000000000000e+03
1.614120120000000000e+08 3.000000000000000000e+03 2.020000000000000000e+03 5.430000000000000000e+03 4.830000000000000000e+03
1.614122200000000000e+08 3.000000000000000000e+03 2.020000000000000000e+03 5.430000000000000000e+03 4.830000000000000000e+03
1.614124280000000000e+08 2.990000000000000000e+03 2.010000000000000000e+03 5.430000000000000000e+03 4.840000000000000000e+03
1.614126350000000000e+08 3.000000000000000000e+03 2.020000000000000000e+03 5.430000000000000000e+03 4.840000000000000000e+03
1.614128440000000000e+08 3.000000000000000000e+03 2.020000000000000000e+03 5.430000000000000000e+03 4.830000000000000000e+03
1.614130520000000000e+08 3.000000000000000000e+03 2.020000000000000000e+03 5.430000000000000000e+03 4.830000000000000000e+03
