1.619274440000000000e+08 3.770000000000000000e+03 2.070000000000000000e+03 4.920000000000000000e+03 3.690000000000000000e+03
1.619276530000000000e+08 3.770000000000000000e+03 2.070000000000000000e+03 4.920000000000000000e+03 3.700000000000000000e+03
1.619278610000000000e+08 3.770000000000000000e+03 2.080000000000000000e+03 4.930000000000000000e+03 3.700000000000000000e+03
1.619280680000000000e+08 3.770000000000000000e+03 2.080000000000000000e+03 4.940000000000000000e+03 3.700000000000000000e+03
1.619282760000000000e+08 3.760000000000000000e+03 2.070000000000000000e+03 4.940000000000000000e+03 3.690000000000000000e+03
1.619284840000000000e+08 3.760000000000000000e+03 2.070000000000000000e+03 4.950000000000000000e+03 3.690000000000000000e+03
1.619286920000000000e+08 3.750000000000000000e+03 2.070000000000000000e+03 4.940000000000000000e+03 3.690000000000000000e+03
1.619289000000000000e+08 3.750000000000000000e+03 2.070000000000000000e+03 4.940000000000000000e+03 3.690000000000000000e+03
1.619291080000000000e+08 3.750000000000000000e+03 2.080000000000000000e+03 4.940000000000000000e+03 3.690000000000000000e+03
1.619293160000000000e+08 3.760000000000000000e+03 2.070000000000000000e+03 4.940000000000000000e+03 3.690000000000000000e+03
1.619295240000000000e+08 3.770000000000000000e+03 2.050000000000000000e+03 4.940000000000000000e+03 3.690000000000000000e+03
1.619297310000000000e+08 3.770000000000000000e+03 2.050000000000000000e+03 4.940000000000000000e+03 3.690000000000000000e+03
1.619299400000000000e+08 3.760000000000000000e+03 2.050000000000000000e+03 4.940000000000000000e+03 3.690000000000000000e+03
1.619301480000000000e+08 3.760000000000000000e+03 2.060000000000000000e+03 4.940000000000000000e+03 3.690000000000000000e+03
1.619303560000000000e+08 3.760000000000000000e+03 2.060000000000000000e+03 4.950000000000000000e+03 3.690000000000000000e+03
1.619305640000000000e+08 3.760000000000000000e+03 2.060000000000000000e+03 4.960000000000000000e+03 3.690000000000000000e+03
1.619307720000000000e+08 3.760000000000000000e+03 2.060000000000000000e+03 4.960000000000000000e+03 3.690000000000000000e+03
1.619309790000000000e+08 3.750000000000000000e+03 2.060000000000000000e+03 4.950000000000000000e+03 3.700000000000000000e+03
1.619311870000000000e+08 3.750000000000000000e+03 2.060000000000000000e+03 4.950000000000000000e+03 3.700000000000000000e+03
1.619313950000000000e+08 3.750000000000000000e+03 2.070000000000000000e+03 4.950000000000000000e+03 3.700000000000000000e+03
1.619316040000000000e+08 3.760000000000000000e+03 2.070000000000000000e+03 4.950000000000000000e+03 3.700000000000000000e+03
1.619318110000000000e+08 3.770000000000000000e+03 2.070000000000000000e+03 4.950000000000000000e+03 3.700000000000000000e+03
1.619320190000000000e+08 3.780000000000000000e+03 2.070000000000000000e+03 4.950000000000000000e+03 3.700000000000000000e+03
1.619324350000000000e+08 3.780000000000000000e+03 2.070000000000000000e+03 4.940000000000000000e+03 3.690000000000000000e+03
1.619326430000000000e+08 3.770000000000000000e+03 2.070000000000000000e+03 4.930000000000000000e+03 3.700000000000000000e+03
1.619328510000000000e+08 3.770000000000000000e+03 2.070000000000000000e+03 4.930000000000000000e+03 3.700000000000000000e+03
1.619330590000000000e+08 3.770000000000000000e+03 2.060000000000000000e+03 4.930000000000000000e+03 3.700000000000000000e+03
1.619332660000000000e+08 3.750000000000000000e+03 2.070000000000000000e+03 4.930000000000000000e+03 3.700000000000000000e+03
1.619334750000000000e+08 3.750000000000000000e+03 2.070000000000000000e+03 4.930000000000000000e+03 3.710000000000000000e+03
1.619336830000000000e+08 3.760000000000000000e+03 2.070000000000000000e+03 4.930000000000000000e+03 3.710000000000000000e+03
1.619338910000000000e+08 3.750000000000000000e+03 2.070000000000000000e+03 4.940000000000000000e+03 3.710000000000000000e+03
1.619340990000000000e+08 3.750000000000000000e+03 2.070000000000000000e+03 4.930000000000000000e+03 3.710000000000000000e+03
1.619343070000000000e+08 3.750000000000000000e+03 2.070000000000000000e+03 4.940000000000000000e+03 3.710000000000000000e+03
1.619345150000000000e+08 3.750000000000000000e+03 2.070000000000000000e+03 4.940000000000000000e+03 3.710000000000000000e+03
1.619347250000000000e+08 3.750000000000000000e+03 2.070000000000000000e+03 4.940000000000000000e+03 3.700000000000000000e+03
1.619349310000000000e+08 3.750000000000000000e+03 2.070000000000000000e+03 4.950000000000000000e+03 3.700000000000000000e+03
1.619351390000000000e+08 3.750000000000000000e+03 2.070000000000000000e+03 4.950000000000000000e+03 3.700000000000000000e+03
1.619353470000000000e+08 3.750000000000000000e+03 2.080000000000000000e+03 4.950000000000000000e+03 3.690000000000000000e+03
1.619355550000000000e+08 3.760000000000000000e+03 2.080000000000000000e+03 4.950000000000000000e+03 3.680000000000000000e+03
1.619357630000000000e+08 3.760000000000000000e+03 2.080000000000000000e+03 4.950000000000000000e+03 3.680000000000000000e+03
1.619359710000000000e+08 3.750000000000000000e+03 2.070000000000000000e+03 4.950000000000000000e+03 3.690000000000000000e+03
1.619361790000000000e+08 3.760000000000000000e+03 2.070000000000000000e+03 4.940000000000000000e+03 3.700000000000000000e+03
1.619363870000000000e+08 3.750000000000000000e+03 2.070000000000000000e+03 4.930000000000000000e+03 3.700000000000000000e+03
1.619365950000000000e+08 3.760000000000000000e+03 2.070000000000000000e+03 4.930000000000000000e+03 3.690000000000000000e+03
1.619368020000000000e+08 3.760000000000000000e+03 2.070000000000000000e+03 4.920000000000000000e+03 3.700000000000000000e+03
1.619370100000000000e+08 3.770000000000000000e+03 2.070000000000000000e+03 4.930000000000000000e+03 3.700000000000000000e+03
1.619372180000000000e+08 3.770000000000000000e+03 2.070000000000000000e+03 4.930000000000000000e+03 3.690000000000000000e+03
1.619374260000000000e+08 3.770000000000000000e+03 2.070000000000000000e+03 4.930000000000000000e+03 3.690000000000000000e+03
1.619376340000000000e+08 3.760000000000000000e+03 2.070000000000000000e+03 4.930000000000000000e+03 3.700000000000000000e+03
1.619378420000000000e+08 3.760000000000000000e+03 2.060000000000000000e+03 4.930000000000000000e+03 3.700000000000000000e+03
1.619380500000000000e+08 3.760000000000000000e+03 2.060000000000000000e+03 4.920000000000000000e+03 3.700000000000000000e+03
1.619382570000000000e+08 3.770000000000000000e+03 2.050000000000000000e+03 4.920000000000000000e+03 3.700000000000000000e+03
1.619384660000000000e+08 3.770000000000000000e+03 2.050000000000000000e+03 4.930000000000000000e+03 3.700000000000000000e+03
1.619386740000000000e+08 3.760000000000000000e+03 2.050000000000000000e+03 4.940000000000000000e+03 3.700000000000000000e+03
1.619388820000000000e+08 3.770000000000000000e+03 2.050000000000000000e+03 4.940000000000000000e+03 3.700000000000000000e+03
1.619390900000000000e+08 3.770000000000000000e+03 2.060000000000000000e+03 4.940000000000000000e+03 3.700000000000000000e+03
1.619392980000000000e+08 3.760000000000000000e+03 2.060000000000000000e+03 4.940000000000000000e+03 3.700000000000000000e+03
1.619395050000000000e+08 3.770000000000000000e+03 2.070000000000000000e+03 4.950000000000000000e+03 3.700000000000000000e+03
1.619397140000000000e+08 3.770000000000000000e+03 2.070000000000000000e+03 4.950000000000000000e+03 3.700000000000000000e+03
1.619399210000000000e+08 3.760000000000000000e+03 2.070000000000000000e+03 4.940000000000000000e+03 3.700000000000000000e+03
1.619401300000000000e+08 3.760000000000000000e+03 2.060000000000000000e+03 4.940000000000000000e+03 3.700000000000000000e+03
1.619403380000000000e+08 3.760000000000000000e+03 2.070000000000000000e+03 4.940000000000000000e+03 3.700000000000000000e+03
1.619405480000000000e+08 3.760000000000000000e+03 2.070000000000000000e+03 4.950000000000000000e+03 3.690000000000000000e+03
1.619407530000000000e+08 3.750000000000000000e+03 2.070000000000000000e+03 4.950000000000000000e+03 3.690000000000000000e+03
1.619409620000000000e+08 3.760000000000000000e+03 2.070000000000000000e+03 4.940000000000000000e+03 3.690000000000000000e+03
1.619411690000000000e+08 3.760000000000000000e+03 2.070000000000000000e+03 4.940000000000000000e+03 3.690000000000000000e+03
1.619413770000000000e+08 3.750000000000000000e+03 2.070000000000000000e+03 4.940000000000000000e+03 3.690000000000000000e+03
1.619415860000000000e+08 3.760000000000000000e+03 2.070000000000000000e+03 4.950000000000000000e+03 3.690000000000000000e+03
1.619417930000000000e+08 3.760000000000000000e+03 2.070000000000000000e+03 4.940000000000000000e+03 3.690000000000000000e+03
1.619420010000000000e+08 3.760000000000000000e+03 2.070000000000000000e+03 4.940000000000000000e+03 3.690000000000000000e+03
1.619422090000000000e+08 3.750000000000000000e+03 2.070000000000000000e+03 4.940000000000000000e+03 3.690000000000000000e+03
1.619424170000000000e+08 3.750000000000000000e+03 2.070000000000000000e+03 4.950000000000000000e+03 3.690000000000000000e+03
1.619426240000000000e+08 3.760000000000000000e+03 2.070000000000000000e+03 4.950000000000000000e+03 3.690000000000000000e+03
1.619428320000000000e+08 3.760000000000000000e+03 2.070000000000000000e+03 4.940000000000000000e+03 3.680000000000000000e+03
1.619430410000000000e+08 3.760000000000000000e+03 2.070000000000000000e+03 4.940000000000000000e+03 3.690000000000000000e+03
1.619432490000000000e+08 3.760000000000000000e+03 2.070000000000000000e+03 4.940000000000000000e+03 3.690000000000000000e+03
1.619434570000000000e+08 3.760000000000000000e+03 2.070000000000000000e+03 4.940000000000000000e+03 3.690000000000000000e+03
1.619436640000000000e+08 3.760000000000000000e+03 2.070000000000000000e+03 4.940000000000000000e+03 3.690000000000000000e+03
1.619438730000000000e+08 3.760000000000000000e+03 2.070000000000000000e+03 4.930000000000000000e+03 3.690000000000000000e+03
1.619440810000000000e+08 3.760000000000000000e+03 2.070000000000000000e+03 4.930000000000000000e+03 3.690000000000000000e+03
1.619442880000000000e+08 3.760000000000000000e+03 2.070000000000000000e+03 4.930000000000000000e+03 3.690000000000000000e+03
1.619444970000000000e+08 3.760000000000000000e+03 2.070000000000000000e+03 4.920000000000000000e+03 3.690000000000000000e+03
1.619447050000000000e+08 3.760000000000000000e+03 2.070000000000000000e+03 4.920000000000000000e+03 3.680000000000000000e+03
1.619449140000000000e+08 3.760000000000000000e+03 2.070000000000000000e+03 4.920000000000000000e+03 3.680000000000000000e+03
1.619451210000000000e+08 3.760000000000000000e+03 2.070000000000000000e+03 4.920000000000000000e+03 3.680000000000000000e+03
1.619453280000000000e+08 3.760000000000000000e+03 2.070000000000000000e+03 4.930000000000000000e+03 3.680000000000000000e+03
1.619455370000000000e+08 3.750000000000000000e+03 2.070000000000000000e+03 4.940000000000000000e+03 3.680000000000000000e+03
1.619457440000000000e+08 3.750000000000000000e+03 2.070000000000000000e+03 4.940000000000000000e+03 3.680000000000000000e+03
1.619459520000000000e+08 3.750000000000000000e+03 2.070000000000000000e+03 4.940000000000000000e+03 3.680000000000000000e+03
1.619461600000000000e+08 3.750000000000000000e+03 2.070000000000000000e+03 4.940000000000000000e+03 3.680000000000000000e+03
1.619463680000000000e+08 3.760000000000000000e+03 2.070000000000000000e+03 4.940000000000000000e+03 3.680000000000000000e+03
1.619465760000000000e+08 3.760000000000000000e+03 2.070000000000000000e+03 4.940000000000000000e+03 3.680000000000000000e+03
1.619467830000000000e+08 3.760000000000000000e+03 2.070000000000000000e+03 4.940000000000000000e+03 3.680000000000000000e+03
1.619469920000000000e+08 3.760000000000000000e+03 2.070000000000000000e+03 4.940000000000000000e+03 3.680000000000000000e+03
1.619472060000000000e+08 3.780000000000000000e+03 2.070000000000000000e+03 4.940000000000000000e+03 3.680000000000000000e+03
1.619474080000000000e+08 3.770000000000000000e+03 2.070000000000000000e+03 4.940000000000000000e+03 3.690000000000000000e+03
1.619476160000000000e+08 3.770000000000000000e+03 2.070000000000000000e+03 4.940000000000000000e+03 3.690000000000000000e+03
1.619478240000000000e+08 3.770000000000000000e+03 2.070000000000000000e+03 4.940000000000000000e+03 3.700000000000000000e+03
1.619480320000000000e+08 3.770000000000000000e+03 2.070000000000000000e+03 4.940000000000000000e+03 3.690000000000000000e+03
1.619482390000000000e+08 3.760000000000000000e+03 2.070000000000000000e+03 4.950000000000000000e+03 3.690000000000000000e+03
1.619484480000000000e+08 3.760000000000000000e+03 2.070000000000000000e+03 4.940000000000000000e+03 3.690000000000000000e+03
1.619486560000000000e+08 3.760000000000000000e+03 2.070000000000000000e+03 4.940000000000000000e+03 3.690000000000000000e+03
1.619488630000000000e+08 3.760000000000000000e+03 2.070000000000000000e+03 4.940000000000000000e+03 3.690000000000000000e+03
1.619490720000000000e+08 3.760000000000000000e+03 2.070000000000000000e+03 4.930000000000000000e+03 3.690000000000000000e+03
1.619492800000000000e+08 3.770000000000000000e+03 2.070000000000000000e+03 4.920000000000000000e+03 3.680000000000000000e+03
1.619494870000000000e+08 3.770000000000000000e+03 2.070000000000000000e+03 4.920000000000000000e+03 3.680000000000000000e+03
1.619496960000000000e+08 3.770000000000000000e+03 2.080000000000000000e+03 4.930000000000000000e+03 3.690000000000000000e+03
1.619499040000000000e+08 3.770000000000000000e+03 2.080000000000000000e+03 4.920000000000000000e+03 3.690000000000000000e+03
1.619501110000000000e+08 3.770000000000000000e+03 2.070000000000000000e+03 4.930000000000000000e+03 3.690000000000000000e+03
1.619503190000000000e+08 3.770000000000000000e+03 2.070000000000000000e+03 4.930000000000000000e+03 3.690000000000000000e+03
1.619505270000000000e+08 3.780000000000000000e+03 2.070000000000000000e+03 4.920000000000000000e+03 3.700000000000000000e+03
1.619507350000000000e+08 3.770000000000000000e+03 2.070000000000000000e+03 4.920000000000000000e+03 3.700000000000000000e+03
1.619509430000000000e+08 3.780000000000000000e+03 2.070000000000000000e+03 4.930000000000000000e+03 3.700000000000000000e+03
1.619511510000000000e+08 3.780000000000000000e+03 2.070000000000000000e+03 4.940000000000000000e+03 3.700000000000000000e+03
1.619513590000000000e+08 3.770000000000000000e+03 2.070000000000000000e+03 4.940000000000000000e+03 3.700000000000000000e+03
1.619515670000000000e+08 3.770000000000000000e+03 2.070000000000000000e+03 4.950000000000000000e+03 3.700000000000000000e+03
1.619517750000000000e+08 3.770000000000000000e+03 2.080000000000000000e+03 4.940000000000000000e+03 3.690000000000000000e+03
1.619519830000000000e+08 3.770000000000000000e+03 2.070000000000000000e+03 4.950000000000000000e+03 3.690000000000000000e+03
1.619521910000000000e+08 3.770000000000000000e+03 2.070000000000000000e+03 4.950000000000000000e+03 3.690000000000000000e+03
1.619523990000000000e+08 3.770000000000000000e+03 2.070000000000000000e+03 4.950000000000000000e+03 3.690000000000000000e+03
1.619526070000000000e+08 3.770000000000000000e+03 2.070000000000000000e+03 4.940000000000000000e+03 3.700000000000000000e+03
1.619528150000000000e+08 3.770000000000000000e+03 2.070000000000000000e+03 4.940000000000000000e+03 3.690000000000000000e+03
1.619530220000000000e+08 3.770000000000000000e+03 2.070000000000000000e+03 4.950000000000000000e+03 3.690000000000000000e+03
1.619532310000000000e+08 3.770000000000000000e+03 2.070000000000000000e+03 4.950000000000000000e+03 3.690000000000000000e+03
1.619534390000000000e+08 3.770000000000000000e+03 2.070000000000000000e+03 4.950000000000000000e+03 3.690000000000000000e+03
1.619536460000000000e+08 3.770000000000000000e+03 2.070000000000000000e+03 4.950000000000000000e+03 3.680000000000000000e+03
1.619538540000000000e+08 3.770000000000000000e+03 2.070000000000000000e+03 4.940000000000000000e+03 3.680000000000000000e+03
1.619540620000000000e+08 3.770000000000000000e+03 2.070000000000000000e+03 4.950000000000000000e+03 3.680000000000000000e+03
1.619542710000000000e+08 3.770000000000000000e+03 2.070000000000000000e+03 4.950000000000000000e+03 3.680000000000000000e+03
1.619544790000000000e+08 3.770000000000000000e+03 2.070000000000000000e+03 4.950000000000000000e+03 3.680000000000000000e+03
1.619546860000000000e+08 3.770000000000000000e+03 2.070000000000000000e+03 4.950000000000000000e+03 3.690000000000000000e+03
1.619548940000000000e+08 3.770000000000000000e+03 2.070000000000000000e+03 4.960000000000000000e+03 3.690000000000000000e+03
1.619551020000000000e+08 3.780000000000000000e+03 2.070000000000000000e+03 4.960000000000000000e+03 3.690000000000000000e+03
1.619553100000000000e+08 3.780000000000000000e+03 2.070000000000000000e+03 4.960000000000000000e+03 3.690000000000000000e+03
1.619555180000000000e+08 3.760000000000000000e+03 2.070000000000000000e+03 4.950000000000000000e+03 3.690000000000000000e+03
1.619557260000000000e+08 3.760000000000000000e+03 2.070000000000000000e+03 4.930000000000000000e+03 3.690000000000000000e+03
1.619559340000000000e+08 3.770000000000000000e+03 2.070000000000000000e+03 4.930000000000000000e+03 3.690000000000000000e+03
1.619561420000000000e+08 3.770000000000000000e+03 2.070000000000000000e+03 4.940000000000000000e+03 3.690000000000000000e+03
1.619563500000000000e+08 3.770000000000000000e+03 2.060000000000000000e+03 4.940000000000000000e+03 3.690000000000000000e+03
1.619565580000000000e+08 3.770000000000000000e+03 2.060000000000000000e+03 4.950000000000000000e+03 3.690000000000000000e+03
1.619567650000000000e+08 3.770000000000000000e+03 2.060000000000000000e+03 4.940000000000000000e+03 3.690000000000000000e+03
1.619569740000000000e+08 3.760000000000000000e+03 2.050000000000000000e+03 4.930000000000000000e+03 3.690000000000000000e+03
1.619571810000000000e+08 3.760000000000000000e+03 2.050000000000000000e+03 4.930000000000000000e+03 3.690000000000000000e+03
1.619573900000000000e+08 3.760000000000000000e+03 2.050000000000000000e+03 4.940000000000000000e+03 3.690000000000000000e+03
1.619575980000000000e+08 3.760000000000000000e+03 2.050000000000000000e+03 4.940000000000000000e+03 3.690000000000000000e+03
1.619578060000000000e+08 3.750000000000000000e+03 2.050000000000000000e+03 4.940000000000000000e+03 3.690000000000000000e+03
1.619580140000000000e+08 3.760000000000000000e+03 2.050000000000000000e+03 4.940000000000000000e+03 3.690000000000000000e+03
1.619582220000000000e+08 3.760000000000000000e+03 2.060000000000000000e+03 4.930000000000000000e+03 3.690000000000000000e+03
1.619584300000000000e+08 3.760000000000000000e+03 2.060000000000000000e+03 4.940000000000000000e+03 3.690000000000000000e+03
1.619586370000000000e+08 3.770000000000000000e+03 2.060000000000000000e+03 4.950000000000000000e+03 3.690000000000000000e+03
1.619588460000000000e+08 3.770000000000000000e+03 2.070000000000000000e+03 4.950000000000000000e+03 3.690000000000000000e+03
1.619590530000000000e+08 3.760000000000000000e+03 2.070000000000000000e+03 4.950000000000000000e+03 3.690000000000000000e+03
1.619592610000000000e+08 3.770000000000000000e+03 2.070000000000000000e+03 4.950000000000000000e+03 3.690000000000000000e+03
1.619594690000000000e+08 3.770000000000000000e+03 2.070000000000000000e+03 4.950000000000000000e+03 3.690000000000000000e+03
1.619596770000000000e+08 3.770000000000000000e+03 2.070000000000000000e+03 4.950000000000000000e+03 3.700000000000000000e+03
1.619598850000000000e+08 3.770000000000000000e+03 2.060000000000000000e+03 4.940000000000000000e+03 3.700000000000000000e+03
1.620000930000000000e+08 3.770000000000000000e+03 2.060000000000000000e+03 4.940000000000000000e+03 3.700000000000000000e+03
1.620003000000000000e+08 3.760000000000000000e+03 2.060000000000000000e+03 4.940000000000000000e+03 3.700000000000000000e+03
1.620005090000000000e+08 3.760000000000000000e+03 2.060000000000000000e+03 4.940000000000000000e+03 3.700000000000000000e+03
1.620007320000000000e+08 3.750000000000000000e+03 2.070000000000000000e+03 4.940000000000000000e+03 3.690000000000000000e+03
1.620009410000000000e+08 3.750000000000000000e+03 2.070000000000000000e+03 4.950000000000000000e+03 3.690000000000000000e+03
1.620011490000000000e+08 3.750000000000000000e+03 2.070000000000000000e+03 4.950000000000000000e+03 3.690000000000000000e+03
1.620013570000000000e+08 3.750000000000000000e+03 2.070000000000000000e+03 4.950000000000000000e+03 3.690000000000000000e+03
1.620015650000000000e+08 3.750000000000000000e+03 2.070000000000000000e+03 4.950000000000000000e+03 3.690000000000000000e+03
1.620017730000000000e+08 3.760000000000000000e+03 2.070000000000000000e+03 4.940000000000000000e+03 3.700000000000000000e+03
1.620019810000000000e+08 3.770000000000000000e+03 2.070000000000000000e+03 4.940000000000000000e+03 3.700000000000000000e+03
1.620021890000000000e+08 3.760000000000000000e+03 2.070000000000000000e+03 4.950000000000000000e+03 3.700000000000000000e+03
1.620023970000000000e+08 3.770000000000000000e+03 2.070000000000000000e+03 4.950000000000000000e+03 3.700000000000000000e+03
1.620026050000000000e+08 3.770000000000000000e+03 2.080000000000000000e+03 4.940000000000000000e+03 3.700000000000000000e+03
1.620028130000000000e+08 3.770000000000000000e+03 2.080000000000000000e+03 4.940000000000000000e+03 3.700000000000000000e+03
1.620030200000000000e+08 3.770000000000000000e+03 2.070000000000000000e+03 4.940000000000000000e+03 3.700000000000000000e+03
1.620032290000000000e+08 3.770000000000000000e+03 2.070000000000000000e+03 4.940000000000000000e+03 3.700000000000000000e+03
1.620034360000000000e+08 3.770000000000000000e+03 2.070000000000000000e+03 4.940000000000000000e+03 3.700000000000000000e+03
1.620036440000000000e+08 3.770000000000000000e+03 2.070000000000000000e+03 4.930000000000000000e+03 3.700000000000000000e+03
1.620038520000000000e+08 3.760000000000000000e+03 2.070000000000000000e+03 4.930000000000000000e+03 3.690000000000000000e+03
1.620040600000000000e+08 3.760000000000000000e+03 2.070000000000000000e+03 4.930000000000000000e+03 3.700000000000000000e+03
1.620042680000000000e+08 3.760000000000000000e+03 2.070000000000000000e+03 4.930000000000000000e+03 3.710000000000000000e+03
1.620044750000000000e+08 3.760000000000000000e+03 2.070000000000000000e+03 4.940000000000000000e+03 3.710000000000000000e+03
1.620046840000000000e+08 3.760000000000000000e+03 2.060000000000000000e+03 4.950000000000000000e+03 3.710000000000000000e+03
1.620048910000000000e+08 3.770000000000000000e+03 2.060000000000000000e+03 4.950000000000000000e+03 3.700000000000000000e+03
1.620051000000000000e+08 3.770000000000000000e+03 2.060000000000000000e+03 4.950000000000000000e+03 3.700000000000000000e+03
1.620053080000000000e+08 3.770000000000000000e+03 2.060000000000000000e+03 4.950000000000000000e+03 3.700000000000000000e+03
1.620055160000000000e+08 3.760000000000000000e+03 2.060000000000000000e+03 4.950000000000000000e+03 3.690000000000000000e+03
1.620057240000000000e+08 3.760000000000000000e+03 2.070000000000000000e+03 4.950000000000000000e+03 3.690000000000000000e+03
1.620059310000000000e+08 3.760000000000000000e+03 2.070000000000000000e+03 4.960000000000000000e+03 3.690000000000000000e+03
1.620061390000000000e+08 3.770000000000000000e+03 2.070000000000000000e+03 4.960000000000000000e+03 3.690000000000000000e+03
1.620063480000000000e+08 3.760000000000000000e+03 2.070000000000000000e+03 4.950000000000000000e+03 3.690000000000000000e+03
1.620065560000000000e+08 3.760000000000000000e+03 2.070000000000000000e+03 4.950000000000000000e+03 3.690000000000000000e+03
1.620067640000000000e+08 3.760000000000000000e+03 2.070000000000000000e+03 4.950000000000000000e+03 3.690000000000000000e+03
1.620069720000000000e+08 3.760000000000000000e+03 2.070000000000000000e+03 4.960000000000000000e+03 3.690000000000000000e+03
1.620071790000000000e+08 3.770000000000000000e+03 2.070000000000000000e+03 4.970000000000000000e+03 3.690000000000000000e+03
1.620073870000000000e+08 3.770000000000000000e+03 2.070000000000000000e+03 4.960000000000000000e+03 3.690000000000000000e+03
1.620075950000000000e+08 3.770000000000000000e+03 2.080000000000000000e+03 4.960000000000000000e+03 3.700000000000000000e+03
1.620079950000000000e+08 3.770000000000000000e+03 2.080000000000000000e+03 4.960000000000000000e+03 3.710000000000000000e+03
1.620082030000000000e+08 3.770000000000000000e+03 2.070000000000000000e+03 4.960000000000000000e+03 3.710000000000000000e+03
1.620084110000000000e+08 3.760000000000000000e+03 2.070000000000000000e+03 4.950000000000000000e+03 3.710000000000000000e+03
1.620086190000000000e+08 3.770000000000000000e+03 2.070000000000000000e+03 4.950000000000000000e+03 3.710000000000000000e+03
1.620088280000000000e+08 3.770000000000000000e+03 2.070000000000000000e+03 4.950000000000000000e+03 3.710000000000000000e+03
1.620090350000000000e+08 3.770000000000000000e+03 2.070000000000000000e+03 4.950000000000000000e+03 3.710000000000000000e+03
1.620092430000000000e+08 3.770000000000000000e+03 2.070000000000000000e+03 4.940000000000000000e+03 3.720000000000000000e+03
1.620094510000000000e+08 3.770000000000000000e+03 2.070000000000000000e+03 4.940000000000000000e+03 3.720000000000000000e+03
1.620096590000000000e+08 3.770000000000000000e+03 2.070000000000000000e+03 4.940000000000000000e+03 3.710000000000000000e+03
1.620098670000000000e+08 3.770000000000000000e+03 2.060000000000000000e+03 4.940000000000000000e+03 3.710000000000000000e+03
1.620100750000000000e+08 3.770000000000000000e+03 2.060000000000000000e+03 4.940000000000000000e+03 3.710000000000000000e+03
1.620102830000000000e+08 3.760000000000000000e+03 2.060000000000000000e+03 4.930000000000000000e+03 3.710000000000000000e+03
1.620104910000000000e+08 3.780000000000000000e+03 2.070000000000000000e+03 4.920000000000000000e+03 3.700000000000000000e+03
1.620106990000000000e+08 3.770000000000000000e+03 2.070000000000000000e+03 4.930000000000000000e+03 3.690000000000000000e+03
1.620109070000000000e+08 3.750000000000000000e+03 2.070000000000000000e+03 4.930000000000000000e+03 3.690000000000000000e+03
1.620111150000000000e+08 3.760000000000000000e+03 2.070000000000000000e+03 4.940000000000000000e+03 3.700000000000000000e+03
1.620113230000000000e+08 3.760000000000000000e+03 2.070000000000000000e+03 4.940000000000000000e+03 3.700000000000000000e+03
1.620115310000000000e+08 3.750000000000000000e+03 2.070000000000000000e+03 4.950000000000000000e+03 3.710000000000000000e+03
1.620117390000000000e+08 3.750000000000000000e+03 2.060000000000000000e+03 4.940000000000000000e+03 3.710000000000000000e+03
1.620119470000000000e+08 3.770000000000000000e+03 2.050000000000000000e+03 4.940000000000000000e+03 3.710000000000000000e+03
1.620121540000000000e+08 3.770000000000000000e+03 2.060000000000000000e+03 4.930000000000000000e+03 3.720000000000000000e+03
1.620123620000000000e+08 3.770000000000000000e+03 2.060000000000000000e+03 4.940000000000000000e+03 3.720000000000000000e+03
1.620125710000000000e+08 3.770000000000000000e+03 2.060000000000000000e+03 4.940000000000000000e+03 3.720000000000000000e+03
1.620127780000000000e+08 3.770000000000000000e+03 2.060000000000000000e+03 4.940000000000000000e+03 3.710000000000000000e+03
1.620129860000000000e+08 3.770000000000000000e+03 2.060000000000000000e+03 4.950000000000000000e+03 3.700000000000000000e+03
1.620131940000000000e+08 3.770000000000000000e+03 2.060000000000000000e+03 4.950000000000000000e+03 3.700000000000000000e+03
1.620134020000000000e+08 3.780000000000000000e+03 2.060000000000000000e+03 4.950000000000000000e+03 3.700000000000000000e+03
1.620136100000000000e+08 3.780000000000000000e+03 2.070000000000000000e+03 4.950000000000000000e+03 3.700000000000000000e+03
1.620138180000000000e+08 3.770000000000000000e+03 2.070000000000000000e+03 4.940000000000000000e+03 3.700000000000000000e+03
1.620140260000000000e+08 3.770000000000000000e+03 2.070000000000000000e+03 4.940000000000000000e+03 3.700000000000000000e+03
1.620142340000000000e+08 3.780000000000000000e+03 2.070000000000000000e+03 4.950000000000000000e+03 3.700000000000000000e+03
