1.709156940000000000e+08 4.860000000000000000e+03 3.140000000000000000e+03 4.400000000000000000e+03 2.200000000000000000e+03
1.709159010000000000e+08 4.860000000000000000e+03 3.140000000000000000e+03 4.420000000000000000e+03 2.210000000000000000e+03
1.709161060000000000e+08 4.870000000000000000e+03 3.130000000000000000e+03 4.410000000000000000e+03 2.210000000000000000e+03
1.709163170000000000e+08 4.860000000000000000e+03 3.120000000000000000e+03 4.410000000000000000e+03 2.200000000000000000e+03
1.709165680000000000e+08 4.860000000000000000e+03 3.110000000000000000e+03 4.400000000000000000e+03 2.190000000000000000e+03
1.709167310000000000e+08 4.870000000000000000e+03 3.100000000000000000e+03 4.410000000000000000e+03 2.180000000000000000e+03
1.709169410000000000e+08 4.860000000000000000e+03 3.100000000000000000e+03 4.400000000000000000e+03 2.180000000000000000e+03
1.709171490000000000e+08 4.860000000000000000e+03 3.120000000000000000e+03 4.400000000000000000e+03 2.180000000000000000e+03
1.709173570000000000e+08 4.860000000000000000e+03 3.120000000000000000e+03 4.400000000000000000e+03 2.180000000000000000e+03
1.709175520000000000e+08 4.860000000000000000e+03 3.130000000000000000e+03 4.400000000000000000e+03 2.180000000000000000e+03
1.709177720000000000e+08 4.860000000000000000e+03 3.130000000000000000e+03 4.410000000000000000e+03 2.180000000000000000e+03
1.709179800000000000e+08 4.870000000000000000e+03 3.120000000000000000e+03 4.410000000000000000e+03 2.180000000000000000e+03
1.709181890000000000e+08 4.870000000000000000e+03 3.120000000000000000e+03 4.420000000000000000e+03 2.190000000000000000e+03
1.709183970000000000e+08 4.860000000000000000e+03 3.120000000000000000e+03 4.420000000000000000e+03 2.190000000000000000e+03
1.709186050000000000e+08 4.860000000000000000e+03 3.130000000000000000e+03 4.420000000000000000e+03 2.190000000000000000e+03
1.709187980000000000e+08 4.860000000000000000e+03 3.130000000000000000e+03 4.420000000000000000e+03 2.190000000000000000e+03
1.709190210000000000e+08 4.860000000000000000e+03 3.120000000000000000e+03 4.420000000000000000e+03 2.190000000000000000e+03
1.709192150000000000e+08 4.860000000000000000e+03 3.120000000000000000e+03 4.400000000000000000e+03 2.190000000000000000e+03
1.709194360000000000e+08 4.870000000000000000e+03 3.120000000000000000e+03 4.410000000000000000e+03 2.190000000000000000e+03
1.709196410000000000e+08 4.860000000000000000e+03 3.120000000000000000e+03 4.420000000000000000e+03 2.190000000000000000e+03
1.709198380000000000e+08 4.860000000000000000e+03 3.130000000000000000e+03 4.420000000000000000e+03 2.200000000000000000e+03
1.709200590000000000e+08 4.850000000000000000e+03 3.130000000000000000e+03 4.410000000000000000e+03 2.190000000000000000e+03
1.709202670000000000e+08 4.860000000000000000e+03 3.120000000000000000e+03 4.410000000000000000e+03 2.200000000000000000e+03
1.709204720000000000e+08 4.870000000000000000e+03 3.120000000000000000e+03 4.410000000000000000e+03 2.200000000000000000e+03
1.709206840000000000e+08 4.860000000000000000e+03 3.120000000000000000e+03 4.400000000000000000e+03 2.190000000000000000e+03
1.709208890000000000e+08 4.860000000000000000e+03 3.110000000000000000e+03 4.400000000000000000e+03 2.190000000000000000e+03
1.709211000000000000e+08 4.860000000000000000e+03 3.110000000000000000e+03 4.400000000000000000e+03 2.190000000000000000e+03
1.709213080000000000e+08 4.860000000000000000e+03 3.120000000000000000e+03 4.410000000000000000e+03 2.190000000000000000e+03
1.709215120000000000e+08 4.860000000000000000e+03 3.120000000000000000e+03 4.400000000000000000e+03 2.190000000000000000e+03
1.709217240000000000e+08 4.870000000000000000e+03 3.120000000000000000e+03 4.390000000000000000e+03 2.190000000000000000e+03
1.709219300000000000e+08 4.860000000000000000e+03 3.110000000000000000e+03 4.380000000000000000e+03 2.200000000000000000e+03
1.709221330000000000e+08 4.860000000000000000e+03 3.120000000000000000e+03 4.380000000000000000e+03 2.190000000000000000e+03
1.709223470000000000e+08 4.850000000000000000e+03 3.120000000000000000e+03 4.380000000000000000e+03 2.190000000000000000e+03
1.709225480000000000e+08 4.860000000000000000e+03 3.110000000000000000e+03 4.390000000000000000e+03 2.180000000000000000e+03
1.709227640000000000e+08 4.860000000000000000e+03 3.120000000000000000e+03 4.410000000000000000e+03 2.190000000000000000e+03
1.709229720000000000e+08 4.860000000000000000e+03 3.120000000000000000e+03 4.410000000000000000e+03 2.190000000000000000e+03
1.709231700000000000e+08 4.860000000000000000e+03 3.110000000000000000e+03 4.410000000000000000e+03 2.200000000000000000e+03
1.709233850000000000e+08 4.860000000000000000e+03 3.110000000000000000e+03 4.410000000000000000e+03 2.200000000000000000e+03
1.709235960000000000e+08 4.850000000000000000e+03 3.110000000000000000e+03 4.400000000000000000e+03 2.200000000000000000e+03
1.709238010000000000e+08 4.860000000000000000e+03 3.120000000000000000e+03 4.410000000000000000e+03 2.200000000000000000e+03
1.709240110000000000e+08 4.870000000000000000e+03 3.120000000000000000e+03 4.410000000000000000e+03 2.200000000000000000e+03
1.709242290000000000e+08 4.860000000000000000e+03 3.130000000000000000e+03 4.420000000000000000e+03 2.200000000000000000e+03
1.709244210000000000e+08 4.860000000000000000e+03 3.130000000000000000e+03 4.420000000000000000e+03 2.200000000000000000e+03
1.709246310000000000e+08 4.860000000000000000e+03 3.130000000000000000e+03 4.430000000000000000e+03 2.200000000000000000e+03
1.709248330000000000e+08 4.860000000000000000e+03 3.120000000000000000e+03 4.420000000000000000e+03 2.200000000000000000e+03
1.709250400000000000e+08 4.860000000000000000e+03 3.120000000000000000e+03 4.430000000000000000e+03 2.190000000000000000e+03
1.709252580000000000e+08 4.860000000000000000e+03 3.110000000000000000e+03 4.410000000000000000e+03 2.190000000000000000e+03
1.709254600000000000e+08 4.860000000000000000e+03 3.110000000000000000e+03 4.400000000000000000e+03 2.190000000000000000e+03
1.709256760000000000e+08 4.870000000000000000e+03 3.110000000000000000e+03 4.410000000000000000e+03 2.190000000000000000e+03
1.709258820000000000e+08 4.870000000000000000e+03 3.100000000000000000e+03 4.430000000000000000e+03 2.190000000000000000e+03
1.709260910000000000e+08 4.870000000000000000e+03 3.100000000000000000e+03 4.410000000000000000e+03 2.190000000000000000e+03
1.709262890000000000e+08 4.860000000000000000e+03 3.100000000000000000e+03 4.420000000000000000e+03 2.190000000000000000e+03
1.709265070000000000e+08 4.850000000000000000e+03 3.100000000000000000e+03 4.420000000000000000e+03 2.180000000000000000e+03
1.709267120000000000e+08 4.850000000000000000e+03 3.100000000000000000e+03 4.430000000000000000e+03 2.180000000000000000e+03
1.709269220000000000e+08 4.850000000000000000e+03 3.100000000000000000e+03 4.420000000000000000e+03 2.180000000000000000e+03
1.709271310000000000e+08 4.860000000000000000e+03 3.100000000000000000e+03 4.410000000000000000e+03 2.180000000000000000e+03
1.709273290000000000e+08 4.860000000000000000e+03 3.100000000000000000e+03 4.400000000000000000e+03 2.180000000000000000e+03
1.709275470000000000e+08 4.860000000000000000e+03 3.100000000000000000e+03 4.410000000000000000e+03 2.190000000000000000e+03
1.709277550000000000e+08 4.860000000000000000e+03 3.100000000000000000e+03 4.410000000000000000e+03 2.190000000000000000e+03
1.709279630000000000e+08 4.870000000000000000e+03 3.100000000000000000e+03 4.410000000000000000e+03 2.190000000000000000e+03
1.709281710000000000e+08 4.870000000000000000e+03 3.090000000000000000e+03 4.420000000000000000e+03 2.190000000000000000e+03
1.709283800000000000e+08 4.870000000000000000e+03 3.100000000000000000e+03 4.420000000000000000e+03 2.200000000000000000e+03
1.709285830000000000e+08 4.860000000000000000e+03 3.100000000000000000e+03 4.420000000000000000e+03 2.190000000000000000e+03
1.709287810000000000e+08 4.870000000000000000e+03 3.090000000000000000e+03 4.420000000000000000e+03 2.190000000000000000e+03
1.709289880000000000e+08 4.870000000000000000e+03 3.100000000000000000e+03 4.420000000000000000e+03 2.190000000000000000e+03
1.709292110000000000e+08 4.870000000000000000e+03 3.120000000000000000e+03 4.420000000000000000e+03 2.200000000000000000e+03
1.709294140000000000e+08 4.860000000000000000e+03 3.110000000000000000e+03 4.430000000000000000e+03 2.200000000000000000e+03
1.709296140000000000e+08 4.860000000000000000e+03 3.100000000000000000e+03 4.440000000000000000e+03 2.200000000000000000e+03
1.709298310000000000e+08 4.860000000000000000e+03 3.090000000000000000e+03 4.440000000000000000e+03 2.190000000000000000e+03
1.709300360000000000e+08 4.860000000000000000e+03 3.090000000000000000e+03 4.440000000000000000e+03 2.190000000000000000e+03
1.709302380000000000e+08 4.860000000000000000e+03 3.090000000000000000e+03 4.430000000000000000e+03 2.190000000000000000e+03
1.709304450000000000e+08 4.860000000000000000e+03 3.090000000000000000e+03 4.420000000000000000e+03 2.190000000000000000e+03
1.709306520000000000e+08 4.860000000000000000e+03 3.090000000000000000e+03 4.420000000000000000e+03 2.190000000000000000e+03
1.709308750000000000e+08 4.860000000000000000e+03 3.090000000000000000e+03 4.420000000000000000e+03 2.190000000000000000e+03
1.709310830000000000e+08 4.860000000000000000e+03 3.110000000000000000e+03 4.400000000000000000e+03 2.200000000000000000e+03
1.709312920000000000e+08 4.870000000000000000e+03 3.130000000000000000e+03 4.400000000000000000e+03 2.200000000000000000e+03
1.709314890000000000e+08 4.860000000000000000e+03 3.140000000000000000e+03 4.400000000000000000e+03 2.190000000000000000e+03
1.709317150000000000e+08 4.870000000000000000e+03 3.140000000000000000e+03 4.410000000000000000e+03 2.190000000000000000e+03
1.709319120000000000e+08 4.860000000000000000e+03 3.150000000000000000e+03 4.400000000000000000e+03 2.200000000000000000e+03
1.709321230000000000e+08 4.860000000000000000e+03 3.140000000000000000e+03 4.410000000000000000e+03 2.200000000000000000e+03
1.709323310000000000e+08 4.860000000000000000e+03 3.150000000000000000e+03 4.400000000000000000e+03 2.190000000000000000e+03
1.709325350000000000e+08 4.870000000000000000e+03 3.150000000000000000e+03 4.400000000000000000e+03 2.190000000000000000e+03
1.709327330000000000e+08 4.870000000000000000e+03 3.140000000000000000e+03 4.400000000000000000e+03 2.180000000000000000e+03
1.709329540000000000e+08 4.870000000000000000e+03 3.150000000000000000e+03 4.400000000000000000e+03 2.180000000000000000e+03
1.709331560000000000e+08 4.880000000000000000e+03 3.150000000000000000e+03 4.390000000000000000e+03 2.180000000000000000e+03
1.709333570000000000e+08 4.870000000000000000e+03 3.130000000000000000e+03 4.410000000000000000e+03 2.190000000000000000e+03
1.709335780000000000e+08 4.870000000000000000e+03 3.120000000000000000e+03 4.410000000000000000e+03 2.190000000000000000e+03
1.709337840000000000e+08 4.870000000000000000e+03 3.120000000000000000e+03 4.400000000000000000e+03 2.180000000000000000e+03
1.709339980000000000e+08 4.860000000000000000e+03 3.120000000000000000e+03 4.410000000000000000e+03 2.180000000000000000e+03
1.709341940000000000e+08 4.860000000000000000e+03 3.120000000000000000e+03 4.420000000000000000e+03 2.190000000000000000e+03
1.709344100000000000e+08 4.860000000000000000e+03 3.110000000000000000e+03 4.420000000000000000e+03 2.190000000000000000e+03
1.709346120000000000e+08 4.860000000000000000e+03 3.110000000000000000e+03 4.410000000000000000e+03 2.190000000000000000e+03
1.709348210000000000e+08 4.860000000000000000e+03 3.120000000000000000e+03 4.410000000000000000e+03 2.190000000000000000e+03
1.709350270000000000e+08 4.860000000000000000e+03 3.110000000000000000e+03 4.400000000000000000e+03 2.190000000000000000e+03
1.709352380000000000e+08 4.860000000000000000e+03 3.110000000000000000e+03 4.410000000000000000e+03 2.190000000000000000e+03
1.709354490000000000e+08 4.860000000000000000e+03 3.110000000000000000e+03 4.410000000000000000e+03 2.190000000000000000e+03
1.709356480000000000e+08 4.860000000000000000e+03 3.110000000000000000e+03 4.410000000000000000e+03 2.190000000000000000e+03
1.709358540000000000e+08 4.870000000000000000e+03 3.120000000000000000e+03 4.410000000000000000e+03 2.180000000000000000e+03
1.709360710000000000e+08 4.870000000000000000e+03 3.120000000000000000e+03 4.420000000000000000e+03 2.180000000000000000e+03
1.709362800000000000e+08 4.860000000000000000e+03 3.110000000000000000e+03 4.420000000000000000e+03 2.190000000000000000e+03
1.709364850000000000e+08 4.860000000000000000e+03 3.110000000000000000e+03 4.420000000000000000e+03 2.190000000000000000e+03
1.709366850000000000e+08 4.870000000000000000e+03 3.110000000000000000e+03 4.420000000000000000e+03 2.190000000000000000e+03
1.709369050000000000e+08 4.880000000000000000e+03 3.120000000000000000e+03 4.430000000000000000e+03 2.190000000000000000e+03
1.709371130000000000e+08 4.880000000000000000e+03 3.120000000000000000e+03 4.410000000000000000e+03 2.190000000000000000e+03
1.709373220000000000e+08 4.880000000000000000e+03 3.110000000000000000e+03 4.400000000000000000e+03 2.190000000000000000e+03
1.709375300000000000e+08 4.870000000000000000e+03 3.120000000000000000e+03 4.410000000000000000e+03 2.190000000000000000e+03
1.709377320000000000e+08 4.860000000000000000e+03 3.110000000000000000e+03 4.420000000000000000e+03 2.190000000000000000e+03
1.709379380000000000e+08 4.860000000000000000e+03 3.120000000000000000e+03 4.420000000000000000e+03 2.190000000000000000e+03
1.709381410000000000e+08 4.860000000000000000e+03 3.100000000000000000e+03 4.420000000000000000e+03 2.190000000000000000e+03
1.709383570000000000e+08 4.860000000000000000e+03 3.110000000000000000e+03 4.400000000000000000e+03 2.190000000000000000e+03
1.709385600000000000e+08 4.860000000000000000e+03 3.110000000000000000e+03 4.410000000000000000e+03 2.190000000000000000e+03
1.709387770000000000e+08 4.860000000000000000e+03 3.110000000000000000e+03 4.400000000000000000e+03 2.190000000000000000e+03
1.709389810000000000e+08 4.860000000000000000e+03 3.120000000000000000e+03 4.410000000000000000e+03 2.190000000000000000e+03
1.709391810000000000e+08 4.860000000000000000e+03 3.130000000000000000e+03 4.410000000000000000e+03 2.200000000000000000e+03
1.709394620000000000e+08 4.860000000000000000e+03 3.120000000000000000e+03 4.400000000000000000e+03 2.200000000000000000e+03
1.709396080000000000e+08 4.850000000000000000e+03 3.110000000000000000e+03 4.410000000000000000e+03 2.200000000000000000e+03
1.709398130000000000e+08 4.850000000000000000e+03 3.110000000000000000e+03 4.400000000000000000e+03 2.200000000000000000e+03
1.709400240000000000e+08 4.850000000000000000e+03 3.110000000000000000e+03 4.400000000000000000e+03 2.200000000000000000e+03
1.709402310000000000e+08 4.850000000000000000e+03 3.110000000000000000e+03 4.390000000000000000e+03 2.200000000000000000e+03
1.709404410000000000e+08 4.850000000000000000e+03 3.110000000000000000e+03 4.400000000000000000e+03 2.200000000000000000e+03
1.709406380000000000e+08 4.860000000000000000e+03 3.100000000000000000e+03 4.410000000000000000e+03 2.190000000000000000e+03
1.709408590000000000e+08 4.860000000000000000e+03 3.110000000000000000e+03 4.410000000000000000e+03 2.190000000000000000e+03
1.709410610000000000e+08 4.860000000000000000e+03 3.130000000000000000e+03 4.410000000000000000e+03 2.190000000000000000e+03
1.709412670000000000e+08 4.860000000000000000e+03 3.120000000000000000e+03 4.400000000000000000e+03 2.190000000000000000e+03
1.709414780000000000e+08 4.860000000000000000e+03 3.100000000000000000e+03 4.410000000000000000e+03 2.190000000000000000e+03
1.709416870000000000e+08 4.860000000000000000e+03 3.100000000000000000e+03 4.410000000000000000e+03 2.190000000000000000e+03
1.709418880000000000e+08 4.860000000000000000e+03 3.090000000000000000e+03 4.420000000000000000e+03 2.180000000000000000e+03
1.709420940000000000e+08 4.860000000000000000e+03 3.090000000000000000e+03 4.420000000000000000e+03 2.190000000000000000e+03
1.709423090000000000e+08 4.860000000000000000e+03 3.100000000000000000e+03 4.420000000000000000e+03 2.190000000000000000e+03
1.709425070000000000e+08 4.860000000000000000e+03 3.110000000000000000e+03 4.420000000000000000e+03 2.190000000000000000e+03
1.709427230000000000e+08 4.860000000000000000e+03 3.110000000000000000e+03 4.420000000000000000e+03 2.190000000000000000e+03
1.709429240000000000e+08 4.860000000000000000e+03 3.110000000000000000e+03 4.410000000000000000e+03 2.190000000000000000e+03
1.709431390000000000e+08 4.860000000000000000e+03 3.110000000000000000e+03 4.420000000000000000e+03 2.180000000000000000e+03
1.709433400000000000e+08 4.860000000000000000e+03 3.120000000000000000e+03 4.420000000000000000e+03 2.180000000000000000e+03
1.709435500000000000e+08 4.860000000000000000e+03 3.120000000000000000e+03 4.430000000000000000e+03 2.180000000000000000e+03
1.709437620000000000e+08 4.860000000000000000e+03 3.120000000000000000e+03 4.430000000000000000e+03 2.180000000000000000e+03
1.709439750000000000e+08 4.860000000000000000e+03 3.120000000000000000e+03 4.420000000000000000e+03 2.180000000000000000e+03
1.709441820000000000e+08 4.860000000000000000e+03 3.130000000000000000e+03 4.410000000000000000e+03 2.180000000000000000e+03
1.709443870000000000e+08 4.860000000000000000e+03 3.140000000000000000e+03 4.410000000000000000e+03 2.180000000000000000e+03
1.709446000000000000e+08 4.860000000000000000e+03 3.140000000000000000e+03 4.420000000000000000e+03 2.180000000000000000e+03
1.709448050000000000e+08 4.870000000000000000e+03 3.130000000000000000e+03 4.410000000000000000e+03 2.180000000000000000e+03
1.709450160000000000e+08 4.860000000000000000e+03 3.120000000000000000e+03 4.400000000000000000e+03 2.190000000000000000e+03
1.709452230000000000e+08 4.860000000000000000e+03 3.120000000000000000e+03 4.400000000000000000e+03 2.190000000000000000e+03
1.709454190000000000e+08 4.860000000000000000e+03 3.120000000000000000e+03 4.410000000000000000e+03 2.190000000000000000e+03
1.709456390000000000e+08 4.860000000000000000e+03 3.120000000000000000e+03 4.420000000000000000e+03 2.190000000000000000e+03
1.709458480000000000e+08 4.860000000000000000e+03 3.110000000000000000e+03 4.420000000000000000e+03 2.190000000000000000e+03
1.709460490000000000e+08 4.860000000000000000e+03 3.110000000000000000e+03 4.420000000000000000e+03 2.190000000000000000e+03
1.709462510000000000e+08 4.860000000000000000e+03 3.130000000000000000e+03 4.420000000000000000e+03 2.190000000000000000e+03
1.709464680000000000e+08 4.860000000000000000e+03 3.110000000000000000e+03 4.420000000000000000e+03 2.190000000000000000e+03
1.709466720000000000e+08 4.860000000000000000e+03 3.110000000000000000e+03 4.410000000000000000e+03 2.190000000000000000e+03
1.709468730000000000e+08 4.860000000000000000e+03 3.100000000000000000e+03 4.410000000000000000e+03 2.190000000000000000e+03
1.709470960000000000e+08 4.860000000000000000e+03 3.110000000000000000e+03 4.410000000000000000e+03 2.190000000000000000e+03
1.709473030000000000e+08 4.860000000000000000e+03 3.110000000000000000e+03 4.410000000000000000e+03 2.190000000000000000e+03
1.709475120000000000e+08 4.860000000000000000e+03 3.120000000000000000e+03 4.410000000000000000e+03 2.190000000000000000e+03
1.709477080000000000e+08 4.860000000000000000e+03 3.100000000000000000e+03 4.410000000000000000e+03 2.190000000000000000e+03
1.709479280000000000e+08 4.860000000000000000e+03 3.110000000000000000e+03 4.410000000000000000e+03 2.200000000000000000e+03
1.709481210000000000e+08 4.860000000000000000e+03 3.110000000000000000e+03 4.400000000000000000e+03 2.200000000000000000e+03
1.709483430000000000e+08 4.860000000000000000e+03 3.110000000000000000e+03 4.410000000000000000e+03 2.200000000000000000e+03
1.709485380000000000e+08 4.860000000000000000e+03 3.100000000000000000e+03 4.400000000000000000e+03 2.200000000000000000e+03
1.709487590000000000e+08 4.850000000000000000e+03 3.100000000000000000e+03 4.400000000000000000e+03 2.200000000000000000e+03
1.709489600000000000e+08 4.850000000000000000e+03 3.100000000000000000e+03 4.410000000000000000e+03 2.200000000000000000e+03
1.709491630000000000e+08 4.850000000000000000e+03 3.110000000000000000e+03 4.400000000000000000e+03 2.200000000000000000e+03
1.709493830000000000e+08 4.860000000000000000e+03 3.120000000000000000e+03 4.410000000000000000e+03 2.200000000000000000e+03
1.709495790000000000e+08 4.860000000000000000e+03 3.110000000000000000e+03 4.410000000000000000e+03 2.200000000000000000e+03
1.709497890000000000e+08 4.860000000000000000e+03 3.120000000000000000e+03 4.400000000000000000e+03 2.190000000000000000e+03
1.709499940000000000e+08 4.860000000000000000e+03 3.110000000000000000e+03 4.400000000000000000e+03 2.190000000000000000e+03
1.709502060000000000e+08 4.880000000000000000e+03 3.100000000000000000e+03 4.400000000000000000e+03 2.200000000000000000e+03
1.709504150000000000e+08 4.870000000000000000e+03 3.080000000000000000e+03 4.410000000000000000e+03 2.200000000000000000e+03
1.709506260000000000e+08 4.860000000000000000e+03 3.090000000000000000e+03 4.420000000000000000e+03 2.200000000000000000e+03
1.709508350000000000e+08 4.860000000000000000e+03 3.100000000000000000e+03 4.430000000000000000e+03 2.200000000000000000e+03
1.709510360000000000e+08 4.860000000000000000e+03 3.090000000000000000e+03 4.430000000000000000e+03 2.200000000000000000e+03
1.709512390000000000e+08 4.860000000000000000e+03 3.110000000000000000e+03 4.410000000000000000e+03 2.200000000000000000e+03
1.709514520000000000e+08 4.860000000000000000e+03 3.110000000000000000e+03 4.400000000000000000e+03 2.200000000000000000e+03
1.709516700000000000e+08 4.860000000000000000e+03 3.120000000000000000e+03 4.400000000000000000e+03 2.200000000000000000e+03
1.709518710000000000e+08 4.850000000000000000e+03 3.110000000000000000e+03 4.390000000000000000e+03 2.190000000000000000e+03
1.709520880000000000e+08 4.840000000000000000e+03 3.120000000000000000e+03 4.400000000000000000e+03 2.190000000000000000e+03
1.709522880000000000e+08 4.840000000000000000e+03 3.100000000000000000e+03 4.400000000000000000e+03 2.190000000000000000e+03
1.709525010000000000e+08 4.850000000000000000e+03 3.120000000000000000e+03 4.400000000000000000e+03 2.190000000000000000e+03
1.709527070000000000e+08 4.850000000000000000e+03 3.120000000000000000e+03 4.410000000000000000e+03 2.190000000000000000e+03
1.709529190000000000e+08 4.860000000000000000e+03 3.110000000000000000e+03 4.410000000000000000e+03 2.190000000000000000e+03
1.709531180000000000e+08 4.860000000000000000e+03 3.100000000000000000e+03 4.410000000000000000e+03 2.190000000000000000e+03
1.709533230000000000e+08 4.860000000000000000e+03 3.100000000000000000e+03 4.420000000000000000e+03 2.190000000000000000e+03
1.709535420000000000e+08 4.860000000000000000e+03 3.100000000000000000e+03 4.430000000000000000e+03 2.190000000000000000e+03
1.709537500000000000e+08 4.870000000000000000e+03 3.120000000000000000e+03 4.420000000000000000e+03 2.180000000000000000e+03
1.709539550000000000e+08 4.870000000000000000e+03 3.130000000000000000e+03 4.420000000000000000e+03 2.180000000000000000e+03
1.709542250000000000e+08 4.870000000000000000e+03 3.120000000000000000e+03 4.410000000000000000e+03 2.180000000000000000e+03
1.709543720000000000e+08 4.870000000000000000e+03 3.110000000000000000e+03 4.400000000000000000e+03 2.190000000000000000e+03
1.709545830000000000e+08 4.860000000000000000e+03 3.120000000000000000e+03 4.410000000000000000e+03 2.200000000000000000e+03
1.709547810000000000e+08 4.870000000000000000e+03 3.110000000000000000e+03 4.420000000000000000e+03 2.200000000000000000e+03
1.709549830000000000e+08 4.870000000000000000e+03 3.120000000000000000e+03 4.400000000000000000e+03 2.190000000000000000e+03
1.709552070000000000e+08 4.880000000000000000e+03 3.110000000000000000e+03 4.410000000000000000e+03 2.190000000000000000e+03
1.709554050000000000e+08 4.870000000000000000e+03 3.090000000000000000e+03 4.410000000000000000e+03 2.190000000000000000e+03
1.709556220000000000e+08 4.860000000000000000e+03 3.090000000000000000e+03 4.410000000000000000e+03 2.190000000000000000e+03
1.709558200000000000e+08 4.860000000000000000e+03 3.090000000000000000e+03 4.420000000000000000e+03 2.190000000000000000e+03
1.709560390000000000e+08 4.860000000000000000e+03 3.120000000000000000e+03 4.420000000000000000e+03 2.190000000000000000e+03
1.709562450000000000e+08 4.860000000000000000e+03 3.130000000000000000e+03 4.420000000000000000e+03 2.190000000000000000e+03
1.709564540000000000e+08 4.860000000000000000e+03 3.110000000000000000e+03 4.420000000000000000e+03 2.190000000000000000e+03
1.709566500000000000e+08 4.850000000000000000e+03 3.090000000000000000e+03 4.420000000000000000e+03 2.190000000000000000e+03
1.709568570000000000e+08 4.850000000000000000e+03 3.100000000000000000e+03 4.420000000000000000e+03 2.190000000000000000e+03
1.709570640000000000e+08 4.850000000000000000e+03 3.130000000000000000e+03 4.420000000000000000e+03 2.190000000000000000e+03
1.709572820000000000e+08 4.850000000000000000e+03 3.110000000000000000e+03 4.420000000000000000e+03 2.190000000000000000e+03
1.709574940000000000e+08 4.850000000000000000e+03 3.110000000000000000e+03 4.420000000000000000e+03 2.200000000000000000e+03
1.709577080000000000e+08 4.850000000000000000e+03 3.120000000000000000e+03 4.410000000000000000e+03 2.200000000000000000e+03
1.709579100000000000e+08 4.850000000000000000e+03 3.110000000000000000e+03 4.420000000000000000e+03 2.190000000000000000e+03
1.709581160000000000e+08 4.850000000000000000e+03 3.120000000000000000e+03 4.430000000000000000e+03 2.190000000000000000e+03
1.709583230000000000e+08 4.850000000000000000e+03 3.140000000000000000e+03 4.430000000000000000e+03 2.190000000000000000e+03
1.709585330000000000e+08 4.850000000000000000e+03 3.120000000000000000e+03 4.420000000000000000e+03 2.200000000000000000e+03
1.709588090000000000e+08 4.850000000000000000e+03 3.120000000000000000e+03 4.410000000000000000e+03 2.200000000000000000e+03
1.709589460000000000e+08 4.840000000000000000e+03 3.120000000000000000e+03 4.410000000000000000e+03 2.190000000000000000e+03
1.709591580000000000e+08 4.850000000000000000e+03 3.120000000000000000e+03 4.400000000000000000e+03 2.190000000000000000e+03
1.709593650000000000e+08 4.850000000000000000e+03 3.110000000000000000e+03 4.420000000000000000e+03 2.190000000000000000e+03
1.709595680000000000e+08 4.850000000000000000e+03 3.130000000000000000e+03 4.420000000000000000e+03 2.190000000000000000e+03
1.709597690000000000e+08 4.860000000000000000e+03 3.120000000000000000e+03 4.420000000000000000e+03 2.190000000000000000e+03
1.709599880000000000e+08 4.860000000000000000e+03 3.100000000000000000e+03 4.420000000000000000e+03 2.190000000000000000e+03
1.710001960000000000e+08 4.860000000000000000e+03 3.090000000000000000e+03 4.420000000000000000e+03 2.190000000000000000e+03
1.710004050000000000e+08 4.860000000000000000e+03 3.090000000000000000e+03 4.410000000000000000e+03 2.190000000000000000e+03
1.710006120000000000e+08 4.860000000000000000e+03 3.090000000000000000e+03 4.420000000000000000e+03 2.190000000000000000e+03
1.710008190000000000e+08 4.850000000000000000e+03 3.080000000000000000e+03 4.420000000000000000e+03 2.190000000000000000e+03
1.710010280000000000e+08 4.850000000000000000e+03 3.080000000000000000e+03 4.410000000000000000e+03 2.190000000000000000e+03
1.710012370000000000e+08 4.850000000000000000e+03 3.090000000000000000e+03 4.400000000000000000e+03 2.190000000000000000e+03
1.710014450000000000e+08 4.850000000000000000e+03 3.080000000000000000e+03 4.410000000000000000e+03 2.190000000000000000e+03
1.710016530000000000e+08 4.860000000000000000e+03 3.080000000000000000e+03 4.400000000000000000e+03 2.200000000000000000e+03
1.710018460000000000e+08 4.860000000000000000e+03 3.080000000000000000e+03 4.410000000000000000e+03 2.200000000000000000e+03
1.710020560000000000e+08 4.860000000000000000e+03 3.090000000000000000e+03 4.410000000000000000e+03 2.200000000000000000e+03
1.710022770000000000e+08 4.850000000000000000e+03 3.080000000000000000e+03 4.420000000000000000e+03 2.200000000000000000e+03
1.710024740000000000e+08 4.850000000000000000e+03 3.090000000000000000e+03 4.420000000000000000e+03 2.200000000000000000e+03
1.710026920000000000e+08 4.850000000000000000e+03 3.080000000000000000e+03 4.410000000000000000e+03 2.200000000000000000e+03
1.710028950000000000e+08 4.850000000000000000e+03 3.100000000000000000e+03 4.410000000000000000e+03 2.200000000000000000e+03
1.710031070000000000e+08 4.850000000000000000e+03 3.120000000000000000e+03 4.430000000000000000e+03 2.200000000000000000e+03
1.710033160000000000e+08 4.860000000000000000e+03 3.110000000000000000e+03 4.440000000000000000e+03 2.200000000000000000e+03
1.710035250000000000e+08 4.860000000000000000e+03 3.100000000000000000e+03 4.440000000000000000e+03 2.200000000000000000e+03
1.710037320000000000e+08 4.860000000000000000e+03 3.080000000000000000e+03 4.440000000000000000e+03 2.200000000000000000e+03
1.710039410000000000e+08 4.860000000000000000e+03 3.090000000000000000e+03 4.430000000000000000e+03 2.200000000000000000e+03
1.710041650000000000e+08 4.850000000000000000e+03 3.090000000000000000e+03 4.420000000000000000e+03 2.200000000000000000e+03
