1.723394710000000000e+08 4.430000000000000000e+03 7.100000000000000000e+02 6.390000000000000000e+03 4.530000000000000000e+03
1.723396780000000000e+08 4.430000000000000000e+03 7.200000000000000000e+02 6.390000000000000000e+03 4.530000000000000000e+03
1.723398730000000000e+08 4.430000000000000000e+03 7.300000000000000000e+02 6.390000000000000000e+03 4.530000000000000000e+03
1.723400790000000000e+08 4.430000000000000000e+03 7.400000000000000000e+02 6.390000000000000000e+03 4.530000000000000000e+03
1.723403020000000000e+08 4.430000000000000000e+03 7.400000000000000000e+02 6.390000000000000000e+03 4.530000000000000000e+03
1.723405080000000000e+08 4.430000000000000000e+03 7.400000000000000000e+02 6.390000000000000000e+03 4.520000000000000000e+03
1.723407150000000000e+08 4.420000000000000000e+03 7.300000000000000000e+02 6.390000000000000000e+03 4.520000000000000000e+03
1.723409240000000000e+08 4.420000000000000000e+03 7.400000000000000000e+02 6.400000000000000000e+03 4.520000000000000000e+03
1.723411280000000000e+08 4.420000000000000000e+03 7.500000000000000000e+02 6.400000000000000000e+03 4.520000000000000000e+03
1.723413290000000000e+08 4.410000000000000000e+03 7.400000000000000000e+02 6.400000000000000000e+03 4.520000000000000000e+03
1.723415380000000000e+08 4.410000000000000000e+03 7.600000000000000000e+02 6.400000000000000000e+03 4.510000000000000000e+03
1.723417520000000000e+08 4.400000000000000000e+03 7.400000000000000000e+02 6.400000000000000000e+03 4.520000000000000000e+03
1.723419600000000000e+08 4.400000000000000000e+03 7.400000000000000000e+02 6.400000000000000000e+03 4.520000000000000000e+03
1.723421730000000000e+08 4.410000000000000000e+03 7.400000000000000000e+02 6.400000000000000000e+03 4.520000000000000000e+03
1.723423670000000000e+08 4.420000000000000000e+03 7.400000000000000000e+02 6.400000000000000000e+03 4.530000000000000000e+03
1.723425870000000000e+08 4.430000000000000000e+03 7.200000000000000000e+02 6.400000000000000000e+03 4.540000000000000000e+03
1.723427920000000000e+08 4.430000000000000000e+03 7.200000000000000000e+02 6.400000000000000000e+03 4.530000000000000000e+03
1.723430030000000000e+08 4.430000000000000000e+03 7.300000000000000000e+02 6.400000000000000000e+03 4.530000000000000000e+03
1.723432040000000000e+08 4.430000000000000000e+03 7.300000000000000000e+02 6.390000000000000000e+03 4.530000000000000000e+03
1.723434170000000000e+08 4.430000000000000000e+03 7.400000000000000000e+02 6.390000000000000000e+03 4.530000000000000000e+03
1.723436290000000000e+08 4.430000000000000000e+03 7.400000000000000000e+02 6.390000000000000000e+03 4.530000000000000000e+03
1.723438320000000000e+08 4.430000000000000000e+03 7.400000000000000000e+02 6.390000000000000000e+03 4.530000000000000000e+03
1.723440350000000000e+08 4.430000000000000000e+03 7.200000000000000000e+02 6.390000000000000000e+03 4.530000000000000000e+03
1.723442520000000000e+08 4.430000000000000000e+03 7.100000000000000000e+02 6.390000000000000000e+03 4.540000000000000000e+03
1.723444590000000000e+08 4.420000000000000000e+03 7.200000000000000000e+02 6.400000000000000000e+03 4.530000000000000000e+03
1.723446620000000000e+08 4.430000000000000000e+03 7.200000000000000000e+02 6.400000000000000000e+03 4.530000000000000000e+03
1.723448630000000000e+08 4.420000000000000000e+03 7.200000000000000000e+02 6.390000000000000000e+03 4.520000000000000000e+03
1.723450720000000000e+08 4.420000000000000000e+03 7.200000000000000000e+02 6.390000000000000000e+03 4.520000000000000000e+03
1.723452930000000000e+08 4.420000000000000000e+03 7.200000000000000000e+02 6.390000000000000000e+03 4.520000000000000000e+03
1.723454990000000000e+08 4.420000000000000000e+03 7.300000000000000000e+02 6.390000000000000000e+03 4.530000000000000000e+03
1.723457040000000000e+08 4.410000000000000000e+03 7.100000000000000000e+02 6.390000000000000000e+03 4.520000000000000000e+03
1.723459170000000000e+08 4.420000000000000000e+03 7.100000000000000000e+02 6.390000000000000000e+03 4.510000000000000000e+03
1.723461250000000000e+08 4.420000000000000000e+03 7.000000000000000000e+02 6.390000000000000000e+03 4.500000000000000000e+03
1.723463270000000000e+08 4.420000000000000000e+03 7.100000000000000000e+02 6.390000000000000000e+03 4.500000000000000000e+03
1.723465280000000000e+08 4.420000000000000000e+03 7.000000000000000000e+02 6.390000000000000000e+03 4.500000000000000000e+03
1.723467500000000000e+08 4.430000000000000000e+03 7.200000000000000000e+02 6.390000000000000000e+03 4.500000000000000000e+03
1.723469560000000000e+08 4.430000000000000000e+03 7.200000000000000000e+02 6.390000000000000000e+03 4.510000000000000000e+03
1.723471650000000000e+08 4.430000000000000000e+03 7.200000000000000000e+02 6.390000000000000000e+03 4.520000000000000000e+03
1.723473730000000000e+08 4.430000000000000000e+03 7.200000000000000000e+02 6.400000000000000000e+03 4.520000000000000000e+03
1.723475730000000000e+08 4.430000000000000000e+03 7.200000000000000000e+02 6.400000000000000000e+03 4.520000000000000000e+03
1.723477890000000000e+08 4.430000000000000000e+03 7.400000000000000000e+02 6.390000000000000000e+03 4.510000000000000000e+03
1.723479900000000000e+08 4.430000000000000000e+03 7.400000000000000000e+02 6.390000000000000000e+03 4.510000000000000000e+03
1.723481920000000000e+08 4.430000000000000000e+03 7.300000000000000000e+02 6.400000000000000000e+03 4.520000000000000000e+03
1.723484120000000000e+08 4.420000000000000000e+03 7.000000000000000000e+02 6.390000000000000000e+03 4.520000000000000000e+03
1.723486250000000000e+08 4.420000000000000000e+03 7.100000000000000000e+02 6.390000000000000000e+03 4.520000000000000000e+03
1.723488300000000000e+08 4.420000000000000000e+03 7.200000000000000000e+02 6.390000000000000000e+03 4.520000000000000000e+03
1.723490520000000000e+08 4.420000000000000000e+03 7.300000000000000000e+02 6.390000000000000000e+03 4.530000000000000000e+03
1.723492610000000000e+08 4.420000000000000000e+03 7.200000000000000000e+02 6.400000000000000000e+03 4.530000000000000000e+03
1.723494680000000000e+08 4.420000000000000000e+03 7.200000000000000000e+02 6.400000000000000000e+03 4.530000000000000000e+03
1.723496760000000000e+08 4.430000000000000000e+03 7.300000000000000000e+02 6.400000000000000000e+03 4.530000000000000000e+03
1.723498850000000000e+08 4.420000000000000000e+03 7.300000000000000000e+02 6.390000000000000000e+03 4.530000000000000000e+03
1.723500840000000000e+08 4.420000000000000000e+03 7.300000000000000000e+02 6.390000000000000000e+03 4.530000000000000000e+03
1.723502970000000000e+08 4.420000000000000000e+03 7.500000000000000000e+02 6.390000000000000000e+03 4.530000000000000000e+03
1.723504980000000000e+08 4.420000000000000000e+03 7.600000000000000000e+02 6.390000000000000000e+03 4.530000000000000000e+03
1.723507160000000000e+08 4.420000000000000000e+03 7.600000000000000000e+02 6.390000000000000000e+03 4.530000000000000000e+03
1.723509220000000000e+08 4.420000000000000000e+03 7.600000000000000000e+02 6.390000000000000000e+03 4.530000000000000000e+03
1.723511320000000000e+08 4.410000000000000000e+03 7.600000000000000000e+02 6.390000000000000000e+03 4.540000000000000000e+03
1.723513330000000000e+08 4.410000000000000000e+03 7.400000000000000000e+02 6.390000000000000000e+03 4.540000000000000000e+03
1.723515440000000000e+08 4.410000000000000000e+03 7.400000000000000000e+02 6.390000000000000000e+03 4.540000000000000000e+03
1.723517510000000000e+08 4.410000000000000000e+03 7.400000000000000000e+02 6.390000000000000000e+03 4.540000000000000000e+03
1.723519620000000000e+08 4.410000000000000000e+03 7.500000000000000000e+02 6.390000000000000000e+03 4.540000000000000000e+03
1.723521620000000000e+08 4.410000000000000000e+03 7.400000000000000000e+02 6.390000000000000000e+03 4.550000000000000000e+03
1.723523650000000000e+08 4.410000000000000000e+03 7.500000000000000000e+02 6.390000000000000000e+03 4.550000000000000000e+03
1.723525820000000000e+08 4.400000000000000000e+03 7.400000000000000000e+02 6.390000000000000000e+03 4.550000000000000000e+03
1.723527820000000000e+08 4.400000000000000000e+03 7.200000000000000000e+02 6.390000000000000000e+03 4.550000000000000000e+03
1.723530000000000000e+08 4.410000000000000000e+03 7.200000000000000000e+02 6.390000000000000000e+03 4.550000000000000000e+03
1.723532120000000000e+08 4.420000000000000000e+03 7.200000000000000000e+02 6.390000000000000000e+03 4.530000000000000000e+03
1.723534150000000000e+08 4.430000000000000000e+03 7.400000000000000000e+02 6.380000000000000000e+03 4.510000000000000000e+03
1.723536170000000000e+08 4.430000000000000000e+03 7.400000000000000000e+02 6.390000000000000000e+03 4.510000000000000000e+03
1.723538220000000000e+08 4.430000000000000000e+03 7.100000000000000000e+02 6.390000000000000000e+03 4.510000000000000000e+03
1.723540430000000000e+08 4.430000000000000000e+03 7.300000000000000000e+02 6.390000000000000000e+03 4.510000000000000000e+03
1.723542480000000000e+08 4.430000000000000000e+03 7.500000000000000000e+02 6.390000000000000000e+03 4.510000000000000000e+03
1.723544590000000000e+08 4.430000000000000000e+03 7.400000000000000000e+02 6.390000000000000000e+03 4.510000000000000000e+03
1.723546610000000000e+08 4.430000000000000000e+03 7.400000000000000000e+02 6.400000000000000000e+03 4.510000000000000000e+03
1.723548750000000000e+08 4.430000000000000000e+03 7.400000000000000000e+02 6.400000000000000000e+03 4.520000000000000000e+03
1.723550790000000000e+08 4.420000000000000000e+03 7.400000000000000000e+02 6.400000000000000000e+03 4.520000000000000000e+03
1.723552890000000000e+08 4.430000000000000000e+03 7.400000000000000000e+02 6.390000000000000000e+03 4.520000000000000000e+03
1.723554920000000000e+08 4.430000000000000000e+03 7.500000000000000000e+02 6.390000000000000000e+03 4.520000000000000000e+03
1.723556960000000000e+08 4.420000000000000000e+03 7.400000000000000000e+02 6.390000000000000000e+03 4.520000000000000000e+03
1.723559100000000000e+08 4.420000000000000000e+03 7.300000000000000000e+02 6.390000000000000000e+03 4.520000000000000000e+03
1.723561230000000000e+08 4.420000000000000000e+03 7.300000000000000000e+02 6.390000000000000000e+03 4.520000000000000000e+03
1.723563310000000000e+08 4.420000000000000000e+03 7.300000000000000000e+02 6.390000000000000000e+03 4.520000000000000000e+03
1.723565330000000000e+08 4.420000000000000000e+03 7.300000000000000000e+02 6.400000000000000000e+03 4.530000000000000000e+03
1.723567430000000000e+08 4.410000000000000000e+03 7.300000000000000000e+02 6.390000000000000000e+03 4.530000000000000000e+03
1.723569510000000000e+08 4.410000000000000000e+03 7.200000000000000000e+02 6.390000000000000000e+03 4.530000000000000000e+03
1.723571630000000000e+08 4.400000000000000000e+03 7.100000000000000000e+02 6.390000000000000000e+03 4.530000000000000000e+03
1.723573600000000000e+08 4.400000000000000000e+03 7.200000000000000000e+02 6.390000000000000000e+03 4.530000000000000000e+03
1.723575790000000000e+08 4.410000000000000000e+03 7.100000000000000000e+02 6.400000000000000000e+03 4.530000000000000000e+03
1.723577770000000000e+08 4.420000000000000000e+03 7.200000000000000000e+02 6.400000000000000000e+03 4.530000000000000000e+03
1.723579950000000000e+08 4.420000000000000000e+03 7.300000000000000000e+02 6.400000000000000000e+03 4.530000000000000000e+03
1.723582000000000000e+08 4.420000000000000000e+03 7.300000000000000000e+02 6.400000000000000000e+03 4.530000000000000000e+03
1.723584090000000000e+08 4.420000000000000000e+03 7.200000000000000000e+02 6.400000000000000000e+03 4.530000000000000000e+03
1.723586180000000000e+08 4.420000000000000000e+03 7.300000000000000000e+02 6.400000000000000000e+03 4.530000000000000000e+03
1.723588210000000000e+08 4.420000000000000000e+03 7.300000000000000000e+02 6.400000000000000000e+03 4.530000000000000000e+03
1.723590310000000000e+08 4.420000000000000000e+03 7.200000000000000000e+02 6.400000000000000000e+03 4.530000000000000000e+03
1.723592310000000000e+08 4.420000000000000000e+03 7.200000000000000000e+02 6.400000000000000000e+03 4.520000000000000000e+03
1.723594440000000000e+08 4.420000000000000000e+03 7.300000000000000000e+02 6.400000000000000000e+03 4.530000000000000000e+03
1.723596580000000000e+08 4.430000000000000000e+03 7.300000000000000000e+02 6.390000000000000000e+03 4.520000000000000000e+03
1.723598530000000000e+08 4.430000000000000000e+03 7.400000000000000000e+02 6.390000000000000000e+03 4.520000000000000000e+03
1.724000650000000000e+08 4.430000000000000000e+03 7.300000000000000000e+02 6.390000000000000000e+03 4.520000000000000000e+03
1.724003080000000000e+08 4.430000000000000000e+03 7.500000000000000000e+02 6.390000000000000000e+03 4.520000000000000000e+03
1.724004890000000000e+08 4.430000000000000000e+03 7.400000000000000000e+02 6.410000000000000000e+03 4.520000000000000000e+03
1.724006990000000000e+08 4.420000000000000000e+03 7.400000000000000000e+02 6.410000000000000000e+03 4.520000000000000000e+03
1.724009070000000000e+08 4.420000000000000000e+03 7.400000000000000000e+02 6.400000000000000000e+03 4.520000000000000000e+03
1.724011100000000000e+08 4.430000000000000000e+03 7.300000000000000000e+02 6.400000000000000000e+03 4.520000000000000000e+03
1.724013080000000000e+08 4.430000000000000000e+03 7.300000000000000000e+02 6.400000000000000000e+03 4.520000000000000000e+03
1.724015160000000000e+08 4.430000000000000000e+03 7.300000000000000000e+02 6.390000000000000000e+03 4.520000000000000000e+03
1.724017340000000000e+08 4.430000000000000000e+03 7.300000000000000000e+02 6.400000000000000000e+03 4.520000000000000000e+03
1.724019350000000000e+08 4.430000000000000000e+03 7.300000000000000000e+02 6.400000000000000000e+03 4.520000000000000000e+03
1.724021500000000000e+08 4.430000000000000000e+03 7.200000000000000000e+02 6.400000000000000000e+03 4.520000000000000000e+03
1.724023580000000000e+08 4.430000000000000000e+03 7.300000000000000000e+02 6.400000000000000000e+03 4.520000000000000000e+03
1.724025700000000000e+08 4.430000000000000000e+03 7.400000000000000000e+02 6.400000000000000000e+03 4.520000000000000000e+03
1.724027750000000000e+08 4.430000000000000000e+03 7.400000000000000000e+02 6.400000000000000000e+03 4.520000000000000000e+03
1.724029770000000000e+08 4.430000000000000000e+03 7.200000000000000000e+02 6.400000000000000000e+03 4.520000000000000000e+03
1.724031900000000000e+08 4.430000000000000000e+03 7.200000000000000000e+02 6.400000000000000000e+03 4.510000000000000000e+03
1.724033940000000000e+08 4.430000000000000000e+03 7.200000000000000000e+02 6.400000000000000000e+03 4.520000000000000000e+03
1.724036100000000000e+08 4.430000000000000000e+03 7.300000000000000000e+02 6.400000000000000000e+03 4.530000000000000000e+03
1.724038170000000000e+08 4.430000000000000000e+03 7.300000000000000000e+02 6.390000000000000000e+03 4.540000000000000000e+03
1.724040250000000000e+08 4.420000000000000000e+03 7.100000000000000000e+02 6.400000000000000000e+03 4.540000000000000000e+03
1.724042320000000000e+08 4.420000000000000000e+03 7.100000000000000000e+02 6.400000000000000000e+03 4.530000000000000000e+03
1.724044400000000000e+08 4.420000000000000000e+03 7.200000000000000000e+02 6.400000000000000000e+03 4.530000000000000000e+03
1.724046470000000000e+08 4.420000000000000000e+03 7.400000000000000000e+02 6.390000000000000000e+03 4.530000000000000000e+03
1.724048570000000000e+08 4.420000000000000000e+03 7.400000000000000000e+02 6.380000000000000000e+03 4.530000000000000000e+03
1.724050610000000000e+08 4.410000000000000000e+03 7.500000000000000000e+02 6.380000000000000000e+03 4.540000000000000000e+03
1.724052740000000000e+08 4.420000000000000000e+03 7.300000000000000000e+02 6.380000000000000000e+03 4.540000000000000000e+03
1.724054710000000000e+08 4.420000000000000000e+03 7.400000000000000000e+02 6.390000000000000000e+03 4.550000000000000000e+03
1.724056890000000000e+08 4.430000000000000000e+03 7.400000000000000000e+02 6.380000000000000000e+03 4.540000000000000000e+03
1.724058970000000000e+08 4.430000000000000000e+03 7.300000000000000000e+02 6.380000000000000000e+03 4.520000000000000000e+03
1.724061030000000000e+08 4.420000000000000000e+03 7.100000000000000000e+02 6.380000000000000000e+03 4.520000000000000000e+03
1.724063130000000000e+08 4.430000000000000000e+03 7.100000000000000000e+02 6.380000000000000000e+03 4.520000000000000000e+03
1.724065180000000000e+08 4.430000000000000000e+03 7.000000000000000000e+02 6.380000000000000000e+03 4.510000000000000000e+03
1.724067290000000000e+08 4.420000000000000000e+03 6.900000000000000000e+02 6.380000000000000000e+03 4.490000000000000000e+03
1.724069370000000000e+08 4.420000000000000000e+03 6.900000000000000000e+02 6.390000000000000000e+03 4.490000000000000000e+03
1.724071440000000000e+08 4.430000000000000000e+03 7.000000000000000000e+02 6.390000000000000000e+03 4.490000000000000000e+03
1.724073460000000000e+08 4.430000000000000000e+03 7.000000000000000000e+02 6.390000000000000000e+03 4.490000000000000000e+03
1.724075610000000000e+08 4.420000000000000000e+03 7.000000000000000000e+02 6.390000000000000000e+03 4.500000000000000000e+03
1.724077690000000000e+08 4.410000000000000000e+03 7.100000000000000000e+02 6.400000000000000000e+03 4.510000000000000000e+03
1.724079770000000000e+08 4.410000000000000000e+03 7.100000000000000000e+02 6.400000000000000000e+03 4.510000000000000000e+03
1.724081850000000000e+08 4.420000000000000000e+03 7.300000000000000000e+02 6.400000000000000000e+03 4.520000000000000000e+03
1.724083930000000000e+08 4.420000000000000000e+03 7.400000000000000000e+02 6.390000000000000000e+03 4.530000000000000000e+03
1.724086000000000000e+08 4.420000000000000000e+03 7.400000000000000000e+02 6.400000000000000000e+03 4.530000000000000000e+03
1.724088090000000000e+08 4.420000000000000000e+03 7.200000000000000000e+02 6.400000000000000000e+03 4.530000000000000000e+03
1.724090160000000000e+08 4.410000000000000000e+03 7.200000000000000000e+02 6.390000000000000000e+03 4.530000000000000000e+03
1.724092240000000000e+08 4.410000000000000000e+03 7.200000000000000000e+02 6.390000000000000000e+03 4.530000000000000000e+03
1.724094330000000000e+08 4.410000000000000000e+03 7.100000000000000000e+02 6.400000000000000000e+03 4.530000000000000000e+03
1.724096400000000000e+08 4.420000000000000000e+03 7.100000000000000000e+02 6.400000000000000000e+03 4.520000000000000000e+03
1.724098390000000000e+08 4.430000000000000000e+03 7.100000000000000000e+02 6.390000000000000000e+03 4.520000000000000000e+03
1.724100560000000000e+08 4.420000000000000000e+03 7.100000000000000000e+02 6.390000000000000000e+03 4.520000000000000000e+03
1.724102560000000000e+08 4.420000000000000000e+03 7.100000000000000000e+02 6.390000000000000000e+03 4.520000000000000000e+03
1.724104610000000000e+08 4.410000000000000000e+03 7.200000000000000000e+02 6.390000000000000000e+03 4.520000000000000000e+03
1.724106800000000000e+08 4.400000000000000000e+03 7.200000000000000000e+02 6.390000000000000000e+03 4.520000000000000000e+03
1.724108860000000000e+08 4.400000000000000000e+03 7.300000000000000000e+02 6.390000000000000000e+03 4.520000000000000000e+03
1.724110870000000000e+08 4.410000000000000000e+03 7.400000000000000000e+02 6.390000000000000000e+03 4.510000000000000000e+03
1.724113010000000000e+08 4.400000000000000000e+03 7.500000000000000000e+02 6.390000000000000000e+03 4.510000000000000000e+03
1.724115110000000000e+08 4.400000000000000000e+03 7.500000000000000000e+02 6.390000000000000000e+03 4.510000000000000000e+03
1.724117090000000000e+08 4.400000000000000000e+03 7.400000000000000000e+02 6.390000000000000000e+03 4.500000000000000000e+03
1.724119170000000000e+08 4.410000000000000000e+03 7.500000000000000000e+02 6.390000000000000000e+03 4.500000000000000000e+03
1.724121340000000000e+08 4.410000000000000000e+03 7.400000000000000000e+02 6.390000000000000000e+03 4.500000000000000000e+03
1.724123420000000000e+08 4.420000000000000000e+03 7.400000000000000000e+02 6.390000000000000000e+03 4.500000000000000000e+03
1.724125470000000000e+08 4.420000000000000000e+03 7.100000000000000000e+02 6.390000000000000000e+03 4.500000000000000000e+03
1.724127540000000000e+08 4.420000000000000000e+03 7.000000000000000000e+02 6.390000000000000000e+03 4.500000000000000000e+03
1.724129560000000000e+08 4.420000000000000000e+03 7.100000000000000000e+02 6.390000000000000000e+03 4.500000000000000000e+03
1.724131700000000000e+08 4.420000000000000000e+03 7.200000000000000000e+02 6.390000000000000000e+03 4.510000000000000000e+03
1.724133810000000000e+08 4.420000000000000000e+03 7.200000000000000000e+02 6.390000000000000000e+03 4.510000000000000000e+03
1.724135830000000000e+08 4.420000000000000000e+03 7.200000000000000000e+02 6.390000000000000000e+03 4.510000000000000000e+03
1.724137860000000000e+08 4.420000000000000000e+03 7.100000000000000000e+02 6.390000000000000000e+03 4.500000000000000000e+03
1.724140060000000000e+08 4.430000000000000000e+03 7.200000000000000000e+02 6.390000000000000000e+03 4.510000000000000000e+03
1.724142160000000000e+08 4.420000000000000000e+03 7.300000000000000000e+02 6.390000000000000000e+03 4.510000000000000000e+03
1.724144530000000000e+08 4.420000000000000000e+03 7.300000000000000000e+02 6.390000000000000000e+03 4.510000000000000000e+03
1.724146170000000000e+08 4.420000000000000000e+03 7.300000000000000000e+02 6.390000000000000000e+03 4.500000000000000000e+03
1.724148390000000000e+08 4.410000000000000000e+03 7.300000000000000000e+02 6.390000000000000000e+03 4.500000000000000000e+03
1.724150440000000000e+08 4.420000000000000000e+03 7.300000000000000000e+02 6.390000000000000000e+03 4.510000000000000000e+03
1.724152570000000000e+08 4.420000000000000000e+03 7.300000000000000000e+02 6.390000000000000000e+03 4.510000000000000000e+03
1.724154590000000000e+08 4.410000000000000000e+03 7.400000000000000000e+02 6.390000000000000000e+03 4.510000000000000000e+03
1.724156710000000000e+08 4.410000000000000000e+03 7.400000000000000000e+02 6.390000000000000000e+03 4.510000000000000000e+03
1.724158730000000000e+08 4.410000000000000000e+03 7.400000000000000000e+02 6.380000000000000000e+03 4.510000000000000000e+03
1.724160870000000000e+08 4.410000000000000000e+03 7.200000000000000000e+02 6.380000000000000000e+03 4.500000000000000000e+03
1.724162950000000000e+08 4.410000000000000000e+03 7.200000000000000000e+02 6.380000000000000000e+03 4.510000000000000000e+03
1.724165040000000000e+08 4.420000000000000000e+03 7.200000000000000000e+02 6.380000000000000000e+03 4.510000000000000000e+03
1.724166990000000000e+08 4.410000000000000000e+03 7.300000000000000000e+02 6.380000000000000000e+03 4.500000000000000000e+03
1.724169140000000000e+08 4.410000000000000000e+03 7.200000000000000000e+02 6.380000000000000000e+03 4.500000000000000000e+03
1.724171290000000000e+08 4.410000000000000000e+03 7.300000000000000000e+02 6.380000000000000000e+03 4.500000000000000000e+03
1.724173350000000000e+08 4.420000000000000000e+03 7.500000000000000000e+02 6.380000000000000000e+03 4.510000000000000000e+03
1.724175360000000000e+08 4.410000000000000000e+03 7.300000000000000000e+02 6.390000000000000000e+03 4.510000000000000000e+03
1.724177480000000000e+08 4.410000000000000000e+03 7.200000000000000000e+02 6.390000000000000000e+03 4.510000000000000000e+03
1.724179470000000000e+08 4.410000000000000000e+03 7.200000000000000000e+02 6.390000000000000000e+03 4.510000000000000000e+03
1.724181560000000000e+08 4.410000000000000000e+03 7.200000000000000000e+02 6.390000000000000000e+03 4.500000000000000000e+03
1.724183690000000000e+08 4.410000000000000000e+03 7.100000000000000000e+02 6.390000000000000000e+03 4.510000000000000000e+03
1.724185730000000000e+08 4.420000000000000000e+03 7.100000000000000000e+02 6.390000000000000000e+03 4.510000000000000000e+03
1.724187790000000000e+08 4.420000000000000000e+03 7.100000000000000000e+02 6.390000000000000000e+03 4.510000000000000000e+03
1.724189920000000000e+08 4.420000000000000000e+03 7.300000000000000000e+02 6.390000000000000000e+03 4.510000000000000000e+03
1.724192070000000000e+08 4.420000000000000000e+03 7.200000000000000000e+02 6.390000000000000000e+03 4.520000000000000000e+03
1.724194080000000000e+08 4.420000000000000000e+03 7.200000000000000000e+02 6.390000000000000000e+03 4.520000000000000000e+03
1.724196210000000000e+08 4.420000000000000000e+03 7.400000000000000000e+02 6.390000000000000000e+03 4.520000000000000000e+03
1.724198310000000000e+08 4.430000000000000000e+03 7.200000000000000000e+02 6.390000000000000000e+03 4.520000000000000000e+03
1.724200390000000000e+08 4.430000000000000000e+03 7.300000000000000000e+02 6.390000000000000000e+03 4.510000000000000000e+03
1.724202380000000000e+08 4.430000000000000000e+03 7.300000000000000000e+02 6.390000000000000000e+03 4.500000000000000000e+03
1.724204550000000000e+08 4.430000000000000000e+03 7.400000000000000000e+02 6.390000000000000000e+03 4.500000000000000000e+03
1.724206510000000000e+08 4.430000000000000000e+03 7.500000000000000000e+02 6.390000000000000000e+03 4.500000000000000000e+03
1.724208700000000000e+08 4.430000000000000000e+03 7.500000000000000000e+02 6.400000000000000000e+03 4.510000000000000000e+03
1.724210800000000000e+08 4.430000000000000000e+03 7.300000000000000000e+02 6.400000000000000000e+03 4.510000000000000000e+03
1.724212850000000000e+08 4.420000000000000000e+03 7.400000000000000000e+02 6.400000000000000000e+03 4.510000000000000000e+03
1.724214820000000000e+08 4.420000000000000000e+03 7.300000000000000000e+02 6.400000000000000000e+03 4.500000000000000000e+03
1.724217000000000000e+08 4.420000000000000000e+03 7.300000000000000000e+02 6.400000000000000000e+03 4.500000000000000000e+03
1.724219070000000000e+08 4.420000000000000000e+03 7.100000000000000000e+02 6.410000000000000000e+03 4.500000000000000000e+03
1.724223230000000000e+08 4.420000000000000000e+03 7.300000000000000000e+02 6.410000000000000000e+03 4.500000000000000000e+03
1.724225320000000000e+08 4.430000000000000000e+03 7.200000000000000000e+02 6.400000000000000000e+03 4.500000000000000000e+03
1.724227400000000000e+08 4.430000000000000000e+03 7.200000000000000000e+02 6.390000000000000000e+03 4.500000000000000000e+03
1.724229420000000000e+08 4.420000000000000000e+03 7.200000000000000000e+02 6.400000000000000000e+03 4.520000000000000000e+03
1.724231580000000000e+08 4.430000000000000000e+03 7.300000000000000000e+02 6.400000000000000000e+03 4.520000000000000000e+03
1.724233510000000000e+08 4.430000000000000000e+03 7.300000000000000000e+02 6.400000000000000000e+03 4.520000000000000000e+03
1.724235730000000000e+08 4.420000000000000000e+03 7.400000000000000000e+02 6.400000000000000000e+03 4.510000000000000000e+03
1.724237820000000000e+08 4.420000000000000000e+03 7.400000000000000000e+02 6.400000000000000000e+03 4.500000000000000000e+03
1.724239900000000000e+08 4.410000000000000000e+03 7.400000000000000000e+02 6.400000000000000000e+03 4.490000000000000000e+03
1.724241910000000000e+08 4.410000000000000000e+03 7.400000000000000000e+02 6.400000000000000000e+03 4.480000000000000000e+03
1.724244940000000000e+08 4.420000000000000000e+03 7.300000000000000000e+02 6.400000000000000000e+03 4.480000000000000000e+03
1.724246140000000000e+08 4.410000000000000000e+03 7.300000000000000000e+02 6.390000000000000000e+03 4.490000000000000000e+03
1.724248210000000000e+08 4.410000000000000000e+03 7.200000000000000000e+02 6.390000000000000000e+03 4.500000000000000000e+03
1.724250250000000000e+08 4.420000000000000000e+03 7.300000000000000000e+02 6.390000000000000000e+03 4.510000000000000000e+03
1.724252300000000000e+08 4.420000000000000000e+03 7.300000000000000000e+02 6.390000000000000000e+03 4.520000000000000000e+03
1.724254400000000000e+08 4.420000000000000000e+03 7.400000000000000000e+02 6.390000000000000000e+03 4.520000000000000000e+03
1.724256540000000000e+08 4.420000000000000000e+03 7.400000000000000000e+02 6.390000000000000000e+03 4.520000000000000000e+03
1.724258600000000000e+08 4.420000000000000000e+03 7.400000000000000000e+02 6.390000000000000000e+03 4.520000000000000000e+03
1.724260550000000000e+08 4.420000000000000000e+03 7.400000000000000000e+02 6.390000000000000000e+03 4.530000000000000000e+03
1.724262780000000000e+08 4.420000000000000000e+03 7.400000000000000000e+02 6.390000000000000000e+03 4.530000000000000000e+03
1.724264730000000000e+08 4.410000000000000000e+03 7.300000000000000000e+02 6.400000000000000000e+03 4.540000000000000000e+03
1.724266910000000000e+08 4.410000000000000000e+03 7.200000000000000000e+02 6.400000000000000000e+03 4.540000000000000000e+03
1.724268890000000000e+08 4.410000000000000000e+03 7.200000000000000000e+02 6.390000000000000000e+03 4.540000000000000000e+03
1.724271040000000000e+08 4.410000000000000000e+03 7.300000000000000000e+02 6.390000000000000000e+03 4.530000000000000000e+03
1.724273060000000000e+08 4.420000000000000000e+03 7.400000000000000000e+02 6.390000000000000000e+03 4.530000000000000000e+03
1.724275110000000000e+08 4.430000000000000000e+03 7.300000000000000000e+02 6.390000000000000000e+03 4.520000000000000000e+03
1.724277330000000000e+08 4.420000000000000000e+03 7.100000000000000000e+02 6.400000000000000000e+03 4.520000000000000000e+03
1.724279410000000000e+08 4.420000000000000000e+03 7.100000000000000000e+02 6.400000000000000000e+03 4.520000000000000000e+03
1.724281440000000000e+08 4.420000000000000000e+03 7.100000000000000000e+02 6.400000000000000000e+03 4.530000000000000000e+03
1.724283540000000000e+08 4.410000000000000000e+03 7.100000000000000000e+02 6.390000000000000000e+03 4.530000000000000000e+03
1.724285580000000000e+08 4.410000000000000000e+03 7.200000000000000000e+02 6.390000000000000000e+03 4.530000000000000000e+03
1.724287680000000000e+08 4.420000000000000000e+03 7.100000000000000000e+02 6.390000000000000000e+03 4.530000000000000000e+03
1.724289810000000000e+08 4.420000000000000000e+03 7.100000000000000000e+02 6.400000000000000000e+03 4.530000000000000000e+03
1.724291890000000000e+08 4.420000000000000000e+03 7.200000000000000000e+02 6.400000000000000000e+03 4.530000000000000000e+03
1.724293880000000000e+08 4.420000000000000000e+03 7.100000000000000000e+02 6.400000000000000000e+03 4.530000000000000000e+03
1.724296020000000000e+08 4.410000000000000000e+03 7.200000000000000000e+02 6.390000000000000000e+03 4.530000000000000000e+03
1.724298130000000000e+08 4.410000000000000000e+03 7.300000000000000000e+02 6.400000000000000000e+03 4.530000000000000000e+03
1.724300150000000000e+08 4.420000000000000000e+03 7.200000000000000000e+02 6.400000000000000000e+03 4.530000000000000000e+03
1.724302150000000000e+08 4.420000000000000000e+03 7.300000000000000000e+02 6.400000000000000000e+03 4.530000000000000000e+03
1.724304360000000000e+08 4.420000000000000000e+03 7.400000000000000000e+02 6.400000000000000000e+03 4.530000000000000000e+03
1.724306450000000000e+08 4.420000000000000000e+03 7.400000000000000000e+02 6.400000000000000000e+03 4.550000000000000000e+03
1.724308410000000000e+08 4.420000000000000000e+03 7.500000000000000000e+02 6.410000000000000000e+03 4.540000000000000000e+03
1.724310570000000000e+08 4.430000000000000000e+03 7.500000000000000000e+02 6.410000000000000000e+03 4.550000000000000000e+03
1.724312660000000000e+08 4.430000000000000000e+03 7.500000000000000000e+02 6.400000000000000000e+03 4.550000000000000000e+03
1.724314760000000000e+08 4.430000000000000000e+03 7.500000000000000000e+02 6.400000000000000000e+03 4.560000000000000000e+03
1.724316820000000000e+08 4.440000000000000000e+03 7.600000000000000000e+02 6.400000000000000000e+03 4.550000000000000000e+03
1.724318850000000000e+08 4.430000000000000000e+03 7.500000000000000000e+02 6.400000000000000000e+03 4.550000000000000000e+03
1.724321010000000000e+08 4.430000000000000000e+03 7.600000000000000000e+02 6.400000000000000000e+03 4.550000000000000000e+03
1.724323050000000000e+08 4.420000000000000000e+03 7.600000000000000000e+02 6.400000000000000000e+03 4.550000000000000000e+03
1.724325030000000000e+08 4.430000000000000000e+03 7.400000000000000000e+02 6.400000000000000000e+03 4.550000000000000000e+03
1.724327240000000000e+08 4.430000000000000000e+03 7.300000000000000000e+02 6.400000000000000000e+03 4.550000000000000000e+03
1.724329230000000000e+08 4.430000000000000000e+03 7.200000000000000000e+02 6.400000000000000000e+03 4.540000000000000000e+03
1.724331400000000000e+08 4.430000000000000000e+03 7.400000000000000000e+02 6.400000000000000000e+03 4.540000000000000000e+03
1.724333470000000000e+08 4.420000000000000000e+03 7.500000000000000000e+02 6.400000000000000000e+03 4.530000000000000000e+03
1.724335560000000000e+08 4.420000000000000000e+03 7.400000000000000000e+02 6.400000000000000000e+03 4.520000000000000000e+03
1.724337520000000000e+08 4.420000000000000000e+03 7.500000000000000000e+02 6.400000000000000000e+03 4.530000000000000000e+03
1.724339680000000000e+08 4.420000000000000000e+03 7.300000000000000000e+02 6.400000000000000000e+03 4.530000000000000000e+03
1.724341760000000000e+08 4.430000000000000000e+03 7.300000000000000000e+02 6.390000000000000000e+03 4.520000000000000000e+03
1.724345120000000000e+08 4.420000000000000000e+03 7.200000000000000000e+02 6.390000000000000000e+03 4.530000000000000000e+03
1.724345940000000000e+08 4.420000000000000000e+03 7.200000000000000000e+02 6.390000000000000000e+03 4.530000000000000000e+03
1.724348040000000000e+08 4.430000000000000000e+03 7.300000000000000000e+02 6.390000000000000000e+03 4.530000000000000000e+03
1.724349990000000000e+08 4.430000000000000000e+03 7.100000000000000000e+02 6.390000000000000000e+03 4.530000000000000000e+03
1.724352120000000000e+08 4.430000000000000000e+03 7.200000000000000000e+02 6.390000000000000000e+03 4.540000000000000000e+03
1.724354280000000000e+08 4.420000000000000000e+03 7.300000000000000000e+02 6.390000000000000000e+03 4.540000000000000000e+03
1.724356350000000000e+08 4.420000000000000000e+03 7.200000000000000000e+02 6.390000000000000000e+03 4.540000000000000000e+03
1.724358440000000000e+08 4.420000000000000000e+03 7.200000000000000000e+02 6.390000000000000000e+03 4.540000000000000000e+03
1.724360520000000000e+08 4.420000000000000000e+03 7.100000000000000000e+02 6.390000000000000000e+03 4.530000000000000000e+03
