1.737283740000000000e+08 5.630000000000000000e+03 3.590000000000000000e+03 4.690000000000000000e+03 1.370000000000000000e+03
1.737285820000000000e+08 5.630000000000000000e+03 3.580000000000000000e+03 4.690000000000000000e+03 1.370000000000000000e+03
1.737287830000000000e+08 5.630000000000000000e+03 3.570000000000000000e+03 4.690000000000000000e+03 1.370000000000000000e+03
1.737289810000000000e+08 5.630000000000000000e+03 3.570000000000000000e+03 4.690000000000000000e+03 1.360000000000000000e+03
1.737291890000000000e+08 5.630000000000000000e+03 3.580000000000000000e+03 4.690000000000000000e+03 1.360000000000000000e+03
1.737293840000000000e+08 5.630000000000000000e+03 3.590000000000000000e+03 4.690000000000000000e+03 1.370000000000000000e+03
1.737295910000000000e+08 5.630000000000000000e+03 3.590000000000000000e+03 4.690000000000000000e+03 1.350000000000000000e+03
1.737298050000000000e+08 5.620000000000000000e+03 3.570000000000000000e+03 4.690000000000000000e+03 1.350000000000000000e+03
1.737300210000000000e+08 5.620000000000000000e+03 3.570000000000000000e+03 4.680000000000000000e+03 1.360000000000000000e+03
1.737302180000000000e+08 5.620000000000000000e+03 3.580000000000000000e+03 4.690000000000000000e+03 1.350000000000000000e+03
1.737304370000000000e+08 5.620000000000000000e+03 3.590000000000000000e+03 4.690000000000000000e+03 1.370000000000000000e+03
1.737306350000000000e+08 5.620000000000000000e+03 3.590000000000000000e+03 4.690000000000000000e+03 1.370000000000000000e+03
1.737308430000000000e+08 5.620000000000000000e+03 3.590000000000000000e+03 4.690000000000000000e+03 1.360000000000000000e+03
1.737310580000000000e+08 5.610000000000000000e+03 3.590000000000000000e+03 4.690000000000000000e+03 1.360000000000000000e+03
1.737312690000000000e+08 5.610000000000000000e+03 3.590000000000000000e+03 4.690000000000000000e+03 1.350000000000000000e+03
1.737314770000000000e+08 5.610000000000000000e+03 3.590000000000000000e+03 4.690000000000000000e+03 1.360000000000000000e+03
1.737316850000000000e+08 5.620000000000000000e+03 3.590000000000000000e+03 4.690000000000000000e+03 1.380000000000000000e+03
1.737318940000000000e+08 5.620000000000000000e+03 3.590000000000000000e+03 4.700000000000000000e+03 1.370000000000000000e+03
1.737321010000000000e+08 5.620000000000000000e+03 3.590000000000000000e+03 4.700000000000000000e+03 1.370000000000000000e+03
1.737323090000000000e+08 5.630000000000000000e+03 3.600000000000000000e+03 4.690000000000000000e+03 1.380000000000000000e+03
1.737325000000000000e+08 5.630000000000000000e+03 3.590000000000000000e+03 4.690000000000000000e+03 1.360000000000000000e+03
1.737327060000000000e+08 5.620000000000000000e+03 3.580000000000000000e+03 4.680000000000000000e+03 1.360000000000000000e+03
1.737329410000000000e+08 5.620000000000000000e+03 3.580000000000000000e+03 4.680000000000000000e+03 1.350000000000000000e+03
1.737331250000000000e+08 5.620000000000000000e+03 3.580000000000000000e+03 4.690000000000000000e+03 1.350000000000000000e+03
1.737333330000000000e+08 5.620000000000000000e+03 3.580000000000000000e+03 4.690000000000000000e+03 1.350000000000000000e+03
1.737335410000000000e+08 5.620000000000000000e+03 3.580000000000000000e+03 4.690000000000000000e+03 1.350000000000000000e+03
1.737337410000000000e+08 5.620000000000000000e+03 3.580000000000000000e+03 4.680000000000000000e+03 1.360000000000000000e+03
1.737339570000000000e+08 5.620000000000000000e+03 3.580000000000000000e+03 4.690000000000000000e+03 1.350000000000000000e+03
1.737341650000000000e+08 5.620000000000000000e+03 3.580000000000000000e+03 4.690000000000000000e+03 1.340000000000000000e+03
1.737343710000000000e+08 5.620000000000000000e+03 3.570000000000000000e+03 4.690000000000000000e+03 1.340000000000000000e+03
1.737345740000000000e+08 5.650000000000000000e+03 3.570000000000000000e+03 4.690000000000000000e+03 1.360000000000000000e+03
1.737347780000000000e+08 5.640000000000000000e+03 3.570000000000000000e+03 4.690000000000000000e+03 1.360000000000000000e+03
1.737349960000000000e+08 5.630000000000000000e+03 3.580000000000000000e+03 4.680000000000000000e+03 1.350000000000000000e+03
1.737352040000000000e+08 5.630000000000000000e+03 3.580000000000000000e+03 4.670000000000000000e+03 1.370000000000000000e+03
1.737354040000000000e+08 5.640000000000000000e+03 3.580000000000000000e+03 4.680000000000000000e+03 1.360000000000000000e+03
1.737356190000000000e+08 5.640000000000000000e+03 3.580000000000000000e+03 4.680000000000000000e+03 1.370000000000000000e+03
1.737358040000000000e+08 5.630000000000000000e+03 3.580000000000000000e+03 4.690000000000000000e+03 1.350000000000000000e+03
1.737360170000000000e+08 5.630000000000000000e+03 3.580000000000000000e+03 4.690000000000000000e+03 1.350000000000000000e+03
1.737362240000000000e+08 5.640000000000000000e+03 3.580000000000000000e+03 4.690000000000000000e+03 1.340000000000000000e+03
1.737364360000000000e+08 5.630000000000000000e+03 3.580000000000000000e+03 4.690000000000000000e+03 1.350000000000000000e+03
1.737366380000000000e+08 5.630000000000000000e+03 3.580000000000000000e+03 4.690000000000000000e+03 1.370000000000000000e+03
1.737368520000000000e+08 5.630000000000000000e+03 3.590000000000000000e+03 4.690000000000000000e+03 1.370000000000000000e+03
1.737370540000000000e+08 5.630000000000000000e+03 3.590000000000000000e+03 4.690000000000000000e+03 1.360000000000000000e+03
1.737372540000000000e+08 5.620000000000000000e+03 3.600000000000000000e+03 4.690000000000000000e+03 1.360000000000000000e+03
1.737374750000000000e+08 5.630000000000000000e+03 3.590000000000000000e+03 4.690000000000000000e+03 1.380000000000000000e+03
1.737376840000000000e+08 5.630000000000000000e+03 3.590000000000000000e+03 4.690000000000000000e+03 1.360000000000000000e+03
1.737378880000000000e+08 5.640000000000000000e+03 3.590000000000000000e+03 4.690000000000000000e+03 1.360000000000000000e+03
1.737380890000000000e+08 5.650000000000000000e+03 3.590000000000000000e+03 4.690000000000000000e+03 1.370000000000000000e+03
1.737383060000000000e+08 5.650000000000000000e+03 3.580000000000000000e+03 4.690000000000000000e+03 1.370000000000000000e+03
1.737385160000000000e+08 5.640000000000000000e+03 3.570000000000000000e+03 4.690000000000000000e+03 1.360000000000000000e+03
1.737387140000000000e+08 5.640000000000000000e+03 3.570000000000000000e+03 4.690000000000000000e+03 1.370000000000000000e+03
1.737389190000000000e+08 5.640000000000000000e+03 3.590000000000000000e+03 4.680000000000000000e+03 1.370000000000000000e+03
1.737391320000000000e+08 5.630000000000000000e+03 3.590000000000000000e+03 4.680000000000000000e+03 1.370000000000000000e+03
1.737393320000000000e+08 5.630000000000000000e+03 3.590000000000000000e+03 4.690000000000000000e+03 1.370000000000000000e+03
1.737395400000000000e+08 5.630000000000000000e+03 3.580000000000000000e+03 4.690000000000000000e+03 1.360000000000000000e+03
1.737397480000000000e+08 5.620000000000000000e+03 3.580000000000000000e+03 4.690000000000000000e+03 1.370000000000000000e+03
1.737399520000000000e+08 5.620000000000000000e+03 3.590000000000000000e+03 4.690000000000000000e+03 1.380000000000000000e+03
1.737401480000000000e+08 5.620000000000000000e+03 3.580000000000000000e+03 4.690000000000000000e+03 1.380000000000000000e+03
1.737403580000000000e+08 5.620000000000000000e+03 3.580000000000000000e+03 4.690000000000000000e+03 1.390000000000000000e+03
1.737405660000000000e+08 5.620000000000000000e+03 3.580000000000000000e+03 4.690000000000000000e+03 1.380000000000000000e+03
1.737407800000000000e+08 5.630000000000000000e+03 3.580000000000000000e+03 4.690000000000000000e+03 1.380000000000000000e+03
1.737409950000000000e+08 5.630000000000000000e+03 3.590000000000000000e+03 4.690000000000000000e+03 1.380000000000000000e+03
1.737411990000000000e+08 5.640000000000000000e+03 3.590000000000000000e+03 4.690000000000000000e+03 1.380000000000000000e+03
1.737414110000000000e+08 5.640000000000000000e+03 3.590000000000000000e+03 4.690000000000000000e+03 1.380000000000000000e+03
1.737416150000000000e+08 5.630000000000000000e+03 3.580000000000000000e+03 4.680000000000000000e+03 1.360000000000000000e+03
1.737418240000000000e+08 5.630000000000000000e+03 3.580000000000000000e+03 4.680000000000000000e+03 1.370000000000000000e+03
1.737420350000000000e+08 5.620000000000000000e+03 3.580000000000000000e+03 4.690000000000000000e+03 1.360000000000000000e+03
1.737422350000000000e+08 5.630000000000000000e+03 3.580000000000000000e+03 4.690000000000000000e+03 1.370000000000000000e+03
1.737424510000000000e+08 5.630000000000000000e+03 3.580000000000000000e+03 4.690000000000000000e+03 1.350000000000000000e+03
1.737426310000000000e+08 5.630000000000000000e+03 3.580000000000000000e+03 4.690000000000000000e+03 1.360000000000000000e+03
1.737428370000000000e+08 5.640000000000000000e+03 3.580000000000000000e+03 4.690000000000000000e+03 1.350000000000000000e+03
1.737430550000000000e+08 5.630000000000000000e+03 3.580000000000000000e+03 4.690000000000000000e+03 1.350000000000000000e+03
1.737432670000000000e+08 5.620000000000000000e+03 3.580000000000000000e+03 4.690000000000000000e+03 1.360000000000000000e+03
1.737434670000000000e+08 5.630000000000000000e+03 3.570000000000000000e+03 4.690000000000000000e+03 1.350000000000000000e+03
1.737436830000000000e+08 5.640000000000000000e+03 3.570000000000000000e+03 4.690000000000000000e+03 1.350000000000000000e+03
1.737438760000000000e+08 5.630000000000000000e+03 3.570000000000000000e+03 4.690000000000000000e+03 1.360000000000000000e+03
1.737440990000000000e+08 5.630000000000000000e+03 3.580000000000000000e+03 4.690000000000000000e+03 1.350000000000000000e+03
1.737443050000000000e+08 5.630000000000000000e+03 3.580000000000000000e+03 4.690000000000000000e+03 1.350000000000000000e+03
1.737445140000000000e+08 5.640000000000000000e+03 3.580000000000000000e+03 4.680000000000000000e+03 1.340000000000000000e+03
1.737447180000000000e+08 5.630000000000000000e+03 3.580000000000000000e+03 4.690000000000000000e+03 1.350000000000000000e+03
1.737449310000000000e+08 5.630000000000000000e+03 3.570000000000000000e+03 4.700000000000000000e+03 1.340000000000000000e+03
1.737451320000000000e+08 5.630000000000000000e+03 3.570000000000000000e+03 4.700000000000000000e+03 1.350000000000000000e+03
1.737453460000000000e+08 5.640000000000000000e+03 3.570000000000000000e+03 4.690000000000000000e+03 1.360000000000000000e+03
1.737455480000000000e+08 5.640000000000000000e+03 3.580000000000000000e+03 4.690000000000000000e+03 1.350000000000000000e+03
1.737457580000000000e+08 5.630000000000000000e+03 3.580000000000000000e+03 4.690000000000000000e+03 1.350000000000000000e+03
1.737459500000000000e+08 5.630000000000000000e+03 3.580000000000000000e+03 4.690000000000000000e+03 1.360000000000000000e+03
1.737461620000000000e+08 5.630000000000000000e+03 3.580000000000000000e+03 4.690000000000000000e+03 1.370000000000000000e+03
1.737463700000000000e+08 5.620000000000000000e+03 3.580000000000000000e+03 4.690000000000000000e+03 1.370000000000000000e+03
1.737465630000000000e+08 5.620000000000000000e+03 3.590000000000000000e+03 4.690000000000000000e+03 1.360000000000000000e+03
1.737467870000000000e+08 5.620000000000000000e+03 3.580000000000000000e+03 4.690000000000000000e+03 1.360000000000000000e+03
1.737469800000000000e+08 5.630000000000000000e+03 3.590000000000000000e+03 4.680000000000000000e+03 1.380000000000000000e+03
1.737471970000000000e+08 5.630000000000000000e+03 3.580000000000000000e+03 4.680000000000000000e+03 1.360000000000000000e+03
1.737474090000000000e+08 5.640000000000000000e+03 3.580000000000000000e+03 4.680000000000000000e+03 1.370000000000000000e+03
1.737476130000000000e+08 5.640000000000000000e+03 3.580000000000000000e+03 4.680000000000000000e+03 1.350000000000000000e+03
1.737478260000000000e+08 5.640000000000000000e+03 3.580000000000000000e+03 4.680000000000000000e+03 1.350000000000000000e+03
1.737480300000000000e+08 5.640000000000000000e+03 3.580000000000000000e+03 4.680000000000000000e+03 1.350000000000000000e+03
1.737482290000000000e+08 5.630000000000000000e+03 3.570000000000000000e+03 4.690000000000000000e+03 1.360000000000000000e+03
1.737484480000000000e+08 5.630000000000000000e+03 3.570000000000000000e+03 4.690000000000000000e+03 1.370000000000000000e+03
1.737486500000000000e+08 5.630000000000000000e+03 3.570000000000000000e+03 4.690000000000000000e+03 1.370000000000000000e+03
1.737488600000000000e+08 5.650000000000000000e+03 3.570000000000000000e+03 4.690000000000000000e+03 1.370000000000000000e+03
1.737490730000000000e+08 5.630000000000000000e+03 3.580000000000000000e+03 4.680000000000000000e+03 1.370000000000000000e+03
1.737492810000000000e+08 5.620000000000000000e+03 3.580000000000000000e+03 4.670000000000000000e+03 1.380000000000000000e+03
1.737494740000000000e+08 5.630000000000000000e+03 3.580000000000000000e+03 4.690000000000000000e+03 1.380000000000000000e+03
1.737496800000000000e+08 5.630000000000000000e+03 3.580000000000000000e+03 4.690000000000000000e+03 1.370000000000000000e+03
1.737498790000000000e+08 5.650000000000000000e+03 3.570000000000000000e+03 4.690000000000000000e+03 1.370000000000000000e+03
1.737500970000000000e+08 5.650000000000000000e+03 3.580000000000000000e+03 4.690000000000000000e+03 1.370000000000000000e+03
1.737502910000000000e+08 5.640000000000000000e+03 3.580000000000000000e+03 4.690000000000000000e+03 1.360000000000000000e+03
1.737505130000000000e+08 5.650000000000000000e+03 3.580000000000000000e+03 4.690000000000000000e+03 1.370000000000000000e+03
1.737507190000000000e+08 5.640000000000000000e+03 3.590000000000000000e+03 4.690000000000000000e+03 1.350000000000000000e+03
1.737509290000000000e+08 5.630000000000000000e+03 3.590000000000000000e+03 4.700000000000000000e+03 1.360000000000000000e+03
1.737511390000000000e+08 5.630000000000000000e+03 3.590000000000000000e+03 4.700000000000000000e+03 1.370000000000000000e+03
1.737513460000000000e+08 5.620000000000000000e+03 3.590000000000000000e+03 4.700000000000000000e+03 1.360000000000000000e+03
1.737515760000000000e+08 5.620000000000000000e+03 3.590000000000000000e+03 4.700000000000000000e+03 1.370000000000000000e+03
1.737517620000000000e+08 5.640000000000000000e+03 3.590000000000000000e+03 4.700000000000000000e+03 1.360000000000000000e+03
1.737519700000000000e+08 5.630000000000000000e+03 3.590000000000000000e+03 4.700000000000000000e+03 1.360000000000000000e+03
1.737521770000000000e+08 5.630000000000000000e+03 3.600000000000000000e+03 4.690000000000000000e+03 1.370000000000000000e+03
1.737523850000000000e+08 5.630000000000000000e+03 3.600000000000000000e+03 4.690000000000000000e+03 1.360000000000000000e+03
1.737525820000000000e+08 5.630000000000000000e+03 3.600000000000000000e+03 4.690000000000000000e+03 1.360000000000000000e+03
1.737527710000000000e+08 5.630000000000000000e+03 3.590000000000000000e+03 4.700000000000000000e+03 1.370000000000000000e+03
1.737529940000000000e+08 5.620000000000000000e+03 3.580000000000000000e+03 4.700000000000000000e+03 1.370000000000000000e+03
1.737532020000000000e+08 5.620000000000000000e+03 3.580000000000000000e+03 4.700000000000000000e+03 1.370000000000000000e+03
1.737533960000000000e+08 5.630000000000000000e+03 3.580000000000000000e+03 4.700000000000000000e+03 1.350000000000000000e+03
1.737536170000000000e+08 5.620000000000000000e+03 3.580000000000000000e+03 4.700000000000000000e+03 1.340000000000000000e+03
1.737538240000000000e+08 5.610000000000000000e+03 3.580000000000000000e+03 4.690000000000000000e+03 1.360000000000000000e+03
1.737540320000000000e+08 5.610000000000000000e+03 3.590000000000000000e+03 4.690000000000000000e+03 1.370000000000000000e+03
1.737542360000000000e+08 5.610000000000000000e+03 3.580000000000000000e+03 4.690000000000000000e+03 1.360000000000000000e+03
1.737544440000000000e+08 5.620000000000000000e+03 3.580000000000000000e+03 4.700000000000000000e+03 1.360000000000000000e+03
1.737546530000000000e+08 5.620000000000000000e+03 3.590000000000000000e+03 4.690000000000000000e+03 1.370000000000000000e+03
1.737548620000000000e+08 5.620000000000000000e+03 3.590000000000000000e+03 4.690000000000000000e+03 1.370000000000000000e+03
1.737550680000000000e+08 5.620000000000000000e+03 3.580000000000000000e+03 4.690000000000000000e+03 1.370000000000000000e+03
1.737552810000000000e+08 5.630000000000000000e+03 3.590000000000000000e+03 4.690000000000000000e+03 1.370000000000000000e+03
1.737554890000000000e+08 5.650000000000000000e+03 3.600000000000000000e+03 4.690000000000000000e+03 1.380000000000000000e+03
1.737556940000000000e+08 5.640000000000000000e+03 3.590000000000000000e+03 4.690000000000000000e+03 1.370000000000000000e+03
1.737558980000000000e+08 5.630000000000000000e+03 3.590000000000000000e+03 4.690000000000000000e+03 1.370000000000000000e+03
1.737561110000000000e+08 5.630000000000000000e+03 3.590000000000000000e+03 4.700000000000000000e+03 1.360000000000000000e+03
1.737562980000000000e+08 5.650000000000000000e+03 3.590000000000000000e+03 4.700000000000000000e+03 1.350000000000000000e+03
1.737565140000000000e+08 5.640000000000000000e+03 3.590000000000000000e+03 4.710000000000000000e+03 1.360000000000000000e+03
1.737571360000000000e+08 5.640000000000000000e+03 3.600000000000000000e+03 4.700000000000000000e+03 1.340000000000000000e+03
1.737573450000000000e+08 5.650000000000000000e+03 3.600000000000000000e+03 4.700000000000000000e+03 1.360000000000000000e+03
1.737575520000000000e+08 5.650000000000000000e+03 3.600000000000000000e+03 4.700000000000000000e+03 1.360000000000000000e+03
1.737577600000000000e+08 5.650000000000000000e+03 3.590000000000000000e+03 4.700000000000000000e+03 1.360000000000000000e+03
1.737579650000000000e+08 5.650000000000000000e+03 3.590000000000000000e+03 4.700000000000000000e+03 1.360000000000000000e+03
1.737581760000000000e+08 5.650000000000000000e+03 3.600000000000000000e+03 4.690000000000000000e+03 1.370000000000000000e+03
1.737583750000000000e+08 5.650000000000000000e+03 3.600000000000000000e+03 4.690000000000000000e+03 1.360000000000000000e+03
1.737585910000000000e+08 5.660000000000000000e+03 3.600000000000000000e+03 4.680000000000000000e+03 1.350000000000000000e+03
1.737587990000000000e+08 5.660000000000000000e+03 3.600000000000000000e+03 4.690000000000000000e+03 1.370000000000000000e+03
1.737590020000000000e+08 5.660000000000000000e+03 3.590000000000000000e+03 4.700000000000000000e+03 1.370000000000000000e+03
1.737592150000000000e+08 5.650000000000000000e+03 3.580000000000000000e+03 4.700000000000000000e+03 1.360000000000000000e+03
1.737594220000000000e+08 5.650000000000000000e+03 3.590000000000000000e+03 4.700000000000000000e+03 1.370000000000000000e+03
1.737596050000000000e+08 5.660000000000000000e+03 3.580000000000000000e+03 4.700000000000000000e+03 1.370000000000000000e+03
1.737598160000000000e+08 5.650000000000000000e+03 3.580000000000000000e+03 4.700000000000000000e+03 1.380000000000000000e+03
1.738000310000000000e+08 5.640000000000000000e+03 3.580000000000000000e+03 4.690000000000000000e+03 1.370000000000000000e+03
1.738002280000000000e+08 5.640000000000000000e+03 3.580000000000000000e+03 4.690000000000000000e+03 1.370000000000000000e+03
1.738004420000000000e+08 5.650000000000000000e+03 3.580000000000000000e+03 4.690000000000000000e+03 1.380000000000000000e+03
1.738006520000000000e+08 5.650000000000000000e+03 3.590000000000000000e+03 4.690000000000000000e+03 1.390000000000000000e+03
1.738008490000000000e+08 5.650000000000000000e+03 3.600000000000000000e+03 4.690000000000000000e+03 1.390000000000000000e+03
1.738010710000000000e+08 5.650000000000000000e+03 3.600000000000000000e+03 4.690000000000000000e+03 1.400000000000000000e+03
1.738012780000000000e+08 5.650000000000000000e+03 3.580000000000000000e+03 4.690000000000000000e+03 1.400000000000000000e+03
1.738014850000000000e+08 5.650000000000000000e+03 3.580000000000000000e+03 4.690000000000000000e+03 1.400000000000000000e+03
1.738016850000000000e+08 5.640000000000000000e+03 3.580000000000000000e+03 4.680000000000000000e+03 1.390000000000000000e+03
1.738018910000000000e+08 5.640000000000000000e+03 3.580000000000000000e+03 4.680000000000000000e+03 1.390000000000000000e+03
1.738021120000000000e+08 5.640000000000000000e+03 3.580000000000000000e+03 4.680000000000000000e+03 1.390000000000000000e+03
1.738023200000000000e+08 5.630000000000000000e+03 3.590000000000000000e+03 4.690000000000000000e+03 1.380000000000000000e+03
1.738025270000000000e+08 5.630000000000000000e+03 3.590000000000000000e+03 4.690000000000000000e+03 1.390000000000000000e+03
1.738027360000000000e+08 5.630000000000000000e+03 3.580000000000000000e+03 4.690000000000000000e+03 1.400000000000000000e+03
1.738029170000000000e+08 5.630000000000000000e+03 3.590000000000000000e+03 4.690000000000000000e+03 1.400000000000000000e+03
1.738031360000000000e+08 5.620000000000000000e+03 3.580000000000000000e+03 4.700000000000000000e+03 1.380000000000000000e+03
1.738033410000000000e+08 5.620000000000000000e+03 3.580000000000000000e+03 4.700000000000000000e+03 1.370000000000000000e+03
1.738035410000000000e+08 5.620000000000000000e+03 3.580000000000000000e+03 4.700000000000000000e+03 1.370000000000000000e+03
1.738037580000000000e+08 5.630000000000000000e+03 3.580000000000000000e+03 4.700000000000000000e+03 1.370000000000000000e+03
1.738039630000000000e+08 5.630000000000000000e+03 3.580000000000000000e+03 4.700000000000000000e+03 1.360000000000000000e+03
1.738041680000000000e+08 5.650000000000000000e+03 3.570000000000000000e+03 4.710000000000000000e+03 1.370000000000000000e+03
1.738043820000000000e+08 5.640000000000000000e+03 3.580000000000000000e+03 4.710000000000000000e+03 1.370000000000000000e+03
1.738045800000000000e+08 5.640000000000000000e+03 3.580000000000000000e+03 4.700000000000000000e+03 1.370000000000000000e+03
1.738047840000000000e+08 5.650000000000000000e+03 3.580000000000000000e+03 4.680000000000000000e+03 1.370000000000000000e+03
1.738050050000000000e+08 5.640000000000000000e+03 3.570000000000000000e+03 4.680000000000000000e+03 1.350000000000000000e+03
1.738052020000000000e+08 5.630000000000000000e+03 3.570000000000000000e+03 4.680000000000000000e+03 1.370000000000000000e+03
1.738054180000000000e+08 5.630000000000000000e+03 3.570000000000000000e+03 4.680000000000000000e+03 1.360000000000000000e+03
1.738056180000000000e+08 5.620000000000000000e+03 3.570000000000000000e+03 4.680000000000000000e+03 1.350000000000000000e+03
1.738058390000000000e+08 5.620000000000000000e+03 3.570000000000000000e+03 4.680000000000000000e+03 1.350000000000000000e+03
1.738060430000000000e+08 5.640000000000000000e+03 3.570000000000000000e+03 4.690000000000000000e+03 1.350000000000000000e+03
1.738062550000000000e+08 5.640000000000000000e+03 3.570000000000000000e+03 4.690000000000000000e+03 1.360000000000000000e+03
1.738064400000000000e+08 5.630000000000000000e+03 3.570000000000000000e+03 4.690000000000000000e+03 1.350000000000000000e+03
1.738066510000000000e+08 5.630000000000000000e+03 3.570000000000000000e+03 4.680000000000000000e+03 1.350000000000000000e+03
1.738068570000000000e+08 5.640000000000000000e+03 3.570000000000000000e+03 4.690000000000000000e+03 1.360000000000000000e+03
1.738070590000000000e+08 5.640000000000000000e+03 3.570000000000000000e+03 4.680000000000000000e+03 1.350000000000000000e+03
1.738072790000000000e+08 5.630000000000000000e+03 3.570000000000000000e+03 4.680000000000000000e+03 1.360000000000000000e+03
1.738074830000000000e+08 5.650000000000000000e+03 3.580000000000000000e+03 4.690000000000000000e+03 1.380000000000000000e+03
1.738076940000000000e+08 5.640000000000000000e+03 3.590000000000000000e+03 4.690000000000000000e+03 1.380000000000000000e+03
1.738078880000000000e+08 5.640000000000000000e+03 3.590000000000000000e+03 4.690000000000000000e+03 1.390000000000000000e+03
1.738080960000000000e+08 5.620000000000000000e+03 3.590000000000000000e+03 4.690000000000000000e+03 1.370000000000000000e+03
1.738083180000000000e+08 5.620000000000000000e+03 3.590000000000000000e+03 4.700000000000000000e+03 1.380000000000000000e+03
1.738085190000000000e+08 5.620000000000000000e+03 3.600000000000000000e+03 4.700000000000000000e+03 1.390000000000000000e+03
1.738087350000000000e+08 5.620000000000000000e+03 3.590000000000000000e+03 4.690000000000000000e+03 1.390000000000000000e+03
1.738089420000000000e+08 5.630000000000000000e+03 3.580000000000000000e+03 4.690000000000000000e+03 1.390000000000000000e+03
1.738091370000000000e+08 5.650000000000000000e+03 3.580000000000000000e+03 4.690000000000000000e+03 1.390000000000000000e+03
1.738093550000000000e+08 5.640000000000000000e+03 3.590000000000000000e+03 4.680000000000000000e+03 1.390000000000000000e+03
1.738095660000000000e+08 5.640000000000000000e+03 3.590000000000000000e+03 4.680000000000000000e+03 1.400000000000000000e+03
1.738097580000000000e+08 5.640000000000000000e+03 3.590000000000000000e+03 4.680000000000000000e+03 1.400000000000000000e+03
1.738099570000000000e+08 5.630000000000000000e+03 3.590000000000000000e+03 4.680000000000000000e+03 1.390000000000000000e+03
1.738101730000000000e+08 5.640000000000000000e+03 3.590000000000000000e+03 4.680000000000000000e+03 1.390000000000000000e+03
1.738103750000000000e+08 5.640000000000000000e+03 3.590000000000000000e+03 4.690000000000000000e+03 1.390000000000000000e+03
1.738105810000000000e+08 5.640000000000000000e+03 3.600000000000000000e+03 4.680000000000000000e+03 1.390000000000000000e+03
1.738109990000000000e+08 5.640000000000000000e+03 3.590000000000000000e+03 4.690000000000000000e+03 1.400000000000000000e+03
1.738112140000000000e+08 5.640000000000000000e+03 3.580000000000000000e+03 4.690000000000000000e+03 1.380000000000000000e+03
1.738114150000000000e+08 5.650000000000000000e+03 3.590000000000000000e+03 4.690000000000000000e+03 1.380000000000000000e+03
1.738116200000000000e+08 5.650000000000000000e+03 3.580000000000000000e+03 4.690000000000000000e+03 1.370000000000000000e+03
1.738118290000000000e+08 5.640000000000000000e+03 3.580000000000000000e+03 4.680000000000000000e+03 1.390000000000000000e+03
1.738120460000000000e+08 5.640000000000000000e+03 3.580000000000000000e+03 4.680000000000000000e+03 1.400000000000000000e+03
1.738122500000000000e+08 5.630000000000000000e+03 3.590000000000000000e+03 4.680000000000000000e+03 1.410000000000000000e+03
1.738124570000000000e+08 5.630000000000000000e+03 3.580000000000000000e+03 4.680000000000000000e+03 1.410000000000000000e+03
1.738126680000000000e+08 5.630000000000000000e+03 3.590000000000000000e+03 4.680000000000000000e+03 1.410000000000000000e+03
1.738128680000000000e+08 5.630000000000000000e+03 3.590000000000000000e+03 4.680000000000000000e+03 1.410000000000000000e+03
1.738130770000000000e+08 5.650000000000000000e+03 3.590000000000000000e+03 4.680000000000000000e+03 1.410000000000000000e+03
1.738132700000000000e+08 5.650000000000000000e+03 3.600000000000000000e+03 4.680000000000000000e+03 1.410000000000000000e+03
1.738134860000000000e+08 5.660000000000000000e+03 3.590000000000000000e+03 4.680000000000000000e+03 1.400000000000000000e+03
1.738140990000000000e+08 5.650000000000000000e+03 3.580000000000000000e+03 4.700000000000000000e+03 1.390000000000000000e+03
1.738143170000000000e+08 5.650000000000000000e+03 3.590000000000000000e+03 4.700000000000000000e+03 1.400000000000000000e+03
1.738145110000000000e+08 5.640000000000000000e+03 3.580000000000000000e+03 4.700000000000000000e+03 1.390000000000000000e+03
1.738147290000000000e+08 5.630000000000000000e+03 3.580000000000000000e+03 4.700000000000000000e+03 1.380000000000000000e+03
1.738149350000000000e+08 5.640000000000000000e+03 3.570000000000000000e+03 4.690000000000000000e+03 1.380000000000000000e+03
1.738151380000000000e+08 5.640000000000000000e+03 3.570000000000000000e+03 4.690000000000000000e+03 1.380000000000000000e+03
1.738153570000000000e+08 5.640000000000000000e+03 3.580000000000000000e+03 4.690000000000000000e+03 1.380000000000000000e+03
1.738155630000000000e+08 5.640000000000000000e+03 3.590000000000000000e+03 4.680000000000000000e+03 1.370000000000000000e+03
1.738157640000000000e+08 5.650000000000000000e+03 3.580000000000000000e+03 4.680000000000000000e+03 1.380000000000000000e+03
1.738159800000000000e+08 5.640000000000000000e+03 3.590000000000000000e+03 4.680000000000000000e+03 1.380000000000000000e+03
1.738161880000000000e+08 5.630000000000000000e+03 3.580000000000000000e+03 4.680000000000000000e+03 1.390000000000000000e+03
1.738163970000000000e+08 5.630000000000000000e+03 3.570000000000000000e+03 4.680000000000000000e+03 1.390000000000000000e+03
1.738165830000000000e+08 5.640000000000000000e+03 3.570000000000000000e+03 4.680000000000000000e+03 1.410000000000000000e+03
1.738167840000000000e+08 5.640000000000000000e+03 3.580000000000000000e+03 4.680000000000000000e+03 1.410000000000000000e+03
1.738170040000000000e+08 5.640000000000000000e+03 3.580000000000000000e+03 4.680000000000000000e+03 1.410000000000000000e+03
1.738172040000000000e+08 5.650000000000000000e+03 3.580000000000000000e+03 4.680000000000000000e+03 1.400000000000000000e+03
1.738174060000000000e+08 5.650000000000000000e+03 3.580000000000000000e+03 4.690000000000000000e+03 1.390000000000000000e+03
1.738176290000000000e+08 5.650000000000000000e+03 3.580000000000000000e+03 4.690000000000000000e+03 1.400000000000000000e+03
1.738178220000000000e+08 5.640000000000000000e+03 3.590000000000000000e+03 4.690000000000000000e+03 1.380000000000000000e+03
1.738180440000000000e+08 5.650000000000000000e+03 3.590000000000000000e+03 4.690000000000000000e+03 1.380000000000000000e+03
1.738182520000000000e+08 5.640000000000000000e+03 3.580000000000000000e+03 4.690000000000000000e+03 1.370000000000000000e+03
1.738184600000000000e+08 5.640000000000000000e+03 3.580000000000000000e+03 4.690000000000000000e+03 1.380000000000000000e+03
1.738186680000000000e+08 5.640000000000000000e+03 3.590000000000000000e+03 4.700000000000000000e+03 1.390000000000000000e+03
1.738188720000000000e+08 5.640000000000000000e+03 3.590000000000000000e+03 4.710000000000000000e+03 1.390000000000000000e+03
1.738190840000000000e+08 5.640000000000000000e+03 3.590000000000000000e+03 4.710000000000000000e+03 1.390000000000000000e+03
1.738192940000000000e+08 5.630000000000000000e+03 3.580000000000000000e+03 4.710000000000000000e+03 1.380000000000000000e+03
1.738195010000000000e+08 5.630000000000000000e+03 3.590000000000000000e+03 4.700000000000000000e+03 1.380000000000000000e+03
1.738197080000000000e+08 5.630000000000000000e+03 3.580000000000000000e+03 4.700000000000000000e+03 1.370000000000000000e+03
1.738199170000000000e+08 5.630000000000000000e+03 3.570000000000000000e+03 4.700000000000000000e+03 1.390000000000000000e+03
