1.002109600000000000e+08 4.100000000000000000e+03 5.600000000000000000e+03 1.340000000000000000e+03 4.090000000000000000e+03
1.002111680000000000e+08 4.100000000000000000e+03 5.620000000000000000e+03 1.330000000000000000e+03 4.100000000000000000e+03
1.002113760000000000e+08 4.090000000000000000e+03 5.620000000000000000e+03 1.340000000000000000e+03 4.100000000000000000e+03
1.002115840000000000e+08 4.090000000000000000e+03 5.640000000000000000e+03 1.330000000000000000e+03 4.090000000000000000e+03
1.002117920000000000e+08 4.100000000000000000e+03 5.640000000000000000e+03 1.320000000000000000e+03 4.090000000000000000e+03
1.002120000000000000e+08 4.110000000000000000e+03 5.640000000000000000e+03 1.320000000000000000e+03 4.090000000000000000e+03
1.002122080000000000e+08 4.110000000000000000e+03 5.630000000000000000e+03 1.330000000000000000e+03 4.090000000000000000e+03
1.002124160000000000e+08 4.110000000000000000e+03 5.630000000000000000e+03 1.330000000000000000e+03 4.090000000000000000e+03
1.002126230000000000e+08 4.100000000000000000e+03 5.620000000000000000e+03 1.320000000000000000e+03 4.090000000000000000e+03
1.002128320000000000e+08 4.100000000000000000e+03 5.640000000000000000e+03 1.320000000000000000e+03 4.090000000000000000e+03
1.002130400000000000e+08 4.100000000000000000e+03 5.650000000000000000e+03 1.320000000000000000e+03 4.090000000000000000e+03
1.002132480000000000e+08 4.100000000000000000e+03 5.640000000000000000e+03 1.320000000000000000e+03 4.100000000000000000e+03
1.002134560000000000e+08 4.100000000000000000e+03 5.650000000000000000e+03 1.320000000000000000e+03 4.090000000000000000e+03
1.002136650000000000e+08 4.090000000000000000e+03 5.650000000000000000e+03 1.320000000000000000e+03 4.080000000000000000e+03
1.002138720000000000e+08 4.100000000000000000e+03 5.650000000000000000e+03 1.320000000000000000e+03 4.080000000000000000e+03
1.002140800000000000e+08 4.100000000000000000e+03 5.630000000000000000e+03 1.310000000000000000e+03 4.080000000000000000e+03
1.002142880000000000e+08 4.100000000000000000e+03 5.640000000000000000e+03 1.310000000000000000e+03 4.090000000000000000e+03
1.002144960000000000e+08 4.090000000000000000e+03 5.640000000000000000e+03 1.310000000000000000e+03 4.090000000000000000e+03
1.002149110000000000e+08 4.090000000000000000e+03 5.640000000000000000e+03 1.310000000000000000e+03 7.000000000000000000e+01
1.002151210000000000e+08 4.090000000000000000e+03 5.640000000000000000e+03 1.310000000000000000e+03 4.080000000000000000e+03
1.002153270000000000e+08 4.090000000000000000e+03 5.630000000000000000e+03 1.310000000000000000e+03 4.080000000000000000e+03
1.002155350000000000e+08 4.090000000000000000e+03 5.630000000000000000e+03 1.310000000000000000e+03 4.090000000000000000e+03
1.002157430000000000e+08 4.090000000000000000e+03 5.630000000000000000e+03 1.320000000000000000e+03 4.090000000000000000e+03
1.002159510000000000e+08 4.100000000000000000e+03 5.630000000000000000e+03 1.320000000000000000e+03 4.100000000000000000e+03
1.002161590000000000e+08 4.100000000000000000e+03 5.630000000000000000e+03 1.320000000000000000e+03 4.110000000000000000e+03
1.002163670000000000e+08 4.100000000000000000e+03 5.640000000000000000e+03 1.320000000000000000e+03 4.100000000000000000e+03
1.002165750000000000e+08 4.100000000000000000e+03 5.630000000000000000e+03 1.330000000000000000e+03 4.100000000000000000e+03
1.002167830000000000e+08 4.100000000000000000e+03 5.640000000000000000e+03 1.320000000000000000e+03 4.090000000000000000e+03
1.002169910000000000e+08 4.100000000000000000e+03 5.630000000000000000e+03 1.320000000000000000e+03 4.090000000000000000e+03
1.002171990000000000e+08 4.090000000000000000e+03 5.630000000000000000e+03 1.320000000000000000e+03 4.080000000000000000e+03
1.002174070000000000e+08 4.100000000000000000e+03 5.630000000000000000e+03 1.310000000000000000e+03 4.080000000000000000e+03
1.002176150000000000e+08 4.090000000000000000e+03 5.630000000000000000e+03 1.310000000000000000e+03 4.080000000000000000e+03
1.002178230000000000e+08 4.090000000000000000e+03 5.630000000000000000e+03 1.320000000000000000e+03 4.080000000000000000e+03
1.002180300000000000e+08 4.090000000000000000e+03 5.630000000000000000e+03 1.320000000000000000e+03 4.090000000000000000e+03
1.002182390000000000e+08 4.080000000000000000e+03 5.640000000000000000e+03 1.330000000000000000e+03 4.090000000000000000e+03
1.002184470000000000e+08 4.090000000000000000e+03 5.620000000000000000e+03 1.320000000000000000e+03 4.090000000000000000e+03
1.002186550000000000e+08 4.100000000000000000e+03 5.630000000000000000e+03 1.320000000000000000e+03 4.090000000000000000e+03
1.002188620000000000e+08 4.100000000000000000e+03 5.620000000000000000e+03 1.310000000000000000e+03 4.090000000000000000e+03
1.002190710000000000e+08 4.110000000000000000e+03 5.630000000000000000e+03 1.320000000000000000e+03 4.090000000000000000e+03
1.002192790000000000e+08 4.100000000000000000e+03 5.620000000000000000e+03 1.320000000000000000e+03 4.090000000000000000e+03
1.002194870000000000e+08 4.110000000000000000e+03 5.620000000000000000e+03 1.320000000000000000e+03 4.090000000000000000e+03
1.002196940000000000e+08 4.100000000000000000e+03 5.630000000000000000e+03 1.320000000000000000e+03 4.090000000000000000e+03
1.002199030000000000e+08 4.090000000000000000e+03 5.630000000000000000e+03 1.320000000000000000e+03 4.090000000000000000e+03
1.002201100000000000e+08 4.090000000000000000e+03 5.640000000000000000e+03 1.320000000000000000e+03 4.090000000000000000e+03
1.002203180000000000e+08 4.100000000000000000e+03 5.630000000000000000e+03 1.310000000000000000e+03 4.090000000000000000e+03
1.002205270000000000e+08 4.090000000000000000e+03 5.630000000000000000e+03 1.310000000000000000e+03 4.090000000000000000e+03
1.002207340000000000e+08 4.090000000000000000e+03 5.640000000000000000e+03 1.310000000000000000e+03 4.110000000000000000e+03
1.002209430000000000e+08 4.080000000000000000e+03 5.640000000000000000e+03 1.310000000000000000e+03 4.100000000000000000e+03
1.002211500000000000e+08 4.080000000000000000e+03 5.640000000000000000e+03 1.310000000000000000e+03 4.100000000000000000e+03
1.002213580000000000e+08 4.090000000000000000e+03 5.640000000000000000e+03 1.310000000000000000e+03 4.090000000000000000e+03
1.002215660000000000e+08 4.090000000000000000e+03 5.630000000000000000e+03 1.310000000000000000e+03 4.080000000000000000e+03
1.002217740000000000e+08 4.080000000000000000e+03 5.610000000000000000e+03 1.310000000000000000e+03 4.090000000000000000e+03
1.002219820000000000e+08 4.080000000000000000e+03 5.610000000000000000e+03 1.310000000000000000e+03 4.080000000000000000e+03
1.002221900000000000e+08 4.080000000000000000e+03 5.620000000000000000e+03 1.310000000000000000e+03 4.080000000000000000e+03
1.002223990000000000e+08 4.070000000000000000e+03 5.620000000000000000e+03 1.310000000000000000e+03 4.090000000000000000e+03
1.002226060000000000e+08 4.070000000000000000e+03 5.630000000000000000e+03 1.310000000000000000e+03 4.100000000000000000e+03
1.002228140000000000e+08 4.070000000000000000e+03 5.620000000000000000e+03 1.310000000000000000e+03 4.100000000000000000e+03
1.002230220000000000e+08 4.070000000000000000e+03 5.610000000000000000e+03 1.310000000000000000e+03 4.100000000000000000e+03
1.002232300000000000e+08 4.080000000000000000e+03 5.620000000000000000e+03 1.320000000000000000e+03 4.100000000000000000e+03
1.002234380000000000e+08 4.080000000000000000e+03 5.630000000000000000e+03 1.320000000000000000e+03 4.100000000000000000e+03
1.002236460000000000e+08 4.080000000000000000e+03 5.640000000000000000e+03 1.310000000000000000e+03 4.100000000000000000e+03
1.002238540000000000e+08 4.080000000000000000e+03 5.650000000000000000e+03 1.320000000000000000e+03 4.110000000000000000e+03
1.002240620000000000e+08 4.080000000000000000e+03 5.650000000000000000e+03 1.320000000000000000e+03 4.110000000000000000e+03
1.002242700000000000e+08 4.080000000000000000e+03 5.640000000000000000e+03 1.320000000000000000e+03 4.100000000000000000e+03
1.002244780000000000e+08 4.090000000000000000e+03 5.630000000000000000e+03 1.320000000000000000e+03 4.100000000000000000e+03
1.002246860000000000e+08 4.100000000000000000e+03 5.640000000000000000e+03 1.310000000000000000e+03 4.090000000000000000e+03
1.002248940000000000e+08 4.100000000000000000e+03 5.620000000000000000e+03 1.310000000000000000e+03 4.090000000000000000e+03
1.002251020000000000e+08 4.100000000000000000e+03 5.620000000000000000e+03 1.320000000000000000e+03 4.090000000000000000e+03
1.002253100000000000e+08 4.090000000000000000e+03 5.610000000000000000e+03 1.320000000000000000e+03 4.090000000000000000e+03
1.002255180000000000e+08 4.090000000000000000e+03 5.620000000000000000e+03 1.320000000000000000e+03 4.090000000000000000e+03
1.002257250000000000e+08 4.080000000000000000e+03 5.630000000000000000e+03 1.320000000000000000e+03 4.090000000000000000e+03
1.002259340000000000e+08 4.090000000000000000e+03 5.640000000000000000e+03 1.320000000000000000e+03 4.090000000000000000e+03
1.002261420000000000e+08 4.090000000000000000e+03 5.640000000000000000e+03 1.310000000000000000e+03 4.080000000000000000e+03
1.002263500000000000e+08 4.100000000000000000e+03 5.630000000000000000e+03 1.320000000000000000e+03 4.080000000000000000e+03
1.002265570000000000e+08 4.100000000000000000e+03 5.620000000000000000e+03 1.310000000000000000e+03 4.080000000000000000e+03
1.002267650000000000e+08 4.100000000000000000e+03 5.610000000000000000e+03 1.310000000000000000e+03 4.080000000000000000e+03
1.002269730000000000e+08 4.090000000000000000e+03 5.630000000000000000e+03 1.320000000000000000e+03 4.090000000000000000e+03
1.002271810000000000e+08 4.090000000000000000e+03 5.630000000000000000e+03 1.320000000000000000e+03 4.090000000000000000e+03
1.002273890000000000e+08 4.090000000000000000e+03 5.630000000000000000e+03 1.320000000000000000e+03 4.100000000000000000e+03
1.002275970000000000e+08 4.090000000000000000e+03 5.640000000000000000e+03 1.310000000000000000e+03 4.100000000000000000e+03
1.002278050000000000e+08 4.100000000000000000e+03 5.650000000000000000e+03 1.300000000000000000e+03 4.090000000000000000e+03
1.002280150000000000e+08 4.090000000000000000e+03 5.650000000000000000e+03 1.300000000000000000e+03 4.090000000000000000e+03
1.002282210000000000e+08 4.090000000000000000e+03 5.640000000000000000e+03 1.310000000000000000e+03 4.100000000000000000e+03
1.002284290000000000e+08 4.100000000000000000e+03 5.630000000000000000e+03 1.310000000000000000e+03 4.100000000000000000e+03
1.002286370000000000e+08 4.090000000000000000e+03 5.640000000000000000e+03 1.320000000000000000e+03 4.100000000000000000e+03
1.002288450000000000e+08 4.090000000000000000e+03 5.620000000000000000e+03 1.320000000000000000e+03 4.100000000000000000e+03
1.002290530000000000e+08 4.090000000000000000e+03 5.620000000000000000e+03 1.320000000000000000e+03 4.100000000000000000e+03
1.002292610000000000e+08 4.090000000000000000e+03 5.630000000000000000e+03 1.320000000000000000e+03 4.100000000000000000e+03
1.002294690000000000e+08 4.090000000000000000e+03 5.620000000000000000e+03 1.330000000000000000e+03 4.090000000000000000e+03
1.002296770000000000e+08 4.090000000000000000e+03 5.640000000000000000e+03 1.340000000000000000e+03 4.080000000000000000e+03
1.002298850000000000e+08 4.090000000000000000e+03 5.640000000000000000e+03 1.340000000000000000e+03 4.080000000000000000e+03
1.002300930000000000e+08 4.100000000000000000e+03 5.650000000000000000e+03 1.340000000000000000e+03 4.080000000000000000e+03
1.002303010000000000e+08 4.100000000000000000e+03 5.650000000000000000e+03 1.330000000000000000e+03 4.080000000000000000e+03
1.002307160000000000e+08 4.110000000000000000e+03 5.650000000000000000e+03 1.320000000000000000e+03 4.080000000000000000e+03
1.002309250000000000e+08 4.110000000000000000e+03 5.640000000000000000e+03 1.330000000000000000e+03 4.080000000000000000e+03
1.002311330000000000e+08 4.110000000000000000e+03 5.630000000000000000e+03 1.330000000000000000e+03 4.090000000000000000e+03
1.002313410000000000e+08 4.110000000000000000e+03 5.630000000000000000e+03 1.330000000000000000e+03 4.090000000000000000e+03
1.002315490000000000e+08 4.110000000000000000e+03 5.630000000000000000e+03 1.330000000000000000e+03 4.090000000000000000e+03
1.002317570000000000e+08 4.100000000000000000e+03 5.640000000000000000e+03 1.330000000000000000e+03 4.090000000000000000e+03
1.002319650000000000e+08 4.090000000000000000e+03 5.640000000000000000e+03 1.330000000000000000e+03 4.090000000000000000e+03
1.002321720000000000e+08 4.090000000000000000e+03 5.620000000000000000e+03 1.330000000000000000e+03 4.090000000000000000e+03
1.002323800000000000e+08 4.090000000000000000e+03 5.620000000000000000e+03 1.340000000000000000e+03 4.090000000000000000e+03
1.002325880000000000e+08 4.090000000000000000e+03 5.620000000000000000e+03 1.340000000000000000e+03 4.090000000000000000e+03
1.002327960000000000e+08 4.080000000000000000e+03 5.620000000000000000e+03 1.340000000000000000e+03 4.090000000000000000e+03
1.002330040000000000e+08 4.080000000000000000e+03 5.620000000000000000e+03 1.330000000000000000e+03 4.090000000000000000e+03
1.002332120000000000e+08 4.080000000000000000e+03 5.620000000000000000e+03 1.330000000000000000e+03 4.090000000000000000e+03
1.002334200000000000e+08 4.080000000000000000e+03 5.620000000000000000e+03 1.330000000000000000e+03 4.090000000000000000e+03
1.002336280000000000e+08 4.090000000000000000e+03 5.630000000000000000e+03 1.330000000000000000e+03 4.090000000000000000e+03
1.002338360000000000e+08 4.090000000000000000e+03 5.640000000000000000e+03 1.330000000000000000e+03 4.090000000000000000e+03
1.002340440000000000e+08 4.090000000000000000e+03 5.630000000000000000e+03 1.320000000000000000e+03 4.090000000000000000e+03
1.002342520000000000e+08 4.100000000000000000e+03 5.620000000000000000e+03 1.320000000000000000e+03 4.090000000000000000e+03
1.002344600000000000e+08 4.090000000000000000e+03 5.620000000000000000e+03 1.320000000000000000e+03 4.090000000000000000e+03
1.002346680000000000e+08 4.090000000000000000e+03 5.630000000000000000e+03 1.320000000000000000e+03 4.090000000000000000e+03
1.002348800000000000e+08 4.090000000000000000e+03 5.630000000000000000e+03 1.320000000000000000e+03 4.100000000000000000e+03
1.002350840000000000e+08 4.090000000000000000e+03 5.620000000000000000e+03 1.320000000000000000e+03 4.100000000000000000e+03
1.002352920000000000e+08 4.090000000000000000e+03 5.630000000000000000e+03 1.320000000000000000e+03 4.110000000000000000e+03
1.002355000000000000e+08 4.090000000000000000e+03 5.640000000000000000e+03 1.320000000000000000e+03 4.110000000000000000e+03
1.002357080000000000e+08 4.090000000000000000e+03 5.650000000000000000e+03 1.330000000000000000e+03 4.110000000000000000e+03
1.002359160000000000e+08 4.090000000000000000e+03 5.650000000000000000e+03 1.330000000000000000e+03 4.110000000000000000e+03
1.002361240000000000e+08 4.090000000000000000e+03 5.640000000000000000e+03 1.320000000000000000e+03 4.110000000000000000e+03
1.002365400000000000e+08 4.090000000000000000e+03 5.640000000000000000e+03 1.320000000000000000e+03 4.120000000000000000e+03
1.002367480000000000e+08 4.080000000000000000e+03 5.620000000000000000e+03 1.320000000000000000e+03 4.110000000000000000e+03
1.002369560000000000e+08 4.080000000000000000e+03 5.620000000000000000e+03 1.330000000000000000e+03 4.110000000000000000e+03
1.002371640000000000e+08 4.080000000000000000e+03 5.630000000000000000e+03 1.330000000000000000e+03 4.100000000000000000e+03
1.002373720000000000e+08 4.080000000000000000e+03 5.630000000000000000e+03 1.330000000000000000e+03 4.100000000000000000e+03
1.002375790000000000e+08 4.080000000000000000e+03 5.620000000000000000e+03 1.320000000000000000e+03 4.100000000000000000e+03
1.002377880000000000e+08 4.080000000000000000e+03 5.620000000000000000e+03 1.320000000000000000e+03 4.100000000000000000e+03
1.002379950000000000e+08 4.080000000000000000e+03 5.630000000000000000e+03 1.320000000000000000e+03 4.100000000000000000e+03
1.002382030000000000e+08 4.080000000000000000e+03 5.640000000000000000e+03 1.320000000000000000e+03 4.090000000000000000e+03
1.002384110000000000e+08 4.090000000000000000e+03 5.650000000000000000e+03 1.320000000000000000e+03 4.090000000000000000e+03
1.002386190000000000e+08 4.090000000000000000e+03 5.660000000000000000e+03 1.320000000000000000e+03 4.090000000000000000e+03
1.002388270000000000e+08 4.090000000000000000e+03 5.640000000000000000e+03 1.320000000000000000e+03 4.090000000000000000e+03
1.002390350000000000e+08 4.090000000000000000e+03 5.630000000000000000e+03 1.320000000000000000e+03 4.090000000000000000e+03
1.002392430000000000e+08 4.080000000000000000e+03 5.630000000000000000e+03 1.320000000000000000e+03 4.090000000000000000e+03
1.002394510000000000e+08 4.090000000000000000e+03 5.630000000000000000e+03 1.320000000000000000e+03 4.090000000000000000e+03
1.002396590000000000e+08 4.090000000000000000e+03 5.620000000000000000e+03 1.320000000000000000e+03 4.090000000000000000e+03
1.002398670000000000e+08 4.090000000000000000e+03 5.630000000000000000e+03 1.320000000000000000e+03 4.100000000000000000e+03
1.002400750000000000e+08 4.080000000000000000e+03 5.640000000000000000e+03 1.320000000000000000e+03 4.090000000000000000e+03
1.002402830000000000e+08 4.080000000000000000e+03 5.630000000000000000e+03 1.320000000000000000e+03 4.090000000000000000e+03
1.002404900000000000e+08 4.080000000000000000e+03 5.630000000000000000e+03 1.320000000000000000e+03 4.090000000000000000e+03
1.002406980000000000e+08 4.080000000000000000e+03 5.630000000000000000e+03 1.310000000000000000e+03 4.090000000000000000e+03
1.002410990000000000e+08 4.080000000000000000e+03 5.620000000000000000e+03 1.310000000000000000e+03 4.090000000000000000e+03
1.002413070000000000e+08 4.080000000000000000e+03 5.610000000000000000e+03 1.310000000000000000e+03 4.100000000000000000e+03
1.002415140000000000e+08 4.090000000000000000e+03 5.610000000000000000e+03 1.320000000000000000e+03 4.100000000000000000e+03
1.002417230000000000e+08 4.090000000000000000e+03 5.610000000000000000e+03 1.320000000000000000e+03 4.110000000000000000e+03
1.002419310000000000e+08 4.090000000000000000e+03 5.610000000000000000e+03 1.310000000000000000e+03 4.110000000000000000e+03
1.002421460000000000e+08 4.080000000000000000e+03 5.630000000000000000e+03 1.310000000000000000e+03 4.110000000000000000e+03
1.002423460000000000e+08 4.090000000000000000e+03 5.620000000000000000e+03 1.310000000000000000e+03 4.110000000000000000e+03
1.002425550000000000e+08 4.090000000000000000e+03 5.630000000000000000e+03 1.310000000000000000e+03 4.100000000000000000e+03
1.002427620000000000e+08 4.090000000000000000e+03 5.630000000000000000e+03 1.310000000000000000e+03 4.100000000000000000e+03
1.002429700000000000e+08 4.090000000000000000e+03 5.620000000000000000e+03 1.320000000000000000e+03 4.100000000000000000e+03
1.002431790000000000e+08 4.090000000000000000e+03 5.630000000000000000e+03 1.320000000000000000e+03 4.090000000000000000e+03
1.002433870000000000e+08 4.090000000000000000e+03 5.620000000000000000e+03 1.320000000000000000e+03 4.090000000000000000e+03
1.002435940000000000e+08 4.080000000000000000e+03 5.640000000000000000e+03 1.320000000000000000e+03 4.090000000000000000e+03
1.002438020000000000e+08 4.090000000000000000e+03 5.620000000000000000e+03 1.320000000000000000e+03 4.100000000000000000e+03
1.002440100000000000e+08 4.080000000000000000e+03 5.620000000000000000e+03 1.320000000000000000e+03 4.100000000000000000e+03
1.002442180000000000e+08 4.080000000000000000e+03 5.620000000000000000e+03 1.320000000000000000e+03 4.100000000000000000e+03
1.002444260000000000e+08 4.080000000000000000e+03 5.620000000000000000e+03 1.320000000000000000e+03 4.090000000000000000e+03
1.002446340000000000e+08 4.080000000000000000e+03 5.620000000000000000e+03 1.310000000000000000e+03 4.090000000000000000e+03
1.002448420000000000e+08 4.090000000000000000e+03 5.610000000000000000e+03 1.310000000000000000e+03 4.090000000000000000e+03
1.002450500000000000e+08 4.100000000000000000e+03 5.620000000000000000e+03 1.310000000000000000e+03 4.090000000000000000e+03
1.002452580000000000e+08 4.100000000000000000e+03 5.620000000000000000e+03 1.320000000000000000e+03 4.090000000000000000e+03
1.002454660000000000e+08 4.100000000000000000e+03 5.610000000000000000e+03 1.320000000000000000e+03 4.090000000000000000e+03
1.002456900000000000e+08 4.110000000000000000e+03 5.620000000000000000e+03 1.330000000000000000e+03 4.080000000000000000e+03
1.002458980000000000e+08 4.100000000000000000e+03 5.610000000000000000e+03 1.330000000000000000e+03 4.090000000000000000e+03
1.002461060000000000e+08 4.090000000000000000e+03 5.610000000000000000e+03 1.330000000000000000e+03 4.090000000000000000e+03
1.002463140000000000e+08 4.080000000000000000e+03 5.610000000000000000e+03 1.320000000000000000e+03 4.090000000000000000e+03
1.002465210000000000e+08 4.090000000000000000e+03 5.620000000000000000e+03 1.320000000000000000e+03 4.090000000000000000e+03
1.002467300000000000e+08 4.090000000000000000e+03 5.630000000000000000e+03 1.310000000000000000e+03 4.090000000000000000e+03
1.002469380000000000e+08 4.090000000000000000e+03 5.630000000000000000e+03 1.310000000000000000e+03 4.080000000000000000e+03
1.002471470000000000e+08 4.090000000000000000e+03 5.640000000000000000e+03 1.300000000000000000e+03 4.090000000000000000e+03
1.002473540000000000e+08 4.080000000000000000e+03 5.640000000000000000e+03 1.300000000000000000e+03 4.090000000000000000e+03
1.002475610000000000e+08 4.090000000000000000e+03 5.640000000000000000e+03 1.310000000000000000e+03 4.100000000000000000e+03
1.002477700000000000e+08 4.090000000000000000e+03 5.630000000000000000e+03 1.320000000000000000e+03 4.100000000000000000e+03
1.002479770000000000e+08 4.090000000000000000e+03 5.630000000000000000e+03 1.330000000000000000e+03 4.100000000000000000e+03
1.002481850000000000e+08 4.080000000000000000e+03 5.630000000000000000e+03 1.330000000000000000e+03 4.100000000000000000e+03
1.002483960000000000e+08 4.080000000000000000e+03 5.630000000000000000e+03 1.330000000000000000e+03 4.100000000000000000e+03
1.002486010000000000e+08 4.080000000000000000e+03 5.620000000000000000e+03 1.320000000000000000e+03 4.100000000000000000e+03
1.002488090000000000e+08 4.080000000000000000e+03 5.620000000000000000e+03 1.320000000000000000e+03 4.100000000000000000e+03
1.002490170000000000e+08 4.080000000000000000e+03 5.620000000000000000e+03 1.320000000000000000e+03 4.100000000000000000e+03
1.002492250000000000e+08 4.080000000000000000e+03 5.610000000000000000e+03 1.330000000000000000e+03 4.100000000000000000e+03
1.002494330000000000e+08 4.090000000000000000e+03 5.600000000000000000e+03 1.330000000000000000e+03 4.090000000000000000e+03
1.002496410000000000e+08 4.090000000000000000e+03 5.620000000000000000e+03 1.330000000000000000e+03 4.090000000000000000e+03
1.002498490000000000e+08 4.090000000000000000e+03 5.630000000000000000e+03 1.330000000000000000e+03 4.090000000000000000e+03
1.002500570000000000e+08 4.090000000000000000e+03 5.630000000000000000e+03 1.310000000000000000e+03 4.100000000000000000e+03
1.002502650000000000e+08 4.090000000000000000e+03 5.640000000000000000e+03 1.310000000000000000e+03 4.100000000000000000e+03
1.002504730000000000e+08 4.090000000000000000e+03 5.620000000000000000e+03 1.310000000000000000e+03 4.100000000000000000e+03
1.002506810000000000e+08 4.090000000000000000e+03 5.620000000000000000e+03 1.310000000000000000e+03 4.100000000000000000e+03
1.002508900000000000e+08 4.080000000000000000e+03 5.620000000000000000e+03 1.310000000000000000e+03 4.100000000000000000e+03
1.002510970000000000e+08 4.080000000000000000e+03 5.620000000000000000e+03 1.310000000000000000e+03 4.100000000000000000e+03
1.002513050000000000e+08 4.080000000000000000e+03 5.620000000000000000e+03 1.310000000000000000e+03 4.100000000000000000e+03
1.002515130000000000e+08 4.080000000000000000e+03 5.610000000000000000e+03 1.310000000000000000e+03 4.090000000000000000e+03
1.002517210000000000e+08 4.090000000000000000e+03 5.630000000000000000e+03 1.320000000000000000e+03 4.100000000000000000e+03
1.002519280000000000e+08 4.080000000000000000e+03 5.620000000000000000e+03 1.320000000000000000e+03 4.100000000000000000e+03
1.002521370000000000e+08 4.080000000000000000e+03 5.620000000000000000e+03 1.310000000000000000e+03 4.100000000000000000e+03
1.002523450000000000e+08 4.080000000000000000e+03 5.620000000000000000e+03 1.310000000000000000e+03 4.100000000000000000e+03
1.002525530000000000e+08 4.080000000000000000e+03 5.620000000000000000e+03 1.320000000000000000e+03 4.100000000000000000e+03
1.002527610000000000e+08 4.080000000000000000e+03 5.630000000000000000e+03 1.320000000000000000e+03 4.100000000000000000e+03
1.002529690000000000e+08 4.080000000000000000e+03 5.630000000000000000e+03 1.320000000000000000e+03 4.100000000000000000e+03
1.002531770000000000e+08 4.080000000000000000e+03 5.640000000000000000e+03 1.310000000000000000e+03 4.100000000000000000e+03
1.002533850000000000e+08 4.080000000000000000e+03 5.640000000000000000e+03 1.310000000000000000e+03 4.100000000000000000e+03
1.002535930000000000e+08 4.080000000000000000e+03 5.650000000000000000e+03 1.320000000000000000e+03 4.100000000000000000e+03
1.002538010000000000e+08 4.080000000000000000e+03 5.640000000000000000e+03 1.320000000000000000e+03 4.090000000000000000e+03
1.002540090000000000e+08 4.080000000000000000e+03 5.630000000000000000e+03 1.320000000000000000e+03 4.090000000000000000e+03
1.002542170000000000e+08 4.090000000000000000e+03 5.630000000000000000e+03 1.320000000000000000e+03 4.090000000000000000e+03
1.002544250000000000e+08 4.090000000000000000e+03 5.630000000000000000e+03 1.330000000000000000e+03 4.090000000000000000e+03
1.002546320000000000e+08 4.090000000000000000e+03 5.630000000000000000e+03 1.330000000000000000e+03 4.090000000000000000e+03
1.002548400000000000e+08 4.080000000000000000e+03 5.640000000000000000e+03 1.340000000000000000e+03 4.090000000000000000e+03
1.002550480000000000e+08 4.090000000000000000e+03 5.640000000000000000e+03 1.330000000000000000e+03 4.090000000000000000e+03
1.002552560000000000e+08 4.090000000000000000e+03 5.650000000000000000e+03 1.320000000000000000e+03 4.090000000000000000e+03
1.002554640000000000e+08 4.090000000000000000e+03 5.630000000000000000e+03 1.320000000000000000e+03 4.090000000000000000e+03
1.002556720000000000e+08 4.100000000000000000e+03 5.640000000000000000e+03 1.320000000000000000e+03 4.090000000000000000e+03
1.002558800000000000e+08 4.100000000000000000e+03 5.630000000000000000e+03 1.320000000000000000e+03 4.090000000000000000e+03
1.002560880000000000e+08 4.090000000000000000e+03 5.640000000000000000e+03 1.320000000000000000e+03 4.090000000000000000e+03
1.002562960000000000e+08 4.100000000000000000e+03 5.620000000000000000e+03 1.310000000000000000e+03 4.090000000000000000e+03
1.002565040000000000e+08 4.090000000000000000e+03 5.620000000000000000e+03 1.320000000000000000e+03 4.090000000000000000e+03
1.002567120000000000e+08 4.090000000000000000e+03 5.630000000000000000e+03 1.320000000000000000e+03 4.090000000000000000e+03
1.002569200000000000e+08 4.080000000000000000e+03 5.640000000000000000e+03 1.320000000000000000e+03 4.090000000000000000e+03
1.002571280000000000e+08 4.090000000000000000e+03 5.620000000000000000e+03 1.320000000000000000e+03 4.100000000000000000e+03
1.002573360000000000e+08 4.090000000000000000e+03 5.610000000000000000e+03 1.320000000000000000e+03 4.100000000000000000e+03
1.002575440000000000e+08 4.090000000000000000e+03 5.630000000000000000e+03 1.320000000000000000e+03 4.100000000000000000e+03
1.002577520000000000e+08 4.090000000000000000e+03 5.640000000000000000e+03 1.310000000000000000e+03 4.100000000000000000e+03
1.002579600000000000e+08 4.080000000000000000e+03 5.640000000000000000e+03 1.320000000000000000e+03 4.100000000000000000e+03
1.002581680000000000e+08 4.090000000000000000e+03 5.620000000000000000e+03 1.320000000000000000e+03 4.100000000000000000e+03
1.002583760000000000e+08 4.090000000000000000e+03 5.620000000000000000e+03 1.310000000000000000e+03 4.100000000000000000e+03
1.002585840000000000e+08 4.090000000000000000e+03 5.630000000000000000e+03 1.300000000000000000e+03 4.100000000000000000e+03
1.002587920000000000e+08 4.100000000000000000e+03 5.630000000000000000e+03 1.300000000000000000e+03 4.100000000000000000e+03
1.002590000000000000e+08 4.090000000000000000e+03 5.620000000000000000e+03 1.320000000000000000e+03 4.090000000000000000e+03
1.002592080000000000e+08 4.090000000000000000e+03 5.620000000000000000e+03 1.320000000000000000e+03 4.080000000000000000e+03
1.002594160000000000e+08 4.090000000000000000e+03 5.620000000000000000e+03 1.320000000000000000e+03 4.080000000000000000e+03
1.002596240000000000e+08 4.090000000000000000e+03 5.630000000000000000e+03 1.320000000000000000e+03 4.080000000000000000e+03
1.002598320000000000e+08 4.090000000000000000e+03 5.640000000000000000e+03 1.320000000000000000e+03 4.090000000000000000e+03
1.003000400000000000e+08 4.090000000000000000e+03 5.640000000000000000e+03 1.320000000000000000e+03 4.090000000000000000e+03
1.003002480000000000e+08 4.100000000000000000e+03 5.620000000000000000e+03 1.320000000000000000e+03 4.090000000000000000e+03
1.003004560000000000e+08 4.090000000000000000e+03 5.620000000000000000e+03 1.310000000000000000e+03 4.090000000000000000e+03
1.003006630000000000e+08 4.080000000000000000e+03 5.630000000000000000e+03 1.310000000000000000e+03 4.090000000000000000e+03
1.003008710000000000e+08 4.080000000000000000e+03 5.620000000000000000e+03 1.310000000000000000e+03 4.090000000000000000e+03
1.003010790000000000e+08 4.080000000000000000e+03 5.630000000000000000e+03 1.310000000000000000e+03 4.090000000000000000e+03
1.003012870000000000e+08 4.090000000000000000e+03 5.610000000000000000e+03 1.310000000000000000e+03 4.090000000000000000e+03
1.003014950000000000e+08 4.090000000000000000e+03 5.630000000000000000e+03 1.310000000000000000e+03 4.090000000000000000e+03
1.003017030000000000e+08 4.090000000000000000e+03 5.640000000000000000e+03 1.310000000000000000e+03 4.090000000000000000e+03
1.003019110000000000e+08 4.090000000000000000e+03 5.640000000000000000e+03 1.310000000000000000e+03 4.100000000000000000e+03
1.003021190000000000e+08 4.090000000000000000e+03 5.620000000000000000e+03 1.320000000000000000e+03 4.100000000000000000e+03
1.003023270000000000e+08 4.090000000000000000e+03 5.610000000000000000e+03 1.320000000000000000e+03 4.100000000000000000e+03
1.003025350000000000e+08 4.090000000000000000e+03 5.620000000000000000e+03 1.320000000000000000e+03 4.100000000000000000e+03
1.003027430000000000e+08 4.090000000000000000e+03 5.610000000000000000e+03 1.320000000000000000e+03 4.090000000000000000e+03
1.003029510000000000e+08 4.090000000000000000e+03 5.630000000000000000e+03 1.320000000000000000e+03 4.090000000000000000e+03
1.003031590000000000e+08 4.100000000000000000e+03 5.630000000000000000e+03 1.320000000000000000e+03 4.100000000000000000e+03
1.003033670000000000e+08 4.090000000000000000e+03 5.630000000000000000e+03 1.310000000000000000e+03 4.090000000000000000e+03
1.003035750000000000e+08 4.100000000000000000e+03 5.610000000000000000e+03 1.320000000000000000e+03 4.090000000000000000e+03
1.003037830000000000e+08 4.100000000000000000e+03 5.610000000000000000e+03 1.320000000000000000e+03 4.100000000000000000e+03
1.003039910000000000e+08 4.100000000000000000e+03 5.610000000000000000e+03 1.320000000000000000e+03 4.100000000000000000e+03
1.003041990000000000e+08 4.090000000000000000e+03 5.620000000000000000e+03 1.320000000000000000e+03 4.100000000000000000e+03
1.003044070000000000e+08 4.090000000000000000e+03 5.620000000000000000e+03 1.320000000000000000e+03 4.110000000000000000e+03
1.003046150000000000e+08 4.090000000000000000e+03 5.630000000000000000e+03 1.320000000000000000e+03 4.120000000000000000e+03
1.003048230000000000e+08 4.080000000000000000e+03 5.620000000000000000e+03 1.320000000000000000e+03 4.120000000000000000e+03
1.003050310000000000e+08 4.080000000000000000e+03 5.610000000000000000e+03 1.320000000000000000e+03 4.120000000000000000e+03
1.003052390000000000e+08 4.080000000000000000e+03 5.600000000000000000e+03 1.320000000000000000e+03 4.110000000000000000e+03
1.003054470000000000e+08 4.090000000000000000e+03 5.600000000000000000e+03 1.320000000000000000e+03 4.110000000000000000e+03
1.003056550000000000e+08 4.090000000000000000e+03 5.600000000000000000e+03 1.320000000000000000e+03 4.120000000000000000e+03
1.003058630000000000e+08 4.080000000000000000e+03 5.620000000000000000e+03 1.320000000000000000e+03 4.120000000000000000e+03
1.003060710000000000e+08 4.080000000000000000e+03 5.610000000000000000e+03 1.330000000000000000e+03 4.120000000000000000e+03
1.003062780000000000e+08 4.080000000000000000e+03 5.610000000000000000e+03 1.330000000000000000e+03 4.120000000000000000e+03
1.003064860000000000e+08 4.080000000000000000e+03 5.620000000000000000e+03 1.320000000000000000e+03 4.110000000000000000e+03
1.003066940000000000e+08 4.090000000000000000e+03 5.620000000000000000e+03 1.320000000000000000e+03 4.110000000000000000e+03
1.003069020000000000e+08 4.090000000000000000e+03 5.620000000000000000e+03 1.320000000000000000e+03 4.110000000000000000e+03
1.003071100000000000e+08 4.080000000000000000e+03 5.610000000000000000e+03 1.310000000000000000e+03 4.110000000000000000e+03
1.003073180000000000e+08 4.080000000000000000e+03 5.620000000000000000e+03 1.310000000000000000e+03 4.110000000000000000e+03
1.003075260000000000e+08 4.080000000000000000e+03 5.620000000000000000e+03 1.310000000000000000e+03 4.100000000000000000e+03
1.003077340000000000e+08 4.080000000000000000e+03 5.620000000000000000e+03 1.310000000000000000e+03 4.100000000000000000e+03
1.003079420000000000e+08 4.080000000000000000e+03 5.620000000000000000e+03 1.310000000000000000e+03 4.100000000000000000e+03
1.003081500000000000e+08 4.080000000000000000e+03 5.620000000000000000e+03 1.310000000000000000e+03 4.100000000000000000e+03
1.003083580000000000e+08 4.080000000000000000e+03 5.630000000000000000e+03 1.310000000000000000e+03 4.100000000000000000e+03
1.003085660000000000e+08 4.090000000000000000e+03 5.620000000000000000e+03 1.310000000000000000e+03 4.100000000000000000e+03
1.003087740000000000e+08 4.080000000000000000e+03 5.620000000000000000e+03 1.320000000000000000e+03 4.110000000000000000e+03
1.003089830000000000e+08 4.090000000000000000e+03 5.630000000000000000e+03 1.320000000000000000e+03 4.100000000000000000e+03
1.003091900000000000e+08 4.090000000000000000e+03 5.640000000000000000e+03 1.320000000000000000e+03 4.100000000000000000e+03
1.003093980000000000e+08 4.090000000000000000e+03 5.640000000000000000e+03 1.320000000000000000e+03 4.100000000000000000e+03
1.003096060000000000e+08 4.090000000000000000e+03 5.630000000000000000e+03 1.320000000000000000e+03 4.110000000000000000e+03
1.003098140000000000e+08 4.100000000000000000e+03 5.630000000000000000e+03 1.310000000000000000e+03 4.110000000000000000e+03
1.003100220000000000e+08 4.100000000000000000e+03 5.640000000000000000e+03 1.310000000000000000e+03 4.100000000000000000e+03
1.003102300000000000e+08 4.090000000000000000e+03 5.650000000000000000e+03 1.310000000000000000e+03 4.100000000000000000e+03
1.003104380000000000e+08 4.090000000000000000e+03 5.650000000000000000e+03 1.310000000000000000e+03 4.100000000000000000e+03
1.003106460000000000e+08 4.090000000000000000e+03 5.630000000000000000e+03 1.310000000000000000e+03 4.100000000000000000e+03
1.003108540000000000e+08 4.090000000000000000e+03 5.640000000000000000e+03 1.310000000000000000e+03 4.100000000000000000e+03
1.003110620000000000e+08 4.090000000000000000e+03 5.620000000000000000e+03 1.310000000000000000e+03 4.110000000000000000e+03
1.003112690000000000e+08 4.080000000000000000e+03 5.620000000000000000e+03 1.320000000000000000e+03 4.110000000000000000e+03
1.003114770000000000e+08 4.080000000000000000e+03 5.620000000000000000e+03 1.320000000000000000e+03 4.100000000000000000e+03
1.003116860000000000e+08 4.090000000000000000e+03 5.630000000000000000e+03 1.320000000000000000e+03 4.100000000000000000e+03
1.003118940000000000e+08 4.090000000000000000e+03 5.620000000000000000e+03 1.320000000000000000e+03 4.100000000000000000e+03
1.003122940000000000e+08 4.090000000000000000e+03 5.620000000000000000e+03 1.320000000000000000e+03 4.090000000000000000e+03
1.003125010000000000e+08 4.090000000000000000e+03 5.630000000000000000e+03 1.320000000000000000e+03 4.090000000000000000e+03
1.003127090000000000e+08 4.090000000000000000e+03 5.620000000000000000e+03 1.320000000000000000e+03 4.090000000000000000e+03
1.003129170000000000e+08 4.090000000000000000e+03 5.620000000000000000e+03 1.320000000000000000e+03 4.090000000000000000e+03
1.003131250000000000e+08 4.080000000000000000e+03 5.630000000000000000e+03 1.310000000000000000e+03 4.090000000000000000e+03
1.003133330000000000e+08 4.090000000000000000e+03 5.630000000000000000e+03 1.310000000000000000e+03 4.090000000000000000e+03
1.003135410000000000e+08 4.090000000000000000e+03 5.620000000000000000e+03 1.310000000000000000e+03 4.080000000000000000e+03
1.003137490000000000e+08 4.090000000000000000e+03 5.630000000000000000e+03 1.310000000000000000e+03 4.080000000000000000e+03
1.003139570000000000e+08 4.080000000000000000e+03 5.630000000000000000e+03 1.310000000000000000e+03 4.080000000000000000e+03
