1.010003500000000000e+08 2.620000000000000000e+03 4.640000000000000000e+03 2.650000000000000000e+03 4.650000000000000000e+03
1.010005580000000000e+08 2.620000000000000000e+03 4.640000000000000000e+03 2.650000000000000000e+03 4.640000000000000000e+03
1.010007660000000000e+08 2.620000000000000000e+03 4.650000000000000000e+03 2.650000000000000000e+03 4.650000000000000000e+03
1.010009740000000000e+08 2.620000000000000000e+03 4.650000000000000000e+03 2.650000000000000000e+03 4.650000000000000000e+03
1.010011820000000000e+08 2.620000000000000000e+03 4.630000000000000000e+03 2.640000000000000000e+03 4.660000000000000000e+03
1.010013900000000000e+08 2.610000000000000000e+03 4.630000000000000000e+03 2.650000000000000000e+03 4.660000000000000000e+03
1.010015990000000000e+08 2.600000000000000000e+03 4.620000000000000000e+03 2.640000000000000000e+03 4.660000000000000000e+03
1.010018050000000000e+08 2.600000000000000000e+03 4.640000000000000000e+03 2.630000000000000000e+03 4.650000000000000000e+03
1.010020150000000000e+08 2.600000000000000000e+03 4.620000000000000000e+03 2.630000000000000000e+03 4.650000000000000000e+03
1.010022310000000000e+08 2.600000000000000000e+03 4.630000000000000000e+03 2.630000000000000000e+03 4.650000000000000000e+03
1.010024300000000000e+08 2.610000000000000000e+03 4.630000000000000000e+03 2.630000000000000000e+03 4.640000000000000000e+03
1.010026380000000000e+08 2.600000000000000000e+03 4.620000000000000000e+03 2.630000000000000000e+03 4.650000000000000000e+03
1.010028460000000000e+08 2.600000000000000000e+03 4.630000000000000000e+03 2.630000000000000000e+03 4.660000000000000000e+03
1.010030540000000000e+08 2.610000000000000000e+03 4.640000000000000000e+03 2.630000000000000000e+03 4.650000000000000000e+03
1.010032620000000000e+08 2.620000000000000000e+03 4.630000000000000000e+03 2.630000000000000000e+03 4.640000000000000000e+03
1.010034700000000000e+08 2.620000000000000000e+03 4.620000000000000000e+03 2.630000000000000000e+03 4.630000000000000000e+03
1.010036780000000000e+08 2.620000000000000000e+03 4.630000000000000000e+03 2.630000000000000000e+03 4.640000000000000000e+03
1.010038860000000000e+08 2.600000000000000000e+03 4.630000000000000000e+03 2.640000000000000000e+03 4.640000000000000000e+03
1.010040940000000000e+08 2.600000000000000000e+03 4.620000000000000000e+03 2.640000000000000000e+03 4.650000000000000000e+03
1.010043010000000000e+08 2.610000000000000000e+03 4.630000000000000000e+03 2.630000000000000000e+03 4.650000000000000000e+03
1.010045100000000000e+08 2.610000000000000000e+03 4.630000000000000000e+03 2.630000000000000000e+03 4.650000000000000000e+03
1.010047180000000000e+08 2.610000000000000000e+03 4.620000000000000000e+03 2.630000000000000000e+03 4.640000000000000000e+03
1.010049260000000000e+08 2.610000000000000000e+03 4.610000000000000000e+03 2.630000000000000000e+03 4.640000000000000000e+03
1.010051340000000000e+08 2.610000000000000000e+03 4.610000000000000000e+03 2.630000000000000000e+03 4.640000000000000000e+03
1.010053410000000000e+08 2.600000000000000000e+03 4.620000000000000000e+03 2.630000000000000000e+03 4.640000000000000000e+03
1.010055500000000000e+08 2.590000000000000000e+03 4.630000000000000000e+03 2.630000000000000000e+03 4.630000000000000000e+03
1.010057570000000000e+08 2.590000000000000000e+03 4.620000000000000000e+03 2.630000000000000000e+03 4.640000000000000000e+03
1.010059660000000000e+08 2.580000000000000000e+03 4.620000000000000000e+03 2.640000000000000000e+03 4.650000000000000000e+03
1.010061730000000000e+08 2.580000000000000000e+03 4.630000000000000000e+03 2.640000000000000000e+03 4.640000000000000000e+03
1.010063810000000000e+08 2.590000000000000000e+03 4.620000000000000000e+03 2.640000000000000000e+03 4.640000000000000000e+03
1.010065890000000000e+08 2.590000000000000000e+03 4.620000000000000000e+03 2.640000000000000000e+03 4.650000000000000000e+03
1.010067970000000000e+08 2.590000000000000000e+03 4.610000000000000000e+03 2.640000000000000000e+03 4.640000000000000000e+03
1.010070050000000000e+08 2.600000000000000000e+03 4.630000000000000000e+03 2.640000000000000000e+03 4.630000000000000000e+03
1.010072130000000000e+08 2.600000000000000000e+03 4.630000000000000000e+03 2.640000000000000000e+03 4.630000000000000000e+03
1.010074210000000000e+08 2.600000000000000000e+03 4.630000000000000000e+03 2.640000000000000000e+03 4.620000000000000000e+03
1.010076290000000000e+08 2.610000000000000000e+03 4.650000000000000000e+03 2.640000000000000000e+03 4.630000000000000000e+03
1.010080450000000000e+08 2.600000000000000000e+03 4.640000000000000000e+03 2.640000000000000000e+03 4.630000000000000000e+03
1.010082530000000000e+08 2.600000000000000000e+03 4.660000000000000000e+03 2.640000000000000000e+03 4.620000000000000000e+03
1.010084610000000000e+08 2.600000000000000000e+03 4.660000000000000000e+03 2.640000000000000000e+03 4.620000000000000000e+03
1.010086690000000000e+08 2.600000000000000000e+03 4.660000000000000000e+03 2.640000000000000000e+03 4.630000000000000000e+03
1.010088770000000000e+08 2.610000000000000000e+03 4.660000000000000000e+03 2.650000000000000000e+03 4.640000000000000000e+03
1.010090850000000000e+08 2.620000000000000000e+03 4.640000000000000000e+03 2.640000000000000000e+03 4.660000000000000000e+03
1.010092930000000000e+08 2.620000000000000000e+03 4.640000000000000000e+03 2.640000000000000000e+03 4.660000000000000000e+03
1.010095010000000000e+08 2.610000000000000000e+03 4.640000000000000000e+03 2.640000000000000000e+03 4.670000000000000000e+03
1.010097090000000000e+08 2.600000000000000000e+03 4.630000000000000000e+03 2.640000000000000000e+03 4.660000000000000000e+03
1.010099170000000000e+08 2.600000000000000000e+03 4.620000000000000000e+03 2.640000000000000000e+03 4.660000000000000000e+03
1.010101250000000000e+08 2.600000000000000000e+03 4.610000000000000000e+03 2.640000000000000000e+03 4.670000000000000000e+03
1.010103330000000000e+08 2.610000000000000000e+03 4.610000000000000000e+03 2.640000000000000000e+03 4.660000000000000000e+03
1.010105410000000000e+08 2.610000000000000000e+03 4.620000000000000000e+03 2.640000000000000000e+03 4.670000000000000000e+03
1.010107490000000000e+08 2.600000000000000000e+03 4.630000000000000000e+03 2.640000000000000000e+03 4.660000000000000000e+03
1.010109570000000000e+08 2.600000000000000000e+03 4.610000000000000000e+03 2.640000000000000000e+03 4.650000000000000000e+03
1.010111650000000000e+08 2.610000000000000000e+03 4.630000000000000000e+03 2.640000000000000000e+03 4.640000000000000000e+03
1.010113720000000000e+08 2.610000000000000000e+03 4.650000000000000000e+03 2.640000000000000000e+03 4.650000000000000000e+03
1.010115800000000000e+08 2.620000000000000000e+03 4.650000000000000000e+03 2.640000000000000000e+03 4.650000000000000000e+03
1.010117880000000000e+08 2.620000000000000000e+03 4.640000000000000000e+03 2.640000000000000000e+03 4.650000000000000000e+03
1.010119960000000000e+08 2.610000000000000000e+03 4.650000000000000000e+03 2.640000000000000000e+03 4.650000000000000000e+03
1.010122040000000000e+08 2.610000000000000000e+03 4.630000000000000000e+03 2.640000000000000000e+03 4.660000000000000000e+03
1.010124120000000000e+08 2.610000000000000000e+03 4.640000000000000000e+03 2.640000000000000000e+03 4.660000000000000000e+03
1.010126200000000000e+08 2.600000000000000000e+03 4.640000000000000000e+03 2.640000000000000000e+03 4.650000000000000000e+03
1.010128280000000000e+08 2.600000000000000000e+03 4.630000000000000000e+03 2.640000000000000000e+03 4.650000000000000000e+03
1.010130350000000000e+08 2.600000000000000000e+03 4.640000000000000000e+03 2.640000000000000000e+03 4.650000000000000000e+03
1.010132440000000000e+08 2.610000000000000000e+03 4.640000000000000000e+03 2.640000000000000000e+03 4.650000000000000000e+03
1.010134520000000000e+08 2.610000000000000000e+03 4.630000000000000000e+03 2.640000000000000000e+03 4.650000000000000000e+03
1.010136600000000000e+08 2.610000000000000000e+03 4.630000000000000000e+03 2.640000000000000000e+03 4.630000000000000000e+03
1.010138680000000000e+08 2.610000000000000000e+03 4.640000000000000000e+03 2.640000000000000000e+03 4.630000000000000000e+03
1.010140760000000000e+08 2.600000000000000000e+03 4.640000000000000000e+03 2.640000000000000000e+03 4.650000000000000000e+03
1.010142840000000000e+08 2.610000000000000000e+03 4.630000000000000000e+03 2.640000000000000000e+03 4.650000000000000000e+03
1.010144920000000000e+08 2.610000000000000000e+03 4.630000000000000000e+03 2.640000000000000000e+03 4.650000000000000000e+03
1.010147000000000000e+08 2.610000000000000000e+03 4.630000000000000000e+03 2.640000000000000000e+03 4.660000000000000000e+03
1.010149080000000000e+08 2.610000000000000000e+03 4.640000000000000000e+03 2.640000000000000000e+03 4.650000000000000000e+03
1.010151160000000000e+08 2.610000000000000000e+03 4.630000000000000000e+03 2.640000000000000000e+03 4.640000000000000000e+03
1.010154700000000000e+08 2.610000000000000000e+03 4.620000000000000000e+03 2.640000000000000000e+03 4.630000000000000000e+03
1.010155320000000000e+08 2.620000000000000000e+03 4.610000000000000000e+03 2.640000000000000000e+03 4.640000000000000000e+03
1.010157400000000000e+08 2.620000000000000000e+03 4.610000000000000000e+03 2.640000000000000000e+03 4.640000000000000000e+03
1.010159470000000000e+08 2.610000000000000000e+03 4.610000000000000000e+03 2.640000000000000000e+03 4.640000000000000000e+03
1.010161560000000000e+08 2.610000000000000000e+03 4.610000000000000000e+03 2.640000000000000000e+03 4.640000000000000000e+03
1.010163640000000000e+08 2.600000000000000000e+03 4.610000000000000000e+03 2.640000000000000000e+03 4.640000000000000000e+03
1.010165710000000000e+08 2.600000000000000000e+03 4.630000000000000000e+03 2.640000000000000000e+03 4.640000000000000000e+03
1.010167800000000000e+08 2.610000000000000000e+03 4.640000000000000000e+03 2.640000000000000000e+03 4.640000000000000000e+03
1.010169870000000000e+08 2.610000000000000000e+03 4.640000000000000000e+03 2.640000000000000000e+03 4.660000000000000000e+03
1.010171950000000000e+08 2.610000000000000000e+03 4.630000000000000000e+03 2.640000000000000000e+03 4.650000000000000000e+03
1.010174040000000000e+08 2.610000000000000000e+03 4.630000000000000000e+03 2.630000000000000000e+03 4.660000000000000000e+03
1.010176110000000000e+08 2.610000000000000000e+03 4.640000000000000000e+03 2.630000000000000000e+03 4.650000000000000000e+03
1.010178200000000000e+08 2.610000000000000000e+03 4.640000000000000000e+03 2.640000000000000000e+03 4.660000000000000000e+03
1.010180270000000000e+08 2.620000000000000000e+03 4.630000000000000000e+03 2.640000000000000000e+03 4.660000000000000000e+03
1.010182350000000000e+08 2.600000000000000000e+03 4.640000000000000000e+03 2.640000000000000000e+03 4.660000000000000000e+03
1.010184430000000000e+08 2.600000000000000000e+03 4.640000000000000000e+03 2.640000000000000000e+03 4.650000000000000000e+03
1.010186510000000000e+08 2.590000000000000000e+03 4.630000000000000000e+03 2.640000000000000000e+03 4.650000000000000000e+03
1.010188590000000000e+08 2.600000000000000000e+03 4.630000000000000000e+03 2.640000000000000000e+03 4.660000000000000000e+03
1.010190670000000000e+08 2.600000000000000000e+03 4.630000000000000000e+03 2.640000000000000000e+03 4.650000000000000000e+03
1.010192750000000000e+08 2.610000000000000000e+03 4.630000000000000000e+03 2.640000000000000000e+03 4.650000000000000000e+03
1.010194830000000000e+08 2.610000000000000000e+03 4.640000000000000000e+03 2.640000000000000000e+03 4.650000000000000000e+03
1.010196910000000000e+08 2.610000000000000000e+03 4.650000000000000000e+03 2.640000000000000000e+03 4.660000000000000000e+03
1.010198990000000000e+08 2.610000000000000000e+03 4.640000000000000000e+03 2.640000000000000000e+03 4.650000000000000000e+03
1.010201070000000000e+08 2.610000000000000000e+03 4.640000000000000000e+03 2.650000000000000000e+03 4.640000000000000000e+03
1.010203150000000000e+08 2.610000000000000000e+03 4.640000000000000000e+03 2.650000000000000000e+03 4.650000000000000000e+03
1.010205230000000000e+08 2.610000000000000000e+03 4.630000000000000000e+03 2.650000000000000000e+03 4.640000000000000000e+03
1.010207310000000000e+08 2.610000000000000000e+03 4.620000000000000000e+03 2.650000000000000000e+03 4.630000000000000000e+03
1.010209390000000000e+08 2.610000000000000000e+03 4.630000000000000000e+03 2.650000000000000000e+03 4.640000000000000000e+03
1.010211470000000000e+08 2.600000000000000000e+03 4.630000000000000000e+03 2.650000000000000000e+03 4.640000000000000000e+03
1.010213550000000000e+08 2.600000000000000000e+03 4.630000000000000000e+03 2.650000000000000000e+03 4.640000000000000000e+03
1.010215630000000000e+08 2.600000000000000000e+03 4.630000000000000000e+03 2.650000000000000000e+03 4.640000000000000000e+03
1.010217710000000000e+08 2.600000000000000000e+03 4.640000000000000000e+03 2.650000000000000000e+03 4.650000000000000000e+03
1.010219790000000000e+08 2.600000000000000000e+03 4.630000000000000000e+03 2.640000000000000000e+03 4.660000000000000000e+03
1.010221870000000000e+08 2.610000000000000000e+03 4.640000000000000000e+03 2.640000000000000000e+03 4.650000000000000000e+03
1.010223950000000000e+08 2.600000000000000000e+03 4.650000000000000000e+03 2.640000000000000000e+03 4.640000000000000000e+03
1.010226030000000000e+08 2.610000000000000000e+03 4.650000000000000000e+03 2.650000000000000000e+03 4.650000000000000000e+03
1.010228110000000000e+08 2.610000000000000000e+03 4.630000000000000000e+03 2.650000000000000000e+03 4.660000000000000000e+03
1.010230190000000000e+08 2.610000000000000000e+03 4.630000000000000000e+03 2.650000000000000000e+03 4.650000000000000000e+03
1.010232270000000000e+08 2.610000000000000000e+03 4.630000000000000000e+03 2.650000000000000000e+03 4.660000000000000000e+03
1.010234340000000000e+08 2.600000000000000000e+03 4.630000000000000000e+03 2.650000000000000000e+03 4.650000000000000000e+03
1.010236420000000000e+08 2.610000000000000000e+03 4.640000000000000000e+03 2.650000000000000000e+03 4.670000000000000000e+03
1.010238510000000000e+08 2.610000000000000000e+03 4.650000000000000000e+03 2.650000000000000000e+03 4.670000000000000000e+03
1.010240580000000000e+08 2.610000000000000000e+03 4.630000000000000000e+03 2.640000000000000000e+03 4.660000000000000000e+03
1.010242660000000000e+08 2.610000000000000000e+03 4.650000000000000000e+03 2.640000000000000000e+03 4.670000000000000000e+03
1.010244740000000000e+08 2.610000000000000000e+03 4.640000000000000000e+03 2.640000000000000000e+03 4.650000000000000000e+03
1.010246820000000000e+08 2.610000000000000000e+03 4.630000000000000000e+03 2.650000000000000000e+03 4.640000000000000000e+03
1.010248900000000000e+08 2.610000000000000000e+03 4.630000000000000000e+03 2.650000000000000000e+03 4.650000000000000000e+03
1.010253060000000000e+08 2.600000000000000000e+03 4.630000000000000000e+03 2.650000000000000000e+03 4.640000000000000000e+03
1.010255140000000000e+08 2.600000000000000000e+03 4.630000000000000000e+03 2.650000000000000000e+03 4.640000000000000000e+03
1.010257210000000000e+08 2.600000000000000000e+03 4.620000000000000000e+03 2.650000000000000000e+03 4.650000000000000000e+03
1.010259300000000000e+08 2.600000000000000000e+03 4.620000000000000000e+03 2.650000000000000000e+03 4.650000000000000000e+03
1.010261380000000000e+08 2.600000000000000000e+03 4.620000000000000000e+03 2.640000000000000000e+03 4.640000000000000000e+03
1.010263460000000000e+08 2.600000000000000000e+03 4.630000000000000000e+03 2.640000000000000000e+03 4.640000000000000000e+03
1.010265570000000000e+08 2.600000000000000000e+03 4.630000000000000000e+03 2.640000000000000000e+03 4.640000000000000000e+03
1.010267620000000000e+08 2.610000000000000000e+03 4.640000000000000000e+03 2.640000000000000000e+03 4.650000000000000000e+03
1.010269690000000000e+08 2.600000000000000000e+03 4.630000000000000000e+03 2.640000000000000000e+03 4.660000000000000000e+03
1.010271770000000000e+08 2.610000000000000000e+03 4.640000000000000000e+03 2.640000000000000000e+03 4.660000000000000000e+03
1.010273860000000000e+08 2.610000000000000000e+03 4.630000000000000000e+03 2.640000000000000000e+03 4.650000000000000000e+03
1.010275930000000000e+08 2.600000000000000000e+03 4.630000000000000000e+03 2.640000000000000000e+03 4.650000000000000000e+03
1.010278010000000000e+08 2.600000000000000000e+03 4.630000000000000000e+03 2.640000000000000000e+03 4.640000000000000000e+03
1.010280100000000000e+08 2.600000000000000000e+03 4.640000000000000000e+03 2.630000000000000000e+03 4.630000000000000000e+03
1.010282180000000000e+08 2.590000000000000000e+03 4.640000000000000000e+03 2.630000000000000000e+03 4.630000000000000000e+03
1.010284260000000000e+08 2.590000000000000000e+03 4.650000000000000000e+03 2.630000000000000000e+03 4.640000000000000000e+03
1.010286340000000000e+08 2.590000000000000000e+03 4.650000000000000000e+03 2.640000000000000000e+03 4.640000000000000000e+03
1.010288420000000000e+08 2.600000000000000000e+03 4.650000000000000000e+03 2.640000000000000000e+03 4.640000000000000000e+03
1.010290490000000000e+08 2.600000000000000000e+03 4.640000000000000000e+03 2.640000000000000000e+03 4.640000000000000000e+03
1.010292570000000000e+08 2.600000000000000000e+03 4.650000000000000000e+03 2.640000000000000000e+03 4.640000000000000000e+03
1.010294660000000000e+08 2.600000000000000000e+03 4.630000000000000000e+03 2.640000000000000000e+03 4.650000000000000000e+03
1.010296730000000000e+08 2.600000000000000000e+03 4.630000000000000000e+03 2.640000000000000000e+03 4.660000000000000000e+03
1.010298810000000000e+08 2.600000000000000000e+03 4.650000000000000000e+03 2.640000000000000000e+03 4.650000000000000000e+03
1.010300890000000000e+08 2.600000000000000000e+03 4.640000000000000000e+03 2.640000000000000000e+03 4.650000000000000000e+03
1.010302970000000000e+08 2.600000000000000000e+03 4.640000000000000000e+03 2.640000000000000000e+03 4.660000000000000000e+03
1.010305050000000000e+08 2.600000000000000000e+03 4.650000000000000000e+03 2.640000000000000000e+03 4.660000000000000000e+03
1.010307130000000000e+08 2.600000000000000000e+03 4.650000000000000000e+03 2.640000000000000000e+03 4.650000000000000000e+03
1.010309210000000000e+08 2.600000000000000000e+03 4.630000000000000000e+03 2.640000000000000000e+03 4.640000000000000000e+03
1.010311290000000000e+08 2.600000000000000000e+03 4.640000000000000000e+03 2.640000000000000000e+03 4.640000000000000000e+03
1.010313360000000000e+08 2.590000000000000000e+03 4.640000000000000000e+03 2.650000000000000000e+03 4.630000000000000000e+03
1.010315450000000000e+08 2.600000000000000000e+03 4.630000000000000000e+03 2.650000000000000000e+03 4.650000000000000000e+03
1.010317520000000000e+08 2.600000000000000000e+03 4.630000000000000000e+03 2.650000000000000000e+03 4.650000000000000000e+03
1.010319610000000000e+08 2.600000000000000000e+03 4.630000000000000000e+03 2.650000000000000000e+03 4.660000000000000000e+03
1.010321690000000000e+08 2.600000000000000000e+03 4.630000000000000000e+03 2.640000000000000000e+03 4.650000000000000000e+03
1.010323770000000000e+08 2.600000000000000000e+03 4.630000000000000000e+03 2.640000000000000000e+03 4.660000000000000000e+03
1.010325850000000000e+08 2.600000000000000000e+03 4.630000000000000000e+03 2.630000000000000000e+03 4.670000000000000000e+03
1.010327920000000000e+08 2.610000000000000000e+03 4.620000000000000000e+03 2.640000000000000000e+03 4.650000000000000000e+03
1.010330010000000000e+08 2.610000000000000000e+03 4.620000000000000000e+03 2.640000000000000000e+03 4.650000000000000000e+03
1.010332080000000000e+08 2.610000000000000000e+03 4.620000000000000000e+03 2.640000000000000000e+03 4.650000000000000000e+03
1.010334170000000000e+08 2.610000000000000000e+03 4.610000000000000000e+03 2.640000000000000000e+03 4.640000000000000000e+03
1.010336240000000000e+08 2.610000000000000000e+03 4.630000000000000000e+03 2.640000000000000000e+03 4.630000000000000000e+03
1.010338320000000000e+08 2.610000000000000000e+03 4.620000000000000000e+03 2.640000000000000000e+03 4.630000000000000000e+03
1.010340400000000000e+08 2.610000000000000000e+03 4.620000000000000000e+03 2.640000000000000000e+03 4.640000000000000000e+03
1.010342480000000000e+08 2.600000000000000000e+03 4.610000000000000000e+03 2.640000000000000000e+03 4.640000000000000000e+03
1.010344560000000000e+08 2.600000000000000000e+03 4.610000000000000000e+03 2.640000000000000000e+03 4.640000000000000000e+03
1.010346640000000000e+08 2.600000000000000000e+03 4.630000000000000000e+03 2.640000000000000000e+03 4.640000000000000000e+03
1.010348720000000000e+08 2.610000000000000000e+03 4.640000000000000000e+03 2.640000000000000000e+03 4.650000000000000000e+03
1.010350800000000000e+08 2.610000000000000000e+03 4.640000000000000000e+03 2.640000000000000000e+03 4.640000000000000000e+03
1.010352880000000000e+08 2.610000000000000000e+03 4.650000000000000000e+03 2.640000000000000000e+03 4.630000000000000000e+03
1.010354960000000000e+08 2.610000000000000000e+03 4.650000000000000000e+03 2.640000000000000000e+03 4.630000000000000000e+03
1.010357040000000000e+08 2.610000000000000000e+03 4.650000000000000000e+03 2.640000000000000000e+03 4.640000000000000000e+03
1.010359120000000000e+08 2.610000000000000000e+03 4.650000000000000000e+03 2.640000000000000000e+03 4.640000000000000000e+03
1.010361210000000000e+08 2.610000000000000000e+03 4.650000000000000000e+03 2.640000000000000000e+03 4.630000000000000000e+03
1.010363280000000000e+08 2.610000000000000000e+03 4.640000000000000000e+03 2.640000000000000000e+03 4.650000000000000000e+03
1.010365360000000000e+08 2.600000000000000000e+03 4.630000000000000000e+03 2.640000000000000000e+03 4.650000000000000000e+03
1.010367440000000000e+08 2.600000000000000000e+03 4.630000000000000000e+03 2.640000000000000000e+03 4.650000000000000000e+03
1.010369520000000000e+08 2.610000000000000000e+03 4.640000000000000000e+03 2.640000000000000000e+03 4.640000000000000000e+03
1.010371600000000000e+08 2.610000000000000000e+03 4.630000000000000000e+03 2.640000000000000000e+03 4.650000000000000000e+03
1.010373680000000000e+08 2.610000000000000000e+03 4.630000000000000000e+03 2.640000000000000000e+03 4.650000000000000000e+03
1.010375760000000000e+08 2.610000000000000000e+03 4.640000000000000000e+03 2.640000000000000000e+03 4.660000000000000000e+03
1.010377840000000000e+08 2.610000000000000000e+03 4.630000000000000000e+03 2.640000000000000000e+03 4.650000000000000000e+03
1.010379920000000000e+08 2.610000000000000000e+03 4.640000000000000000e+03 2.640000000000000000e+03 4.650000000000000000e+03
1.010382000000000000e+08 2.620000000000000000e+03 4.630000000000000000e+03 2.630000000000000000e+03 4.650000000000000000e+03
1.010384080000000000e+08 2.620000000000000000e+03 4.640000000000000000e+03 2.630000000000000000e+03 4.650000000000000000e+03
1.010386160000000000e+08 2.620000000000000000e+03 4.650000000000000000e+03 2.630000000000000000e+03 4.660000000000000000e+03
1.010388240000000000e+08 2.620000000000000000e+03 4.650000000000000000e+03 2.640000000000000000e+03 4.650000000000000000e+03
1.010390320000000000e+08 2.610000000000000000e+03 4.650000000000000000e+03 2.640000000000000000e+03 4.650000000000000000e+03
1.010392400000000000e+08 2.600000000000000000e+03 4.650000000000000000e+03 2.640000000000000000e+03 4.660000000000000000e+03
1.010394480000000000e+08 2.610000000000000000e+03 4.630000000000000000e+03 2.640000000000000000e+03 4.660000000000000000e+03
1.010396560000000000e+08 2.600000000000000000e+03 4.630000000000000000e+03 2.640000000000000000e+03 4.650000000000000000e+03
1.010398640000000000e+08 2.590000000000000000e+03 4.620000000000000000e+03 2.640000000000000000e+03 4.660000000000000000e+03
1.010400710000000000e+08 2.590000000000000000e+03 4.640000000000000000e+03 2.640000000000000000e+03 4.650000000000000000e+03
1.010402790000000000e+08 2.580000000000000000e+03 4.630000000000000000e+03 2.630000000000000000e+03 4.640000000000000000e+03
1.010404870000000000e+08 2.580000000000000000e+03 4.640000000000000000e+03 2.630000000000000000e+03 4.650000000000000000e+03
1.010406950000000000e+08 2.590000000000000000e+03 4.640000000000000000e+03 2.640000000000000000e+03 4.640000000000000000e+03
1.010409030000000000e+08 2.590000000000000000e+03 4.640000000000000000e+03 2.630000000000000000e+03 4.640000000000000000e+03
1.010411110000000000e+08 2.590000000000000000e+03 4.640000000000000000e+03 2.630000000000000000e+03 4.630000000000000000e+03
1.010413190000000000e+08 2.590000000000000000e+03 4.640000000000000000e+03 2.630000000000000000e+03 4.630000000000000000e+03
1.010415270000000000e+08 2.600000000000000000e+03 4.650000000000000000e+03 2.640000000000000000e+03 4.650000000000000000e+03
1.010417350000000000e+08 2.600000000000000000e+03 4.650000000000000000e+03 2.640000000000000000e+03 4.630000000000000000e+03
1.010419430000000000e+08 2.600000000000000000e+03 4.640000000000000000e+03 2.640000000000000000e+03 4.630000000000000000e+03
1.010421500000000000e+08 2.600000000000000000e+03 4.630000000000000000e+03 2.640000000000000000e+03 4.620000000000000000e+03
1.010423590000000000e+08 2.600000000000000000e+03 4.640000000000000000e+03 2.640000000000000000e+03 4.640000000000000000e+03
1.010425670000000000e+08 2.600000000000000000e+03 4.640000000000000000e+03 2.640000000000000000e+03 4.640000000000000000e+03
1.010427740000000000e+08 2.610000000000000000e+03 4.640000000000000000e+03 2.640000000000000000e+03 4.630000000000000000e+03
1.010429830000000000e+08 2.600000000000000000e+03 4.630000000000000000e+03 2.640000000000000000e+03 4.630000000000000000e+03
1.010431910000000000e+08 2.610000000000000000e+03 4.640000000000000000e+03 2.650000000000000000e+03 4.640000000000000000e+03
1.010433990000000000e+08 2.610000000000000000e+03 4.630000000000000000e+03 2.650000000000000000e+03 4.640000000000000000e+03
1.010436110000000000e+08 2.610000000000000000e+03 4.640000000000000000e+03 2.650000000000000000e+03 4.640000000000000000e+03
1.010438150000000000e+08 2.610000000000000000e+03 4.640000000000000000e+03 2.650000000000000000e+03 4.640000000000000000e+03
1.010440230000000000e+08 2.600000000000000000e+03 4.650000000000000000e+03 2.650000000000000000e+03 4.650000000000000000e+03
1.010442300000000000e+08 2.600000000000000000e+03 4.630000000000000000e+03 2.650000000000000000e+03 4.640000000000000000e+03
1.010444390000000000e+08 2.600000000000000000e+03 4.620000000000000000e+03 2.650000000000000000e+03 4.640000000000000000e+03
1.010446460000000000e+08 2.600000000000000000e+03 4.620000000000000000e+03 2.650000000000000000e+03 4.630000000000000000e+03
1.010448550000000000e+08 2.610000000000000000e+03 4.630000000000000000e+03 2.640000000000000000e+03 4.630000000000000000e+03
1.010450630000000000e+08 2.600000000000000000e+03 4.650000000000000000e+03 2.640000000000000000e+03 4.650000000000000000e+03
1.010452710000000000e+08 2.600000000000000000e+03 4.640000000000000000e+03 2.640000000000000000e+03 4.640000000000000000e+03
1.010454790000000000e+08 2.600000000000000000e+03 4.650000000000000000e+03 2.640000000000000000e+03 4.630000000000000000e+03
1.010456860000000000e+08 2.610000000000000000e+03 4.650000000000000000e+03 2.640000000000000000e+03 4.630000000000000000e+03
1.010458950000000000e+08 2.610000000000000000e+03 4.640000000000000000e+03 2.640000000000000000e+03 4.620000000000000000e+03
1.010461020000000000e+08 2.610000000000000000e+03 4.640000000000000000e+03 2.640000000000000000e+03 4.630000000000000000e+03
1.010463100000000000e+08 2.610000000000000000e+03 4.630000000000000000e+03 2.640000000000000000e+03 4.620000000000000000e+03
1.010465180000000000e+08 2.600000000000000000e+03 4.620000000000000000e+03 2.640000000000000000e+03 4.620000000000000000e+03
1.010467260000000000e+08 2.600000000000000000e+03 4.620000000000000000e+03 2.640000000000000000e+03 4.620000000000000000e+03
1.010469340000000000e+08 2.600000000000000000e+03 4.620000000000000000e+03 2.640000000000000000e+03 4.630000000000000000e+03
1.010471420000000000e+08 2.610000000000000000e+03 4.640000000000000000e+03 2.640000000000000000e+03 4.630000000000000000e+03
1.010473500000000000e+08 2.600000000000000000e+03 4.640000000000000000e+03 2.640000000000000000e+03 4.630000000000000000e+03
1.010475580000000000e+08 2.600000000000000000e+03 4.630000000000000000e+03 2.640000000000000000e+03 4.630000000000000000e+03
1.010477660000000000e+08 2.610000000000000000e+03 4.620000000000000000e+03 2.640000000000000000e+03 4.650000000000000000e+03
1.010479740000000000e+08 2.600000000000000000e+03 4.630000000000000000e+03 2.630000000000000000e+03 4.650000000000000000e+03
1.010481820000000000e+08 2.600000000000000000e+03 4.630000000000000000e+03 2.630000000000000000e+03 4.650000000000000000e+03
