1.028190230000000000e+08 2.070000000000000000e+03 3.820000000000000000e+03 3.760000000000000000e+03 4.950000000000000000e+03
1.028192310000000000e+08 2.070000000000000000e+03 3.810000000000000000e+03 3.760000000000000000e+03 4.940000000000000000e+03
1.028194390000000000e+08 2.070000000000000000e+03 3.810000000000000000e+03 3.760000000000000000e+03 4.940000000000000000e+03
1.028196460000000000e+08 2.070000000000000000e+03 3.800000000000000000e+03 3.760000000000000000e+03 4.940000000000000000e+03
1.028198550000000000e+08 2.070000000000000000e+03 3.800000000000000000e+03 3.760000000000000000e+03 4.950000000000000000e+03
1.028200640000000000e+08 2.080000000000000000e+03 3.800000000000000000e+03 3.760000000000000000e+03 4.940000000000000000e+03
1.028202710000000000e+08 2.070000000000000000e+03 3.810000000000000000e+03 3.760000000000000000e+03 4.940000000000000000e+03
1.028204790000000000e+08 2.070000000000000000e+03 3.810000000000000000e+03 3.760000000000000000e+03 4.940000000000000000e+03
1.028206870000000000e+08 2.060000000000000000e+03 3.810000000000000000e+03 3.760000000000000000e+03 4.940000000000000000e+03
1.028208950000000000e+08 2.060000000000000000e+03 3.800000000000000000e+03 3.760000000000000000e+03 4.940000000000000000e+03
1.028211020000000000e+08 2.060000000000000000e+03 3.810000000000000000e+03 3.760000000000000000e+03 4.940000000000000000e+03
1.028213110000000000e+08 2.060000000000000000e+03 3.800000000000000000e+03 3.760000000000000000e+03 4.940000000000000000e+03
1.028215190000000000e+08 2.060000000000000000e+03 3.800000000000000000e+03 3.750000000000000000e+03 4.940000000000000000e+03
1.028217270000000000e+08 2.060000000000000000e+03 3.800000000000000000e+03 3.760000000000000000e+03 4.940000000000000000e+03
1.028219350000000000e+08 2.060000000000000000e+03 3.800000000000000000e+03 3.750000000000000000e+03 4.940000000000000000e+03
1.028221430000000000e+08 2.070000000000000000e+03 3.790000000000000000e+03 3.760000000000000000e+03 4.940000000000000000e+03
1.028223510000000000e+08 2.070000000000000000e+03 3.800000000000000000e+03 3.760000000000000000e+03 4.940000000000000000e+03
1.028225590000000000e+08 2.070000000000000000e+03 3.790000000000000000e+03 3.750000000000000000e+03 4.940000000000000000e+03
1.028227660000000000e+08 2.070000000000000000e+03 3.790000000000000000e+03 3.740000000000000000e+03 4.950000000000000000e+03
1.028229750000000000e+08 2.070000000000000000e+03 3.790000000000000000e+03 3.740000000000000000e+03 4.960000000000000000e+03
1.028231830000000000e+08 2.070000000000000000e+03 3.800000000000000000e+03 3.740000000000000000e+03 4.960000000000000000e+03
1.028233900000000000e+08 2.070000000000000000e+03 3.810000000000000000e+03 3.750000000000000000e+03 4.960000000000000000e+03
1.028235990000000000e+08 2.080000000000000000e+03 3.800000000000000000e+03 3.750000000000000000e+03 4.950000000000000000e+03
1.028238060000000000e+08 2.080000000000000000e+03 3.790000000000000000e+03 3.750000000000000000e+03 4.960000000000000000e+03
1.028240140000000000e+08 2.070000000000000000e+03 3.790000000000000000e+03 3.750000000000000000e+03 4.960000000000000000e+03
1.028242220000000000e+08 2.070000000000000000e+03 3.800000000000000000e+03 3.740000000000000000e+03 4.960000000000000000e+03
1.028244300000000000e+08 2.070000000000000000e+03 3.800000000000000000e+03 3.740000000000000000e+03 4.950000000000000000e+03
1.028246380000000000e+08 2.070000000000000000e+03 3.790000000000000000e+03 3.730000000000000000e+03 4.960000000000000000e+03
1.028248470000000000e+08 2.060000000000000000e+03 3.790000000000000000e+03 3.740000000000000000e+03 4.960000000000000000e+03
1.028250540000000000e+08 2.060000000000000000e+03 3.790000000000000000e+03 3.740000000000000000e+03 4.960000000000000000e+03
1.028252620000000000e+08 2.060000000000000000e+03 3.790000000000000000e+03 3.750000000000000000e+03 4.960000000000000000e+03
1.028254700000000000e+08 2.060000000000000000e+03 3.800000000000000000e+03 3.750000000000000000e+03 4.960000000000000000e+03
1.028256780000000000e+08 2.060000000000000000e+03 3.800000000000000000e+03 3.760000000000000000e+03 4.960000000000000000e+03
1.028258860000000000e+08 2.070000000000000000e+03 3.800000000000000000e+03 3.770000000000000000e+03 4.960000000000000000e+03
1.028260940000000000e+08 2.080000000000000000e+03 3.790000000000000000e+03 3.770000000000000000e+03 4.960000000000000000e+03
1.028263020000000000e+08 2.070000000000000000e+03 3.780000000000000000e+03 3.770000000000000000e+03 4.950000000000000000e+03
1.028265090000000000e+08 2.070000000000000000e+03 3.780000000000000000e+03 3.760000000000000000e+03 4.960000000000000000e+03
1.028267180000000000e+08 2.060000000000000000e+03 3.790000000000000000e+03 3.760000000000000000e+03 4.960000000000000000e+03
1.028269260000000000e+08 2.060000000000000000e+03 3.790000000000000000e+03 3.760000000000000000e+03 4.960000000000000000e+03
1.028271340000000000e+08 2.060000000000000000e+03 3.790000000000000000e+03 3.760000000000000000e+03 4.960000000000000000e+03
1.028273420000000000e+08 2.070000000000000000e+03 3.790000000000000000e+03 3.760000000000000000e+03 4.970000000000000000e+03
1.028275500000000000e+08 2.080000000000000000e+03 3.790000000000000000e+03 3.760000000000000000e+03 4.970000000000000000e+03
1.028277580000000000e+08 2.070000000000000000e+03 3.780000000000000000e+03 3.760000000000000000e+03 4.960000000000000000e+03
1.028279650000000000e+08 2.080000000000000000e+03 3.790000000000000000e+03 3.760000000000000000e+03 4.960000000000000000e+03
1.028281740000000000e+08 2.070000000000000000e+03 3.800000000000000000e+03 3.760000000000000000e+03 4.960000000000000000e+03
1.028283820000000000e+08 2.070000000000000000e+03 3.810000000000000000e+03 3.760000000000000000e+03 4.960000000000000000e+03
1.028285900000000000e+08 2.070000000000000000e+03 3.810000000000000000e+03 3.750000000000000000e+03 4.960000000000000000e+03
1.028287980000000000e+08 2.070000000000000000e+03 3.800000000000000000e+03 3.760000000000000000e+03 4.960000000000000000e+03
1.028290060000000000e+08 2.070000000000000000e+03 3.800000000000000000e+03 3.750000000000000000e+03 4.960000000000000000e+03
1.028292130000000000e+08 2.070000000000000000e+03 3.800000000000000000e+03 3.750000000000000000e+03 4.960000000000000000e+03
1.028294210000000000e+08 2.080000000000000000e+03 3.790000000000000000e+03 3.750000000000000000e+03 4.960000000000000000e+03
1.028296290000000000e+08 2.080000000000000000e+03 3.780000000000000000e+03 3.750000000000000000e+03 4.960000000000000000e+03
1.028298370000000000e+08 2.080000000000000000e+03 3.790000000000000000e+03 3.750000000000000000e+03 4.960000000000000000e+03
1.028300450000000000e+08 2.080000000000000000e+03 3.790000000000000000e+03 3.750000000000000000e+03 4.960000000000000000e+03
1.028302530000000000e+08 2.070000000000000000e+03 3.790000000000000000e+03 3.750000000000000000e+03 4.970000000000000000e+03
1.028304610000000000e+08 2.070000000000000000e+03 3.800000000000000000e+03 3.740000000000000000e+03 4.970000000000000000e+03
1.028306690000000000e+08 2.060000000000000000e+03 3.800000000000000000e+03 3.740000000000000000e+03 4.970000000000000000e+03
1.028308770000000000e+08 2.060000000000000000e+03 3.790000000000000000e+03 3.750000000000000000e+03 4.960000000000000000e+03
1.028310850000000000e+08 2.060000000000000000e+03 3.790000000000000000e+03 3.750000000000000000e+03 4.950000000000000000e+03
1.028312930000000000e+08 2.060000000000000000e+03 3.780000000000000000e+03 3.750000000000000000e+03 4.950000000000000000e+03
1.028315010000000000e+08 2.060000000000000000e+03 3.780000000000000000e+03 3.760000000000000000e+03 4.950000000000000000e+03
1.028317090000000000e+08 2.060000000000000000e+03 3.790000000000000000e+03 3.760000000000000000e+03 4.960000000000000000e+03
1.028319170000000000e+08 2.060000000000000000e+03 3.800000000000000000e+03 3.750000000000000000e+03 4.950000000000000000e+03
1.028321250000000000e+08 2.060000000000000000e+03 3.800000000000000000e+03 3.760000000000000000e+03 4.960000000000000000e+03
1.028323330000000000e+08 2.070000000000000000e+03 3.790000000000000000e+03 3.760000000000000000e+03 4.950000000000000000e+03
1.028325410000000000e+08 2.070000000000000000e+03 3.790000000000000000e+03 3.760000000000000000e+03 4.950000000000000000e+03
1.028327490000000000e+08 2.060000000000000000e+03 3.800000000000000000e+03 3.760000000000000000e+03 4.950000000000000000e+03
1.028329570000000000e+08 2.050000000000000000e+03 3.810000000000000000e+03 3.750000000000000000e+03 4.960000000000000000e+03
1.028331650000000000e+08 2.050000000000000000e+03 3.800000000000000000e+03 3.750000000000000000e+03 4.960000000000000000e+03
1.028333730000000000e+08 2.060000000000000000e+03 3.810000000000000000e+03 3.750000000000000000e+03 4.960000000000000000e+03
1.028335810000000000e+08 2.060000000000000000e+03 3.790000000000000000e+03 3.740000000000000000e+03 4.960000000000000000e+03
1.028337890000000000e+08 2.060000000000000000e+03 3.800000000000000000e+03 3.750000000000000000e+03 4.960000000000000000e+03
1.028339970000000000e+08 2.060000000000000000e+03 3.790000000000000000e+03 3.750000000000000000e+03 4.970000000000000000e+03
1.028342050000000000e+08 2.060000000000000000e+03 3.790000000000000000e+03 3.750000000000000000e+03 4.960000000000000000e+03
1.028344130000000000e+08 2.060000000000000000e+03 3.790000000000000000e+03 3.750000000000000000e+03 4.960000000000000000e+03
1.028346210000000000e+08 2.060000000000000000e+03 3.780000000000000000e+03 3.760000000000000000e+03 4.950000000000000000e+03
1.028348290000000000e+08 2.060000000000000000e+03 3.780000000000000000e+03 3.760000000000000000e+03 4.960000000000000000e+03
1.028350360000000000e+08 2.070000000000000000e+03 3.780000000000000000e+03 3.750000000000000000e+03 4.960000000000000000e+03
1.028352450000000000e+08 2.070000000000000000e+03 3.800000000000000000e+03 3.740000000000000000e+03 4.950000000000000000e+03
1.028354520000000000e+08 2.070000000000000000e+03 3.810000000000000000e+03 3.740000000000000000e+03 4.950000000000000000e+03
1.028356600000000000e+08 2.080000000000000000e+03 3.800000000000000000e+03 3.750000000000000000e+03 4.950000000000000000e+03
1.028358680000000000e+08 2.070000000000000000e+03 3.800000000000000000e+03 3.750000000000000000e+03 4.950000000000000000e+03
1.028360760000000000e+08 2.070000000000000000e+03 3.810000000000000000e+03 3.740000000000000000e+03 4.950000000000000000e+03
1.028362840000000000e+08 2.080000000000000000e+03 3.800000000000000000e+03 3.750000000000000000e+03 4.950000000000000000e+03
1.028364920000000000e+08 2.070000000000000000e+03 3.790000000000000000e+03 3.750000000000000000e+03 4.950000000000000000e+03
1.028367000000000000e+08 2.070000000000000000e+03 3.780000000000000000e+03 3.750000000000000000e+03 4.950000000000000000e+03
1.028369080000000000e+08 2.080000000000000000e+03 3.790000000000000000e+03 3.750000000000000000e+03 4.950000000000000000e+03
1.028371160000000000e+08 2.070000000000000000e+03 3.790000000000000000e+03 3.740000000000000000e+03 4.950000000000000000e+03
1.028373240000000000e+08 2.080000000000000000e+03 3.800000000000000000e+03 3.750000000000000000e+03 4.950000000000000000e+03
1.028375320000000000e+08 2.080000000000000000e+03 3.810000000000000000e+03 3.750000000000000000e+03 4.950000000000000000e+03
1.028377460000000000e+08 2.070000000000000000e+03 3.810000000000000000e+03 3.760000000000000000e+03 4.960000000000000000e+03
1.028379480000000000e+08 2.070000000000000000e+03 3.810000000000000000e+03 3.760000000000000000e+03 4.960000000000000000e+03
1.028381560000000000e+08 2.070000000000000000e+03 3.810000000000000000e+03 3.750000000000000000e+03 4.960000000000000000e+03
1.028383640000000000e+08 2.070000000000000000e+03 3.810000000000000000e+03 3.750000000000000000e+03 4.960000000000000000e+03
1.028385720000000000e+08 2.070000000000000000e+03 3.810000000000000000e+03 3.750000000000000000e+03 4.950000000000000000e+03
1.028387800000000000e+08 2.070000000000000000e+03 3.790000000000000000e+03 3.750000000000000000e+03 4.950000000000000000e+03
1.028389880000000000e+08 2.070000000000000000e+03 3.790000000000000000e+03 3.760000000000000000e+03 4.950000000000000000e+03
1.028391960000000000e+08 2.070000000000000000e+03 3.800000000000000000e+03 3.750000000000000000e+03 4.950000000000000000e+03
1.028394030000000000e+08 2.070000000000000000e+03 3.810000000000000000e+03 3.750000000000000000e+03 4.960000000000000000e+03
1.028396120000000000e+08 2.070000000000000000e+03 3.820000000000000000e+03 3.750000000000000000e+03 4.960000000000000000e+03
1.028398200000000000e+08 2.070000000000000000e+03 3.820000000000000000e+03 3.740000000000000000e+03 4.960000000000000000e+03
1.028400270000000000e+08 2.070000000000000000e+03 3.820000000000000000e+03 3.750000000000000000e+03 4.950000000000000000e+03
1.028402360000000000e+08 2.070000000000000000e+03 3.820000000000000000e+03 3.740000000000000000e+03 4.950000000000000000e+03
1.028404440000000000e+08 2.070000000000000000e+03 3.820000000000000000e+03 3.750000000000000000e+03 4.950000000000000000e+03
1.028406520000000000e+08 2.070000000000000000e+03 3.820000000000000000e+03 3.760000000000000000e+03 4.940000000000000000e+03
1.028408590000000000e+08 2.070000000000000000e+03 3.820000000000000000e+03 3.760000000000000000e+03 4.950000000000000000e+03
1.028410670000000000e+08 2.080000000000000000e+03 3.800000000000000000e+03 3.760000000000000000e+03 4.950000000000000000e+03
1.028412750000000000e+08 2.070000000000000000e+03 3.800000000000000000e+03 3.770000000000000000e+03 4.950000000000000000e+03
1.028414830000000000e+08 2.070000000000000000e+03 3.800000000000000000e+03 3.770000000000000000e+03 4.950000000000000000e+03
1.028416910000000000e+08 2.070000000000000000e+03 3.800000000000000000e+03 3.770000000000000000e+03 4.950000000000000000e+03
1.028418990000000000e+08 2.060000000000000000e+03 3.790000000000000000e+03 3.770000000000000000e+03 4.950000000000000000e+03
1.028421070000000000e+08 2.070000000000000000e+03 3.790000000000000000e+03 3.780000000000000000e+03 4.950000000000000000e+03
1.028423150000000000e+08 2.070000000000000000e+03 3.790000000000000000e+03 3.770000000000000000e+03 4.940000000000000000e+03
1.028425230000000000e+08 2.090000000000000000e+03 3.780000000000000000e+03 3.770000000000000000e+03 4.940000000000000000e+03
1.028427310000000000e+08 2.090000000000000000e+03 3.780000000000000000e+03 3.770000000000000000e+03 4.940000000000000000e+03
1.028429390000000000e+08 2.090000000000000000e+03 3.780000000000000000e+03 3.770000000000000000e+03 4.940000000000000000e+03
1.028431470000000000e+08 2.090000000000000000e+03 3.800000000000000000e+03 3.770000000000000000e+03 4.940000000000000000e+03
1.028433550000000000e+08 2.090000000000000000e+03 3.790000000000000000e+03 3.770000000000000000e+03 4.950000000000000000e+03
1.028435630000000000e+08 2.090000000000000000e+03 3.790000000000000000e+03 3.760000000000000000e+03 4.950000000000000000e+03
1.028437710000000000e+08 2.090000000000000000e+03 3.790000000000000000e+03 3.760000000000000000e+03 4.960000000000000000e+03
1.028439790000000000e+08 2.090000000000000000e+03 3.800000000000000000e+03 3.760000000000000000e+03 4.960000000000000000e+03
1.028441870000000000e+08 2.090000000000000000e+03 3.790000000000000000e+03 3.760000000000000000e+03 4.970000000000000000e+03
1.028443960000000000e+08 2.080000000000000000e+03 3.780000000000000000e+03 3.760000000000000000e+03 4.960000000000000000e+03
1.028446030000000000e+08 2.070000000000000000e+03 3.790000000000000000e+03 3.770000000000000000e+03 4.960000000000000000e+03
1.028448110000000000e+08 2.070000000000000000e+03 3.780000000000000000e+03 3.770000000000000000e+03 4.970000000000000000e+03
1.028450190000000000e+08 2.070000000000000000e+03 3.790000000000000000e+03 3.770000000000000000e+03 4.970000000000000000e+03
1.028452270000000000e+08 2.070000000000000000e+03 3.780000000000000000e+03 3.780000000000000000e+03 4.980000000000000000e+03
1.028454350000000000e+08 2.070000000000000000e+03 3.800000000000000000e+03 3.770000000000000000e+03 4.970000000000000000e+03
1.028456430000000000e+08 2.080000000000000000e+03 3.790000000000000000e+03 3.770000000000000000e+03 4.960000000000000000e+03
1.028458510000000000e+08 2.090000000000000000e+03 3.800000000000000000e+03 3.770000000000000000e+03 4.960000000000000000e+03
1.028460580000000000e+08 2.080000000000000000e+03 3.780000000000000000e+03 3.770000000000000000e+03 4.970000000000000000e+03
1.028462660000000000e+08 2.070000000000000000e+03 3.790000000000000000e+03 3.770000000000000000e+03 4.970000000000000000e+03
1.028464740000000000e+08 2.080000000000000000e+03 3.780000000000000000e+03 3.770000000000000000e+03 4.970000000000000000e+03
1.028466820000000000e+08 2.080000000000000000e+03 3.780000000000000000e+03 3.770000000000000000e+03 4.960000000000000000e+03
1.028468900000000000e+08 2.070000000000000000e+03 3.780000000000000000e+03 3.760000000000000000e+03 4.950000000000000000e+03
1.028470980000000000e+08 2.070000000000000000e+03 3.790000000000000000e+03 3.770000000000000000e+03 4.950000000000000000e+03
1.028473060000000000e+08 2.060000000000000000e+03 3.790000000000000000e+03 3.760000000000000000e+03 4.940000000000000000e+03
1.028475140000000000e+08 2.060000000000000000e+03 3.790000000000000000e+03 3.760000000000000000e+03 4.940000000000000000e+03
1.028477220000000000e+08 2.060000000000000000e+03 3.790000000000000000e+03 3.760000000000000000e+03 4.940000000000000000e+03
1.028479310000000000e+08 2.050000000000000000e+03 3.790000000000000000e+03 3.760000000000000000e+03 4.940000000000000000e+03
1.028481390000000000e+08 2.060000000000000000e+03 3.790000000000000000e+03 3.760000000000000000e+03 4.940000000000000000e+03
1.028483470000000000e+08 2.070000000000000000e+03 3.800000000000000000e+03 3.760000000000000000e+03 4.940000000000000000e+03
1.028485540000000000e+08 2.070000000000000000e+03 3.800000000000000000e+03 3.760000000000000000e+03 4.940000000000000000e+03
1.028487620000000000e+08 2.070000000000000000e+03 3.800000000000000000e+03 3.770000000000000000e+03 4.940000000000000000e+03
1.028489700000000000e+08 2.070000000000000000e+03 3.800000000000000000e+03 3.760000000000000000e+03 4.950000000000000000e+03
1.028491780000000000e+08 2.070000000000000000e+03 3.810000000000000000e+03 3.760000000000000000e+03 4.960000000000000000e+03
1.028493860000000000e+08 2.070000000000000000e+03 3.800000000000000000e+03 3.760000000000000000e+03 4.960000000000000000e+03
1.028495940000000000e+08 2.070000000000000000e+03 3.810000000000000000e+03 3.760000000000000000e+03 4.950000000000000000e+03
1.028498010000000000e+08 2.080000000000000000e+03 3.790000000000000000e+03 3.760000000000000000e+03 4.950000000000000000e+03
1.028500100000000000e+08 2.080000000000000000e+03 3.780000000000000000e+03 3.760000000000000000e+03 4.940000000000000000e+03
1.028502180000000000e+08 2.070000000000000000e+03 3.780000000000000000e+03 3.760000000000000000e+03 4.950000000000000000e+03
1.028504260000000000e+08 2.070000000000000000e+03 3.780000000000000000e+03 3.760000000000000000e+03 4.960000000000000000e+03
1.028506340000000000e+08 2.070000000000000000e+03 3.790000000000000000e+03 3.740000000000000000e+03 4.950000000000000000e+03
1.028508420000000000e+08 2.070000000000000000e+03 3.790000000000000000e+03 3.740000000000000000e+03 4.960000000000000000e+03
1.028510500000000000e+08 2.070000000000000000e+03 3.800000000000000000e+03 3.740000000000000000e+03 4.960000000000000000e+03
1.028512580000000000e+08 2.070000000000000000e+03 3.800000000000000000e+03 3.750000000000000000e+03 4.970000000000000000e+03
1.028514660000000000e+08 2.070000000000000000e+03 3.800000000000000000e+03 3.750000000000000000e+03 4.960000000000000000e+03
1.028516760000000000e+08 2.070000000000000000e+03 3.800000000000000000e+03 3.750000000000000000e+03 4.960000000000000000e+03
1.028518810000000000e+08 2.070000000000000000e+03 3.800000000000000000e+03 3.760000000000000000e+03 4.970000000000000000e+03
1.028520890000000000e+08 2.070000000000000000e+03 3.780000000000000000e+03 3.770000000000000000e+03 4.960000000000000000e+03
1.028522970000000000e+08 2.070000000000000000e+03 3.770000000000000000e+03 3.760000000000000000e+03 4.950000000000000000e+03
1.028525050000000000e+08 2.070000000000000000e+03 3.790000000000000000e+03 3.750000000000000000e+03 4.950000000000000000e+03
1.028527130000000000e+08 2.070000000000000000e+03 3.790000000000000000e+03 3.750000000000000000e+03 4.950000000000000000e+03
1.028529210000000000e+08 2.070000000000000000e+03 3.790000000000000000e+03 3.750000000000000000e+03 4.950000000000000000e+03
1.028531290000000000e+08 2.070000000000000000e+03 3.790000000000000000e+03 3.760000000000000000e+03 4.950000000000000000e+03
1.028533370000000000e+08 2.070000000000000000e+03 3.790000000000000000e+03 3.760000000000000000e+03 4.950000000000000000e+03
1.028535450000000000e+08 2.080000000000000000e+03 3.790000000000000000e+03 3.760000000000000000e+03 4.950000000000000000e+03
1.028537530000000000e+08 2.080000000000000000e+03 3.790000000000000000e+03 3.770000000000000000e+03 4.950000000000000000e+03
1.028539610000000000e+08 2.070000000000000000e+03 3.800000000000000000e+03 3.760000000000000000e+03 4.960000000000000000e+03
1.028541690000000000e+08 2.070000000000000000e+03 3.810000000000000000e+03 3.770000000000000000e+03 4.960000000000000000e+03
1.028543770000000000e+08 2.070000000000000000e+03 3.810000000000000000e+03 3.770000000000000000e+03 4.960000000000000000e+03
1.028545850000000000e+08 2.070000000000000000e+03 3.810000000000000000e+03 3.770000000000000000e+03 4.950000000000000000e+03
1.028547930000000000e+08 2.080000000000000000e+03 3.810000000000000000e+03 3.770000000000000000e+03 4.950000000000000000e+03
1.028550010000000000e+08 2.070000000000000000e+03 3.810000000000000000e+03 3.780000000000000000e+03 4.950000000000000000e+03
1.028552090000000000e+08 2.070000000000000000e+03 3.810000000000000000e+03 3.770000000000000000e+03 4.940000000000000000e+03
1.028554160000000000e+08 2.080000000000000000e+03 3.810000000000000000e+03 3.770000000000000000e+03 4.940000000000000000e+03
1.028556250000000000e+08 2.070000000000000000e+03 3.810000000000000000e+03 3.760000000000000000e+03 4.940000000000000000e+03
1.028558330000000000e+08 2.080000000000000000e+03 3.820000000000000000e+03 3.770000000000000000e+03 4.950000000000000000e+03
1.028560410000000000e+08 2.080000000000000000e+03 3.830000000000000000e+03 3.770000000000000000e+03 4.950000000000000000e+03
1.028562480000000000e+08 2.080000000000000000e+03 3.820000000000000000e+03 3.750000000000000000e+03 4.950000000000000000e+03
1.028564570000000000e+08 2.070000000000000000e+03 3.820000000000000000e+03 3.750000000000000000e+03 4.950000000000000000e+03
1.028566650000000000e+08 2.070000000000000000e+03 3.810000000000000000e+03 3.750000000000000000e+03 4.950000000000000000e+03
1.028568730000000000e+08 2.070000000000000000e+03 3.800000000000000000e+03 3.760000000000000000e+03 4.960000000000000000e+03
1.028570820000000000e+08 2.070000000000000000e+03 3.800000000000000000e+03 3.760000000000000000e+03 4.950000000000000000e+03
1.028572940000000000e+08 2.080000000000000000e+03 3.800000000000000000e+03 3.760000000000000000e+03 4.950000000000000000e+03
1.028574960000000000e+08 2.070000000000000000e+03 3.810000000000000000e+03 3.760000000000000000e+03 4.960000000000000000e+03
1.028577050000000000e+08 2.070000000000000000e+03 3.810000000000000000e+03 3.760000000000000000e+03 4.960000000000000000e+03
1.028579120000000000e+08 2.080000000000000000e+03 3.810000000000000000e+03 3.760000000000000000e+03 4.960000000000000000e+03
1.028581200000000000e+08 2.070000000000000000e+03 3.800000000000000000e+03 3.750000000000000000e+03 4.960000000000000000e+03
1.028583280000000000e+08 2.070000000000000000e+03 3.790000000000000000e+03 3.750000000000000000e+03 4.960000000000000000e+03
1.028585380000000000e+08 2.070000000000000000e+03 3.800000000000000000e+03 3.760000000000000000e+03 4.960000000000000000e+03
1.028587440000000000e+08 2.070000000000000000e+03 3.800000000000000000e+03 3.750000000000000000e+03 4.960000000000000000e+03
1.028589520000000000e+08 2.070000000000000000e+03 3.800000000000000000e+03 3.760000000000000000e+03 4.960000000000000000e+03
1.028591600000000000e+08 2.070000000000000000e+03 3.800000000000000000e+03 3.760000000000000000e+03 4.950000000000000000e+03
1.028593680000000000e+08 2.070000000000000000e+03 3.800000000000000000e+03 3.760000000000000000e+03 4.950000000000000000e+03
1.028595760000000000e+08 2.070000000000000000e+03 3.810000000000000000e+03 3.740000000000000000e+03 4.960000000000000000e+03
1.028597840000000000e+08 2.070000000000000000e+03 3.810000000000000000e+03 3.750000000000000000e+03 4.960000000000000000e+03
1.028599920000000000e+08 2.070000000000000000e+03 3.810000000000000000e+03 3.760000000000000000e+03 4.970000000000000000e+03
1.029002000000000000e+08 2.070000000000000000e+03 3.790000000000000000e+03 3.760000000000000000e+03 4.960000000000000000e+03
1.029004080000000000e+08 2.070000000000000000e+03 3.790000000000000000e+03 3.770000000000000000e+03 4.960000000000000000e+03
1.029006150000000000e+08 2.070000000000000000e+03 3.780000000000000000e+03 3.770000000000000000e+03 4.950000000000000000e+03
1.029008240000000000e+08 2.060000000000000000e+03 3.780000000000000000e+03 3.760000000000000000e+03 4.950000000000000000e+03
1.029010320000000000e+08 2.060000000000000000e+03 3.790000000000000000e+03 3.760000000000000000e+03 4.950000000000000000e+03
1.029012400000000000e+08 2.060000000000000000e+03 3.800000000000000000e+03 3.760000000000000000e+03 4.960000000000000000e+03
1.029014480000000000e+08 2.060000000000000000e+03 3.810000000000000000e+03 3.750000000000000000e+03 4.950000000000000000e+03
1.029016560000000000e+08 2.050000000000000000e+03 3.810000000000000000e+03 3.750000000000000000e+03 4.950000000000000000e+03
1.029018640000000000e+08 2.050000000000000000e+03 3.810000000000000000e+03 3.750000000000000000e+03 4.950000000000000000e+03
1.029020720000000000e+08 2.060000000000000000e+03 3.820000000000000000e+03 3.760000000000000000e+03 4.950000000000000000e+03
1.029022790000000000e+08 2.060000000000000000e+03 3.800000000000000000e+03 3.760000000000000000e+03 4.950000000000000000e+03
1.029024880000000000e+08 2.050000000000000000e+03 3.800000000000000000e+03 3.760000000000000000e+03 4.950000000000000000e+03
1.029026960000000000e+08 2.050000000000000000e+03 3.800000000000000000e+03 3.760000000000000000e+03 4.950000000000000000e+03
1.029029030000000000e+08 2.070000000000000000e+03 3.790000000000000000e+03 3.750000000000000000e+03 4.960000000000000000e+03
1.029031110000000000e+08 2.070000000000000000e+03 3.800000000000000000e+03 3.750000000000000000e+03 4.960000000000000000e+03
1.029033210000000000e+08 2.070000000000000000e+03 3.810000000000000000e+03 3.760000000000000000e+03 4.960000000000000000e+03
1.029035280000000000e+08 2.080000000000000000e+03 3.800000000000000000e+03 3.750000000000000000e+03 4.960000000000000000e+03
1.029037360000000000e+08 2.070000000000000000e+03 3.800000000000000000e+03 3.760000000000000000e+03 4.960000000000000000e+03
1.029039430000000000e+08 2.070000000000000000e+03 3.810000000000000000e+03 3.760000000000000000e+03 4.960000000000000000e+03
1.029041510000000000e+08 2.060000000000000000e+03 3.800000000000000000e+03 3.750000000000000000e+03 4.960000000000000000e+03
1.029043590000000000e+08 2.060000000000000000e+03 3.790000000000000000e+03 3.760000000000000000e+03 4.960000000000000000e+03
1.029045670000000000e+08 2.060000000000000000e+03 3.780000000000000000e+03 3.770000000000000000e+03 4.960000000000000000e+03
1.029047740000000000e+08 2.070000000000000000e+03 3.780000000000000000e+03 3.750000000000000000e+03 4.960000000000000000e+03
1.029049830000000000e+08 2.070000000000000000e+03 3.790000000000000000e+03 3.760000000000000000e+03 4.950000000000000000e+03
1.029051910000000000e+08 2.060000000000000000e+03 3.790000000000000000e+03 3.760000000000000000e+03 4.960000000000000000e+03
1.029053990000000000e+08 2.050000000000000000e+03 3.800000000000000000e+03 3.770000000000000000e+03 4.960000000000000000e+03
1.029056110000000000e+08 2.050000000000000000e+03 3.790000000000000000e+03 3.760000000000000000e+03 4.960000000000000000e+03
1.029058150000000000e+08 2.050000000000000000e+03 3.790000000000000000e+03 3.760000000000000000e+03 4.960000000000000000e+03
1.029060230000000000e+08 2.060000000000000000e+03 3.800000000000000000e+03 3.770000000000000000e+03 4.970000000000000000e+03
1.029062310000000000e+08 2.070000000000000000e+03 3.810000000000000000e+03 3.760000000000000000e+03 4.970000000000000000e+03
1.029064390000000000e+08 2.070000000000000000e+03 3.820000000000000000e+03 3.750000000000000000e+03 4.970000000000000000e+03
1.029066470000000000e+08 2.070000000000000000e+03 3.820000000000000000e+03 3.750000000000000000e+03 4.970000000000000000e+03
1.029068550000000000e+08 2.070000000000000000e+03 3.810000000000000000e+03 3.750000000000000000e+03 4.960000000000000000e+03
1.029070630000000000e+08 2.070000000000000000e+03 3.800000000000000000e+03 3.750000000000000000e+03 4.950000000000000000e+03
1.029072710000000000e+08 2.070000000000000000e+03 3.790000000000000000e+03 3.760000000000000000e+03 4.950000000000000000e+03
1.029074790000000000e+08 2.070000000000000000e+03 3.800000000000000000e+03 3.770000000000000000e+03 4.960000000000000000e+03
1.029076870000000000e+08 2.070000000000000000e+03 3.770000000000000000e+03 3.770000000000000000e+03 4.960000000000000000e+03
1.029078950000000000e+08 2.070000000000000000e+03 3.770000000000000000e+03 3.770000000000000000e+03 4.960000000000000000e+03
1.029081030000000000e+08 2.060000000000000000e+03 3.770000000000000000e+03 3.770000000000000000e+03 4.960000000000000000e+03
1.029083110000000000e+08 2.070000000000000000e+03 3.760000000000000000e+03 3.770000000000000000e+03 4.960000000000000000e+03
1.029085190000000000e+08 2.070000000000000000e+03 3.770000000000000000e+03 3.770000000000000000e+03 4.960000000000000000e+03
1.029087270000000000e+08 2.080000000000000000e+03 3.770000000000000000e+03 3.760000000000000000e+03 4.960000000000000000e+03
1.029089350000000000e+08 2.080000000000000000e+03 3.770000000000000000e+03 3.760000000000000000e+03 4.960000000000000000e+03
1.029091420000000000e+08 2.070000000000000000e+03 3.770000000000000000e+03 3.760000000000000000e+03 4.950000000000000000e+03
