1.032579670000000000e+08 2.870000000000000000e+03 4.300000000000000000e+03 2.860000000000000000e+03 4.310000000000000000e+03
1.032581740000000000e+08 2.870000000000000000e+03 4.310000000000000000e+03 2.860000000000000000e+03 4.310000000000000000e+03
1.032583830000000000e+08 2.880000000000000000e+03 4.310000000000000000e+03 2.860000000000000000e+03 4.310000000000000000e+03
1.032585900000000000e+08 2.890000000000000000e+03 4.310000000000000000e+03 2.860000000000000000e+03 4.300000000000000000e+03
1.032587980000000000e+08 2.880000000000000000e+03 4.310000000000000000e+03 2.850000000000000000e+03 4.300000000000000000e+03
1.032590060000000000e+08 2.890000000000000000e+03 4.300000000000000000e+03 2.850000000000000000e+03 4.300000000000000000e+03
1.032592150000000000e+08 2.890000000000000000e+03 4.310000000000000000e+03 2.850000000000000000e+03 4.310000000000000000e+03
1.032594220000000000e+08 2.910000000000000000e+03 4.310000000000000000e+03 2.850000000000000000e+03 4.300000000000000000e+03
1.032596300000000000e+08 2.910000000000000000e+03 4.300000000000000000e+03 2.850000000000000000e+03 4.300000000000000000e+03
1.033000460000000000e+08 2.910000000000000000e+03 4.310000000000000000e+03 2.840000000000000000e+03 4.290000000000000000e+03
1.033002540000000000e+08 2.900000000000000000e+03 4.310000000000000000e+03 2.830000000000000000e+03 4.300000000000000000e+03
1.033004620000000000e+08 2.910000000000000000e+03 4.310000000000000000e+03 2.840000000000000000e+03 4.310000000000000000e+03
1.033006700000000000e+08 2.900000000000000000e+03 4.310000000000000000e+03 2.840000000000000000e+03 4.300000000000000000e+03
1.033008780000000000e+08 2.900000000000000000e+03 4.310000000000000000e+03 2.840000000000000000e+03 4.300000000000000000e+03
1.033010860000000000e+08 2.910000000000000000e+03 4.310000000000000000e+03 2.840000000000000000e+03 4.310000000000000000e+03
1.033012940000000000e+08 2.900000000000000000e+03 4.310000000000000000e+03 2.840000000000000000e+03 4.320000000000000000e+03
1.033015020000000000e+08 2.900000000000000000e+03 4.310000000000000000e+03 2.840000000000000000e+03 4.330000000000000000e+03
1.033017090000000000e+08 2.910000000000000000e+03 4.310000000000000000e+03 2.840000000000000000e+03 4.330000000000000000e+03
1.033019180000000000e+08 2.900000000000000000e+03 4.310000000000000000e+03 2.840000000000000000e+03 4.330000000000000000e+03
1.033021260000000000e+08 2.910000000000000000e+03 4.310000000000000000e+03 2.850000000000000000e+03 4.310000000000000000e+03
1.033023340000000000e+08 2.900000000000000000e+03 4.300000000000000000e+03 2.860000000000000000e+03 4.290000000000000000e+03
1.033025420000000000e+08 2.890000000000000000e+03 4.310000000000000000e+03 2.850000000000000000e+03 4.300000000000000000e+03
1.033027500000000000e+08 2.890000000000000000e+03 4.310000000000000000e+03 2.850000000000000000e+03 4.290000000000000000e+03
1.033029580000000000e+08 2.900000000000000000e+03 4.300000000000000000e+03 2.850000000000000000e+03 4.290000000000000000e+03
1.033031660000000000e+08 2.890000000000000000e+03 4.310000000000000000e+03 2.850000000000000000e+03 4.290000000000000000e+03
1.033033740000000000e+08 2.900000000000000000e+03 4.310000000000000000e+03 2.850000000000000000e+03 4.270000000000000000e+03
1.033035810000000000e+08 2.900000000000000000e+03 4.310000000000000000e+03 2.850000000000000000e+03 4.290000000000000000e+03
1.033037900000000000e+08 2.900000000000000000e+03 4.310000000000000000e+03 2.850000000000000000e+03 4.300000000000000000e+03
1.033039970000000000e+08 2.890000000000000000e+03 4.310000000000000000e+03 2.850000000000000000e+03 4.290000000000000000e+03
1.033042060000000000e+08 2.880000000000000000e+03 4.310000000000000000e+03 2.850000000000000000e+03 4.290000000000000000e+03
1.033044140000000000e+08 2.890000000000000000e+03 4.310000000000000000e+03 2.850000000000000000e+03 4.310000000000000000e+03
1.033046220000000000e+08 2.900000000000000000e+03 4.310000000000000000e+03 2.850000000000000000e+03 4.290000000000000000e+03
1.033048300000000000e+08 2.890000000000000000e+03 4.310000000000000000e+03 2.850000000000000000e+03 4.300000000000000000e+03
1.033050370000000000e+08 2.880000000000000000e+03 4.310000000000000000e+03 2.840000000000000000e+03 4.290000000000000000e+03
1.033052450000000000e+08 2.880000000000000000e+03 4.310000000000000000e+03 2.840000000000000000e+03 4.270000000000000000e+03
1.033054530000000000e+08 2.890000000000000000e+03 4.310000000000000000e+03 2.840000000000000000e+03 4.290000000000000000e+03
1.033056610000000000e+08 2.890000000000000000e+03 4.310000000000000000e+03 2.840000000000000000e+03 4.300000000000000000e+03
1.033058690000000000e+08 2.890000000000000000e+03 4.310000000000000000e+03 2.840000000000000000e+03 4.300000000000000000e+03
1.033060760000000000e+08 2.890000000000000000e+03 4.310000000000000000e+03 2.840000000000000000e+03 4.270000000000000000e+03
1.033062850000000000e+08 2.890000000000000000e+03 4.310000000000000000e+03 2.850000000000000000e+03 4.270000000000000000e+03
1.033064930000000000e+08 2.890000000000000000e+03 4.310000000000000000e+03 2.850000000000000000e+03 4.290000000000000000e+03
1.033067010000000000e+08 2.880000000000000000e+03 4.310000000000000000e+03 2.850000000000000000e+03 4.300000000000000000e+03
1.033069090000000000e+08 2.890000000000000000e+03 4.300000000000000000e+03 2.850000000000000000e+03 4.300000000000000000e+03
1.033071170000000000e+08 2.880000000000000000e+03 4.310000000000000000e+03 2.850000000000000000e+03 4.310000000000000000e+03
1.033073250000000000e+08 2.890000000000000000e+03 4.310000000000000000e+03 2.850000000000000000e+03 4.300000000000000000e+03
1.033075330000000000e+08 2.890000000000000000e+03 4.310000000000000000e+03 2.850000000000000000e+03 4.300000000000000000e+03
1.033077410000000000e+08 2.890000000000000000e+03 4.310000000000000000e+03 2.850000000000000000e+03 4.300000000000000000e+03
1.033079490000000000e+08 2.880000000000000000e+03 4.310000000000000000e+03 2.850000000000000000e+03 4.290000000000000000e+03
1.033081570000000000e+08 2.890000000000000000e+03 4.310000000000000000e+03 2.850000000000000000e+03 4.290000000000000000e+03
1.033083650000000000e+08 2.900000000000000000e+03 4.310000000000000000e+03 2.850000000000000000e+03 4.300000000000000000e+03
1.033085730000000000e+08 2.900000000000000000e+03 4.310000000000000000e+03 2.850000000000000000e+03 4.300000000000000000e+03
1.033087810000000000e+08 2.890000000000000000e+03 4.310000000000000000e+03 2.850000000000000000e+03 4.290000000000000000e+03
1.033089890000000000e+08 2.890000000000000000e+03 4.310000000000000000e+03 2.850000000000000000e+03 4.270000000000000000e+03
1.033091960000000000e+08 2.900000000000000000e+03 4.320000000000000000e+03 2.850000000000000000e+03 4.270000000000000000e+03
1.033094050000000000e+08 2.890000000000000000e+03 4.320000000000000000e+03 2.840000000000000000e+03 4.270000000000000000e+03
1.033096130000000000e+08 2.890000000000000000e+03 4.320000000000000000e+03 2.840000000000000000e+03 4.290000000000000000e+03
1.033098210000000000e+08 2.880000000000000000e+03 4.320000000000000000e+03 2.840000000000000000e+03 4.290000000000000000e+03
1.033100280000000000e+08 2.880000000000000000e+03 4.320000000000000000e+03 2.850000000000000000e+03 4.290000000000000000e+03
1.033102360000000000e+08 2.880000000000000000e+03 4.320000000000000000e+03 2.850000000000000000e+03 4.300000000000000000e+03
1.033104450000000000e+08 2.880000000000000000e+03 4.320000000000000000e+03 2.850000000000000000e+03 4.290000000000000000e+03
1.033106520000000000e+08 2.880000000000000000e+03 4.320000000000000000e+03 2.850000000000000000e+03 4.290000000000000000e+03
1.033108600000000000e+08 2.890000000000000000e+03 4.320000000000000000e+03 2.850000000000000000e+03 4.300000000000000000e+03
1.033110670000000000e+08 2.900000000000000000e+03 4.320000000000000000e+03 2.850000000000000000e+03 4.290000000000000000e+03
1.033112750000000000e+08 2.900000000000000000e+03 4.320000000000000000e+03 2.850000000000000000e+03 4.270000000000000000e+03
1.033114830000000000e+08 2.900000000000000000e+03 4.320000000000000000e+03 2.840000000000000000e+03 4.260000000000000000e+03
1.033116920000000000e+08 2.890000000000000000e+03 4.320000000000000000e+03 2.840000000000000000e+03 4.260000000000000000e+03
1.033121080000000000e+08 2.890000000000000000e+03 4.320000000000000000e+03 2.840000000000000000e+03 4.290000000000000000e+03
1.033123160000000000e+08 2.890000000000000000e+03 4.320000000000000000e+03 2.840000000000000000e+03 4.290000000000000000e+03
1.033125240000000000e+08 2.890000000000000000e+03 4.320000000000000000e+03 2.850000000000000000e+03 4.290000000000000000e+03
1.033127320000000000e+08 2.890000000000000000e+03 4.320000000000000000e+03 2.850000000000000000e+03 4.300000000000000000e+03
1.033129400000000000e+08 2.890000000000000000e+03 4.320000000000000000e+03 2.850000000000000000e+03 4.290000000000000000e+03
1.033131480000000000e+08 2.900000000000000000e+03 4.320000000000000000e+03 2.850000000000000000e+03 4.300000000000000000e+03
1.033133560000000000e+08 2.890000000000000000e+03 4.320000000000000000e+03 2.850000000000000000e+03 4.320000000000000000e+03
1.033135630000000000e+08 2.890000000000000000e+03 4.320000000000000000e+03 2.850000000000000000e+03 4.310000000000000000e+03
1.033137720000000000e+08 2.890000000000000000e+03 4.320000000000000000e+03 2.840000000000000000e+03 4.290000000000000000e+03
1.033139800000000000e+08 2.880000000000000000e+03 4.320000000000000000e+03 2.850000000000000000e+03 4.300000000000000000e+03
1.033141880000000000e+08 2.880000000000000000e+03 4.320000000000000000e+03 2.850000000000000000e+03 4.300000000000000000e+03
1.033143960000000000e+08 2.880000000000000000e+03 4.320000000000000000e+03 2.850000000000000000e+03 4.290000000000000000e+03
1.033146040000000000e+08 2.880000000000000000e+03 4.320000000000000000e+03 2.850000000000000000e+03 4.300000000000000000e+03
1.033148120000000000e+08 2.880000000000000000e+03 4.320000000000000000e+03 2.850000000000000000e+03 4.290000000000000000e+03
1.033150200000000000e+08 2.880000000000000000e+03 4.320000000000000000e+03 2.840000000000000000e+03 4.300000000000000000e+03
1.033152280000000000e+08 2.880000000000000000e+03 4.320000000000000000e+03 2.840000000000000000e+03 4.290000000000000000e+03
1.033154360000000000e+08 2.890000000000000000e+03 4.320000000000000000e+03 2.840000000000000000e+03 4.300000000000000000e+03
1.033156440000000000e+08 2.890000000000000000e+03 4.320000000000000000e+03 2.840000000000000000e+03 4.300000000000000000e+03
1.033158520000000000e+08 2.880000000000000000e+03 4.320000000000000000e+03 2.840000000000000000e+03 4.310000000000000000e+03
1.033160600000000000e+08 2.890000000000000000e+03 4.320000000000000000e+03 2.840000000000000000e+03 4.310000000000000000e+03
1.033162670000000000e+08 2.880000000000000000e+03 4.320000000000000000e+03 2.840000000000000000e+03 4.290000000000000000e+03
1.033164760000000000e+08 2.880000000000000000e+03 4.320000000000000000e+03 2.840000000000000000e+03 4.290000000000000000e+03
1.033166840000000000e+08 2.890000000000000000e+03 4.320000000000000000e+03 2.840000000000000000e+03 4.290000000000000000e+03
1.033168920000000000e+08 2.890000000000000000e+03 4.320000000000000000e+03 2.840000000000000000e+03 4.300000000000000000e+03
1.033170990000000000e+08 2.880000000000000000e+03 4.320000000000000000e+03 2.840000000000000000e+03 4.290000000000000000e+03
1.033173070000000000e+08 2.880000000000000000e+03 4.320000000000000000e+03 2.840000000000000000e+03 4.290000000000000000e+03
1.033175150000000000e+08 2.880000000000000000e+03 4.320000000000000000e+03 2.840000000000000000e+03 4.290000000000000000e+03
1.033177230000000000e+08 2.890000000000000000e+03 4.320000000000000000e+03 2.850000000000000000e+03 4.290000000000000000e+03
1.033179300000000000e+08 2.890000000000000000e+03 4.320000000000000000e+03 2.850000000000000000e+03 4.290000000000000000e+03
1.033181390000000000e+08 2.890000000000000000e+03 4.320000000000000000e+03 2.850000000000000000e+03 4.300000000000000000e+03
1.033183470000000000e+08 2.900000000000000000e+03 4.320000000000000000e+03 2.850000000000000000e+03 4.290000000000000000e+03
1.033185550000000000e+08 2.900000000000000000e+03 4.320000000000000000e+03 2.850000000000000000e+03 4.290000000000000000e+03
1.033187630000000000e+08 2.890000000000000000e+03 4.320000000000000000e+03 2.840000000000000000e+03 4.290000000000000000e+03
1.033189710000000000e+08 2.890000000000000000e+03 4.320000000000000000e+03 2.840000000000000000e+03 4.290000000000000000e+03
1.033191790000000000e+08 2.890000000000000000e+03 4.320000000000000000e+03 2.850000000000000000e+03 4.290000000000000000e+03
1.033193870000000000e+08 2.890000000000000000e+03 4.320000000000000000e+03 2.850000000000000000e+03 4.310000000000000000e+03
1.033195950000000000e+08 2.890000000000000000e+03 4.320000000000000000e+03 2.850000000000000000e+03 4.310000000000000000e+03
1.033198030000000000e+08 2.890000000000000000e+03 4.320000000000000000e+03 2.850000000000000000e+03 4.290000000000000000e+03
1.033200110000000000e+08 2.890000000000000000e+03 4.320000000000000000e+03 2.850000000000000000e+03 4.290000000000000000e+03
1.033202190000000000e+08 2.890000000000000000e+03 4.320000000000000000e+03 2.850000000000000000e+03 4.300000000000000000e+03
1.033204270000000000e+08 2.890000000000000000e+03 4.320000000000000000e+03 2.850000000000000000e+03 4.300000000000000000e+03
1.033206350000000000e+08 2.890000000000000000e+03 4.320000000000000000e+03 2.860000000000000000e+03 4.290000000000000000e+03
1.033208430000000000e+08 2.890000000000000000e+03 4.320000000000000000e+03 2.850000000000000000e+03 4.290000000000000000e+03
1.033210510000000000e+08 2.890000000000000000e+03 4.320000000000000000e+03 2.850000000000000000e+03 4.300000000000000000e+03
1.033212580000000000e+08 2.890000000000000000e+03 4.320000000000000000e+03 2.850000000000000000e+03 4.300000000000000000e+03
1.033214660000000000e+08 2.900000000000000000e+03 4.320000000000000000e+03 2.850000000000000000e+03 4.310000000000000000e+03
1.033216740000000000e+08 2.900000000000000000e+03 4.320000000000000000e+03 2.850000000000000000e+03 4.310000000000000000e+03
1.033218820000000000e+08 2.900000000000000000e+03 4.320000000000000000e+03 2.850000000000000000e+03 4.300000000000000000e+03
1.033220900000000000e+08 2.890000000000000000e+03 4.320000000000000000e+03 2.840000000000000000e+03 4.310000000000000000e+03
1.033222980000000000e+08 2.900000000000000000e+03 4.320000000000000000e+03 2.840000000000000000e+03 4.310000000000000000e+03
1.033225060000000000e+08 2.900000000000000000e+03 4.320000000000000000e+03 2.840000000000000000e+03 4.300000000000000000e+03
1.033227140000000000e+08 2.900000000000000000e+03 4.320000000000000000e+03 2.840000000000000000e+03 4.300000000000000000e+03
1.033229220000000000e+08 2.890000000000000000e+03 4.320000000000000000e+03 2.840000000000000000e+03 4.300000000000000000e+03
1.033231300000000000e+08 2.900000000000000000e+03 4.320000000000000000e+03 2.840000000000000000e+03 4.310000000000000000e+03
1.033233380000000000e+08 2.900000000000000000e+03 4.320000000000000000e+03 2.840000000000000000e+03 4.310000000000000000e+03
1.033235460000000000e+08 2.910000000000000000e+03 4.320000000000000000e+03 2.850000000000000000e+03 4.300000000000000000e+03
1.033237540000000000e+08 2.900000000000000000e+03 4.320000000000000000e+03 2.850000000000000000e+03 4.300000000000000000e+03
1.033239620000000000e+08 2.890000000000000000e+03 4.320000000000000000e+03 2.850000000000000000e+03 4.290000000000000000e+03
1.033241700000000000e+08 2.890000000000000000e+03 4.320000000000000000e+03 2.850000000000000000e+03 4.290000000000000000e+03
1.033243780000000000e+08 2.880000000000000000e+03 4.320000000000000000e+03 2.850000000000000000e+03 4.300000000000000000e+03
1.033245860000000000e+08 2.880000000000000000e+03 4.320000000000000000e+03 2.850000000000000000e+03 4.300000000000000000e+03
1.033247940000000000e+08 2.880000000000000000e+03 4.320000000000000000e+03 2.850000000000000000e+03 4.300000000000000000e+03
1.033250020000000000e+08 2.880000000000000000e+03 4.320000000000000000e+03 2.840000000000000000e+03 4.270000000000000000e+03
1.033252100000000000e+08 2.880000000000000000e+03 4.320000000000000000e+03 2.850000000000000000e+03 4.290000000000000000e+03
1.033254180000000000e+08 2.880000000000000000e+03 4.320000000000000000e+03 2.850000000000000000e+03 4.300000000000000000e+03
1.033256260000000000e+08 2.890000000000000000e+03 4.320000000000000000e+03 2.850000000000000000e+03 4.290000000000000000e+03
1.033258340000000000e+08 2.900000000000000000e+03 4.320000000000000000e+03 2.850000000000000000e+03 4.270000000000000000e+03
1.033260420000000000e+08 2.900000000000000000e+03 4.320000000000000000e+03 2.850000000000000000e+03 4.290000000000000000e+03
1.033262500000000000e+08 2.900000000000000000e+03 4.320000000000000000e+03 2.850000000000000000e+03 4.300000000000000000e+03
1.033264580000000000e+08 2.910000000000000000e+03 4.320000000000000000e+03 2.850000000000000000e+03 4.310000000000000000e+03
1.033266660000000000e+08 2.910000000000000000e+03 4.320000000000000000e+03 2.850000000000000000e+03 4.300000000000000000e+03
1.033268740000000000e+08 2.900000000000000000e+03 4.320000000000000000e+03 2.850000000000000000e+03 4.300000000000000000e+03
1.033270820000000000e+08 2.890000000000000000e+03 4.320000000000000000e+03 2.850000000000000000e+03 4.310000000000000000e+03
1.033272900000000000e+08 2.900000000000000000e+03 4.320000000000000000e+03 2.850000000000000000e+03 4.310000000000000000e+03
1.033274980000000000e+08 2.900000000000000000e+03 4.320000000000000000e+03 2.850000000000000000e+03 4.320000000000000000e+03
1.033277050000000000e+08 2.900000000000000000e+03 4.320000000000000000e+03 2.850000000000000000e+03 4.310000000000000000e+03
1.033279130000000000e+08 2.900000000000000000e+03 4.320000000000000000e+03 2.850000000000000000e+03 4.310000000000000000e+03
1.033281210000000000e+08 2.900000000000000000e+03 4.320000000000000000e+03 2.850000000000000000e+03 4.310000000000000000e+03
1.033283290000000000e+08 2.900000000000000000e+03 4.320000000000000000e+03 2.850000000000000000e+03 4.300000000000000000e+03
1.033285370000000000e+08 2.890000000000000000e+03 4.310000000000000000e+03 2.850000000000000000e+03 4.290000000000000000e+03
1.033287450000000000e+08 2.880000000000000000e+03 4.310000000000000000e+03 2.850000000000000000e+03 4.290000000000000000e+03
1.033289530000000000e+08 2.890000000000000000e+03 4.310000000000000000e+03 2.850000000000000000e+03 4.290000000000000000e+03
1.033291610000000000e+08 2.870000000000000000e+03 4.310000000000000000e+03 2.850000000000000000e+03 4.290000000000000000e+03
1.033293690000000000e+08 2.890000000000000000e+03 4.310000000000000000e+03 2.850000000000000000e+03 4.300000000000000000e+03
1.033295770000000000e+08 2.890000000000000000e+03 4.300000000000000000e+03 2.850000000000000000e+03 4.300000000000000000e+03
1.033297850000000000e+08 2.890000000000000000e+03 4.290000000000000000e+03 2.850000000000000000e+03 4.300000000000000000e+03
1.033299930000000000e+08 2.900000000000000000e+03 4.300000000000000000e+03 2.850000000000000000e+03 4.310000000000000000e+03
1.033302010000000000e+08 2.890000000000000000e+03 4.300000000000000000e+03 2.850000000000000000e+03 4.300000000000000000e+03
1.033304090000000000e+08 2.890000000000000000e+03 4.300000000000000000e+03 2.860000000000000000e+03 4.310000000000000000e+03
1.033306170000000000e+08 2.890000000000000000e+03 4.300000000000000000e+03 2.850000000000000000e+03 4.320000000000000000e+03
1.033308250000000000e+08 2.900000000000000000e+03 4.300000000000000000e+03 2.850000000000000000e+03 4.320000000000000000e+03
1.033310330000000000e+08 2.900000000000000000e+03 4.310000000000000000e+03 2.850000000000000000e+03 4.310000000000000000e+03
1.033312410000000000e+08 2.900000000000000000e+03 4.310000000000000000e+03 2.850000000000000000e+03 4.300000000000000000e+03
1.033314490000000000e+08 2.890000000000000000e+03 4.310000000000000000e+03 2.850000000000000000e+03 4.300000000000000000e+03
1.033316570000000000e+08 2.890000000000000000e+03 4.310000000000000000e+03 2.850000000000000000e+03 4.300000000000000000e+03
1.033318650000000000e+08 2.890000000000000000e+03 4.310000000000000000e+03 2.850000000000000000e+03 4.300000000000000000e+03
1.033320730000000000e+08 2.890000000000000000e+03 4.310000000000000000e+03 2.850000000000000000e+03 4.290000000000000000e+03
1.033322810000000000e+08 2.880000000000000000e+03 4.310000000000000000e+03 2.850000000000000000e+03 4.290000000000000000e+03
1.033324880000000000e+08 2.890000000000000000e+03 4.310000000000000000e+03 2.850000000000000000e+03 4.300000000000000000e+03
1.033326970000000000e+08 2.890000000000000000e+03 4.310000000000000000e+03 2.850000000000000000e+03 4.290000000000000000e+03
1.033329050000000000e+08 2.900000000000000000e+03 4.310000000000000000e+03 2.850000000000000000e+03 4.290000000000000000e+03
1.033331130000000000e+08 2.900000000000000000e+03 4.310000000000000000e+03 2.850000000000000000e+03 4.290000000000000000e+03
1.033333200000000000e+08 2.900000000000000000e+03 4.310000000000000000e+03 2.850000000000000000e+03 4.270000000000000000e+03
1.033335280000000000e+08 2.900000000000000000e+03 4.310000000000000000e+03 2.850000000000000000e+03 4.270000000000000000e+03
1.033337360000000000e+08 2.890000000000000000e+03 4.310000000000000000e+03 2.840000000000000000e+03 4.270000000000000000e+03
1.033339440000000000e+08 2.890000000000000000e+03 4.310000000000000000e+03 2.840000000000000000e+03 4.290000000000000000e+03
1.033341520000000000e+08 2.880000000000000000e+03 4.310000000000000000e+03 2.850000000000000000e+03 4.290000000000000000e+03
1.033343600000000000e+08 2.890000000000000000e+03 4.310000000000000000e+03 2.860000000000000000e+03 4.300000000000000000e+03
1.033345730000000000e+08 2.890000000000000000e+03 4.310000000000000000e+03 2.860000000000000000e+03 4.300000000000000000e+03
1.033347760000000000e+08 2.890000000000000000e+03 4.310000000000000000e+03 2.850000000000000000e+03 4.310000000000000000e+03
1.033349840000000000e+08 2.890000000000000000e+03 4.310000000000000000e+03 2.850000000000000000e+03 4.320000000000000000e+03
1.033351920000000000e+08 2.890000000000000000e+03 4.310000000000000000e+03 2.850000000000000000e+03 4.310000000000000000e+03
1.033354010000000000e+08 2.890000000000000000e+03 4.310000000000000000e+03 2.860000000000000000e+03 4.300000000000000000e+03
1.033356090000000000e+08 2.900000000000000000e+03 4.300000000000000000e+03 2.850000000000000000e+03 4.310000000000000000e+03
1.033358160000000000e+08 2.890000000000000000e+03 4.310000000000000000e+03 2.850000000000000000e+03 4.290000000000000000e+03
1.033360240000000000e+08 2.880000000000000000e+03 4.310000000000000000e+03 2.850000000000000000e+03 4.300000000000000000e+03
1.033362320000000000e+08 2.880000000000000000e+03 4.310000000000000000e+03 2.850000000000000000e+03 4.290000000000000000e+03
1.033364400000000000e+08 2.880000000000000000e+03 4.310000000000000000e+03 2.860000000000000000e+03 4.290000000000000000e+03
1.033366480000000000e+08 2.880000000000000000e+03 4.310000000000000000e+03 2.850000000000000000e+03 4.300000000000000000e+03
1.033368560000000000e+08 2.900000000000000000e+03 4.310000000000000000e+03 2.850000000000000000e+03 4.300000000000000000e+03
1.033370640000000000e+08 2.890000000000000000e+03 4.310000000000000000e+03 2.840000000000000000e+03 4.300000000000000000e+03
1.033372720000000000e+08 2.880000000000000000e+03 4.310000000000000000e+03 2.840000000000000000e+03 4.300000000000000000e+03
1.033374800000000000e+08 2.880000000000000000e+03 4.310000000000000000e+03 2.850000000000000000e+03 4.300000000000000000e+03
1.033376880000000000e+08 2.890000000000000000e+03 4.310000000000000000e+03 2.850000000000000000e+03 4.300000000000000000e+03
1.033378960000000000e+08 2.900000000000000000e+03 4.310000000000000000e+03 2.840000000000000000e+03 4.300000000000000000e+03
1.033381040000000000e+08 2.890000000000000000e+03 4.310000000000000000e+03 2.840000000000000000e+03 4.300000000000000000e+03
1.033383120000000000e+08 2.900000000000000000e+03 4.310000000000000000e+03 2.840000000000000000e+03 4.270000000000000000e+03
1.033385200000000000e+08 2.900000000000000000e+03 4.310000000000000000e+03 2.840000000000000000e+03 4.300000000000000000e+03
1.033387270000000000e+08 2.900000000000000000e+03 4.310000000000000000e+03 2.840000000000000000e+03 4.300000000000000000e+03
1.033389360000000000e+08 2.890000000000000000e+03 4.310000000000000000e+03 2.840000000000000000e+03 4.310000000000000000e+03
1.033391430000000000e+08 2.890000000000000000e+03 4.300000000000000000e+03 2.840000000000000000e+03 4.300000000000000000e+03
1.033393510000000000e+08 2.890000000000000000e+03 4.310000000000000000e+03 2.840000000000000000e+03 4.290000000000000000e+03
1.033395590000000000e+08 2.890000000000000000e+03 4.310000000000000000e+03 2.840000000000000000e+03 4.290000000000000000e+03
1.033397670000000000e+08 2.900000000000000000e+03 4.310000000000000000e+03 2.840000000000000000e+03 4.290000000000000000e+03
1.033399750000000000e+08 2.900000000000000000e+03 4.320000000000000000e+03 2.840000000000000000e+03 4.300000000000000000e+03
1.033401830000000000e+08 2.890000000000000000e+03 4.320000000000000000e+03 2.840000000000000000e+03 4.290000000000000000e+03
1.033403910000000000e+08 2.890000000000000000e+03 4.320000000000000000e+03 2.840000000000000000e+03 4.300000000000000000e+03
1.033405990000000000e+08 2.880000000000000000e+03 4.320000000000000000e+03 2.840000000000000000e+03 4.300000000000000000e+03
1.033408070000000000e+08 2.880000000000000000e+03 4.320000000000000000e+03 2.840000000000000000e+03 4.290000000000000000e+03
1.033410150000000000e+08 2.880000000000000000e+03 4.310000000000000000e+03 2.840000000000000000e+03 4.290000000000000000e+03
1.033412230000000000e+08 2.890000000000000000e+03 4.310000000000000000e+03 2.840000000000000000e+03 4.300000000000000000e+03
1.033414310000000000e+08 2.890000000000000000e+03 4.310000000000000000e+03 2.840000000000000000e+03 4.300000000000000000e+03
1.033416390000000000e+08 2.890000000000000000e+03 4.310000000000000000e+03 2.840000000000000000e+03 4.290000000000000000e+03
1.033418480000000000e+08 2.880000000000000000e+03 4.310000000000000000e+03 2.840000000000000000e+03 4.290000000000000000e+03
1.033420550000000000e+08 2.880000000000000000e+03 4.310000000000000000e+03 2.840000000000000000e+03 4.300000000000000000e+03
1.033422630000000000e+08 2.870000000000000000e+03 4.310000000000000000e+03 2.830000000000000000e+03 4.310000000000000000e+03
1.033424710000000000e+08 2.880000000000000000e+03 4.300000000000000000e+03 2.830000000000000000e+03 4.300000000000000000e+03
1.033426790000000000e+08 2.890000000000000000e+03 4.310000000000000000e+03 2.840000000000000000e+03 4.300000000000000000e+03
1.033428870000000000e+08 2.890000000000000000e+03 4.300000000000000000e+03 2.840000000000000000e+03 4.310000000000000000e+03
1.033430950000000000e+08 2.890000000000000000e+03 4.300000000000000000e+03 2.840000000000000000e+03 4.300000000000000000e+03
1.033433030000000000e+08 2.900000000000000000e+03 4.310000000000000000e+03 2.850000000000000000e+03 4.290000000000000000e+03
1.033435110000000000e+08 2.900000000000000000e+03 4.310000000000000000e+03 2.850000000000000000e+03 4.290000000000000000e+03
1.033437190000000000e+08 2.900000000000000000e+03 4.310000000000000000e+03 2.850000000000000000e+03 4.290000000000000000e+03
1.033439270000000000e+08 2.880000000000000000e+03 4.310000000000000000e+03 2.850000000000000000e+03 4.300000000000000000e+03
1.033441350000000000e+08 2.890000000000000000e+03 4.310000000000000000e+03 2.850000000000000000e+03 4.300000000000000000e+03
1.033443430000000000e+08 2.880000000000000000e+03 4.310000000000000000e+03 2.850000000000000000e+03 4.290000000000000000e+03
1.033445510000000000e+08 2.890000000000000000e+03 4.310000000000000000e+03 2.860000000000000000e+03 4.300000000000000000e+03
1.033447590000000000e+08 2.890000000000000000e+03 4.310000000000000000e+03 2.850000000000000000e+03 4.310000000000000000e+03
1.033449660000000000e+08 2.880000000000000000e+03 4.310000000000000000e+03 2.840000000000000000e+03 4.300000000000000000e+03
1.033451740000000000e+08 2.900000000000000000e+03 4.310000000000000000e+03 2.840000000000000000e+03 4.300000000000000000e+03
1.033453820000000000e+08 2.900000000000000000e+03 4.310000000000000000e+03 2.840000000000000000e+03 4.300000000000000000e+03
1.033455900000000000e+08 2.890000000000000000e+03 4.310000000000000000e+03 2.840000000000000000e+03 4.310000000000000000e+03
1.033457980000000000e+08 2.880000000000000000e+03 4.310000000000000000e+03 2.840000000000000000e+03 4.310000000000000000e+03
1.033460080000000000e+08 2.880000000000000000e+03 4.310000000000000000e+03 2.840000000000000000e+03 4.300000000000000000e+03
1.033462140000000000e+08 2.870000000000000000e+03 4.310000000000000000e+03 2.830000000000000000e+03 4.290000000000000000e+03
1.033464220000000000e+08 2.890000000000000000e+03 4.310000000000000000e+03 2.840000000000000000e+03 4.290000000000000000e+03
1.033466300000000000e+08 2.890000000000000000e+03 4.310000000000000000e+03 2.850000000000000000e+03 4.290000000000000000e+03
1.033468380000000000e+08 2.890000000000000000e+03 4.310000000000000000e+03 2.850000000000000000e+03 4.290000000000000000e+03
1.033470460000000000e+08 2.890000000000000000e+03 4.310000000000000000e+03 2.850000000000000000e+03 4.290000000000000000e+03
1.033472540000000000e+08 2.890000000000000000e+03 4.310000000000000000e+03 2.850000000000000000e+03 4.290000000000000000e+03
1.033474620000000000e+08 2.880000000000000000e+03 4.310000000000000000e+03 2.850000000000000000e+03 4.290000000000000000e+03
