1.041294140000000000e+08 4.730000000000000000e+03 5.780000000000000000e+03 1.440000000000000000e+03 3.530000000000000000e+03
1.041296220000000000e+08 4.720000000000000000e+03 5.770000000000000000e+03 1.440000000000000000e+03 3.530000000000000000e+03
1.041298300000000000e+08 4.720000000000000000e+03 5.770000000000000000e+03 1.440000000000000000e+03 3.530000000000000000e+03
1.041300380000000000e+08 4.710000000000000000e+03 5.780000000000000000e+03 1.440000000000000000e+03 3.530000000000000000e+03
1.041302460000000000e+08 4.720000000000000000e+03 5.780000000000000000e+03 1.430000000000000000e+03 3.530000000000000000e+03
1.041304530000000000e+08 4.720000000000000000e+03 5.780000000000000000e+03 1.440000000000000000e+03 3.530000000000000000e+03
1.041306610000000000e+08 4.710000000000000000e+03 5.780000000000000000e+03 1.440000000000000000e+03 3.510000000000000000e+03
1.041308690000000000e+08 4.710000000000000000e+03 5.780000000000000000e+03 1.450000000000000000e+03 3.500000000000000000e+03
1.041310770000000000e+08 4.710000000000000000e+03 5.780000000000000000e+03 1.450000000000000000e+03 3.510000000000000000e+03
1.041312850000000000e+08 4.700000000000000000e+03 5.780000000000000000e+03 1.440000000000000000e+03 3.520000000000000000e+03
1.041314920000000000e+08 4.700000000000000000e+03 5.780000000000000000e+03 1.440000000000000000e+03 3.530000000000000000e+03
1.041317010000000000e+08 4.700000000000000000e+03 5.780000000000000000e+03 1.440000000000000000e+03 3.540000000000000000e+03
1.041319090000000000e+08 4.720000000000000000e+03 5.780000000000000000e+03 1.440000000000000000e+03 3.520000000000000000e+03
1.041321170000000000e+08 4.720000000000000000e+03 5.780000000000000000e+03 1.440000000000000000e+03 3.520000000000000000e+03
1.041323250000000000e+08 4.740000000000000000e+03 5.790000000000000000e+03 1.440000000000000000e+03 3.520000000000000000e+03
1.041325330000000000e+08 4.740000000000000000e+03 5.790000000000000000e+03 1.440000000000000000e+03 3.520000000000000000e+03
1.041335730000000000e+08 4.720000000000000000e+03 5.790000000000000000e+03 1.460000000000000000e+03 3.520000000000000000e+03
1.041337810000000000e+08 4.710000000000000000e+03 5.790000000000000000e+03 1.460000000000000000e+03 3.520000000000000000e+03
1.041339890000000000e+08 4.710000000000000000e+03 5.790000000000000000e+03 1.450000000000000000e+03 3.530000000000000000e+03
1.041341970000000000e+08 4.710000000000000000e+03 5.780000000000000000e+03 1.460000000000000000e+03 3.530000000000000000e+03
1.041344050000000000e+08 4.710000000000000000e+03 5.780000000000000000e+03 1.460000000000000000e+03 3.540000000000000000e+03
1.041346130000000000e+08 4.730000000000000000e+03 5.780000000000000000e+03 1.460000000000000000e+03 3.540000000000000000e+03
1.041348210000000000e+08 4.730000000000000000e+03 5.780000000000000000e+03 1.450000000000000000e+03 3.530000000000000000e+03
1.041350290000000000e+08 4.730000000000000000e+03 5.780000000000000000e+03 1.440000000000000000e+03 3.530000000000000000e+03
1.041352360000000000e+08 4.730000000000000000e+03 5.780000000000000000e+03 1.450000000000000000e+03 3.530000000000000000e+03
1.041354450000000000e+08 4.730000000000000000e+03 5.780000000000000000e+03 1.450000000000000000e+03 3.530000000000000000e+03
1.041356530000000000e+08 4.730000000000000000e+03 5.780000000000000000e+03 1.430000000000000000e+03 3.520000000000000000e+03
1.041358610000000000e+08 4.730000000000000000e+03 5.780000000000000000e+03 1.430000000000000000e+03 3.510000000000000000e+03
1.041360700000000000e+08 4.730000000000000000e+03 5.780000000000000000e+03 1.430000000000000000e+03 3.500000000000000000e+03
1.041362760000000000e+08 4.730000000000000000e+03 5.780000000000000000e+03 1.430000000000000000e+03 3.480000000000000000e+03
1.041364840000000000e+08 4.730000000000000000e+03 5.780000000000000000e+03 1.430000000000000000e+03 3.480000000000000000e+03
1.041366920000000000e+08 4.720000000000000000e+03 5.790000000000000000e+03 1.430000000000000000e+03 3.510000000000000000e+03
1.041369000000000000e+08 4.710000000000000000e+03 5.790000000000000000e+03 1.430000000000000000e+03 3.510000000000000000e+03
1.041371080000000000e+08 4.710000000000000000e+03 5.780000000000000000e+03 1.430000000000000000e+03 3.520000000000000000e+03
1.041373160000000000e+08 4.720000000000000000e+03 5.780000000000000000e+03 1.430000000000000000e+03 3.530000000000000000e+03
1.041375240000000000e+08 4.720000000000000000e+03 5.780000000000000000e+03 1.440000000000000000e+03 3.540000000000000000e+03
1.041377320000000000e+08 4.710000000000000000e+03 5.780000000000000000e+03 1.440000000000000000e+03 3.530000000000000000e+03
1.041379400000000000e+08 4.710000000000000000e+03 5.780000000000000000e+03 1.440000000000000000e+03 3.530000000000000000e+03
1.041381480000000000e+08 4.720000000000000000e+03 5.780000000000000000e+03 1.430000000000000000e+03 3.510000000000000000e+03
1.041383560000000000e+08 4.710000000000000000e+03 5.790000000000000000e+03 1.430000000000000000e+03 3.510000000000000000e+03
1.041385640000000000e+08 4.710000000000000000e+03 5.780000000000000000e+03 1.430000000000000000e+03 3.510000000000000000e+03
1.041387720000000000e+08 4.720000000000000000e+03 5.780000000000000000e+03 1.430000000000000000e+03 3.510000000000000000e+03
1.041389800000000000e+08 4.720000000000000000e+03 5.780000000000000000e+03 1.450000000000000000e+03 3.510000000000000000e+03
1.041391880000000000e+08 4.710000000000000000e+03 5.770000000000000000e+03 1.440000000000000000e+03 3.520000000000000000e+03
1.041393960000000000e+08 4.710000000000000000e+03 5.770000000000000000e+03 1.440000000000000000e+03 3.520000000000000000e+03
1.041396040000000000e+08 4.710000000000000000e+03 5.770000000000000000e+03 1.430000000000000000e+03 3.530000000000000000e+03
1.041398280000000000e+08 4.720000000000000000e+03 5.770000000000000000e+03 1.440000000000000000e+03 3.510000000000000000e+03
1.041400360000000000e+08 4.720000000000000000e+03 5.780000000000000000e+03 1.440000000000000000e+03 3.520000000000000000e+03
1.041402430000000000e+08 4.720000000000000000e+03 5.780000000000000000e+03 1.440000000000000000e+03 3.520000000000000000e+03
1.041404520000000000e+08 4.720000000000000000e+03 5.770000000000000000e+03 1.450000000000000000e+03 3.530000000000000000e+03
1.041406600000000000e+08 4.720000000000000000e+03 5.770000000000000000e+03 1.450000000000000000e+03 3.530000000000000000e+03
1.041408680000000000e+08 4.730000000000000000e+03 5.770000000000000000e+03 1.440000000000000000e+03 3.530000000000000000e+03
1.041410760000000000e+08 4.730000000000000000e+03 5.770000000000000000e+03 1.440000000000000000e+03 3.520000000000000000e+03
1.041412830000000000e+08 4.730000000000000000e+03 5.780000000000000000e+03 1.430000000000000000e+03 3.530000000000000000e+03
1.041414910000000000e+08 4.730000000000000000e+03 5.780000000000000000e+03 1.440000000000000000e+03 3.520000000000000000e+03
1.041416990000000000e+08 4.730000000000000000e+03 5.780000000000000000e+03 1.430000000000000000e+03 3.530000000000000000e+03
1.041419080000000000e+08 4.720000000000000000e+03 5.780000000000000000e+03 1.420000000000000000e+03 3.520000000000000000e+03
1.041421150000000000e+08 4.730000000000000000e+03 5.790000000000000000e+03 1.420000000000000000e+03 3.520000000000000000e+03
1.041423230000000000e+08 4.720000000000000000e+03 5.790000000000000000e+03 1.430000000000000000e+03 3.520000000000000000e+03
1.041425310000000000e+08 4.720000000000000000e+03 5.790000000000000000e+03 1.430000000000000000e+03 3.520000000000000000e+03
1.041427390000000000e+08 4.730000000000000000e+03 5.780000000000000000e+03 1.440000000000000000e+03 3.530000000000000000e+03
1.041431390000000000e+08 4.740000000000000000e+03 5.780000000000000000e+03 1.450000000000000000e+03 3.540000000000000000e+03
1.041433470000000000e+08 4.720000000000000000e+03 5.780000000000000000e+03 1.450000000000000000e+03 3.520000000000000000e+03
1.041435550000000000e+08 4.710000000000000000e+03 5.780000000000000000e+03 1.450000000000000000e+03 3.530000000000000000e+03
1.041437630000000000e+08 4.710000000000000000e+03 5.780000000000000000e+03 1.450000000000000000e+03 3.520000000000000000e+03
1.041439700000000000e+08 4.710000000000000000e+03 5.780000000000000000e+03 1.450000000000000000e+03 3.530000000000000000e+03
1.041441790000000000e+08 4.720000000000000000e+03 5.780000000000000000e+03 1.460000000000000000e+03 3.510000000000000000e+03
1.041443870000000000e+08 4.730000000000000000e+03 5.780000000000000000e+03 1.460000000000000000e+03 3.520000000000000000e+03
1.041445950000000000e+08 4.730000000000000000e+03 5.770000000000000000e+03 1.440000000000000000e+03 3.510000000000000000e+03
1.041448030000000000e+08 4.730000000000000000e+03 5.770000000000000000e+03 1.440000000000000000e+03 3.510000000000000000e+03
1.041450110000000000e+08 4.730000000000000000e+03 5.770000000000000000e+03 1.440000000000000000e+03 3.510000000000000000e+03
1.041452190000000000e+08 4.720000000000000000e+03 5.770000000000000000e+03 1.440000000000000000e+03 3.520000000000000000e+03
1.041454270000000000e+08 4.720000000000000000e+03 5.770000000000000000e+03 1.440000000000000000e+03 3.530000000000000000e+03
1.041456990000000000e+08 4.730000000000000000e+03 5.780000000000000000e+03 1.440000000000000000e+03 3.530000000000000000e+03
1.041458430000000000e+08 4.730000000000000000e+03 5.780000000000000000e+03 1.450000000000000000e+03 3.530000000000000000e+03
1.041460510000000000e+08 4.730000000000000000e+03 5.780000000000000000e+03 1.440000000000000000e+03 3.510000000000000000e+03
1.041462590000000000e+08 4.730000000000000000e+03 5.780000000000000000e+03 1.440000000000000000e+03 3.520000000000000000e+03
1.041464670000000000e+08 4.730000000000000000e+03 5.780000000000000000e+03 1.440000000000000000e+03 3.520000000000000000e+03
1.041466750000000000e+08 4.710000000000000000e+03 5.780000000000000000e+03 1.430000000000000000e+03 3.520000000000000000e+03
1.041468820000000000e+08 4.720000000000000000e+03 5.780000000000000000e+03 1.430000000000000000e+03 3.520000000000000000e+03
1.041470900000000000e+08 4.720000000000000000e+03 5.780000000000000000e+03 1.430000000000000000e+03 3.520000000000000000e+03
1.041472990000000000e+08 4.710000000000000000e+03 5.780000000000000000e+03 1.440000000000000000e+03 3.520000000000000000e+03
1.041475070000000000e+08 4.720000000000000000e+03 5.780000000000000000e+03 1.430000000000000000e+03 3.520000000000000000e+03
1.041477140000000000e+08 4.730000000000000000e+03 5.780000000000000000e+03 1.420000000000000000e+03 3.500000000000000000e+03
1.041479220000000000e+08 4.730000000000000000e+03 5.780000000000000000e+03 1.420000000000000000e+03 3.500000000000000000e+03
1.041481300000000000e+08 4.740000000000000000e+03 5.780000000000000000e+03 1.440000000000000000e+03 3.500000000000000000e+03
1.041483380000000000e+08 4.740000000000000000e+03 5.780000000000000000e+03 1.430000000000000000e+03 3.510000000000000000e+03
1.041485460000000000e+08 4.730000000000000000e+03 5.780000000000000000e+03 1.430000000000000000e+03 3.510000000000000000e+03
1.041487540000000000e+08 4.730000000000000000e+03 5.780000000000000000e+03 1.430000000000000000e+03 3.510000000000000000e+03
1.041489620000000000e+08 4.740000000000000000e+03 5.780000000000000000e+03 1.430000000000000000e+03 3.500000000000000000e+03
1.041491700000000000e+08 4.720000000000000000e+03 5.790000000000000000e+03 1.440000000000000000e+03 3.510000000000000000e+03
1.041493780000000000e+08 4.720000000000000000e+03 5.790000000000000000e+03 1.440000000000000000e+03 3.510000000000000000e+03
1.041495850000000000e+08 4.710000000000000000e+03 5.790000000000000000e+03 1.430000000000000000e+03 3.510000000000000000e+03
1.041497940000000000e+08 4.710000000000000000e+03 5.790000000000000000e+03 1.440000000000000000e+03 3.490000000000000000e+03
1.041500020000000000e+08 4.700000000000000000e+03 5.790000000000000000e+03 1.440000000000000000e+03 3.500000000000000000e+03
1.041502100000000000e+08 4.720000000000000000e+03 5.780000000000000000e+03 1.440000000000000000e+03 3.510000000000000000e+03
1.041504180000000000e+08 4.730000000000000000e+03 5.780000000000000000e+03 1.430000000000000000e+03 3.530000000000000000e+03
1.041506260000000000e+08 4.730000000000000000e+03 5.780000000000000000e+03 1.430000000000000000e+03 3.530000000000000000e+03
1.041508340000000000e+08 4.720000000000000000e+03 5.780000000000000000e+03 1.440000000000000000e+03 3.540000000000000000e+03
1.041510420000000000e+08 4.710000000000000000e+03 5.780000000000000000e+03 1.440000000000000000e+03 3.540000000000000000e+03
1.041512500000000000e+08 4.720000000000000000e+03 5.780000000000000000e+03 1.430000000000000000e+03 3.530000000000000000e+03
1.041514580000000000e+08 4.720000000000000000e+03 5.780000000000000000e+03 1.430000000000000000e+03 3.530000000000000000e+03
1.041516660000000000e+08 4.710000000000000000e+03 5.780000000000000000e+03 1.440000000000000000e+03 3.530000000000000000e+03
1.041518740000000000e+08 4.710000000000000000e+03 5.780000000000000000e+03 1.440000000000000000e+03 3.520000000000000000e+03
1.041520820000000000e+08 4.720000000000000000e+03 5.790000000000000000e+03 1.440000000000000000e+03 3.520000000000000000e+03
1.041522890000000000e+08 4.720000000000000000e+03 5.780000000000000000e+03 1.450000000000000000e+03 3.500000000000000000e+03
1.041524980000000000e+08 4.720000000000000000e+03 5.780000000000000000e+03 1.450000000000000000e+03 3.510000000000000000e+03
1.041527050000000000e+08 4.720000000000000000e+03 5.780000000000000000e+03 1.450000000000000000e+03 3.510000000000000000e+03
1.041529140000000000e+08 4.730000000000000000e+03 5.780000000000000000e+03 1.450000000000000000e+03 3.500000000000000000e+03
1.041531210000000000e+08 4.720000000000000000e+03 5.790000000000000000e+03 1.440000000000000000e+03 3.500000000000000000e+03
1.041533290000000000e+08 4.720000000000000000e+03 5.790000000000000000e+03 1.440000000000000000e+03 3.510000000000000000e+03
1.041535370000000000e+08 4.730000000000000000e+03 5.790000000000000000e+03 1.440000000000000000e+03 3.490000000000000000e+03
1.041537460000000000e+08 4.720000000000000000e+03 5.780000000000000000e+03 1.430000000000000000e+03 3.510000000000000000e+03
1.041539530000000000e+08 4.710000000000000000e+03 5.780000000000000000e+03 1.440000000000000000e+03 3.520000000000000000e+03
1.041541610000000000e+08 4.700000000000000000e+03 5.780000000000000000e+03 1.440000000000000000e+03 3.510000000000000000e+03
1.041543690000000000e+08 4.720000000000000000e+03 5.780000000000000000e+03 1.440000000000000000e+03 3.520000000000000000e+03
1.041545770000000000e+08 4.720000000000000000e+03 5.780000000000000000e+03 1.450000000000000000e+03 3.520000000000000000e+03
1.041547840000000000e+08 4.710000000000000000e+03 5.780000000000000000e+03 1.450000000000000000e+03 3.520000000000000000e+03
1.041549930000000000e+08 4.710000000000000000e+03 5.780000000000000000e+03 1.440000000000000000e+03 3.530000000000000000e+03
1.041552010000000000e+08 4.730000000000000000e+03 5.780000000000000000e+03 1.440000000000000000e+03 3.530000000000000000e+03
1.041554090000000000e+08 4.720000000000000000e+03 5.780000000000000000e+03 1.450000000000000000e+03 3.530000000000000000e+03
1.041556170000000000e+08 4.730000000000000000e+03 5.790000000000000000e+03 1.460000000000000000e+03 3.520000000000000000e+03
1.041558250000000000e+08 4.720000000000000000e+03 5.790000000000000000e+03 1.460000000000000000e+03 3.510000000000000000e+03
1.041560330000000000e+08 4.720000000000000000e+03 5.790000000000000000e+03 1.450000000000000000e+03 3.520000000000000000e+03
1.041562410000000000e+08 4.730000000000000000e+03 5.780000000000000000e+03 1.450000000000000000e+03 3.520000000000000000e+03
1.041564490000000000e+08 4.720000000000000000e+03 5.780000000000000000e+03 1.450000000000000000e+03 3.500000000000000000e+03
1.041566570000000000e+08 4.720000000000000000e+03 5.770000000000000000e+03 1.450000000000000000e+03 3.500000000000000000e+03
1.041568650000000000e+08 4.710000000000000000e+03 5.770000000000000000e+03 1.440000000000000000e+03 3.510000000000000000e+03
1.041570720000000000e+08 4.720000000000000000e+03 5.770000000000000000e+03 1.450000000000000000e+03 3.510000000000000000e+03
1.041572810000000000e+08 4.720000000000000000e+03 5.780000000000000000e+03 1.450000000000000000e+03 3.510000000000000000e+03
1.041574890000000000e+08 4.710000000000000000e+03 5.780000000000000000e+03 1.450000000000000000e+03 3.510000000000000000e+03
1.041576970000000000e+08 4.720000000000000000e+03 5.780000000000000000e+03 1.450000000000000000e+03 3.510000000000000000e+03
1.041579050000000000e+08 4.720000000000000000e+03 5.780000000000000000e+03 1.440000000000000000e+03 3.510000000000000000e+03
1.041581130000000000e+08 4.720000000000000000e+03 5.780000000000000000e+03 1.430000000000000000e+03 3.510000000000000000e+03
1.041583210000000000e+08 4.730000000000000000e+03 5.780000000000000000e+03 1.440000000000000000e+03 3.520000000000000000e+03
1.041585290000000000e+08 4.730000000000000000e+03 5.770000000000000000e+03 1.450000000000000000e+03 3.520000000000000000e+03
1.041587360000000000e+08 4.720000000000000000e+03 5.770000000000000000e+03 1.450000000000000000e+03 3.530000000000000000e+03
1.041589440000000000e+08 4.730000000000000000e+03 5.770000000000000000e+03 1.440000000000000000e+03 3.530000000000000000e+03
1.041591520000000000e+08 4.730000000000000000e+03 5.770000000000000000e+03 1.450000000000000000e+03 3.530000000000000000e+03
1.041593600000000000e+08 4.730000000000000000e+03 5.770000000000000000e+03 1.440000000000000000e+03 3.530000000000000000e+03
1.041595690000000000e+08 4.730000000000000000e+03 5.770000000000000000e+03 1.440000000000000000e+03 3.530000000000000000e+03
1.041597760000000000e+08 4.740000000000000000e+03 5.770000000000000000e+03 1.440000000000000000e+03 3.530000000000000000e+03
1.041599850000000000e+08 4.740000000000000000e+03 5.770000000000000000e+03 1.440000000000000000e+03 3.510000000000000000e+03
1.042001920000000000e+08 4.730000000000000000e+03 5.770000000000000000e+03 1.450000000000000000e+03 3.520000000000000000e+03
1.042004000000000000e+08 4.740000000000000000e+03 5.770000000000000000e+03 1.460000000000000000e+03 3.530000000000000000e+03
1.042006080000000000e+08 4.740000000000000000e+03 5.770000000000000000e+03 1.460000000000000000e+03 3.530000000000000000e+03
1.042008160000000000e+08 4.730000000000000000e+03 5.770000000000000000e+03 1.460000000000000000e+03 3.540000000000000000e+03
1.042010240000000000e+08 4.740000000000000000e+03 5.780000000000000000e+03 1.460000000000000000e+03 3.540000000000000000e+03
1.042012320000000000e+08 4.740000000000000000e+03 5.780000000000000000e+03 1.460000000000000000e+03 3.540000000000000000e+03
1.042014400000000000e+08 4.750000000000000000e+03 5.780000000000000000e+03 1.470000000000000000e+03 3.520000000000000000e+03
1.042016480000000000e+08 4.740000000000000000e+03 5.780000000000000000e+03 1.460000000000000000e+03 3.520000000000000000e+03
1.042018560000000000e+08 4.730000000000000000e+03 5.780000000000000000e+03 1.460000000000000000e+03 3.530000000000000000e+03
1.042020640000000000e+08 4.710000000000000000e+03 5.780000000000000000e+03 1.460000000000000000e+03 3.520000000000000000e+03
1.042022710000000000e+08 4.710000000000000000e+03 5.780000000000000000e+03 1.460000000000000000e+03 3.530000000000000000e+03
1.042024800000000000e+08 4.710000000000000000e+03 5.780000000000000000e+03 1.450000000000000000e+03 3.510000000000000000e+03
1.042026870000000000e+08 4.700000000000000000e+03 5.790000000000000000e+03 1.450000000000000000e+03 3.510000000000000000e+03
1.042028960000000000e+08 4.710000000000000000e+03 5.780000000000000000e+03 1.450000000000000000e+03 3.500000000000000000e+03
1.042031030000000000e+08 4.710000000000000000e+03 5.790000000000000000e+03 1.450000000000000000e+03 3.500000000000000000e+03
1.042033120000000000e+08 4.720000000000000000e+03 5.780000000000000000e+03 1.450000000000000000e+03 3.510000000000000000e+03
1.042035210000000000e+08 4.710000000000000000e+03 5.780000000000000000e+03 1.450000000000000000e+03 3.510000000000000000e+03
1.042037280000000000e+08 4.720000000000000000e+03 5.780000000000000000e+03 1.450000000000000000e+03 3.510000000000000000e+03
1.042039360000000000e+08 4.720000000000000000e+03 5.770000000000000000e+03 1.450000000000000000e+03 3.520000000000000000e+03
1.042041440000000000e+08 4.730000000000000000e+03 5.770000000000000000e+03 1.450000000000000000e+03 3.520000000000000000e+03
1.042043520000000000e+08 4.710000000000000000e+03 5.780000000000000000e+03 1.450000000000000000e+03 3.520000000000000000e+03
1.042045590000000000e+08 4.710000000000000000e+03 5.780000000000000000e+03 1.440000000000000000e+03 3.510000000000000000e+03
1.042047670000000000e+08 4.710000000000000000e+03 5.780000000000000000e+03 1.450000000000000000e+03 3.520000000000000000e+03
1.042049750000000000e+08 4.710000000000000000e+03 5.780000000000000000e+03 1.460000000000000000e+03 3.520000000000000000e+03
1.042051830000000000e+08 4.710000000000000000e+03 5.780000000000000000e+03 1.450000000000000000e+03 3.520000000000000000e+03
1.042053910000000000e+08 4.720000000000000000e+03 5.780000000000000000e+03 1.460000000000000000e+03 3.520000000000000000e+03
1.042055990000000000e+08 4.710000000000000000e+03 5.780000000000000000e+03 1.450000000000000000e+03 3.520000000000000000e+03
1.042058070000000000e+08 4.720000000000000000e+03 5.780000000000000000e+03 1.450000000000000000e+03 3.520000000000000000e+03
1.042060150000000000e+08 4.720000000000000000e+03 5.780000000000000000e+03 1.440000000000000000e+03 3.510000000000000000e+03
1.042062230000000000e+08 4.720000000000000000e+03 5.780000000000000000e+03 1.440000000000000000e+03 3.500000000000000000e+03
1.042064320000000000e+08 4.720000000000000000e+03 5.780000000000000000e+03 1.450000000000000000e+03 3.510000000000000000e+03
1.042066390000000000e+08 4.710000000000000000e+03 5.780000000000000000e+03 1.450000000000000000e+03 3.520000000000000000e+03
1.042068470000000000e+08 4.710000000000000000e+03 5.770000000000000000e+03 1.450000000000000000e+03 3.530000000000000000e+03
1.042070550000000000e+08 4.720000000000000000e+03 5.780000000000000000e+03 1.450000000000000000e+03 3.520000000000000000e+03
1.042072630000000000e+08 4.710000000000000000e+03 5.780000000000000000e+03 1.440000000000000000e+03 3.510000000000000000e+03
1.042074700000000000e+08 4.730000000000000000e+03 5.790000000000000000e+03 1.440000000000000000e+03 3.520000000000000000e+03
1.042076790000000000e+08 4.740000000000000000e+03 5.790000000000000000e+03 1.440000000000000000e+03 3.520000000000000000e+03
1.042078870000000000e+08 4.740000000000000000e+03 5.790000000000000000e+03 1.430000000000000000e+03 3.520000000000000000e+03
1.042080950000000000e+08 4.720000000000000000e+03 5.790000000000000000e+03 1.430000000000000000e+03 3.520000000000000000e+03
1.042083030000000000e+08 4.720000000000000000e+03 5.780000000000000000e+03 1.420000000000000000e+03 3.510000000000000000e+03
1.042085110000000000e+08 4.720000000000000000e+03 5.790000000000000000e+03 1.450000000000000000e+03 3.500000000000000000e+03
1.042087190000000000e+08 4.710000000000000000e+03 5.780000000000000000e+03 1.450000000000000000e+03 3.510000000000000000e+03
1.042089270000000000e+08 4.700000000000000000e+03 5.780000000000000000e+03 1.450000000000000000e+03 3.510000000000000000e+03
1.042091350000000000e+08 4.710000000000000000e+03 5.780000000000000000e+03 1.450000000000000000e+03 3.510000000000000000e+03
1.042093440000000000e+08 4.710000000000000000e+03 5.780000000000000000e+03 1.450000000000000000e+03 3.500000000000000000e+03
1.042095510000000000e+08 4.720000000000000000e+03 5.780000000000000000e+03 1.460000000000000000e+03 3.510000000000000000e+03
1.042097590000000000e+08 4.730000000000000000e+03 5.770000000000000000e+03 1.460000000000000000e+03 3.500000000000000000e+03
1.042099670000000000e+08 4.740000000000000000e+03 5.780000000000000000e+03 1.460000000000000000e+03 3.510000000000000000e+03
1.042101750000000000e+08 4.730000000000000000e+03 5.780000000000000000e+03 1.450000000000000000e+03 3.500000000000000000e+03
1.042103830000000000e+08 4.730000000000000000e+03 5.780000000000000000e+03 1.450000000000000000e+03 3.510000000000000000e+03
1.042105900000000000e+08 4.740000000000000000e+03 5.780000000000000000e+03 1.450000000000000000e+03 3.510000000000000000e+03
1.042107980000000000e+08 4.740000000000000000e+03 5.780000000000000000e+03 1.450000000000000000e+03 3.500000000000000000e+03
1.042110060000000000e+08 4.730000000000000000e+03 5.770000000000000000e+03 1.440000000000000000e+03 3.500000000000000000e+03
1.042112140000000000e+08 4.730000000000000000e+03 5.770000000000000000e+03 1.440000000000000000e+03 3.500000000000000000e+03
1.042114220000000000e+08 4.720000000000000000e+03 5.780000000000000000e+03 1.440000000000000000e+03 3.500000000000000000e+03
1.042116300000000000e+08 4.720000000000000000e+03 5.780000000000000000e+03 1.440000000000000000e+03 3.500000000000000000e+03
1.042118380000000000e+08 4.720000000000000000e+03 5.780000000000000000e+03 1.440000000000000000e+03 3.500000000000000000e+03
1.042120460000000000e+08 4.730000000000000000e+03 5.780000000000000000e+03 1.430000000000000000e+03 3.500000000000000000e+03
1.042122540000000000e+08 4.720000000000000000e+03 5.780000000000000000e+03 1.430000000000000000e+03 3.520000000000000000e+03
1.042124620000000000e+08 4.710000000000000000e+03 5.780000000000000000e+03 1.430000000000000000e+03 3.520000000000000000e+03
1.042126700000000000e+08 4.720000000000000000e+03 5.780000000000000000e+03 1.440000000000000000e+03 3.520000000000000000e+03
1.042128780000000000e+08 4.730000000000000000e+03 5.780000000000000000e+03 1.430000000000000000e+03 3.520000000000000000e+03
1.042130860000000000e+08 4.720000000000000000e+03 5.780000000000000000e+03 1.450000000000000000e+03 3.500000000000000000e+03
1.042132940000000000e+08 4.720000000000000000e+03 5.780000000000000000e+03 1.450000000000000000e+03 3.510000000000000000e+03
1.042135020000000000e+08 4.730000000000000000e+03 5.780000000000000000e+03 1.450000000000000000e+03 3.510000000000000000e+03
1.042137100000000000e+08 4.730000000000000000e+03 5.780000000000000000e+03 1.440000000000000000e+03 3.510000000000000000e+03
1.042139180000000000e+08 4.720000000000000000e+03 5.770000000000000000e+03 1.450000000000000000e+03 3.520000000000000000e+03
1.042141260000000000e+08 4.720000000000000000e+03 5.770000000000000000e+03 1.460000000000000000e+03 3.520000000000000000e+03
1.042143340000000000e+08 4.720000000000000000e+03 5.770000000000000000e+03 1.460000000000000000e+03 3.520000000000000000e+03
1.042145420000000000e+08 4.720000000000000000e+03 5.780000000000000000e+03 1.440000000000000000e+03 3.520000000000000000e+03
1.042147500000000000e+08 4.720000000000000000e+03 5.780000000000000000e+03 1.440000000000000000e+03 3.510000000000000000e+03
1.042149580000000000e+08 4.720000000000000000e+03 5.790000000000000000e+03 1.450000000000000000e+03 3.510000000000000000e+03
1.042151660000000000e+08 4.720000000000000000e+03 5.780000000000000000e+03 1.440000000000000000e+03 3.520000000000000000e+03
1.042153740000000000e+08 4.710000000000000000e+03 5.780000000000000000e+03 1.440000000000000000e+03 3.520000000000000000e+03
1.042155820000000000e+08 4.720000000000000000e+03 5.780000000000000000e+03 1.450000000000000000e+03 3.520000000000000000e+03
1.042157900000000000e+08 4.710000000000000000e+03 5.780000000000000000e+03 1.450000000000000000e+03 3.520000000000000000e+03
1.042159980000000000e+08 4.720000000000000000e+03 5.780000000000000000e+03 1.440000000000000000e+03 3.520000000000000000e+03
1.042162060000000000e+08 4.720000000000000000e+03 5.780000000000000000e+03 1.450000000000000000e+03 3.520000000000000000e+03
1.042164130000000000e+08 4.710000000000000000e+03 5.780000000000000000e+03 1.460000000000000000e+03 3.520000000000000000e+03
1.042166210000000000e+08 4.710000000000000000e+03 5.780000000000000000e+03 1.460000000000000000e+03 3.520000000000000000e+03
1.042170370000000000e+08 4.720000000000000000e+03 5.780000000000000000e+03 1.470000000000000000e+03 3.520000000000000000e+03
1.042174530000000000e+08 4.730000000000000000e+03 5.770000000000000000e+03 1.460000000000000000e+03 3.520000000000000000e+03
1.042176610000000000e+08 4.730000000000000000e+03 5.780000000000000000e+03 1.450000000000000000e+03 3.520000000000000000e+03
1.042178690000000000e+08 4.740000000000000000e+03 5.780000000000000000e+03 1.450000000000000000e+03 3.520000000000000000e+03
1.042180760000000000e+08 4.740000000000000000e+03 5.780000000000000000e+03 1.450000000000000000e+03 3.500000000000000000e+03
