1.108594950000000000e+08 2.870000000000000000e+03 2.840000000000000000e+03 4.260000000000000000e+03 4.330000000000000000e+03
1.108597030000000000e+08 2.880000000000000000e+03 2.840000000000000000e+03 4.260000000000000000e+03 4.340000000000000000e+03
1.108599110000000000e+08 2.880000000000000000e+03 2.840000000000000000e+03 4.260000000000000000e+03 4.340000000000000000e+03
1.109001190000000000e+08 2.880000000000000000e+03 2.840000000000000000e+03 4.260000000000000000e+03 4.330000000000000000e+03
1.109003260000000000e+08 2.880000000000000000e+03 2.830000000000000000e+03 4.260000000000000000e+03 4.330000000000000000e+03
1.109005340000000000e+08 2.880000000000000000e+03 2.840000000000000000e+03 4.260000000000000000e+03 4.320000000000000000e+03
1.109007420000000000e+08 2.880000000000000000e+03 2.840000000000000000e+03 4.250000000000000000e+03 4.330000000000000000e+03
1.109009500000000000e+08 2.880000000000000000e+03 2.840000000000000000e+03 4.250000000000000000e+03 4.340000000000000000e+03
1.109011580000000000e+08 2.890000000000000000e+03 2.840000000000000000e+03 4.250000000000000000e+03 4.340000000000000000e+03
1.109013660000000000e+08 2.890000000000000000e+03 2.830000000000000000e+03 4.250000000000000000e+03 4.330000000000000000e+03
1.109015740000000000e+08 2.890000000000000000e+03 2.830000000000000000e+03 4.250000000000000000e+03 4.320000000000000000e+03
1.109017820000000000e+08 2.880000000000000000e+03 2.830000000000000000e+03 4.240000000000000000e+03 4.320000000000000000e+03
1.109019900000000000e+08 2.870000000000000000e+03 2.820000000000000000e+03 4.250000000000000000e+03 4.320000000000000000e+03
1.109021980000000000e+08 2.870000000000000000e+03 2.820000000000000000e+03 4.250000000000000000e+03 4.320000000000000000e+03
1.109024060000000000e+08 2.870000000000000000e+03 2.820000000000000000e+03 4.260000000000000000e+03 4.320000000000000000e+03
1.109026140000000000e+08 2.870000000000000000e+03 2.830000000000000000e+03 4.260000000000000000e+03 4.320000000000000000e+03
1.109028220000000000e+08 2.870000000000000000e+03 2.830000000000000000e+03 4.260000000000000000e+03 4.320000000000000000e+03
1.109030300000000000e+08 2.860000000000000000e+03 2.830000000000000000e+03 4.260000000000000000e+03 4.320000000000000000e+03
1.109032370000000000e+08 2.870000000000000000e+03 2.830000000000000000e+03 4.260000000000000000e+03 4.320000000000000000e+03
1.109034460000000000e+08 2.870000000000000000e+03 2.840000000000000000e+03 4.260000000000000000e+03 4.320000000000000000e+03
1.109036540000000000e+08 2.880000000000000000e+03 2.840000000000000000e+03 4.250000000000000000e+03 4.320000000000000000e+03
1.109038620000000000e+08 2.880000000000000000e+03 2.840000000000000000e+03 4.240000000000000000e+03 4.330000000000000000e+03
1.109040700000000000e+08 2.880000000000000000e+03 2.840000000000000000e+03 4.250000000000000000e+03 4.340000000000000000e+03
1.109042780000000000e+08 2.880000000000000000e+03 2.840000000000000000e+03 4.250000000000000000e+03 4.340000000000000000e+03
1.109044850000000000e+08 2.880000000000000000e+03 2.840000000000000000e+03 4.250000000000000000e+03 4.340000000000000000e+03
1.109046940000000000e+08 2.880000000000000000e+03 2.840000000000000000e+03 4.240000000000000000e+03 4.340000000000000000e+03
1.109049020000000000e+08 2.890000000000000000e+03 2.840000000000000000e+03 4.240000000000000000e+03 4.340000000000000000e+03
1.109051100000000000e+08 2.880000000000000000e+03 2.850000000000000000e+03 4.240000000000000000e+03 4.340000000000000000e+03
1.109053180000000000e+08 2.880000000000000000e+03 2.850000000000000000e+03 4.240000000000000000e+03 4.340000000000000000e+03
1.109055250000000000e+08 2.890000000000000000e+03 2.850000000000000000e+03 4.260000000000000000e+03 4.350000000000000000e+03
1.109057340000000000e+08 2.890000000000000000e+03 2.850000000000000000e+03 4.260000000000000000e+03 4.350000000000000000e+03
1.109059410000000000e+08 2.890000000000000000e+03 2.850000000000000000e+03 4.250000000000000000e+03 4.350000000000000000e+03
1.109063570000000000e+08 2.890000000000000000e+03 2.850000000000000000e+03 4.250000000000000000e+03 4.350000000000000000e+03
1.109065650000000000e+08 2.880000000000000000e+03 2.840000000000000000e+03 4.250000000000000000e+03 4.340000000000000000e+03
1.109067730000000000e+08 2.880000000000000000e+03 2.850000000000000000e+03 4.250000000000000000e+03 4.340000000000000000e+03
1.109069810000000000e+08 2.880000000000000000e+03 2.850000000000000000e+03 4.260000000000000000e+03 4.340000000000000000e+03
1.109071890000000000e+08 2.880000000000000000e+03 2.850000000000000000e+03 4.260000000000000000e+03 4.340000000000000000e+03
1.109073970000000000e+08 2.870000000000000000e+03 2.840000000000000000e+03 4.260000000000000000e+03 4.340000000000000000e+03
1.109076050000000000e+08 2.870000000000000000e+03 2.840000000000000000e+03 4.260000000000000000e+03 4.340000000000000000e+03
1.109078130000000000e+08 2.870000000000000000e+03 2.840000000000000000e+03 4.260000000000000000e+03 4.340000000000000000e+03
1.109080210000000000e+08 2.880000000000000000e+03 2.840000000000000000e+03 4.260000000000000000e+03 4.340000000000000000e+03
1.109082290000000000e+08 2.890000000000000000e+03 2.850000000000000000e+03 4.250000000000000000e+03 4.330000000000000000e+03
1.109084370000000000e+08 2.890000000000000000e+03 2.850000000000000000e+03 4.240000000000000000e+03 4.320000000000000000e+03
1.109086460000000000e+08 2.890000000000000000e+03 2.850000000000000000e+03 4.250000000000000000e+03 4.320000000000000000e+03
1.109090610000000000e+08 2.880000000000000000e+03 2.850000000000000000e+03 4.250000000000000000e+03 4.330000000000000000e+03
1.109092690000000000e+08 2.880000000000000000e+03 2.840000000000000000e+03 4.250000000000000000e+03 4.330000000000000000e+03
1.109094770000000000e+08 2.880000000000000000e+03 2.840000000000000000e+03 4.250000000000000000e+03 4.330000000000000000e+03
1.109096860000000000e+08 2.880000000000000000e+03 2.840000000000000000e+03 4.250000000000000000e+03 4.340000000000000000e+03
1.109098930000000000e+08 2.880000000000000000e+03 2.840000000000000000e+03 4.250000000000000000e+03 4.340000000000000000e+03
1.109101010000000000e+08 2.870000000000000000e+03 2.840000000000000000e+03 4.240000000000000000e+03 4.340000000000000000e+03
1.109103090000000000e+08 2.870000000000000000e+03 2.830000000000000000e+03 4.250000000000000000e+03 4.340000000000000000e+03
1.109105170000000000e+08 2.860000000000000000e+03 2.830000000000000000e+03 4.240000000000000000e+03 4.340000000000000000e+03
1.109107250000000000e+08 2.860000000000000000e+03 2.830000000000000000e+03 4.240000000000000000e+03 4.340000000000000000e+03
1.109109330000000000e+08 2.870000000000000000e+03 2.830000000000000000e+03 4.250000000000000000e+03 4.340000000000000000e+03
1.109111410000000000e+08 2.870000000000000000e+03 2.830000000000000000e+03 4.250000000000000000e+03 4.340000000000000000e+03
1.109113480000000000e+08 2.870000000000000000e+03 2.830000000000000000e+03 4.240000000000000000e+03 4.340000000000000000e+03
1.109115560000000000e+08 2.880000000000000000e+03 2.830000000000000000e+03 4.240000000000000000e+03 4.340000000000000000e+03
1.109117650000000000e+08 2.880000000000000000e+03 2.840000000000000000e+03 4.240000000000000000e+03 4.340000000000000000e+03
1.109119720000000000e+08 2.880000000000000000e+03 2.830000000000000000e+03 4.240000000000000000e+03 4.340000000000000000e+03
1.109121800000000000e+08 2.880000000000000000e+03 2.830000000000000000e+03 4.240000000000000000e+03 4.330000000000000000e+03
1.109123880000000000e+08 2.880000000000000000e+03 2.840000000000000000e+03 4.240000000000000000e+03 4.330000000000000000e+03
1.109125960000000000e+08 2.880000000000000000e+03 2.830000000000000000e+03 4.240000000000000000e+03 4.330000000000000000e+03
1.109128050000000000e+08 2.890000000000000000e+03 2.830000000000000000e+03 4.250000000000000000e+03 4.330000000000000000e+03
1.109130120000000000e+08 2.880000000000000000e+03 2.830000000000000000e+03 4.250000000000000000e+03 4.330000000000000000e+03
1.109132200000000000e+08 2.870000000000000000e+03 2.830000000000000000e+03 4.240000000000000000e+03 4.330000000000000000e+03
1.109134280000000000e+08 2.870000000000000000e+03 2.830000000000000000e+03 4.250000000000000000e+03 4.330000000000000000e+03
1.109136360000000000e+08 2.870000000000000000e+03 2.830000000000000000e+03 4.260000000000000000e+03 4.330000000000000000e+03
1.109138440000000000e+08 2.880000000000000000e+03 2.830000000000000000e+03 4.250000000000000000e+03 4.330000000000000000e+03
1.109140520000000000e+08 2.870000000000000000e+03 2.830000000000000000e+03 4.240000000000000000e+03 4.330000000000000000e+03
1.109142600000000000e+08 2.880000000000000000e+03 2.830000000000000000e+03 4.250000000000000000e+03 4.330000000000000000e+03
1.109144680000000000e+08 2.880000000000000000e+03 2.830000000000000000e+03 4.260000000000000000e+03 4.330000000000000000e+03
1.109146760000000000e+08 2.860000000000000000e+03 2.830000000000000000e+03 4.260000000000000000e+03 4.330000000000000000e+03
1.109148840000000000e+08 2.870000000000000000e+03 2.830000000000000000e+03 4.260000000000000000e+03 4.320000000000000000e+03
1.109150920000000000e+08 2.860000000000000000e+03 2.830000000000000000e+03 4.260000000000000000e+03 4.310000000000000000e+03
1.109153000000000000e+08 2.860000000000000000e+03 2.830000000000000000e+03 4.260000000000000000e+03 4.330000000000000000e+03
1.109155080000000000e+08 2.860000000000000000e+03 2.830000000000000000e+03 4.260000000000000000e+03 4.320000000000000000e+03
1.109157150000000000e+08 2.860000000000000000e+03 2.830000000000000000e+03 4.260000000000000000e+03 4.320000000000000000e+03
1.109159240000000000e+08 2.860000000000000000e+03 2.840000000000000000e+03 4.260000000000000000e+03 4.330000000000000000e+03
1.109161320000000000e+08 2.870000000000000000e+03 2.830000000000000000e+03 4.260000000000000000e+03 4.330000000000000000e+03
1.109163400000000000e+08 2.870000000000000000e+03 2.850000000000000000e+03 4.260000000000000000e+03 4.330000000000000000e+03
1.109165480000000000e+08 2.870000000000000000e+03 2.850000000000000000e+03 4.250000000000000000e+03 4.330000000000000000e+03
1.109167550000000000e+08 2.880000000000000000e+03 2.850000000000000000e+03 4.240000000000000000e+03 4.330000000000000000e+03
1.109169630000000000e+08 2.870000000000000000e+03 2.850000000000000000e+03 4.260000000000000000e+03 4.330000000000000000e+03
1.109171710000000000e+08 2.880000000000000000e+03 2.850000000000000000e+03 4.250000000000000000e+03 4.330000000000000000e+03
1.109173790000000000e+08 2.880000000000000000e+03 2.850000000000000000e+03 4.250000000000000000e+03 4.330000000000000000e+03
1.109175870000000000e+08 2.880000000000000000e+03 2.850000000000000000e+03 4.250000000000000000e+03 4.320000000000000000e+03
1.109177950000000000e+08 2.880000000000000000e+03 2.850000000000000000e+03 4.250000000000000000e+03 4.330000000000000000e+03
1.109180030000000000e+08 2.890000000000000000e+03 2.850000000000000000e+03 4.240000000000000000e+03 4.330000000000000000e+03
1.109182110000000000e+08 2.890000000000000000e+03 2.840000000000000000e+03 4.250000000000000000e+03 4.330000000000000000e+03
1.109184190000000000e+08 2.880000000000000000e+03 2.840000000000000000e+03 4.240000000000000000e+03 4.330000000000000000e+03
1.109186270000000000e+08 2.880000000000000000e+03 2.840000000000000000e+03 4.240000000000000000e+03 4.330000000000000000e+03
1.109188350000000000e+08 2.890000000000000000e+03 2.840000000000000000e+03 4.230000000000000000e+03 4.330000000000000000e+03
1.109190440000000000e+08 2.890000000000000000e+03 2.840000000000000000e+03 4.240000000000000000e+03 4.330000000000000000e+03
1.109192510000000000e+08 2.900000000000000000e+03 2.830000000000000000e+03 4.240000000000000000e+03 4.330000000000000000e+03
1.109194590000000000e+08 2.900000000000000000e+03 2.830000000000000000e+03 4.250000000000000000e+03 4.320000000000000000e+03
1.109196670000000000e+08 2.890000000000000000e+03 2.830000000000000000e+03 4.240000000000000000e+03 4.320000000000000000e+03
1.109198750000000000e+08 2.890000000000000000e+03 2.830000000000000000e+03 4.240000000000000000e+03 4.320000000000000000e+03
1.109200830000000000e+08 2.890000000000000000e+03 2.840000000000000000e+03 4.240000000000000000e+03 4.320000000000000000e+03
1.109202910000000000e+08 2.900000000000000000e+03 2.830000000000000000e+03 4.230000000000000000e+03 4.320000000000000000e+03
1.109205000000000000e+08 2.900000000000000000e+03 2.830000000000000000e+03 4.230000000000000000e+03 4.320000000000000000e+03
1.109207070000000000e+08 2.900000000000000000e+03 2.840000000000000000e+03 4.230000000000000000e+03 4.320000000000000000e+03
1.109209150000000000e+08 2.890000000000000000e+03 2.830000000000000000e+03 4.230000000000000000e+03 4.320000000000000000e+03
1.109211230000000000e+08 2.880000000000000000e+03 2.830000000000000000e+03 4.230000000000000000e+03 4.320000000000000000e+03
1.109213310000000000e+08 2.870000000000000000e+03 2.830000000000000000e+03 4.230000000000000000e+03 4.320000000000000000e+03
1.109215390000000000e+08 2.870000000000000000e+03 2.830000000000000000e+03 4.240000000000000000e+03 4.330000000000000000e+03
1.109217470000000000e+08 2.870000000000000000e+03 2.830000000000000000e+03 4.240000000000000000e+03 4.330000000000000000e+03
1.109219550000000000e+08 2.870000000000000000e+03 2.830000000000000000e+03 4.240000000000000000e+03 4.330000000000000000e+03
1.109221630000000000e+08 2.870000000000000000e+03 2.830000000000000000e+03 4.240000000000000000e+03 4.320000000000000000e+03
1.109223700000000000e+08 2.870000000000000000e+03 2.830000000000000000e+03 4.240000000000000000e+03 4.330000000000000000e+03
1.109225790000000000e+08 2.870000000000000000e+03 2.830000000000000000e+03 4.250000000000000000e+03 4.330000000000000000e+03
1.109229940000000000e+08 2.880000000000000000e+03 2.830000000000000000e+03 4.240000000000000000e+03 4.330000000000000000e+03
1.109232020000000000e+08 2.880000000000000000e+03 2.840000000000000000e+03 4.240000000000000000e+03 4.330000000000000000e+03
1.109234100000000000e+08 2.880000000000000000e+03 2.840000000000000000e+03 4.240000000000000000e+03 4.330000000000000000e+03
1.109236180000000000e+08 2.880000000000000000e+03 2.840000000000000000e+03 4.230000000000000000e+03 4.330000000000000000e+03
1.109238260000000000e+08 2.880000000000000000e+03 2.840000000000000000e+03 4.240000000000000000e+03 4.330000000000000000e+03
1.109240340000000000e+08 2.880000000000000000e+03 2.840000000000000000e+03 4.240000000000000000e+03 4.330000000000000000e+03
1.109242420000000000e+08 2.870000000000000000e+03 2.840000000000000000e+03 4.250000000000000000e+03 4.330000000000000000e+03
1.109244510000000000e+08 2.870000000000000000e+03 2.840000000000000000e+03 4.250000000000000000e+03 4.330000000000000000e+03
1.109246580000000000e+08 2.870000000000000000e+03 2.840000000000000000e+03 4.250000000000000000e+03 4.320000000000000000e+03
1.109248660000000000e+08 2.870000000000000000e+03 2.830000000000000000e+03 4.230000000000000000e+03 4.320000000000000000e+03
1.109250740000000000e+08 2.870000000000000000e+03 2.830000000000000000e+03 4.230000000000000000e+03 4.320000000000000000e+03
1.109252820000000000e+08 2.870000000000000000e+03 2.830000000000000000e+03 4.240000000000000000e+03 4.320000000000000000e+03
1.109254890000000000e+08 2.870000000000000000e+03 2.830000000000000000e+03 4.240000000000000000e+03 4.320000000000000000e+03
1.109259060000000000e+08 2.870000000000000000e+03 2.830000000000000000e+03 4.250000000000000000e+03 4.320000000000000000e+03
1.109261140000000000e+08 2.870000000000000000e+03 2.830000000000000000e+03 4.250000000000000000e+03 4.320000000000000000e+03
1.109263210000000000e+08 2.870000000000000000e+03 2.830000000000000000e+03 4.250000000000000000e+03 4.320000000000000000e+03
1.109265300000000000e+08 2.880000000000000000e+03 2.830000000000000000e+03 4.240000000000000000e+03 4.320000000000000000e+03
1.109267380000000000e+08 2.870000000000000000e+03 2.830000000000000000e+03 4.240000000000000000e+03 4.320000000000000000e+03
1.109269460000000000e+08 2.870000000000000000e+03 2.840000000000000000e+03 4.240000000000000000e+03 4.310000000000000000e+03
1.109271530000000000e+08 2.880000000000000000e+03 2.840000000000000000e+03 4.240000000000000000e+03 4.310000000000000000e+03
1.109273620000000000e+08 2.880000000000000000e+03 2.840000000000000000e+03 4.240000000000000000e+03 4.310000000000000000e+03
1.109275700000000000e+08 2.880000000000000000e+03 2.840000000000000000e+03 4.240000000000000000e+03 4.310000000000000000e+03
1.109277780000000000e+08 2.880000000000000000e+03 2.830000000000000000e+03 4.240000000000000000e+03 4.310000000000000000e+03
1.109279850000000000e+08 2.880000000000000000e+03 2.830000000000000000e+03 4.240000000000000000e+03 4.320000000000000000e+03
1.109281930000000000e+08 2.870000000000000000e+03 2.830000000000000000e+03 4.250000000000000000e+03 4.320000000000000000e+03
1.109284020000000000e+08 2.880000000000000000e+03 2.840000000000000000e+03 4.250000000000000000e+03 4.320000000000000000e+03
1.109286090000000000e+08 2.870000000000000000e+03 2.840000000000000000e+03 4.240000000000000000e+03 4.320000000000000000e+03
1.109288180000000000e+08 2.860000000000000000e+03 2.840000000000000000e+03 4.250000000000000000e+03 4.320000000000000000e+03
1.109292340000000000e+08 2.860000000000000000e+03 2.840000000000000000e+03 4.240000000000000000e+03 4.320000000000000000e+03
1.109294410000000000e+08 2.860000000000000000e+03 2.830000000000000000e+03 4.230000000000000000e+03 4.320000000000000000e+03
1.109296490000000000e+08 2.860000000000000000e+03 2.830000000000000000e+03 4.230000000000000000e+03 4.320000000000000000e+03
1.109298570000000000e+08 2.870000000000000000e+03 2.830000000000000000e+03 4.230000000000000000e+03 4.320000000000000000e+03
1.109300660000000000e+08 2.880000000000000000e+03 2.830000000000000000e+03 4.230000000000000000e+03 4.320000000000000000e+03
1.109302730000000000e+08 2.870000000000000000e+03 2.830000000000000000e+03 4.230000000000000000e+03 4.320000000000000000e+03
1.109304810000000000e+08 2.870000000000000000e+03 2.830000000000000000e+03 4.240000000000000000e+03 4.320000000000000000e+03
1.109306900000000000e+08 2.870000000000000000e+03 2.830000000000000000e+03 4.250000000000000000e+03 4.320000000000000000e+03
1.109308970000000000e+08 2.870000000000000000e+03 2.830000000000000000e+03 4.240000000000000000e+03 4.330000000000000000e+03
1.109311050000000000e+08 2.880000000000000000e+03 2.830000000000000000e+03 4.240000000000000000e+03 4.320000000000000000e+03
1.109313130000000000e+08 2.880000000000000000e+03 2.830000000000000000e+03 4.230000000000000000e+03 4.320000000000000000e+03
1.109315210000000000e+08 2.860000000000000000e+03 2.830000000000000000e+03 4.240000000000000000e+03 4.320000000000000000e+03
1.109317290000000000e+08 2.860000000000000000e+03 2.830000000000000000e+03 4.230000000000000000e+03 4.320000000000000000e+03
1.109319370000000000e+08 2.860000000000000000e+03 2.830000000000000000e+03 4.240000000000000000e+03 4.320000000000000000e+03
1.109321450000000000e+08 2.860000000000000000e+03 2.830000000000000000e+03 4.230000000000000000e+03 4.320000000000000000e+03
1.109323530000000000e+08 2.870000000000000000e+03 2.830000000000000000e+03 4.230000000000000000e+03 4.320000000000000000e+03
1.109325610000000000e+08 2.870000000000000000e+03 2.840000000000000000e+03 4.240000000000000000e+03 4.320000000000000000e+03
1.109327690000000000e+08 2.870000000000000000e+03 2.840000000000000000e+03 4.250000000000000000e+03 4.320000000000000000e+03
1.109329770000000000e+08 2.870000000000000000e+03 2.840000000000000000e+03 4.250000000000000000e+03 4.320000000000000000e+03
1.109331850000000000e+08 2.870000000000000000e+03 2.840000000000000000e+03 4.240000000000000000e+03 4.320000000000000000e+03
1.109333930000000000e+08 2.870000000000000000e+03 2.840000000000000000e+03 4.240000000000000000e+03 4.320000000000000000e+03
1.109336010000000000e+08 2.880000000000000000e+03 2.840000000000000000e+03 4.260000000000000000e+03 4.310000000000000000e+03
1.109338090000000000e+08 2.880000000000000000e+03 2.840000000000000000e+03 4.250000000000000000e+03 4.320000000000000000e+03
1.109340160000000000e+08 2.880000000000000000e+03 2.840000000000000000e+03 4.250000000000000000e+03 4.320000000000000000e+03
1.109342240000000000e+08 2.890000000000000000e+03 2.840000000000000000e+03 4.240000000000000000e+03 4.320000000000000000e+03
1.109344320000000000e+08 2.890000000000000000e+03 2.850000000000000000e+03 4.240000000000000000e+03 4.320000000000000000e+03
1.109346400000000000e+08 2.890000000000000000e+03 2.850000000000000000e+03 4.240000000000000000e+03 4.320000000000000000e+03
1.109348480000000000e+08 2.890000000000000000e+03 2.840000000000000000e+03 4.240000000000000000e+03 4.320000000000000000e+03
1.109350660000000000e+08 2.890000000000000000e+03 2.840000000000000000e+03 4.240000000000000000e+03 4.320000000000000000e+03
1.109352640000000000e+08 2.880000000000000000e+03 2.840000000000000000e+03 4.240000000000000000e+03 4.320000000000000000e+03
1.109354720000000000e+08 2.880000000000000000e+03 2.840000000000000000e+03 4.240000000000000000e+03 4.320000000000000000e+03
1.109356800000000000e+08 2.870000000000000000e+03 2.840000000000000000e+03 4.250000000000000000e+03 4.320000000000000000e+03
1.109358880000000000e+08 2.870000000000000000e+03 2.840000000000000000e+03 4.250000000000000000e+03 4.330000000000000000e+03
1.109360960000000000e+08 2.870000000000000000e+03 2.840000000000000000e+03 4.240000000000000000e+03 4.330000000000000000e+03
1.109363040000000000e+08 2.870000000000000000e+03 2.840000000000000000e+03 4.250000000000000000e+03 4.330000000000000000e+03
1.109365120000000000e+08 2.870000000000000000e+03 2.830000000000000000e+03 4.240000000000000000e+03 4.330000000000000000e+03
1.109367200000000000e+08 2.870000000000000000e+03 2.830000000000000000e+03 4.240000000000000000e+03 4.330000000000000000e+03
1.109369290000000000e+08 2.870000000000000000e+03 2.830000000000000000e+03 4.230000000000000000e+03 4.320000000000000000e+03
1.109371360000000000e+08 2.880000000000000000e+03 2.830000000000000000e+03 4.230000000000000000e+03 4.320000000000000000e+03
1.109373430000000000e+08 2.870000000000000000e+03 2.830000000000000000e+03 4.230000000000000000e+03 4.330000000000000000e+03
1.109375510000000000e+08 2.890000000000000000e+03 2.830000000000000000e+03 4.240000000000000000e+03 4.330000000000000000e+03
1.109377610000000000e+08 2.890000000000000000e+03 2.830000000000000000e+03 4.240000000000000000e+03 4.330000000000000000e+03
1.109379680000000000e+08 2.890000000000000000e+03 2.840000000000000000e+03 4.240000000000000000e+03 4.340000000000000000e+03
1.109381750000000000e+08 2.890000000000000000e+03 2.840000000000000000e+03 4.250000000000000000e+03 4.340000000000000000e+03
1.109383840000000000e+08 2.890000000000000000e+03 2.850000000000000000e+03 4.240000000000000000e+03 4.340000000000000000e+03
1.109385910000000000e+08 2.890000000000000000e+03 2.850000000000000000e+03 4.230000000000000000e+03 4.340000000000000000e+03
1.109388000000000000e+08 2.890000000000000000e+03 2.840000000000000000e+03 4.230000000000000000e+03 4.340000000000000000e+03
1.109390070000000000e+08 2.890000000000000000e+03 2.840000000000000000e+03 4.230000000000000000e+03 4.340000000000000000e+03
1.109392160000000000e+08 2.890000000000000000e+03 2.830000000000000000e+03 4.230000000000000000e+03 4.330000000000000000e+03
1.109394240000000000e+08 2.890000000000000000e+03 2.830000000000000000e+03 4.240000000000000000e+03 4.330000000000000000e+03
1.109396310000000000e+08 2.880000000000000000e+03 2.820000000000000000e+03 4.240000000000000000e+03 4.330000000000000000e+03
1.109398480000000000e+08 2.880000000000000000e+03 2.830000000000000000e+03 4.240000000000000000e+03 4.330000000000000000e+03
1.109400480000000000e+08 2.880000000000000000e+03 2.830000000000000000e+03 4.240000000000000000e+03 4.330000000000000000e+03
1.109402550000000000e+08 2.880000000000000000e+03 2.830000000000000000e+03 4.240000000000000000e+03 4.330000000000000000e+03
1.109404630000000000e+08 2.880000000000000000e+03 2.830000000000000000e+03 4.250000000000000000e+03 4.330000000000000000e+03
1.109406710000000000e+08 2.890000000000000000e+03 2.830000000000000000e+03 4.250000000000000000e+03 4.330000000000000000e+03
1.109408790000000000e+08 2.890000000000000000e+03 2.830000000000000000e+03 4.250000000000000000e+03 4.330000000000000000e+03
1.109410880000000000e+08 2.890000000000000000e+03 2.830000000000000000e+03 4.250000000000000000e+03 4.330000000000000000e+03
1.109412950000000000e+08 2.890000000000000000e+03 2.830000000000000000e+03 4.250000000000000000e+03 4.330000000000000000e+03
1.109415030000000000e+08 2.890000000000000000e+03 2.840000000000000000e+03 4.240000000000000000e+03 4.340000000000000000e+03
1.109417110000000000e+08 2.890000000000000000e+03 2.840000000000000000e+03 4.240000000000000000e+03 4.340000000000000000e+03
1.109419190000000000e+08 2.890000000000000000e+03 2.850000000000000000e+03 4.240000000000000000e+03 4.340000000000000000e+03
1.109421270000000000e+08 2.890000000000000000e+03 2.840000000000000000e+03 4.250000000000000000e+03 4.340000000000000000e+03
1.109423350000000000e+08 2.890000000000000000e+03 2.830000000000000000e+03 4.240000000000000000e+03 4.340000000000000000e+03
1.109425430000000000e+08 2.890000000000000000e+03 2.830000000000000000e+03 4.240000000000000000e+03 4.340000000000000000e+03
1.109427510000000000e+08 2.890000000000000000e+03 2.830000000000000000e+03 4.230000000000000000e+03 4.340000000000000000e+03
1.109429590000000000e+08 2.890000000000000000e+03 2.830000000000000000e+03 4.240000000000000000e+03 4.340000000000000000e+03
1.109431680000000000e+08 2.880000000000000000e+03 2.830000000000000000e+03 4.240000000000000000e+03 4.330000000000000000e+03
1.109433750000000000e+08 2.880000000000000000e+03 2.830000000000000000e+03 4.230000000000000000e+03 4.320000000000000000e+03
1.109435830000000000e+08 2.870000000000000000e+03 2.830000000000000000e+03 4.240000000000000000e+03 4.320000000000000000e+03
1.109437900000000000e+08 2.870000000000000000e+03 2.840000000000000000e+03 4.230000000000000000e+03 4.320000000000000000e+03
1.109439990000000000e+08 2.870000000000000000e+03 2.840000000000000000e+03 4.240000000000000000e+03 4.330000000000000000e+03
1.109442070000000000e+08 2.880000000000000000e+03 2.840000000000000000e+03 4.240000000000000000e+03 4.330000000000000000e+03
1.109444150000000000e+08 2.880000000000000000e+03 2.840000000000000000e+03 4.240000000000000000e+03 4.330000000000000000e+03
1.109446220000000000e+08 2.890000000000000000e+03 2.840000000000000000e+03 4.250000000000000000e+03 4.330000000000000000e+03
1.109448310000000000e+08 2.880000000000000000e+03 2.850000000000000000e+03 4.250000000000000000e+03 4.330000000000000000e+03
1.109450390000000000e+08 2.880000000000000000e+03 2.840000000000000000e+03 4.240000000000000000e+03 4.330000000000000000e+03
1.109452470000000000e+08 2.890000000000000000e+03 2.830000000000000000e+03 4.230000000000000000e+03 4.330000000000000000e+03
1.109454550000000000e+08 2.890000000000000000e+03 2.830000000000000000e+03 4.230000000000000000e+03 4.330000000000000000e+03
1.109456620000000000e+08 2.890000000000000000e+03 2.830000000000000000e+03 4.240000000000000000e+03 4.330000000000000000e+03
1.109458700000000000e+08 2.890000000000000000e+03 2.830000000000000000e+03 4.240000000000000000e+03 4.330000000000000000e+03
1.109460780000000000e+08 2.880000000000000000e+03 2.840000000000000000e+03 4.230000000000000000e+03 4.330000000000000000e+03
1.109462860000000000e+08 2.880000000000000000e+03 2.830000000000000000e+03 4.240000000000000000e+03 4.330000000000000000e+03
1.109464940000000000e+08 2.890000000000000000e+03 2.830000000000000000e+03 4.230000000000000000e+03 4.330000000000000000e+03
1.109467020000000000e+08 2.890000000000000000e+03 2.830000000000000000e+03 4.240000000000000000e+03 4.340000000000000000e+03
1.109469100000000000e+08 2.900000000000000000e+03 2.830000000000000000e+03 4.250000000000000000e+03 4.340000000000000000e+03
1.109471180000000000e+08 2.900000000000000000e+03 2.830000000000000000e+03 4.240000000000000000e+03 4.340000000000000000e+03
1.109473260000000000e+08 2.890000000000000000e+03 2.830000000000000000e+03 4.240000000000000000e+03 4.330000000000000000e+03
1.109475340000000000e+08 2.880000000000000000e+03 2.830000000000000000e+03 4.250000000000000000e+03 4.330000000000000000e+03
1.109477420000000000e+08 2.880000000000000000e+03 2.840000000000000000e+03 4.240000000000000000e+03 4.330000000000000000e+03
