1.115301150000000000e+08 3.960000000000000000e+03 3.820000000000000000e+03 3.170000000000000000e+03 3.080000000000000000e+03
1.115303230000000000e+08 3.950000000000000000e+03 3.820000000000000000e+03 3.170000000000000000e+03 3.080000000000000000e+03
1.115305300000000000e+08 3.950000000000000000e+03 3.820000000000000000e+03 3.170000000000000000e+03 3.080000000000000000e+03
1.115307390000000000e+08 3.950000000000000000e+03 3.820000000000000000e+03 3.180000000000000000e+03 3.080000000000000000e+03
1.115309460000000000e+08 3.950000000000000000e+03 3.820000000000000000e+03 3.180000000000000000e+03 3.080000000000000000e+03
1.115311540000000000e+08 3.940000000000000000e+03 3.820000000000000000e+03 3.170000000000000000e+03 3.090000000000000000e+03
1.115313620000000000e+08 3.930000000000000000e+03 3.820000000000000000e+03 3.180000000000000000e+03 3.080000000000000000e+03
1.115315700000000000e+08 3.930000000000000000e+03 3.820000000000000000e+03 3.170000000000000000e+03 3.080000000000000000e+03
1.115317780000000000e+08 3.930000000000000000e+03 3.820000000000000000e+03 3.180000000000000000e+03 3.080000000000000000e+03
1.115319860000000000e+08 3.930000000000000000e+03 3.820000000000000000e+03 3.180000000000000000e+03 3.090000000000000000e+03
1.115321940000000000e+08 3.930000000000000000e+03 3.830000000000000000e+03 3.190000000000000000e+03 3.090000000000000000e+03
1.115324020000000000e+08 3.940000000000000000e+03 3.820000000000000000e+03 3.200000000000000000e+03 3.090000000000000000e+03
1.115326100000000000e+08 3.940000000000000000e+03 3.820000000000000000e+03 3.200000000000000000e+03 3.090000000000000000e+03
1.115328180000000000e+08 3.940000000000000000e+03 3.820000000000000000e+03 3.200000000000000000e+03 3.080000000000000000e+03
1.115330250000000000e+08 3.940000000000000000e+03 3.820000000000000000e+03 3.190000000000000000e+03 3.080000000000000000e+03
1.115332340000000000e+08 3.940000000000000000e+03 3.820000000000000000e+03 3.190000000000000000e+03 3.080000000000000000e+03
1.115334410000000000e+08 3.930000000000000000e+03 3.810000000000000000e+03 3.190000000000000000e+03 3.080000000000000000e+03
1.115336500000000000e+08 3.930000000000000000e+03 3.810000000000000000e+03 3.180000000000000000e+03 3.090000000000000000e+03
1.115338570000000000e+08 3.940000000000000000e+03 3.820000000000000000e+03 3.180000000000000000e+03 3.090000000000000000e+03
1.115340660000000000e+08 3.940000000000000000e+03 3.810000000000000000e+03 3.180000000000000000e+03 3.090000000000000000e+03
1.115342740000000000e+08 3.940000000000000000e+03 3.810000000000000000e+03 3.180000000000000000e+03 3.090000000000000000e+03
1.115344820000000000e+08 3.950000000000000000e+03 3.810000000000000000e+03 3.170000000000000000e+03 3.090000000000000000e+03
1.115346900000000000e+08 3.940000000000000000e+03 3.810000000000000000e+03 3.160000000000000000e+03 3.090000000000000000e+03
1.115348980000000000e+08 3.940000000000000000e+03 3.810000000000000000e+03 3.160000000000000000e+03 3.100000000000000000e+03
1.115351060000000000e+08 3.940000000000000000e+03 3.810000000000000000e+03 3.160000000000000000e+03 3.110000000000000000e+03
1.115353140000000000e+08 3.950000000000000000e+03 3.800000000000000000e+03 3.150000000000000000e+03 3.110000000000000000e+03
1.115355220000000000e+08 3.950000000000000000e+03 3.800000000000000000e+03 3.160000000000000000e+03 3.110000000000000000e+03
1.115357300000000000e+08 3.950000000000000000e+03 3.800000000000000000e+03 3.170000000000000000e+03 3.110000000000000000e+03
1.115361300000000000e+08 3.940000000000000000e+03 3.800000000000000000e+03 3.170000000000000000e+03 3.100000000000000000e+03
1.115363370000000000e+08 3.930000000000000000e+03 3.800000000000000000e+03 3.160000000000000000e+03 3.090000000000000000e+03
1.115365450000000000e+08 3.940000000000000000e+03 3.800000000000000000e+03 3.150000000000000000e+03 3.090000000000000000e+03
1.115367530000000000e+08 3.940000000000000000e+03 3.810000000000000000e+03 3.150000000000000000e+03 3.090000000000000000e+03
1.115369610000000000e+08 3.940000000000000000e+03 3.810000000000000000e+03 3.150000000000000000e+03 3.090000000000000000e+03
1.115371690000000000e+08 3.950000000000000000e+03 3.800000000000000000e+03 3.150000000000000000e+03 3.090000000000000000e+03
1.115373770000000000e+08 3.950000000000000000e+03 3.800000000000000000e+03 3.160000000000000000e+03 3.090000000000000000e+03
1.115375850000000000e+08 3.950000000000000000e+03 3.810000000000000000e+03 3.160000000000000000e+03 3.090000000000000000e+03
1.115377930000000000e+08 3.940000000000000000e+03 3.810000000000000000e+03 3.170000000000000000e+03 3.090000000000000000e+03
1.115380010000000000e+08 3.950000000000000000e+03 3.800000000000000000e+03 3.170000000000000000e+03 3.090000000000000000e+03
1.115382090000000000e+08 3.960000000000000000e+03 3.800000000000000000e+03 3.180000000000000000e+03 3.090000000000000000e+03
1.115384170000000000e+08 3.960000000000000000e+03 3.800000000000000000e+03 3.190000000000000000e+03 3.090000000000000000e+03
1.115386250000000000e+08 3.950000000000000000e+03 3.800000000000000000e+03 3.180000000000000000e+03 3.080000000000000000e+03
1.115388330000000000e+08 3.950000000000000000e+03 3.810000000000000000e+03 3.170000000000000000e+03 3.080000000000000000e+03
1.115390410000000000e+08 3.940000000000000000e+03 3.810000000000000000e+03 3.150000000000000000e+03 3.080000000000000000e+03
1.115392490000000000e+08 3.930000000000000000e+03 3.820000000000000000e+03 3.150000000000000000e+03 3.080000000000000000e+03
1.115394570000000000e+08 3.930000000000000000e+03 3.820000000000000000e+03 3.150000000000000000e+03 3.080000000000000000e+03
1.115396650000000000e+08 3.930000000000000000e+03 3.830000000000000000e+03 3.160000000000000000e+03 3.080000000000000000e+03
1.115398730000000000e+08 3.920000000000000000e+03 3.830000000000000000e+03 3.160000000000000000e+03 3.080000000000000000e+03
1.115400810000000000e+08 3.930000000000000000e+03 3.820000000000000000e+03 3.160000000000000000e+03 3.090000000000000000e+03
1.115402890000000000e+08 3.930000000000000000e+03 3.810000000000000000e+03 3.150000000000000000e+03 3.090000000000000000e+03
1.115404970000000000e+08 3.920000000000000000e+03 3.810000000000000000e+03 3.150000000000000000e+03 3.080000000000000000e+03
1.115407050000000000e+08 3.930000000000000000e+03 3.810000000000000000e+03 3.150000000000000000e+03 3.090000000000000000e+03
1.115409130000000000e+08 3.940000000000000000e+03 3.810000000000000000e+03 3.150000000000000000e+03 3.090000000000000000e+03
1.115411200000000000e+08 3.950000000000000000e+03 3.810000000000000000e+03 3.150000000000000000e+03 3.100000000000000000e+03
1.115413280000000000e+08 3.960000000000000000e+03 3.820000000000000000e+03 3.150000000000000000e+03 3.100000000000000000e+03
1.115415370000000000e+08 3.960000000000000000e+03 3.830000000000000000e+03 3.160000000000000000e+03 3.080000000000000000e+03
1.115417440000000000e+08 3.960000000000000000e+03 3.820000000000000000e+03 3.160000000000000000e+03 3.080000000000000000e+03
1.115419530000000000e+08 3.960000000000000000e+03 3.820000000000000000e+03 3.170000000000000000e+03 3.080000000000000000e+03
1.115421610000000000e+08 3.960000000000000000e+03 3.820000000000000000e+03 3.180000000000000000e+03 3.080000000000000000e+03
1.115423680000000000e+08 3.960000000000000000e+03 3.820000000000000000e+03 3.180000000000000000e+03 3.080000000000000000e+03
1.115425760000000000e+08 3.950000000000000000e+03 3.820000000000000000e+03 3.170000000000000000e+03 3.080000000000000000e+03
1.115427840000000000e+08 3.940000000000000000e+03 3.810000000000000000e+03 3.170000000000000000e+03 3.080000000000000000e+03
1.115429920000000000e+08 3.930000000000000000e+03 3.810000000000000000e+03 3.180000000000000000e+03 3.080000000000000000e+03
1.115432000000000000e+08 3.930000000000000000e+03 3.810000000000000000e+03 3.180000000000000000e+03 3.090000000000000000e+03
1.115434080000000000e+08 3.940000000000000000e+03 3.800000000000000000e+03 3.170000000000000000e+03 3.100000000000000000e+03
1.115436160000000000e+08 3.940000000000000000e+03 3.800000000000000000e+03 3.160000000000000000e+03 3.100000000000000000e+03
1.115438250000000000e+08 3.950000000000000000e+03 3.800000000000000000e+03 3.170000000000000000e+03 3.100000000000000000e+03
1.115440320000000000e+08 3.950000000000000000e+03 3.800000000000000000e+03 3.170000000000000000e+03 3.100000000000000000e+03
1.115442400000000000e+08 3.950000000000000000e+03 3.800000000000000000e+03 3.170000000000000000e+03 3.090000000000000000e+03
1.115444480000000000e+08 3.950000000000000000e+03 3.800000000000000000e+03 3.170000000000000000e+03 3.090000000000000000e+03
1.115446560000000000e+08 3.950000000000000000e+03 3.810000000000000000e+03 3.170000000000000000e+03 3.090000000000000000e+03
1.115448640000000000e+08 3.950000000000000000e+03 3.810000000000000000e+03 3.180000000000000000e+03 3.090000000000000000e+03
1.115450720000000000e+08 3.950000000000000000e+03 3.810000000000000000e+03 3.170000000000000000e+03 3.090000000000000000e+03
1.115452800000000000e+08 3.950000000000000000e+03 3.810000000000000000e+03 3.160000000000000000e+03 3.090000000000000000e+03
1.115454880000000000e+08 3.950000000000000000e+03 3.820000000000000000e+03 3.170000000000000000e+03 3.090000000000000000e+03
1.115456960000000000e+08 3.950000000000000000e+03 3.820000000000000000e+03 3.190000000000000000e+03 3.090000000000000000e+03
1.115459040000000000e+08 3.950000000000000000e+03 3.820000000000000000e+03 3.170000000000000000e+03 3.090000000000000000e+03
1.115461120000000000e+08 3.950000000000000000e+03 3.820000000000000000e+03 3.170000000000000000e+03 3.090000000000000000e+03
1.115463200000000000e+08 3.940000000000000000e+03 3.820000000000000000e+03 3.170000000000000000e+03 3.090000000000000000e+03
1.115465280000000000e+08 3.940000000000000000e+03 3.820000000000000000e+03 3.180000000000000000e+03 3.090000000000000000e+03
1.115467360000000000e+08 3.940000000000000000e+03 3.820000000000000000e+03 3.190000000000000000e+03 3.090000000000000000e+03
1.115469440000000000e+08 3.940000000000000000e+03 3.810000000000000000e+03 3.200000000000000000e+03 3.090000000000000000e+03
1.115471510000000000e+08 3.930000000000000000e+03 3.810000000000000000e+03 3.200000000000000000e+03 3.090000000000000000e+03
1.115473600000000000e+08 3.940000000000000000e+03 3.800000000000000000e+03 3.190000000000000000e+03 3.080000000000000000e+03
1.115475680000000000e+08 3.940000000000000000e+03 3.810000000000000000e+03 3.180000000000000000e+03 3.080000000000000000e+03
1.115477760000000000e+08 3.940000000000000000e+03 3.810000000000000000e+03 3.170000000000000000e+03 3.070000000000000000e+03
1.115479840000000000e+08 3.950000000000000000e+03 3.810000000000000000e+03 3.170000000000000000e+03 3.070000000000000000e+03
1.115481910000000000e+08 3.950000000000000000e+03 3.810000000000000000e+03 3.170000000000000000e+03 3.070000000000000000e+03
1.115484000000000000e+08 3.950000000000000000e+03 3.820000000000000000e+03 3.170000000000000000e+03 3.070000000000000000e+03
1.115486070000000000e+08 3.950000000000000000e+03 3.820000000000000000e+03 3.180000000000000000e+03 3.080000000000000000e+03
1.115488150000000000e+08 3.950000000000000000e+03 3.820000000000000000e+03 3.180000000000000000e+03 3.080000000000000000e+03
1.115490230000000000e+08 3.950000000000000000e+03 3.820000000000000000e+03 3.180000000000000000e+03 3.080000000000000000e+03
1.115492310000000000e+08 3.960000000000000000e+03 3.820000000000000000e+03 3.170000000000000000e+03 3.080000000000000000e+03
1.115494390000000000e+08 3.960000000000000000e+03 3.820000000000000000e+03 3.170000000000000000e+03 3.080000000000000000e+03
1.115496470000000000e+08 3.980000000000000000e+03 3.830000000000000000e+03 3.180000000000000000e+03 3.080000000000000000e+03
1.115498560000000000e+08 3.980000000000000000e+03 3.830000000000000000e+03 3.180000000000000000e+03 3.080000000000000000e+03
1.115500630000000000e+08 3.980000000000000000e+03 3.820000000000000000e+03 3.190000000000000000e+03 3.080000000000000000e+03
1.115502710000000000e+08 3.980000000000000000e+03 3.820000000000000000e+03 3.180000000000000000e+03 3.080000000000000000e+03
1.115504790000000000e+08 3.960000000000000000e+03 3.820000000000000000e+03 3.170000000000000000e+03 3.080000000000000000e+03
1.115506870000000000e+08 3.960000000000000000e+03 3.820000000000000000e+03 3.180000000000000000e+03 3.080000000000000000e+03
1.115508950000000000e+08 3.960000000000000000e+03 3.830000000000000000e+03 3.170000000000000000e+03 3.080000000000000000e+03
1.115511030000000000e+08 3.960000000000000000e+03 3.830000000000000000e+03 3.160000000000000000e+03 3.080000000000000000e+03
1.115513110000000000e+08 3.960000000000000000e+03 3.830000000000000000e+03 3.170000000000000000e+03 3.080000000000000000e+03
1.115515190000000000e+08 3.950000000000000000e+03 3.830000000000000000e+03 3.170000000000000000e+03 3.080000000000000000e+03
1.115517270000000000e+08 3.950000000000000000e+03 3.810000000000000000e+03 3.180000000000000000e+03 3.080000000000000000e+03
1.115519350000000000e+08 3.950000000000000000e+03 3.810000000000000000e+03 3.190000000000000000e+03 3.080000000000000000e+03
1.115521420000000000e+08 3.960000000000000000e+03 3.810000000000000000e+03 3.190000000000000000e+03 3.080000000000000000e+03
1.115523510000000000e+08 3.960000000000000000e+03 3.800000000000000000e+03 3.180000000000000000e+03 3.090000000000000000e+03
1.115525590000000000e+08 3.960000000000000000e+03 3.800000000000000000e+03 3.160000000000000000e+03 3.080000000000000000e+03
1.115527660000000000e+08 3.980000000000000000e+03 3.810000000000000000e+03 3.160000000000000000e+03 3.090000000000000000e+03
1.115529750000000000e+08 3.960000000000000000e+03 3.800000000000000000e+03 3.170000000000000000e+03 3.090000000000000000e+03
1.115531830000000000e+08 3.950000000000000000e+03 3.800000000000000000e+03 3.170000000000000000e+03 3.090000000000000000e+03
1.115533900000000000e+08 3.950000000000000000e+03 3.810000000000000000e+03 3.180000000000000000e+03 3.090000000000000000e+03
1.115535980000000000e+08 3.960000000000000000e+03 3.810000000000000000e+03 3.190000000000000000e+03 3.080000000000000000e+03
1.115538070000000000e+08 3.950000000000000000e+03 3.820000000000000000e+03 3.190000000000000000e+03 3.080000000000000000e+03
1.115540140000000000e+08 3.940000000000000000e+03 3.820000000000000000e+03 3.190000000000000000e+03 3.090000000000000000e+03
1.115542230000000000e+08 3.930000000000000000e+03 3.830000000000000000e+03 3.180000000000000000e+03 3.090000000000000000e+03
1.115544300000000000e+08 3.930000000000000000e+03 3.830000000000000000e+03 3.190000000000000000e+03 3.080000000000000000e+03
1.115546380000000000e+08 3.950000000000000000e+03 3.820000000000000000e+03 3.180000000000000000e+03 3.080000000000000000e+03
1.115548470000000000e+08 3.950000000000000000e+03 3.810000000000000000e+03 3.180000000000000000e+03 3.080000000000000000e+03
1.115550540000000000e+08 3.950000000000000000e+03 3.820000000000000000e+03 3.190000000000000000e+03 3.080000000000000000e+03
1.115552620000000000e+08 3.950000000000000000e+03 3.810000000000000000e+03 3.190000000000000000e+03 3.080000000000000000e+03
1.115554700000000000e+08 3.950000000000000000e+03 3.810000000000000000e+03 3.170000000000000000e+03 3.080000000000000000e+03
1.115556780000000000e+08 3.950000000000000000e+03 3.810000000000000000e+03 3.160000000000000000e+03 3.080000000000000000e+03
1.115558860000000000e+08 3.950000000000000000e+03 3.810000000000000000e+03 3.160000000000000000e+03 3.080000000000000000e+03
1.115560940000000000e+08 3.950000000000000000e+03 3.810000000000000000e+03 3.180000000000000000e+03 3.080000000000000000e+03
1.115563040000000000e+08 3.950000000000000000e+03 3.810000000000000000e+03 3.180000000000000000e+03 3.080000000000000000e+03
1.115565100000000000e+08 3.950000000000000000e+03 3.810000000000000000e+03 3.170000000000000000e+03 3.080000000000000000e+03
1.115567170000000000e+08 3.950000000000000000e+03 3.820000000000000000e+03 3.170000000000000000e+03 3.090000000000000000e+03
1.115569260000000000e+08 3.950000000000000000e+03 3.810000000000000000e+03 3.180000000000000000e+03 3.090000000000000000e+03
1.115571340000000000e+08 3.950000000000000000e+03 3.810000000000000000e+03 3.170000000000000000e+03 3.090000000000000000e+03
1.115573420000000000e+08 3.950000000000000000e+03 3.820000000000000000e+03 3.170000000000000000e+03 3.090000000000000000e+03
1.115575500000000000e+08 3.950000000000000000e+03 3.810000000000000000e+03 3.170000000000000000e+03 3.090000000000000000e+03
1.115577570000000000e+08 3.950000000000000000e+03 3.820000000000000000e+03 3.180000000000000000e+03 3.090000000000000000e+03
1.115579660000000000e+08 3.950000000000000000e+03 3.820000000000000000e+03 3.180000000000000000e+03 3.090000000000000000e+03
1.115581740000000000e+08 3.950000000000000000e+03 3.810000000000000000e+03 3.180000000000000000e+03 3.090000000000000000e+03
1.115583810000000000e+08 3.950000000000000000e+03 3.800000000000000000e+03 3.180000000000000000e+03 3.090000000000000000e+03
1.115585890000000000e+08 3.950000000000000000e+03 3.800000000000000000e+03 3.170000000000000000e+03 3.100000000000000000e+03
1.115587980000000000e+08 3.950000000000000000e+03 3.810000000000000000e+03 3.160000000000000000e+03 3.100000000000000000e+03
1.115590060000000000e+08 3.950000000000000000e+03 3.810000000000000000e+03 3.160000000000000000e+03 3.100000000000000000e+03
1.115592140000000000e+08 3.950000000000000000e+03 3.810000000000000000e+03 3.160000000000000000e+03 3.110000000000000000e+03
1.115594220000000000e+08 3.960000000000000000e+03 3.820000000000000000e+03 3.160000000000000000e+03 3.100000000000000000e+03
1.115596300000000000e+08 3.950000000000000000e+03 3.820000000000000000e+03 3.180000000000000000e+03 3.110000000000000000e+03
1.115598370000000000e+08 3.960000000000000000e+03 3.820000000000000000e+03 3.180000000000000000e+03 3.100000000000000000e+03
1.116000450000000000e+08 3.950000000000000000e+03 3.820000000000000000e+03 3.180000000000000000e+03 3.100000000000000000e+03
1.116002540000000000e+08 3.940000000000000000e+03 3.820000000000000000e+03 3.180000000000000000e+03 3.100000000000000000e+03
1.116004610000000000e+08 3.940000000000000000e+03 3.810000000000000000e+03 3.180000000000000000e+03 3.100000000000000000e+03
1.116006690000000000e+08 3.950000000000000000e+03 3.810000000000000000e+03 3.180000000000000000e+03 3.100000000000000000e+03
1.116008770000000000e+08 3.950000000000000000e+03 3.810000000000000000e+03 3.180000000000000000e+03 3.100000000000000000e+03
1.116010850000000000e+08 3.950000000000000000e+03 3.810000000000000000e+03 3.180000000000000000e+03 3.100000000000000000e+03
1.116012920000000000e+08 3.950000000000000000e+03 3.820000000000000000e+03 3.190000000000000000e+03 3.090000000000000000e+03
1.116015030000000000e+08 3.950000000000000000e+03 3.810000000000000000e+03 3.170000000000000000e+03 3.090000000000000000e+03
1.116017090000000000e+08 3.960000000000000000e+03 3.800000000000000000e+03 3.160000000000000000e+03 3.090000000000000000e+03
1.116019170000000000e+08 3.960000000000000000e+03 3.800000000000000000e+03 3.170000000000000000e+03 3.090000000000000000e+03
1.116021250000000000e+08 3.960000000000000000e+03 3.800000000000000000e+03 3.160000000000000000e+03 3.100000000000000000e+03
1.116023330000000000e+08 3.960000000000000000e+03 3.820000000000000000e+03 3.160000000000000000e+03 3.100000000000000000e+03
1.116025410000000000e+08 3.960000000000000000e+03 3.820000000000000000e+03 3.170000000000000000e+03 3.100000000000000000e+03
1.116027490000000000e+08 3.950000000000000000e+03 3.820000000000000000e+03 3.160000000000000000e+03 3.100000000000000000e+03
1.116029570000000000e+08 3.950000000000000000e+03 3.810000000000000000e+03 3.160000000000000000e+03 3.100000000000000000e+03
1.116031650000000000e+08 3.960000000000000000e+03 3.820000000000000000e+03 3.170000000000000000e+03 3.100000000000000000e+03
1.116033730000000000e+08 3.950000000000000000e+03 3.810000000000000000e+03 3.160000000000000000e+03 3.100000000000000000e+03
1.116035800000000000e+08 3.950000000000000000e+03 3.810000000000000000e+03 3.160000000000000000e+03 3.100000000000000000e+03
1.116037890000000000e+08 3.950000000000000000e+03 3.810000000000000000e+03 3.180000000000000000e+03 3.100000000000000000e+03
1.116039970000000000e+08 3.940000000000000000e+03 3.820000000000000000e+03 3.180000000000000000e+03 3.090000000000000000e+03
1.116042050000000000e+08 3.940000000000000000e+03 3.810000000000000000e+03 3.180000000000000000e+03 3.090000000000000000e+03
1.116044130000000000e+08 3.930000000000000000e+03 3.810000000000000000e+03 3.190000000000000000e+03 3.090000000000000000e+03
1.116046210000000000e+08 3.940000000000000000e+03 3.800000000000000000e+03 3.190000000000000000e+03 3.090000000000000000e+03
1.116048290000000000e+08 3.940000000000000000e+03 3.810000000000000000e+03 3.190000000000000000e+03 3.090000000000000000e+03
1.116050360000000000e+08 3.930000000000000000e+03 3.820000000000000000e+03 3.190000000000000000e+03 3.090000000000000000e+03
1.116052440000000000e+08 3.930000000000000000e+03 3.820000000000000000e+03 3.200000000000000000e+03 3.100000000000000000e+03
1.116054520000000000e+08 3.930000000000000000e+03 3.820000000000000000e+03 3.180000000000000000e+03 3.100000000000000000e+03
1.116056600000000000e+08 3.930000000000000000e+03 3.820000000000000000e+03 3.190000000000000000e+03 3.110000000000000000e+03
1.116058680000000000e+08 3.930000000000000000e+03 3.810000000000000000e+03 3.180000000000000000e+03 3.110000000000000000e+03
1.116060760000000000e+08 3.940000000000000000e+03 3.820000000000000000e+03 3.180000000000000000e+03 3.110000000000000000e+03
1.116062840000000000e+08 3.940000000000000000e+03 3.830000000000000000e+03 3.180000000000000000e+03 3.110000000000000000e+03
1.116064920000000000e+08 3.940000000000000000e+03 3.830000000000000000e+03 3.170000000000000000e+03 3.110000000000000000e+03
1.116067010000000000e+08 3.940000000000000000e+03 3.830000000000000000e+03 3.180000000000000000e+03 3.100000000000000000e+03
1.116069080000000000e+08 3.950000000000000000e+03 3.820000000000000000e+03 3.180000000000000000e+03 3.100000000000000000e+03
1.116071320000000000e+08 3.950000000000000000e+03 3.820000000000000000e+03 3.170000000000000000e+03 3.100000000000000000e+03
1.116073400000000000e+08 3.950000000000000000e+03 3.830000000000000000e+03 3.170000000000000000e+03 3.100000000000000000e+03
1.116075480000000000e+08 3.960000000000000000e+03 3.820000000000000000e+03 3.180000000000000000e+03 3.100000000000000000e+03
1.116077560000000000e+08 3.960000000000000000e+03 3.820000000000000000e+03 3.180000000000000000e+03 3.110000000000000000e+03
1.116079640000000000e+08 3.980000000000000000e+03 3.810000000000000000e+03 3.170000000000000000e+03 3.100000000000000000e+03
1.116081720000000000e+08 3.980000000000000000e+03 3.810000000000000000e+03 3.160000000000000000e+03 3.090000000000000000e+03
1.116083800000000000e+08 3.960000000000000000e+03 3.820000000000000000e+03 3.160000000000000000e+03 3.090000000000000000e+03
1.116085880000000000e+08 3.960000000000000000e+03 3.820000000000000000e+03 3.170000000000000000e+03 3.090000000000000000e+03
1.116087960000000000e+08 3.960000000000000000e+03 3.820000000000000000e+03 3.180000000000000000e+03 3.090000000000000000e+03
1.116090040000000000e+08 3.960000000000000000e+03 3.830000000000000000e+03 3.190000000000000000e+03 3.090000000000000000e+03
1.116092120000000000e+08 3.960000000000000000e+03 3.810000000000000000e+03 3.190000000000000000e+03 3.090000000000000000e+03
1.116094200000000000e+08 3.950000000000000000e+03 3.820000000000000000e+03 3.200000000000000000e+03 3.090000000000000000e+03
1.116096280000000000e+08 3.950000000000000000e+03 3.820000000000000000e+03 3.200000000000000000e+03 3.100000000000000000e+03
1.116098360000000000e+08 3.950000000000000000e+03 3.820000000000000000e+03 3.200000000000000000e+03 3.100000000000000000e+03
1.116100440000000000e+08 3.950000000000000000e+03 3.830000000000000000e+03 3.180000000000000000e+03 3.110000000000000000e+03
1.116102520000000000e+08 3.950000000000000000e+03 3.820000000000000000e+03 3.180000000000000000e+03 3.110000000000000000e+03
1.116104600000000000e+08 3.950000000000000000e+03 3.820000000000000000e+03 3.190000000000000000e+03 3.110000000000000000e+03
1.116106680000000000e+08 3.940000000000000000e+03 3.820000000000000000e+03 3.190000000000000000e+03 3.110000000000000000e+03
1.116108750000000000e+08 3.940000000000000000e+03 3.810000000000000000e+03 3.170000000000000000e+03 3.110000000000000000e+03
1.116110830000000000e+08 3.930000000000000000e+03 3.800000000000000000e+03 3.180000000000000000e+03 3.110000000000000000e+03
1.116112920000000000e+08 3.950000000000000000e+03 3.810000000000000000e+03 3.170000000000000000e+03 3.100000000000000000e+03
1.116114990000000000e+08 3.950000000000000000e+03 3.820000000000000000e+03 3.180000000000000000e+03 3.100000000000000000e+03
1.116117070000000000e+08 3.940000000000000000e+03 3.820000000000000000e+03 3.170000000000000000e+03 3.100000000000000000e+03
1.116119150000000000e+08 3.950000000000000000e+03 3.810000000000000000e+03 3.170000000000000000e+03 3.100000000000000000e+03
1.116121230000000000e+08 3.950000000000000000e+03 3.810000000000000000e+03 3.180000000000000000e+03 3.100000000000000000e+03
1.116123310000000000e+08 3.950000000000000000e+03 3.820000000000000000e+03 3.170000000000000000e+03 3.100000000000000000e+03
1.116125390000000000e+08 3.940000000000000000e+03 3.820000000000000000e+03 3.170000000000000000e+03 3.100000000000000000e+03
1.116127470000000000e+08 3.950000000000000000e+03 3.820000000000000000e+03 3.180000000000000000e+03 3.100000000000000000e+03
1.116129550000000000e+08 3.950000000000000000e+03 3.820000000000000000e+03 3.190000000000000000e+03 3.100000000000000000e+03
1.116131630000000000e+08 3.960000000000000000e+03 3.820000000000000000e+03 3.200000000000000000e+03 3.100000000000000000e+03
1.116133710000000000e+08 3.950000000000000000e+03 3.820000000000000000e+03 3.190000000000000000e+03 3.100000000000000000e+03
1.116135790000000000e+08 3.960000000000000000e+03 3.820000000000000000e+03 3.180000000000000000e+03 3.100000000000000000e+03
1.116137870000000000e+08 3.960000000000000000e+03 3.820000000000000000e+03 3.190000000000000000e+03 3.100000000000000000e+03
1.116139950000000000e+08 3.960000000000000000e+03 3.810000000000000000e+03 3.180000000000000000e+03 3.110000000000000000e+03
1.116142030000000000e+08 3.950000000000000000e+03 3.810000000000000000e+03 3.190000000000000000e+03 3.090000000000000000e+03
1.116144110000000000e+08 3.950000000000000000e+03 3.820000000000000000e+03 3.180000000000000000e+03 3.090000000000000000e+03
1.116146200000000000e+08 3.950000000000000000e+03 3.820000000000000000e+03 3.190000000000000000e+03 3.090000000000000000e+03
1.116148270000000000e+08 3.950000000000000000e+03 3.810000000000000000e+03 3.180000000000000000e+03 3.100000000000000000e+03
1.116150340000000000e+08 3.950000000000000000e+03 3.810000000000000000e+03 3.180000000000000000e+03 3.100000000000000000e+03
1.116152430000000000e+08 3.950000000000000000e+03 3.810000000000000000e+03 3.180000000000000000e+03 3.090000000000000000e+03
1.116154510000000000e+08 3.950000000000000000e+03 3.810000000000000000e+03 3.170000000000000000e+03 3.090000000000000000e+03
1.116157560000000000e+08 3.950000000000000000e+03 3.830000000000000000e+03 3.170000000000000000e+03 3.090000000000000000e+03
1.116158670000000000e+08 3.940000000000000000e+03 3.830000000000000000e+03 3.170000000000000000e+03 3.090000000000000000e+03
1.116160750000000000e+08 3.940000000000000000e+03 3.820000000000000000e+03 3.180000000000000000e+03 3.090000000000000000e+03
1.116162830000000000e+08 3.950000000000000000e+03 3.820000000000000000e+03 3.180000000000000000e+03 3.090000000000000000e+03
1.116164910000000000e+08 3.960000000000000000e+03 3.820000000000000000e+03 3.170000000000000000e+03 3.090000000000000000e+03
1.116166980000000000e+08 3.950000000000000000e+03 3.820000000000000000e+03 3.170000000000000000e+03 3.090000000000000000e+03
1.116169060000000000e+08 3.950000000000000000e+03 3.820000000000000000e+03 3.170000000000000000e+03 3.090000000000000000e+03
1.116171140000000000e+08 3.950000000000000000e+03 3.820000000000000000e+03 3.170000000000000000e+03 3.080000000000000000e+03
1.116173220000000000e+08 3.950000000000000000e+03 3.820000000000000000e+03 3.160000000000000000e+03 3.080000000000000000e+03
1.116175310000000000e+08 3.950000000000000000e+03 3.820000000000000000e+03 3.180000000000000000e+03 3.070000000000000000e+03
1.116177380000000000e+08 3.950000000000000000e+03 3.820000000000000000e+03 3.190000000000000000e+03 3.080000000000000000e+03
1.116179460000000000e+08 3.950000000000000000e+03 3.820000000000000000e+03 3.190000000000000000e+03 3.090000000000000000e+03
