1.117506980000000000e+08 4.300000000000000000e+03 4.260000000000000000e+03 2.860000000000000000e+03 2.860000000000000000e+03
1.117509060000000000e+08 4.300000000000000000e+03 4.260000000000000000e+03 2.850000000000000000e+03 2.860000000000000000e+03
1.117511140000000000e+08 4.300000000000000000e+03 4.260000000000000000e+03 2.840000000000000000e+03 2.860000000000000000e+03
1.117513220000000000e+08 4.310000000000000000e+03 4.260000000000000000e+03 2.840000000000000000e+03 2.860000000000000000e+03
1.117515310000000000e+08 4.310000000000000000e+03 4.260000000000000000e+03 2.830000000000000000e+03 2.860000000000000000e+03
1.117517380000000000e+08 4.310000000000000000e+03 4.260000000000000000e+03 2.830000000000000000e+03 2.870000000000000000e+03
1.117519480000000000e+08 4.310000000000000000e+03 4.260000000000000000e+03 2.840000000000000000e+03 2.870000000000000000e+03
1.117521540000000000e+08 4.320000000000000000e+03 4.270000000000000000e+03 2.840000000000000000e+03 2.860000000000000000e+03
1.117523620000000000e+08 4.320000000000000000e+03 4.260000000000000000e+03 2.830000000000000000e+03 2.860000000000000000e+03
1.117525700000000000e+08 4.310000000000000000e+03 4.260000000000000000e+03 2.840000000000000000e+03 2.860000000000000000e+03
1.117527780000000000e+08 4.310000000000000000e+03 4.260000000000000000e+03 2.840000000000000000e+03 2.860000000000000000e+03
1.117529860000000000e+08 4.310000000000000000e+03 4.260000000000000000e+03 2.830000000000000000e+03 2.860000000000000000e+03
1.117531940000000000e+08 4.310000000000000000e+03 4.270000000000000000e+03 2.830000000000000000e+03 2.860000000000000000e+03
1.117534010000000000e+08 4.300000000000000000e+03 4.260000000000000000e+03 2.830000000000000000e+03 2.860000000000000000e+03
1.117536100000000000e+08 4.300000000000000000e+03 4.260000000000000000e+03 2.830000000000000000e+03 2.870000000000000000e+03
1.117538170000000000e+08 4.310000000000000000e+03 4.260000000000000000e+03 2.840000000000000000e+03 2.870000000000000000e+03
1.117540260000000000e+08 4.310000000000000000e+03 4.260000000000000000e+03 2.840000000000000000e+03 2.870000000000000000e+03
1.117542340000000000e+08 4.310000000000000000e+03 4.250000000000000000e+03 2.840000000000000000e+03 2.870000000000000000e+03
1.117544410000000000e+08 4.310000000000000000e+03 4.240000000000000000e+03 2.850000000000000000e+03 2.870000000000000000e+03
1.117546490000000000e+08 4.310000000000000000e+03 4.240000000000000000e+03 2.850000000000000000e+03 2.870000000000000000e+03
1.117548570000000000e+08 4.300000000000000000e+03 4.240000000000000000e+03 2.850000000000000000e+03 2.860000000000000000e+03
1.117550650000000000e+08 4.300000000000000000e+03 4.240000000000000000e+03 2.850000000000000000e+03 2.860000000000000000e+03
1.117552740000000000e+08 4.300000000000000000e+03 4.260000000000000000e+03 2.840000000000000000e+03 2.860000000000000000e+03
1.117554810000000000e+08 4.300000000000000000e+03 4.260000000000000000e+03 2.840000000000000000e+03 2.860000000000000000e+03
1.117556890000000000e+08 4.310000000000000000e+03 4.260000000000000000e+03 2.850000000000000000e+03 2.860000000000000000e+03
1.117558970000000000e+08 4.310000000000000000e+03 4.260000000000000000e+03 2.840000000000000000e+03 2.860000000000000000e+03
1.117561050000000000e+08 4.300000000000000000e+03 4.260000000000000000e+03 2.850000000000000000e+03 2.860000000000000000e+03
1.117563140000000000e+08 4.300000000000000000e+03 4.260000000000000000e+03 2.850000000000000000e+03 2.860000000000000000e+03
1.117565210000000000e+08 4.300000000000000000e+03 4.260000000000000000e+03 2.860000000000000000e+03 2.860000000000000000e+03
1.117567290000000000e+08 4.300000000000000000e+03 4.250000000000000000e+03 2.850000000000000000e+03 2.860000000000000000e+03
1.117569360000000000e+08 4.300000000000000000e+03 4.240000000000000000e+03 2.850000000000000000e+03 2.860000000000000000e+03
1.117571450000000000e+08 4.310000000000000000e+03 4.250000000000000000e+03 2.850000000000000000e+03 2.850000000000000000e+03
1.117573530000000000e+08 4.310000000000000000e+03 4.250000000000000000e+03 2.860000000000000000e+03 2.860000000000000000e+03
1.117575610000000000e+08 4.300000000000000000e+03 4.250000000000000000e+03 2.850000000000000000e+03 2.860000000000000000e+03
1.117577690000000000e+08 4.290000000000000000e+03 4.250000000000000000e+03 2.850000000000000000e+03 2.850000000000000000e+03
1.117579770000000000e+08 4.290000000000000000e+03 4.250000000000000000e+03 2.860000000000000000e+03 2.850000000000000000e+03
1.117581850000000000e+08 4.300000000000000000e+03 4.250000000000000000e+03 2.850000000000000000e+03 2.850000000000000000e+03
1.117583930000000000e+08 4.300000000000000000e+03 4.250000000000000000e+03 2.840000000000000000e+03 2.850000000000000000e+03
1.117586010000000000e+08 4.310000000000000000e+03 4.250000000000000000e+03 2.850000000000000000e+03 2.850000000000000000e+03
1.117588080000000000e+08 4.310000000000000000e+03 4.250000000000000000e+03 2.850000000000000000e+03 2.850000000000000000e+03
1.117590170000000000e+08 4.300000000000000000e+03 4.250000000000000000e+03 2.860000000000000000e+03 2.850000000000000000e+03
1.117592250000000000e+08 4.310000000000000000e+03 4.240000000000000000e+03 2.860000000000000000e+03 2.860000000000000000e+03
1.117594330000000000e+08 4.310000000000000000e+03 4.240000000000000000e+03 2.850000000000000000e+03 2.860000000000000000e+03
1.117596410000000000e+08 4.310000000000000000e+03 4.250000000000000000e+03 2.850000000000000000e+03 2.860000000000000000e+03
1.117598480000000000e+08 4.310000000000000000e+03 4.250000000000000000e+03 2.840000000000000000e+03 2.860000000000000000e+03
1.118000570000000000e+08 4.300000000000000000e+03 4.240000000000000000e+03 2.840000000000000000e+03 2.860000000000000000e+03
1.118002640000000000e+08 4.300000000000000000e+03 4.240000000000000000e+03 2.830000000000000000e+03 2.860000000000000000e+03
1.118004720000000000e+08 4.300000000000000000e+03 4.230000000000000000e+03 2.830000000000000000e+03 2.860000000000000000e+03
1.118006800000000000e+08 4.300000000000000000e+03 4.230000000000000000e+03 2.840000000000000000e+03 2.870000000000000000e+03
1.118008880000000000e+08 4.300000000000000000e+03 4.230000000000000000e+03 2.850000000000000000e+03 2.870000000000000000e+03
1.118010960000000000e+08 4.300000000000000000e+03 4.230000000000000000e+03 2.840000000000000000e+03 2.870000000000000000e+03
1.118013050000000000e+08 4.300000000000000000e+03 4.250000000000000000e+03 2.850000000000000000e+03 2.870000000000000000e+03
1.118015120000000000e+08 4.310000000000000000e+03 4.260000000000000000e+03 2.850000000000000000e+03 2.870000000000000000e+03
1.118017200000000000e+08 4.310000000000000000e+03 4.260000000000000000e+03 2.850000000000000000e+03 2.870000000000000000e+03
1.118019290000000000e+08 4.310000000000000000e+03 4.260000000000000000e+03 2.850000000000000000e+03 2.870000000000000000e+03
1.118021360000000000e+08 4.310000000000000000e+03 4.260000000000000000e+03 2.850000000000000000e+03 2.870000000000000000e+03
1.118023440000000000e+08 4.310000000000000000e+03 4.260000000000000000e+03 2.850000000000000000e+03 2.870000000000000000e+03
1.118025520000000000e+08 4.310000000000000000e+03 4.250000000000000000e+03 2.850000000000000000e+03 2.860000000000000000e+03
1.118027600000000000e+08 4.300000000000000000e+03 4.240000000000000000e+03 2.860000000000000000e+03 2.870000000000000000e+03
1.118029680000000000e+08 4.310000000000000000e+03 4.240000000000000000e+03 2.850000000000000000e+03 2.870000000000000000e+03
1.118031760000000000e+08 4.310000000000000000e+03 4.240000000000000000e+03 2.850000000000000000e+03 2.870000000000000000e+03
1.118033840000000000e+08 4.310000000000000000e+03 4.250000000000000000e+03 2.860000000000000000e+03 2.870000000000000000e+03
1.118035920000000000e+08 4.300000000000000000e+03 4.240000000000000000e+03 2.860000000000000000e+03 2.860000000000000000e+03
1.118038000000000000e+08 4.300000000000000000e+03 4.240000000000000000e+03 2.850000000000000000e+03 2.860000000000000000e+03
1.118040080000000000e+08 4.300000000000000000e+03 4.250000000000000000e+03 2.860000000000000000e+03 2.850000000000000000e+03
1.118042160000000000e+08 4.310000000000000000e+03 4.250000000000000000e+03 2.870000000000000000e+03 2.860000000000000000e+03
1.118044240000000000e+08 4.310000000000000000e+03 4.260000000000000000e+03 2.870000000000000000e+03 2.860000000000000000e+03
1.118046320000000000e+08 4.310000000000000000e+03 4.260000000000000000e+03 2.860000000000000000e+03 2.860000000000000000e+03
1.118048400000000000e+08 4.310000000000000000e+03 4.260000000000000000e+03 2.850000000000000000e+03 2.870000000000000000e+03
1.118050480000000000e+08 4.310000000000000000e+03 4.270000000000000000e+03 2.850000000000000000e+03 2.880000000000000000e+03
1.118052560000000000e+08 4.310000000000000000e+03 4.270000000000000000e+03 2.850000000000000000e+03 2.870000000000000000e+03
1.118054640000000000e+08 4.310000000000000000e+03 4.270000000000000000e+03 2.850000000000000000e+03 2.870000000000000000e+03
1.118056710000000000e+08 4.300000000000000000e+03 4.270000000000000000e+03 2.850000000000000000e+03 2.870000000000000000e+03
1.118058790000000000e+08 4.310000000000000000e+03 4.260000000000000000e+03 2.850000000000000000e+03 2.860000000000000000e+03
1.118060880000000000e+08 4.300000000000000000e+03 4.260000000000000000e+03 2.860000000000000000e+03 2.860000000000000000e+03
1.118062950000000000e+08 4.300000000000000000e+03 4.250000000000000000e+03 2.850000000000000000e+03 2.860000000000000000e+03
1.118065030000000000e+08 4.300000000000000000e+03 4.260000000000000000e+03 2.840000000000000000e+03 2.870000000000000000e+03
1.118067110000000000e+08 4.300000000000000000e+03 4.260000000000000000e+03 2.850000000000000000e+03 2.870000000000000000e+03
1.118069190000000000e+08 4.310000000000000000e+03 4.260000000000000000e+03 2.850000000000000000e+03 2.870000000000000000e+03
1.118071270000000000e+08 4.310000000000000000e+03 4.260000000000000000e+03 2.840000000000000000e+03 2.860000000000000000e+03
1.118073350000000000e+08 4.310000000000000000e+03 4.260000000000000000e+03 2.840000000000000000e+03 2.870000000000000000e+03
1.118075440000000000e+08 4.310000000000000000e+03 4.250000000000000000e+03 2.850000000000000000e+03 2.870000000000000000e+03
1.118077530000000000e+08 4.310000000000000000e+03 4.250000000000000000e+03 2.850000000000000000e+03 2.870000000000000000e+03
1.118079590000000000e+08 4.310000000000000000e+03 4.250000000000000000e+03 2.850000000000000000e+03 2.860000000000000000e+03
1.118081670000000000e+08 4.310000000000000000e+03 4.260000000000000000e+03 2.860000000000000000e+03 2.860000000000000000e+03
1.118083750000000000e+08 4.310000000000000000e+03 4.260000000000000000e+03 2.850000000000000000e+03 2.860000000000000000e+03
1.118085830000000000e+08 4.310000000000000000e+03 4.260000000000000000e+03 2.860000000000000000e+03 2.860000000000000000e+03
1.118087910000000000e+08 4.300000000000000000e+03 4.260000000000000000e+03 2.850000000000000000e+03 2.860000000000000000e+03
1.118089990000000000e+08 4.310000000000000000e+03 4.250000000000000000e+03 2.850000000000000000e+03 2.860000000000000000e+03
1.118092060000000000e+08 4.300000000000000000e+03 4.240000000000000000e+03 2.850000000000000000e+03 2.860000000000000000e+03
1.118094150000000000e+08 4.300000000000000000e+03 4.250000000000000000e+03 2.850000000000000000e+03 2.860000000000000000e+03
1.118096230000000000e+08 4.300000000000000000e+03 4.250000000000000000e+03 2.860000000000000000e+03 2.860000000000000000e+03
1.118098310000000000e+08 4.300000000000000000e+03 4.250000000000000000e+03 2.860000000000000000e+03 2.860000000000000000e+03
1.118100390000000000e+08 4.310000000000000000e+03 4.250000000000000000e+03 2.850000000000000000e+03 2.860000000000000000e+03
1.118102470000000000e+08 4.310000000000000000e+03 4.250000000000000000e+03 2.840000000000000000e+03 2.860000000000000000e+03
1.118104550000000000e+08 4.300000000000000000e+03 4.250000000000000000e+03 2.840000000000000000e+03 2.860000000000000000e+03
1.118106630000000000e+08 4.310000000000000000e+03 4.240000000000000000e+03 2.840000000000000000e+03 2.860000000000000000e+03
1.118108710000000000e+08 4.290000000000000000e+03 4.250000000000000000e+03 2.840000000000000000e+03 2.860000000000000000e+03
1.118110790000000000e+08 4.270000000000000000e+03 4.240000000000000000e+03 2.840000000000000000e+03 2.860000000000000000e+03
1.118112870000000000e+08 4.290000000000000000e+03 4.240000000000000000e+03 2.840000000000000000e+03 2.860000000000000000e+03
1.118114950000000000e+08 4.300000000000000000e+03 4.250000000000000000e+03 2.850000000000000000e+03 2.860000000000000000e+03
1.118117020000000000e+08 4.310000000000000000e+03 4.240000000000000000e+03 2.850000000000000000e+03 2.860000000000000000e+03
1.118119100000000000e+08 4.310000000000000000e+03 4.250000000000000000e+03 2.850000000000000000e+03 2.860000000000000000e+03
1.118121180000000000e+08 4.300000000000000000e+03 4.250000000000000000e+03 2.860000000000000000e+03 2.860000000000000000e+03
1.118123260000000000e+08 4.290000000000000000e+03 4.260000000000000000e+03 2.850000000000000000e+03 2.860000000000000000e+03
1.118125340000000000e+08 4.300000000000000000e+03 4.250000000000000000e+03 2.840000000000000000e+03 2.860000000000000000e+03
1.118127420000000000e+08 4.310000000000000000e+03 4.260000000000000000e+03 2.840000000000000000e+03 2.860000000000000000e+03
1.118129500000000000e+08 4.290000000000000000e+03 4.260000000000000000e+03 2.840000000000000000e+03 2.850000000000000000e+03
1.118131580000000000e+08 4.290000000000000000e+03 4.260000000000000000e+03 2.840000000000000000e+03 2.860000000000000000e+03
1.118133660000000000e+08 4.300000000000000000e+03 4.250000000000000000e+03 2.840000000000000000e+03 2.860000000000000000e+03
1.118135740000000000e+08 4.290000000000000000e+03 4.240000000000000000e+03 2.840000000000000000e+03 2.860000000000000000e+03
1.118137820000000000e+08 4.300000000000000000e+03 4.230000000000000000e+03 2.840000000000000000e+03 2.860000000000000000e+03
1.118139900000000000e+08 4.300000000000000000e+03 4.240000000000000000e+03 2.850000000000000000e+03 2.870000000000000000e+03
1.118141980000000000e+08 4.300000000000000000e+03 4.250000000000000000e+03 2.840000000000000000e+03 2.870000000000000000e+03
1.118144060000000000e+08 4.310000000000000000e+03 4.240000000000000000e+03 2.840000000000000000e+03 2.870000000000000000e+03
1.118146140000000000e+08 4.300000000000000000e+03 4.240000000000000000e+03 2.840000000000000000e+03 2.880000000000000000e+03
1.118148220000000000e+08 4.310000000000000000e+03 4.250000000000000000e+03 2.850000000000000000e+03 2.870000000000000000e+03
1.118150300000000000e+08 4.310000000000000000e+03 4.260000000000000000e+03 2.850000000000000000e+03 2.860000000000000000e+03
1.118152380000000000e+08 4.290000000000000000e+03 4.260000000000000000e+03 2.850000000000000000e+03 2.870000000000000000e+03
1.118154460000000000e+08 4.300000000000000000e+03 4.250000000000000000e+03 2.860000000000000000e+03 2.870000000000000000e+03
1.118156540000000000e+08 4.310000000000000000e+03 4.260000000000000000e+03 2.860000000000000000e+03 2.870000000000000000e+03
1.118158610000000000e+08 4.310000000000000000e+03 4.260000000000000000e+03 2.860000000000000000e+03 2.870000000000000000e+03
1.118160700000000000e+08 4.310000000000000000e+03 4.260000000000000000e+03 2.860000000000000000e+03 2.870000000000000000e+03
1.118162780000000000e+08 4.310000000000000000e+03 4.260000000000000000e+03 2.850000000000000000e+03 2.870000000000000000e+03
1.118164860000000000e+08 4.310000000000000000e+03 4.270000000000000000e+03 2.840000000000000000e+03 2.870000000000000000e+03
1.118166940000000000e+08 4.310000000000000000e+03 4.270000000000000000e+03 2.840000000000000000e+03 2.870000000000000000e+03
1.118169020000000000e+08 4.300000000000000000e+03 4.270000000000000000e+03 2.850000000000000000e+03 2.860000000000000000e+03
1.118171100000000000e+08 4.300000000000000000e+03 4.250000000000000000e+03 2.850000000000000000e+03 2.870000000000000000e+03
1.118173180000000000e+08 4.300000000000000000e+03 4.240000000000000000e+03 2.860000000000000000e+03 2.880000000000000000e+03
1.118175260000000000e+08 4.310000000000000000e+03 4.250000000000000000e+03 2.860000000000000000e+03 2.880000000000000000e+03
1.118177330000000000e+08 4.310000000000000000e+03 4.250000000000000000e+03 2.860000000000000000e+03 2.870000000000000000e+03
1.118179410000000000e+08 4.310000000000000000e+03 4.250000000000000000e+03 2.860000000000000000e+03 2.860000000000000000e+03
1.118181490000000000e+08 4.310000000000000000e+03 4.250000000000000000e+03 2.850000000000000000e+03 2.860000000000000000e+03
1.118183570000000000e+08 4.310000000000000000e+03 4.250000000000000000e+03 2.850000000000000000e+03 2.860000000000000000e+03
1.118185650000000000e+08 4.310000000000000000e+03 4.240000000000000000e+03 2.860000000000000000e+03 2.870000000000000000e+03
1.118187750000000000e+08 4.300000000000000000e+03 4.250000000000000000e+03 2.860000000000000000e+03 2.870000000000000000e+03
1.118189810000000000e+08 4.300000000000000000e+03 4.260000000000000000e+03 2.850000000000000000e+03 2.860000000000000000e+03
1.118191890000000000e+08 4.310000000000000000e+03 4.250000000000000000e+03 2.850000000000000000e+03 2.860000000000000000e+03
1.118193970000000000e+08 4.300000000000000000e+03 4.240000000000000000e+03 2.850000000000000000e+03 2.860000000000000000e+03
1.118196050000000000e+08 4.300000000000000000e+03 4.250000000000000000e+03 2.850000000000000000e+03 2.860000000000000000e+03
1.118198130000000000e+08 4.300000000000000000e+03 4.250000000000000000e+03 2.850000000000000000e+03 2.860000000000000000e+03
1.118200210000000000e+08 4.300000000000000000e+03 4.250000000000000000e+03 2.850000000000000000e+03 2.860000000000000000e+03
1.118202290000000000e+08 4.300000000000000000e+03 4.260000000000000000e+03 2.850000000000000000e+03 2.860000000000000000e+03
1.118204370000000000e+08 4.310000000000000000e+03 4.250000000000000000e+03 2.840000000000000000e+03 2.860000000000000000e+03
1.118206450000000000e+08 4.310000000000000000e+03 4.250000000000000000e+03 2.850000000000000000e+03 2.860000000000000000e+03
1.118208530000000000e+08 4.310000000000000000e+03 4.250000000000000000e+03 2.850000000000000000e+03 2.860000000000000000e+03
1.118210610000000000e+08 4.310000000000000000e+03 4.250000000000000000e+03 2.850000000000000000e+03 2.860000000000000000e+03
1.118212690000000000e+08 4.300000000000000000e+03 4.240000000000000000e+03 2.840000000000000000e+03 2.860000000000000000e+03
1.118214770000000000e+08 4.290000000000000000e+03 4.250000000000000000e+03 2.830000000000000000e+03 2.860000000000000000e+03
1.118216850000000000e+08 4.300000000000000000e+03 4.260000000000000000e+03 2.840000000000000000e+03 2.850000000000000000e+03
1.118218930000000000e+08 4.310000000000000000e+03 4.250000000000000000e+03 2.830000000000000000e+03 2.850000000000000000e+03
1.118221010000000000e+08 4.310000000000000000e+03 4.240000000000000000e+03 2.830000000000000000e+03 2.860000000000000000e+03
1.118223090000000000e+08 4.300000000000000000e+03 4.240000000000000000e+03 2.840000000000000000e+03 2.860000000000000000e+03
1.118225170000000000e+08 4.290000000000000000e+03 4.240000000000000000e+03 2.850000000000000000e+03 2.860000000000000000e+03
1.118227240000000000e+08 4.300000000000000000e+03 4.240000000000000000e+03 2.850000000000000000e+03 2.860000000000000000e+03
1.118229320000000000e+08 4.310000000000000000e+03 4.240000000000000000e+03 2.850000000000000000e+03 2.860000000000000000e+03
1.118231400000000000e+08 4.300000000000000000e+03 4.240000000000000000e+03 2.850000000000000000e+03 2.860000000000000000e+03
1.118233490000000000e+08 4.300000000000000000e+03 4.250000000000000000e+03 2.850000000000000000e+03 2.860000000000000000e+03
1.118235560000000000e+08 4.290000000000000000e+03 4.240000000000000000e+03 2.850000000000000000e+03 2.860000000000000000e+03
1.118237640000000000e+08 4.300000000000000000e+03 4.230000000000000000e+03 2.850000000000000000e+03 2.860000000000000000e+03
1.118239720000000000e+08 4.310000000000000000e+03 4.230000000000000000e+03 2.840000000000000000e+03 2.860000000000000000e+03
1.118241800000000000e+08 4.300000000000000000e+03 4.230000000000000000e+03 2.830000000000000000e+03 2.860000000000000000e+03
1.118243880000000000e+08 4.300000000000000000e+03 4.230000000000000000e+03 2.830000000000000000e+03 2.860000000000000000e+03
1.118245960000000000e+08 4.310000000000000000e+03 4.240000000000000000e+03 2.830000000000000000e+03 2.860000000000000000e+03
1.118248040000000000e+08 4.310000000000000000e+03 4.240000000000000000e+03 2.840000000000000000e+03 2.860000000000000000e+03
1.118250120000000000e+08 4.310000000000000000e+03 4.250000000000000000e+03 2.840000000000000000e+03 2.860000000000000000e+03
1.118252200000000000e+08 4.310000000000000000e+03 4.270000000000000000e+03 2.840000000000000000e+03 2.860000000000000000e+03
1.118254280000000000e+08 4.310000000000000000e+03 4.260000000000000000e+03 2.840000000000000000e+03 2.860000000000000000e+03
1.118260520000000000e+08 4.310000000000000000e+03 4.270000000000000000e+03 2.860000000000000000e+03 2.860000000000000000e+03
1.118262600000000000e+08 4.320000000000000000e+03 4.260000000000000000e+03 2.860000000000000000e+03 2.860000000000000000e+03
1.118264680000000000e+08 4.310000000000000000e+03 4.250000000000000000e+03 2.860000000000000000e+03 2.860000000000000000e+03
1.118266760000000000e+08 4.300000000000000000e+03 4.250000000000000000e+03 2.850000000000000000e+03 2.870000000000000000e+03
1.118268840000000000e+08 4.300000000000000000e+03 4.250000000000000000e+03 2.840000000000000000e+03 2.870000000000000000e+03
1.118270920000000000e+08 4.310000000000000000e+03 4.240000000000000000e+03 2.840000000000000000e+03 2.870000000000000000e+03
1.118272990000000000e+08 4.320000000000000000e+03 4.240000000000000000e+03 2.850000000000000000e+03 2.870000000000000000e+03
1.118275080000000000e+08 4.320000000000000000e+03 4.240000000000000000e+03 2.860000000000000000e+03 2.870000000000000000e+03
1.118277160000000000e+08 4.320000000000000000e+03 4.240000000000000000e+03 2.870000000000000000e+03 2.870000000000000000e+03
1.118279240000000000e+08 4.320000000000000000e+03 4.240000000000000000e+03 2.870000000000000000e+03 2.870000000000000000e+03
1.118281320000000000e+08 4.310000000000000000e+03 4.240000000000000000e+03 2.870000000000000000e+03 2.870000000000000000e+03
1.118283400000000000e+08 4.320000000000000000e+03 4.250000000000000000e+03 2.870000000000000000e+03 2.870000000000000000e+03
1.118285480000000000e+08 4.320000000000000000e+03 4.250000000000000000e+03 2.870000000000000000e+03 2.870000000000000000e+03
1.118287560000000000e+08 4.320000000000000000e+03 4.250000000000000000e+03 2.870000000000000000e+03 2.870000000000000000e+03
1.118289630000000000e+08 4.320000000000000000e+03 4.240000000000000000e+03 2.870000000000000000e+03 2.870000000000000000e+03
1.118291710000000000e+08 4.320000000000000000e+03 4.240000000000000000e+03 2.860000000000000000e+03 2.860000000000000000e+03
1.118293790000000000e+08 4.320000000000000000e+03 4.240000000000000000e+03 2.850000000000000000e+03 2.860000000000000000e+03
1.118295880000000000e+08 4.320000000000000000e+03 4.250000000000000000e+03 2.860000000000000000e+03 2.860000000000000000e+03
1.118297950000000000e+08 4.320000000000000000e+03 4.250000000000000000e+03 2.860000000000000000e+03 2.860000000000000000e+03
1.118300030000000000e+08 4.320000000000000000e+03 4.240000000000000000e+03 2.850000000000000000e+03 2.860000000000000000e+03
1.118302110000000000e+08 4.320000000000000000e+03 4.230000000000000000e+03 2.850000000000000000e+03 2.860000000000000000e+03
1.118304190000000000e+08 4.320000000000000000e+03 4.230000000000000000e+03 2.840000000000000000e+03 2.860000000000000000e+03
1.118306270000000000e+08 4.320000000000000000e+03 4.240000000000000000e+03 2.840000000000000000e+03 2.860000000000000000e+03
1.118308350000000000e+08 4.320000000000000000e+03 4.240000000000000000e+03 2.840000000000000000e+03 2.860000000000000000e+03
1.118310430000000000e+08 4.320000000000000000e+03 4.250000000000000000e+03 2.840000000000000000e+03 2.860000000000000000e+03
1.118312510000000000e+08 4.320000000000000000e+03 4.250000000000000000e+03 2.850000000000000000e+03 2.860000000000000000e+03
