1.122439110000000000e+08 4.740000000000000000e+03 4.750000000000000000e+03 2.610000000000000000e+03 2.680000000000000000e+03
1.122441190000000000e+08 4.750000000000000000e+03 4.750000000000000000e+03 2.610000000000000000e+03 2.680000000000000000e+03
1.122443270000000000e+08 4.750000000000000000e+03 4.760000000000000000e+03 2.610000000000000000e+03 2.670000000000000000e+03
1.122445360000000000e+08 4.750000000000000000e+03 4.760000000000000000e+03 2.610000000000000000e+03 2.680000000000000000e+03
1.122447430000000000e+08 4.750000000000000000e+03 4.760000000000000000e+03 2.610000000000000000e+03 2.660000000000000000e+03
1.122453660000000000e+08 4.750000000000000000e+03 4.740000000000000000e+03 2.600000000000000000e+03 2.680000000000000000e+03
1.122455750000000000e+08 4.750000000000000000e+03 4.750000000000000000e+03 2.590000000000000000e+03 2.680000000000000000e+03
1.122457830000000000e+08 4.730000000000000000e+03 4.750000000000000000e+03 2.590000000000000000e+03 2.680000000000000000e+03
1.122459910000000000e+08 4.720000000000000000e+03 4.760000000000000000e+03 2.590000000000000000e+03 2.680000000000000000e+03
1.122461990000000000e+08 4.730000000000000000e+03 4.760000000000000000e+03 2.590000000000000000e+03 2.680000000000000000e+03
1.122464070000000000e+08 4.740000000000000000e+03 4.760000000000000000e+03 2.590000000000000000e+03 2.680000000000000000e+03
1.122466150000000000e+08 4.730000000000000000e+03 4.760000000000000000e+03 2.590000000000000000e+03 2.670000000000000000e+03
1.122468230000000000e+08 4.740000000000000000e+03 4.760000000000000000e+03 2.600000000000000000e+03 2.670000000000000000e+03
1.122470310000000000e+08 4.730000000000000000e+03 4.760000000000000000e+03 2.610000000000000000e+03 2.670000000000000000e+03
1.122472390000000000e+08 4.730000000000000000e+03 4.750000000000000000e+03 2.610000000000000000e+03 2.670000000000000000e+03
1.122474480000000000e+08 4.730000000000000000e+03 4.760000000000000000e+03 2.600000000000000000e+03 2.660000000000000000e+03
1.122476550000000000e+08 4.730000000000000000e+03 4.760000000000000000e+03 2.600000000000000000e+03 2.660000000000000000e+03
1.122478620000000000e+08 4.720000000000000000e+03 4.770000000000000000e+03 2.600000000000000000e+03 2.660000000000000000e+03
1.122480700000000000e+08 4.720000000000000000e+03 4.760000000000000000e+03 2.600000000000000000e+03 2.660000000000000000e+03
1.122482790000000000e+08 4.720000000000000000e+03 4.760000000000000000e+03 2.610000000000000000e+03 2.680000000000000000e+03
1.122484860000000000e+08 4.720000000000000000e+03 4.750000000000000000e+03 2.600000000000000000e+03 2.680000000000000000e+03
1.122486940000000000e+08 4.720000000000000000e+03 4.740000000000000000e+03 2.610000000000000000e+03 2.680000000000000000e+03
1.122489020000000000e+08 4.710000000000000000e+03 4.740000000000000000e+03 2.610000000000000000e+03 2.670000000000000000e+03
1.122491100000000000e+08 4.710000000000000000e+03 4.740000000000000000e+03 2.610000000000000000e+03 2.680000000000000000e+03
1.122493190000000000e+08 4.710000000000000000e+03 4.750000000000000000e+03 2.610000000000000000e+03 2.670000000000000000e+03
1.122495260000000000e+08 4.710000000000000000e+03 4.750000000000000000e+03 2.620000000000000000e+03 2.670000000000000000e+03
1.122497340000000000e+08 4.720000000000000000e+03 4.750000000000000000e+03 2.620000000000000000e+03 2.670000000000000000e+03
1.122499420000000000e+08 4.710000000000000000e+03 4.760000000000000000e+03 2.620000000000000000e+03 2.670000000000000000e+03
1.122501500000000000e+08 4.720000000000000000e+03 4.770000000000000000e+03 2.620000000000000000e+03 2.670000000000000000e+03
1.122503580000000000e+08 4.720000000000000000e+03 4.770000000000000000e+03 2.610000000000000000e+03 2.680000000000000000e+03
1.122505660000000000e+08 4.720000000000000000e+03 4.770000000000000000e+03 2.600000000000000000e+03 2.680000000000000000e+03
1.122507740000000000e+08 4.710000000000000000e+03 4.760000000000000000e+03 2.590000000000000000e+03 2.680000000000000000e+03
1.122509820000000000e+08 4.720000000000000000e+03 4.750000000000000000e+03 2.600000000000000000e+03 2.680000000000000000e+03
1.122511900000000000e+08 4.720000000000000000e+03 4.750000000000000000e+03 2.600000000000000000e+03 2.680000000000000000e+03
1.122513980000000000e+08 4.730000000000000000e+03 4.750000000000000000e+03 2.600000000000000000e+03 2.680000000000000000e+03
1.122516060000000000e+08 4.720000000000000000e+03 4.740000000000000000e+03 2.600000000000000000e+03 2.680000000000000000e+03
1.122518140000000000e+08 4.730000000000000000e+03 4.740000000000000000e+03 2.590000000000000000e+03 2.670000000000000000e+03
1.122520220000000000e+08 4.740000000000000000e+03 4.740000000000000000e+03 2.600000000000000000e+03 2.670000000000000000e+03
1.122522300000000000e+08 4.750000000000000000e+03 4.740000000000000000e+03 2.600000000000000000e+03 2.670000000000000000e+03
1.122524380000000000e+08 4.740000000000000000e+03 4.730000000000000000e+03 2.610000000000000000e+03 2.670000000000000000e+03
1.122526450000000000e+08 4.740000000000000000e+03 4.740000000000000000e+03 2.600000000000000000e+03 2.670000000000000000e+03
1.122528530000000000e+08 4.750000000000000000e+03 4.740000000000000000e+03 2.600000000000000000e+03 2.670000000000000000e+03
1.122530620000000000e+08 4.740000000000000000e+03 4.740000000000000000e+03 2.600000000000000000e+03 2.670000000000000000e+03
1.122532700000000000e+08 4.740000000000000000e+03 4.740000000000000000e+03 2.600000000000000000e+03 2.680000000000000000e+03
1.122534780000000000e+08 4.730000000000000000e+03 4.740000000000000000e+03 2.600000000000000000e+03 2.680000000000000000e+03
1.122536860000000000e+08 4.740000000000000000e+03 4.750000000000000000e+03 2.600000000000000000e+03 2.680000000000000000e+03
1.122538930000000000e+08 4.730000000000000000e+03 4.750000000000000000e+03 2.600000000000000000e+03 2.670000000000000000e+03
1.122541020000000000e+08 4.730000000000000000e+03 4.770000000000000000e+03 2.610000000000000000e+03 2.670000000000000000e+03
1.122543090000000000e+08 4.730000000000000000e+03 4.760000000000000000e+03 2.610000000000000000e+03 2.670000000000000000e+03
1.122545170000000000e+08 4.720000000000000000e+03 4.750000000000000000e+03 2.610000000000000000e+03 2.670000000000000000e+03
1.122547250000000000e+08 4.710000000000000000e+03 4.750000000000000000e+03 2.620000000000000000e+03 2.680000000000000000e+03
1.122549330000000000e+08 4.720000000000000000e+03 4.750000000000000000e+03 2.610000000000000000e+03 2.680000000000000000e+03
1.122551410000000000e+08 4.730000000000000000e+03 4.750000000000000000e+03 2.610000000000000000e+03 2.680000000000000000e+03
1.122553490000000000e+08 4.720000000000000000e+03 4.760000000000000000e+03 2.610000000000000000e+03 2.680000000000000000e+03
1.122555570000000000e+08 4.710000000000000000e+03 4.760000000000000000e+03 2.620000000000000000e+03 2.680000000000000000e+03
1.122557650000000000e+08 4.730000000000000000e+03 4.760000000000000000e+03 2.620000000000000000e+03 2.680000000000000000e+03
1.122559730000000000e+08 4.740000000000000000e+03 4.770000000000000000e+03 2.610000000000000000e+03 2.670000000000000000e+03
1.122561800000000000e+08 4.720000000000000000e+03 4.760000000000000000e+03 2.610000000000000000e+03 2.670000000000000000e+03
1.122563890000000000e+08 4.730000000000000000e+03 4.760000000000000000e+03 2.610000000000000000e+03 2.670000000000000000e+03
1.122565970000000000e+08 4.720000000000000000e+03 4.760000000000000000e+03 2.610000000000000000e+03 2.660000000000000000e+03
1.122568050000000000e+08 4.730000000000000000e+03 4.760000000000000000e+03 2.610000000000000000e+03 2.660000000000000000e+03
1.122570130000000000e+08 4.730000000000000000e+03 4.760000000000000000e+03 2.610000000000000000e+03 2.660000000000000000e+03
1.122572210000000000e+08 4.730000000000000000e+03 4.760000000000000000e+03 2.600000000000000000e+03 2.660000000000000000e+03
1.122574290000000000e+08 4.730000000000000000e+03 4.760000000000000000e+03 2.600000000000000000e+03 2.650000000000000000e+03
1.122576370000000000e+08 4.730000000000000000e+03 4.760000000000000000e+03 2.590000000000000000e+03 2.650000000000000000e+03
1.122578450000000000e+08 4.720000000000000000e+03 4.760000000000000000e+03 2.600000000000000000e+03 2.650000000000000000e+03
1.122580530000000000e+08 4.730000000000000000e+03 4.760000000000000000e+03 2.610000000000000000e+03 2.650000000000000000e+03
1.122582610000000000e+08 4.730000000000000000e+03 4.760000000000000000e+03 2.610000000000000000e+03 2.660000000000000000e+03
1.122584680000000000e+08 4.730000000000000000e+03 4.760000000000000000e+03 2.610000000000000000e+03 2.670000000000000000e+03
1.122586770000000000e+08 4.720000000000000000e+03 4.750000000000000000e+03 2.610000000000000000e+03 2.670000000000000000e+03
1.122588840000000000e+08 4.720000000000000000e+03 4.750000000000000000e+03 2.600000000000000000e+03 2.670000000000000000e+03
1.122590930000000000e+08 4.730000000000000000e+03 4.750000000000000000e+03 2.590000000000000000e+03 2.660000000000000000e+03
1.122593010000000000e+08 4.720000000000000000e+03 4.750000000000000000e+03 2.600000000000000000e+03 2.670000000000000000e+03
1.122595090000000000e+08 4.730000000000000000e+03 4.740000000000000000e+03 2.600000000000000000e+03 2.670000000000000000e+03
1.122597340000000000e+08 4.730000000000000000e+03 4.750000000000000000e+03 2.600000000000000000e+03 2.670000000000000000e+03
1.122599240000000000e+08 4.730000000000000000e+03 4.740000000000000000e+03 2.600000000000000000e+03 2.680000000000000000e+03
1.123018250000000000e+08 4.730000000000000000e+03 4.740000000000000000e+03 2.600000000000000000e+03 2.680000000000000000e+03
1.123018260000000000e+08 4.710000000000000000e+03 4.750000000000000000e+03 2.610000000000000000e+03 2.680000000000000000e+03
1.123018260000000000e+08 4.720000000000000000e+03 4.750000000000000000e+03 2.610000000000000000e+03 2.690000000000000000e+03
1.123018260000000000e+08 4.730000000000000000e+03 4.750000000000000000e+03 2.610000000000000000e+03 2.670000000000000000e+03
1.123018270000000000e+08 4.720000000000000000e+03 4.750000000000000000e+03 2.610000000000000000e+03 2.680000000000000000e+03
1.123018270000000000e+08 4.730000000000000000e+03 4.750000000000000000e+03 2.610000000000000000e+03 2.680000000000000000e+03
1.123018270000000000e+08 4.730000000000000000e+03 4.760000000000000000e+03 2.610000000000000000e+03 2.680000000000000000e+03
1.123020060000000000e+08 4.730000000000000000e+03 4.750000000000000000e+03 2.610000000000000000e+03 2.680000000000000000e+03
1.123022120000000000e+08 4.730000000000000000e+03 4.750000000000000000e+03 2.600000000000000000e+03 2.680000000000000000e+03
1.123024200000000000e+08 4.730000000000000000e+03 4.750000000000000000e+03 2.600000000000000000e+03 2.680000000000000000e+03
1.123026280000000000e+08 4.730000000000000000e+03 4.750000000000000000e+03 2.600000000000000000e+03 2.680000000000000000e+03
1.123028350000000000e+08 4.740000000000000000e+03 4.750000000000000000e+03 2.600000000000000000e+03 2.680000000000000000e+03
1.123030440000000000e+08 4.720000000000000000e+03 4.750000000000000000e+03 2.610000000000000000e+03 2.680000000000000000e+03
1.123032510000000000e+08 4.710000000000000000e+03 4.750000000000000000e+03 2.600000000000000000e+03 2.690000000000000000e+03
1.123034600000000000e+08 4.710000000000000000e+03 4.750000000000000000e+03 2.600000000000000000e+03 2.690000000000000000e+03
1.123036680000000000e+08 4.710000000000000000e+03 4.740000000000000000e+03 2.590000000000000000e+03 2.680000000000000000e+03
1.123038760000000000e+08 4.730000000000000000e+03 4.740000000000000000e+03 2.600000000000000000e+03 2.680000000000000000e+03
1.123040830000000000e+08 4.720000000000000000e+03 4.740000000000000000e+03 2.600000000000000000e+03 2.680000000000000000e+03
1.123042920000000000e+08 4.730000000000000000e+03 4.740000000000000000e+03 2.610000000000000000e+03 2.680000000000000000e+03
1.123045000000000000e+08 4.720000000000000000e+03 4.750000000000000000e+03 2.610000000000000000e+03 2.680000000000000000e+03
1.123047080000000000e+08 4.720000000000000000e+03 4.750000000000000000e+03 2.610000000000000000e+03 2.680000000000000000e+03
1.123049160000000000e+08 4.740000000000000000e+03 4.750000000000000000e+03 2.610000000000000000e+03 2.680000000000000000e+03
1.123051240000000000e+08 4.740000000000000000e+03 4.760000000000000000e+03 2.600000000000000000e+03 2.680000000000000000e+03
1.123053320000000000e+08 4.730000000000000000e+03 4.760000000000000000e+03 2.610000000000000000e+03 2.680000000000000000e+03
1.123055390000000000e+08 4.720000000000000000e+03 4.750000000000000000e+03 2.610000000000000000e+03 2.680000000000000000e+03
1.123057470000000000e+08 4.730000000000000000e+03 4.750000000000000000e+03 2.610000000000000000e+03 2.680000000000000000e+03
1.123059550000000000e+08 4.720000000000000000e+03 4.750000000000000000e+03 2.610000000000000000e+03 2.670000000000000000e+03
1.123061630000000000e+08 4.720000000000000000e+03 4.750000000000000000e+03 2.610000000000000000e+03 2.670000000000000000e+03
1.123063710000000000e+08 4.720000000000000000e+03 4.750000000000000000e+03 2.610000000000000000e+03 2.670000000000000000e+03
1.123065790000000000e+08 4.720000000000000000e+03 4.750000000000000000e+03 2.610000000000000000e+03 2.670000000000000000e+03
1.123067870000000000e+08 4.730000000000000000e+03 4.750000000000000000e+03 2.610000000000000000e+03 2.670000000000000000e+03
1.123069950000000000e+08 4.730000000000000000e+03 4.760000000000000000e+03 2.600000000000000000e+03 2.670000000000000000e+03
1.123072030000000000e+08 4.730000000000000000e+03 4.760000000000000000e+03 2.600000000000000000e+03 2.670000000000000000e+03
1.123074110000000000e+08 4.730000000000000000e+03 4.760000000000000000e+03 2.600000000000000000e+03 2.660000000000000000e+03
1.123076190000000000e+08 4.730000000000000000e+03 4.750000000000000000e+03 2.600000000000000000e+03 2.660000000000000000e+03
1.123078270000000000e+08 4.720000000000000000e+03 4.750000000000000000e+03 2.600000000000000000e+03 2.660000000000000000e+03
1.123080350000000000e+08 4.720000000000000000e+03 4.750000000000000000e+03 2.600000000000000000e+03 2.660000000000000000e+03
1.123082430000000000e+08 4.710000000000000000e+03 4.760000000000000000e+03 2.600000000000000000e+03 2.670000000000000000e+03
1.123084520000000000e+08 4.710000000000000000e+03 4.760000000000000000e+03 2.600000000000000000e+03 2.670000000000000000e+03
1.123086590000000000e+08 4.710000000000000000e+03 4.760000000000000000e+03 2.610000000000000000e+03 2.670000000000000000e+03
1.123088670000000000e+08 4.720000000000000000e+03 4.750000000000000000e+03 2.610000000000000000e+03 2.670000000000000000e+03
1.123090970000000000e+08 4.730000000000000000e+03 4.750000000000000000e+03 2.610000000000000000e+03 2.670000000000000000e+03
1.123092830000000000e+08 4.740000000000000000e+03 4.760000000000000000e+03 2.610000000000000000e+03 2.670000000000000000e+03
1.123094910000000000e+08 4.740000000000000000e+03 4.760000000000000000e+03 2.600000000000000000e+03 2.670000000000000000e+03
1.123096990000000000e+08 4.720000000000000000e+03 4.760000000000000000e+03 2.610000000000000000e+03 2.680000000000000000e+03
1.123099070000000000e+08 4.730000000000000000e+03 4.750000000000000000e+03 2.610000000000000000e+03 2.680000000000000000e+03
1.123101150000000000e+08 4.730000000000000000e+03 4.750000000000000000e+03 2.600000000000000000e+03 2.670000000000000000e+03
1.123103230000000000e+08 4.720000000000000000e+03 4.750000000000000000e+03 2.600000000000000000e+03 2.670000000000000000e+03
1.123105310000000000e+08 4.730000000000000000e+03 4.750000000000000000e+03 2.610000000000000000e+03 2.670000000000000000e+03
1.123107390000000000e+08 4.720000000000000000e+03 4.750000000000000000e+03 2.600000000000000000e+03 2.660000000000000000e+03
1.123109470000000000e+08 4.730000000000000000e+03 4.750000000000000000e+03 2.610000000000000000e+03 2.670000000000000000e+03
1.123111540000000000e+08 4.720000000000000000e+03 4.750000000000000000e+03 2.610000000000000000e+03 2.670000000000000000e+03
1.123113630000000000e+08 4.720000000000000000e+03 4.750000000000000000e+03 2.610000000000000000e+03 2.670000000000000000e+03
1.123115690000000000e+08 4.730000000000000000e+03 4.750000000000000000e+03 2.610000000000000000e+03 2.670000000000000000e+03
1.123117770000000000e+08 4.720000000000000000e+03 4.750000000000000000e+03 2.600000000000000000e+03 2.670000000000000000e+03
1.123119860000000000e+08 4.730000000000000000e+03 4.750000000000000000e+03 2.600000000000000000e+03 2.680000000000000000e+03
1.123121940000000000e+08 4.730000000000000000e+03 4.750000000000000000e+03 2.600000000000000000e+03 2.680000000000000000e+03
1.123124020000000000e+08 4.720000000000000000e+03 4.750000000000000000e+03 2.600000000000000000e+03 2.680000000000000000e+03
1.123126100000000000e+08 4.720000000000000000e+03 4.750000000000000000e+03 2.600000000000000000e+03 2.670000000000000000e+03
1.123128180000000000e+08 4.720000000000000000e+03 4.750000000000000000e+03 2.600000000000000000e+03 2.670000000000000000e+03
1.123130260000000000e+08 4.720000000000000000e+03 4.750000000000000000e+03 2.610000000000000000e+03 2.670000000000000000e+03
1.123132340000000000e+08 4.720000000000000000e+03 4.750000000000000000e+03 2.600000000000000000e+03 2.670000000000000000e+03
1.123134420000000000e+08 4.710000000000000000e+03 4.750000000000000000e+03 2.600000000000000000e+03 2.670000000000000000e+03
1.123136500000000000e+08 4.720000000000000000e+03 4.750000000000000000e+03 2.600000000000000000e+03 2.670000000000000000e+03
1.123138580000000000e+08 4.720000000000000000e+03 4.750000000000000000e+03 2.610000000000000000e+03 2.670000000000000000e+03
1.123140660000000000e+08 4.730000000000000000e+03 4.750000000000000000e+03 2.610000000000000000e+03 2.670000000000000000e+03
1.123142740000000000e+08 4.720000000000000000e+03 4.750000000000000000e+03 2.620000000000000000e+03 2.660000000000000000e+03
1.123144840000000000e+08 4.720000000000000000e+03 4.750000000000000000e+03 2.620000000000000000e+03 2.670000000000000000e+03
1.123154660000000000e+08 4.710000000000000000e+03 4.750000000000000000e+03 2.620000000000000000e+03 2.670000000000000000e+03
1.123154660000000000e+08 4.720000000000000000e+03 4.750000000000000000e+03 2.620000000000000000e+03 2.670000000000000000e+03
1.123155220000000000e+08 4.720000000000000000e+03 4.750000000000000000e+03 2.610000000000000000e+03 2.680000000000000000e+03
1.123157290000000000e+08 4.720000000000000000e+03 4.760000000000000000e+03 2.610000000000000000e+03 2.670000000000000000e+03
1.123159380000000000e+08 4.710000000000000000e+03 4.760000000000000000e+03 2.620000000000000000e+03 2.670000000000000000e+03
1.123161460000000000e+08 4.700000000000000000e+03 4.750000000000000000e+03 2.620000000000000000e+03 2.670000000000000000e+03
1.123163860000000000e+08 4.710000000000000000e+03 4.750000000000000000e+03 2.620000000000000000e+03 2.670000000000000000e+03
1.123165610000000000e+08 4.720000000000000000e+03 4.760000000000000000e+03 2.620000000000000000e+03 2.670000000000000000e+03
1.123167690000000000e+08 4.730000000000000000e+03 4.760000000000000000e+03 2.610000000000000000e+03 2.670000000000000000e+03
1.123169770000000000e+08 4.740000000000000000e+03 4.760000000000000000e+03 2.610000000000000000e+03 2.670000000000000000e+03
1.123171850000000000e+08 4.730000000000000000e+03 4.760000000000000000e+03 2.610000000000000000e+03 2.670000000000000000e+03
1.123173930000000000e+08 4.720000000000000000e+03 4.750000000000000000e+03 2.620000000000000000e+03 2.670000000000000000e+03
1.123176010000000000e+08 4.730000000000000000e+03 4.750000000000000000e+03 2.620000000000000000e+03 2.690000000000000000e+03
1.123178090000000000e+08 4.730000000000000000e+03 4.750000000000000000e+03 2.610000000000000000e+03 2.680000000000000000e+03
1.123180280000000000e+08 4.730000000000000000e+03 4.750000000000000000e+03 2.610000000000000000e+03 2.680000000000000000e+03
1.123182250000000000e+08 4.720000000000000000e+03 4.750000000000000000e+03 2.610000000000000000e+03 2.680000000000000000e+03
1.123184330000000000e+08 4.710000000000000000e+03 4.750000000000000000e+03 2.610000000000000000e+03 2.680000000000000000e+03
1.123186410000000000e+08 4.710000000000000000e+03 4.750000000000000000e+03 2.600000000000000000e+03 2.680000000000000000e+03
1.123188490000000000e+08 4.730000000000000000e+03 4.760000000000000000e+03 2.600000000000000000e+03 2.680000000000000000e+03
1.123190570000000000e+08 4.730000000000000000e+03 4.760000000000000000e+03 2.600000000000000000e+03 2.670000000000000000e+03
1.123192650000000000e+08 4.720000000000000000e+03 4.760000000000000000e+03 2.600000000000000000e+03 2.670000000000000000e+03
1.123194730000000000e+08 4.720000000000000000e+03 4.760000000000000000e+03 2.610000000000000000e+03 2.670000000000000000e+03
1.123196810000000000e+08 4.710000000000000000e+03 4.760000000000000000e+03 2.620000000000000000e+03 2.670000000000000000e+03
1.123198890000000000e+08 4.710000000000000000e+03 4.760000000000000000e+03 2.620000000000000000e+03 2.660000000000000000e+03
1.123200970000000000e+08 4.720000000000000000e+03 4.750000000000000000e+03 2.610000000000000000e+03 2.670000000000000000e+03
1.123203040000000000e+08 4.730000000000000000e+03 4.750000000000000000e+03 2.600000000000000000e+03 2.670000000000000000e+03
1.123205130000000000e+08 4.730000000000000000e+03 4.760000000000000000e+03 2.610000000000000000e+03 2.670000000000000000e+03
1.123207210000000000e+08 4.730000000000000000e+03 4.760000000000000000e+03 2.600000000000000000e+03 2.660000000000000000e+03
1.123209290000000000e+08 4.730000000000000000e+03 4.760000000000000000e+03 2.600000000000000000e+03 2.660000000000000000e+03
1.123211360000000000e+08 4.730000000000000000e+03 4.750000000000000000e+03 2.600000000000000000e+03 2.660000000000000000e+03
1.123213440000000000e+08 4.720000000000000000e+03 4.760000000000000000e+03 2.600000000000000000e+03 2.660000000000000000e+03
1.123216010000000000e+08 4.710000000000000000e+03 4.760000000000000000e+03 2.600000000000000000e+03 2.660000000000000000e+03
1.123217610000000000e+08 4.710000000000000000e+03 4.760000000000000000e+03 2.610000000000000000e+03 2.660000000000000000e+03
1.123219690000000000e+08 4.710000000000000000e+03 4.750000000000000000e+03 2.610000000000000000e+03 2.660000000000000000e+03
1.123221770000000000e+08 4.730000000000000000e+03 4.750000000000000000e+03 2.610000000000000000e+03 2.670000000000000000e+03
1.123223850000000000e+08 4.740000000000000000e+03 4.750000000000000000e+03 2.600000000000000000e+03 2.670000000000000000e+03
1.123225920000000000e+08 4.740000000000000000e+03 4.750000000000000000e+03 2.600000000000000000e+03 2.670000000000000000e+03
1.123228000000000000e+08 4.730000000000000000e+03 4.750000000000000000e+03 2.600000000000000000e+03 2.670000000000000000e+03
1.123230080000000000e+08 4.730000000000000000e+03 4.750000000000000000e+03 2.610000000000000000e+03 2.680000000000000000e+03
1.123232170000000000e+08 4.730000000000000000e+03 4.750000000000000000e+03 2.610000000000000000e+03 2.680000000000000000e+03
1.123234240000000000e+08 4.730000000000000000e+03 4.750000000000000000e+03 2.610000000000000000e+03 2.680000000000000000e+03
1.123236320000000000e+08 4.730000000000000000e+03 4.740000000000000000e+03 2.610000000000000000e+03 2.670000000000000000e+03
1.123238400000000000e+08 4.740000000000000000e+03 4.740000000000000000e+03 2.610000000000000000e+03 2.670000000000000000e+03
1.123240480000000000e+08 4.730000000000000000e+03 4.750000000000000000e+03 2.610000000000000000e+03 2.670000000000000000e+03
1.123242560000000000e+08 4.730000000000000000e+03 4.750000000000000000e+03 2.610000000000000000e+03 2.670000000000000000e+03
1.123244640000000000e+08 4.720000000000000000e+03 4.750000000000000000e+03 2.610000000000000000e+03 2.670000000000000000e+03
1.123246720000000000e+08 4.720000000000000000e+03 4.750000000000000000e+03 2.610000000000000000e+03 2.670000000000000000e+03
1.123248800000000000e+08 4.720000000000000000e+03 4.750000000000000000e+03 2.610000000000000000e+03 2.680000000000000000e+03
1.123250880000000000e+08 4.740000000000000000e+03 4.750000000000000000e+03 2.610000000000000000e+03 2.680000000000000000e+03
1.123252960000000000e+08 4.730000000000000000e+03 4.750000000000000000e+03 2.610000000000000000e+03 2.680000000000000000e+03
1.123255040000000000e+08 4.720000000000000000e+03 4.750000000000000000e+03 2.620000000000000000e+03 2.670000000000000000e+03
1.123257120000000000e+08 4.720000000000000000e+03 4.760000000000000000e+03 2.620000000000000000e+03 2.670000000000000000e+03
1.123259200000000000e+08 4.730000000000000000e+03 4.760000000000000000e+03 2.620000000000000000e+03 2.670000000000000000e+03
1.123261280000000000e+08 4.720000000000000000e+03 4.750000000000000000e+03 2.620000000000000000e+03 2.680000000000000000e+03
1.123263360000000000e+08 4.740000000000000000e+03 4.750000000000000000e+03 2.620000000000000000e+03 2.680000000000000000e+03
1.123265440000000000e+08 4.730000000000000000e+03 4.750000000000000000e+03 2.610000000000000000e+03 2.680000000000000000e+03
1.123267520000000000e+08 4.720000000000000000e+03 4.760000000000000000e+03 2.610000000000000000e+03 2.680000000000000000e+03
1.123269600000000000e+08 4.710000000000000000e+03 4.760000000000000000e+03 2.600000000000000000e+03 2.670000000000000000e+03
1.123271680000000000e+08 4.710000000000000000e+03 4.760000000000000000e+03 2.600000000000000000e+03 2.680000000000000000e+03
1.123273760000000000e+08 4.710000000000000000e+03 4.760000000000000000e+03 2.600000000000000000e+03 2.680000000000000000e+03
1.123275830000000000e+08 4.700000000000000000e+03 4.760000000000000000e+03 2.610000000000000000e+03 2.680000000000000000e+03
1.123277910000000000e+08 4.700000000000000000e+03 4.760000000000000000e+03 2.610000000000000000e+03 2.670000000000000000e+03
1.123279990000000000e+08 4.700000000000000000e+03 4.760000000000000000e+03 2.610000000000000000e+03 2.670000000000000000e+03
1.123282080000000000e+08 4.720000000000000000e+03 4.750000000000000000e+03 2.620000000000000000e+03 2.670000000000000000e+03
1.123284150000000000e+08 4.710000000000000000e+03 4.750000000000000000e+03 2.610000000000000000e+03 2.670000000000000000e+03
1.123286230000000000e+08 4.720000000000000000e+03 4.750000000000000000e+03 2.610000000000000000e+03 2.670000000000000000e+03
1.123288310000000000e+08 4.710000000000000000e+03 4.750000000000000000e+03 2.610000000000000000e+03 2.670000000000000000e+03
1.123290390000000000e+08 4.710000000000000000e+03 4.750000000000000000e+03 2.610000000000000000e+03 2.660000000000000000e+03
1.123292470000000000e+08 4.710000000000000000e+03 4.760000000000000000e+03 2.620000000000000000e+03 2.660000000000000000e+03
1.123294550000000000e+08 4.700000000000000000e+03 4.760000000000000000e+03 2.620000000000000000e+03 2.670000000000000000e+03
1.123296630000000000e+08 4.700000000000000000e+03 4.760000000000000000e+03 2.620000000000000000e+03 2.670000000000000000e+03
1.123298710000000000e+08 4.700000000000000000e+03 4.760000000000000000e+03 2.620000000000000000e+03 2.670000000000000000e+03
1.123300780000000000e+08 4.720000000000000000e+03 4.760000000000000000e+03 2.620000000000000000e+03 2.680000000000000000e+03
1.123302870000000000e+08 4.710000000000000000e+03 4.760000000000000000e+03 2.620000000000000000e+03 2.670000000000000000e+03
1.123304950000000000e+08 4.710000000000000000e+03 4.760000000000000000e+03 2.620000000000000000e+03 2.670000000000000000e+03
1.123307030000000000e+08 4.710000000000000000e+03 4.760000000000000000e+03 2.620000000000000000e+03 2.670000000000000000e+03
1.123309110000000000e+08 4.720000000000000000e+03 4.760000000000000000e+03 2.610000000000000000e+03 2.680000000000000000e+03
1.123311180000000000e+08 4.710000000000000000e+03 4.760000000000000000e+03 2.610000000000000000e+03 2.680000000000000000e+03
1.123313270000000000e+08 4.710000000000000000e+03 4.760000000000000000e+03 2.610000000000000000e+03 2.680000000000000000e+03
1.123315350000000000e+08 4.700000000000000000e+03 4.760000000000000000e+03 2.610000000000000000e+03 2.670000000000000000e+03
1.123317430000000000e+08 4.710000000000000000e+03 4.760000000000000000e+03 2.620000000000000000e+03 2.670000000000000000e+03
1.123319500000000000e+08 4.700000000000000000e+03 4.760000000000000000e+03 2.620000000000000000e+03 2.670000000000000000e+03
1.123321590000000000e+08 4.710000000000000000e+03 4.760000000000000000e+03 2.620000000000000000e+03 2.670000000000000000e+03
1.123323660000000000e+08 4.710000000000000000e+03 4.760000000000000000e+03 2.620000000000000000e+03 2.670000000000000000e+03
1.123325750000000000e+08 4.720000000000000000e+03 4.760000000000000000e+03 2.610000000000000000e+03 2.660000000000000000e+03
1.123327830000000000e+08 4.710000000000000000e+03 4.750000000000000000e+03 2.600000000000000000e+03 2.660000000000000000e+03
1.123329910000000000e+08 4.710000000000000000e+03 4.750000000000000000e+03 2.600000000000000000e+03 2.660000000000000000e+03
1.123331990000000000e+08 4.710000000000000000e+03 4.750000000000000000e+03 2.600000000000000000e+03 2.660000000000000000e+03
1.123334070000000000e+08 4.730000000000000000e+03 4.750000000000000000e+03 2.610000000000000000e+03 2.670000000000000000e+03
1.123336140000000000e+08 4.720000000000000000e+03 4.750000000000000000e+03 2.610000000000000000e+03 2.660000000000000000e+03
1.123338220000000000e+08 4.730000000000000000e+03 4.740000000000000000e+03 2.610000000000000000e+03 2.660000000000000000e+03
1.123340310000000000e+08 4.740000000000000000e+03 4.740000000000000000e+03 2.610000000000000000e+03 2.660000000000000000e+03
1.123342380000000000e+08 4.730000000000000000e+03 4.740000000000000000e+03 2.610000000000000000e+03 2.670000000000000000e+03
1.123344460000000000e+08 4.720000000000000000e+03 4.750000000000000000e+03 2.610000000000000000e+03 2.670000000000000000e+03
1.123346540000000000e+08 4.710000000000000000e+03 4.750000000000000000e+03 2.610000000000000000e+03 2.670000000000000000e+03
1.123348620000000000e+08 4.710000000000000000e+03 4.750000000000000000e+03 2.610000000000000000e+03 2.670000000000000000e+03
1.123350700000000000e+08 4.710000000000000000e+03 4.750000000000000000e+03 2.610000000000000000e+03 2.670000000000000000e+03
1.123352780000000000e+08 4.710000000000000000e+03 4.750000000000000000e+03 2.620000000000000000e+03 2.670000000000000000e+03
1.123354860000000000e+08 4.730000000000000000e+03 4.750000000000000000e+03 2.600000000000000000e+03 2.670000000000000000e+03
1.123356940000000000e+08 4.730000000000000000e+03 4.760000000000000000e+03 2.600000000000000000e+03 2.670000000000000000e+03
1.123359010000000000e+08 4.720000000000000000e+03 4.750000000000000000e+03 2.600000000000000000e+03 2.670000000000000000e+03
1.123361100000000000e+08 4.730000000000000000e+03 4.750000000000000000e+03 2.600000000000000000e+03 2.670000000000000000e+03
1.123363180000000000e+08 4.730000000000000000e+03 4.750000000000000000e+03 2.600000000000000000e+03 2.670000000000000000e+03
1.123365260000000000e+08 4.720000000000000000e+03 4.760000000000000000e+03 2.600000000000000000e+03 2.670000000000000000e+03
1.123367340000000000e+08 4.720000000000000000e+03 4.770000000000000000e+03 2.600000000000000000e+03 2.670000000000000000e+03
1.123369420000000000e+08 4.730000000000000000e+03 4.760000000000000000e+03 2.600000000000000000e+03 2.670000000000000000e+03
1.123371500000000000e+08 4.740000000000000000e+03 4.760000000000000000e+03 2.610000000000000000e+03 2.670000000000000000e+03
1.123373580000000000e+08 4.740000000000000000e+03 4.760000000000000000e+03 2.610000000000000000e+03 2.670000000000000000e+03
1.123375660000000000e+08 4.730000000000000000e+03 4.760000000000000000e+03 2.600000000000000000e+03 2.670000000000000000e+03
1.123377740000000000e+08 4.720000000000000000e+03 4.760000000000000000e+03 2.610000000000000000e+03 2.670000000000000000e+03
1.123379820000000000e+08 4.720000000000000000e+03 4.770000000000000000e+03 2.610000000000000000e+03 2.680000000000000000e+03
1.123381900000000000e+08 4.720000000000000000e+03 4.770000000000000000e+03 2.610000000000000000e+03 2.680000000000000000e+03
1.123383980000000000e+08 4.730000000000000000e+03 4.760000000000000000e+03 2.610000000000000000e+03 2.680000000000000000e+03
1.123386060000000000e+08 4.740000000000000000e+03 4.760000000000000000e+03 2.600000000000000000e+03 2.680000000000000000e+03
1.123388140000000000e+08 4.740000000000000000e+03 4.760000000000000000e+03 2.600000000000000000e+03 2.670000000000000000e+03
1.123390210000000000e+08 4.730000000000000000e+03 4.760000000000000000e+03 2.590000000000000000e+03 2.670000000000000000e+03
1.123392290000000000e+08 4.720000000000000000e+03 4.760000000000000000e+03 2.590000000000000000e+03 2.670000000000000000e+03
1.123394380000000000e+08 4.720000000000000000e+03 4.750000000000000000e+03 2.590000000000000000e+03 2.670000000000000000e+03
1.123396450000000000e+08 4.740000000000000000e+03 4.740000000000000000e+03 2.590000000000000000e+03 2.680000000000000000e+03
1.123398550000000000e+08 4.740000000000000000e+03 4.750000000000000000e+03 2.600000000000000000e+03 2.680000000000000000e+03
1.123400610000000000e+08 4.740000000000000000e+03 4.750000000000000000e+03 2.600000000000000000e+03 2.680000000000000000e+03
1.123402700000000000e+08 4.730000000000000000e+03 4.760000000000000000e+03 2.600000000000000000e+03 2.680000000000000000e+03
1.123404770000000000e+08 4.730000000000000000e+03 4.770000000000000000e+03 2.600000000000000000e+03 2.680000000000000000e+03
1.123406850000000000e+08 4.720000000000000000e+03 4.760000000000000000e+03 2.600000000000000000e+03 2.680000000000000000e+03
1.123408930000000000e+08 4.730000000000000000e+03 4.760000000000000000e+03 2.600000000000000000e+03 2.670000000000000000e+03
1.123411010000000000e+08 4.730000000000000000e+03 4.760000000000000000e+03 2.610000000000000000e+03 2.670000000000000000e+03
1.123413090000000000e+08 4.730000000000000000e+03 4.760000000000000000e+03 2.610000000000000000e+03 2.670000000000000000e+03
1.123415170000000000e+08 4.730000000000000000e+03 4.760000000000000000e+03 2.610000000000000000e+03 2.670000000000000000e+03
1.123417250000000000e+08 4.740000000000000000e+03 4.760000000000000000e+03 2.610000000000000000e+03 2.660000000000000000e+03
1.123419330000000000e+08 4.730000000000000000e+03 4.760000000000000000e+03 2.610000000000000000e+03 2.660000000000000000e+03
1.123421410000000000e+08 4.730000000000000000e+03 4.770000000000000000e+03 2.620000000000000000e+03 2.660000000000000000e+03
1.123423490000000000e+08 4.740000000000000000e+03 4.770000000000000000e+03 2.620000000000000000e+03 2.670000000000000000e+03
1.123425570000000000e+08 4.740000000000000000e+03 4.760000000000000000e+03 2.620000000000000000e+03 2.670000000000000000e+03
1.123427650000000000e+08 4.750000000000000000e+03 4.760000000000000000e+03 2.620000000000000000e+03 2.670000000000000000e+03
1.123429730000000000e+08 4.740000000000000000e+03 4.750000000000000000e+03 2.610000000000000000e+03 2.670000000000000000e+03
1.123431810000000000e+08 4.740000000000000000e+03 4.750000000000000000e+03 2.600000000000000000e+03 2.660000000000000000e+03
1.123433890000000000e+08 4.740000000000000000e+03 4.750000000000000000e+03 2.600000000000000000e+03 2.650000000000000000e+03
1.123435970000000000e+08 4.740000000000000000e+03 4.750000000000000000e+03 2.610000000000000000e+03 2.650000000000000000e+03
1.123438050000000000e+08 4.740000000000000000e+03 4.750000000000000000e+03 2.620000000000000000e+03 2.650000000000000000e+03
1.123440130000000000e+08 4.730000000000000000e+03 4.750000000000000000e+03 2.620000000000000000e+03 2.650000000000000000e+03
1.123442210000000000e+08 4.720000000000000000e+03 4.750000000000000000e+03 2.620000000000000000e+03 2.650000000000000000e+03
1.123444290000000000e+08 4.720000000000000000e+03 4.750000000000000000e+03 2.620000000000000000e+03 2.660000000000000000e+03
1.123446370000000000e+08 4.720000000000000000e+03 4.750000000000000000e+03 2.610000000000000000e+03 2.670000000000000000e+03
1.123448450000000000e+08 4.710000000000000000e+03 4.740000000000000000e+03 2.600000000000000000e+03 2.660000000000000000e+03
1.123450530000000000e+08 4.710000000000000000e+03 4.750000000000000000e+03 2.590000000000000000e+03 2.660000000000000000e+03
1.123452600000000000e+08 4.710000000000000000e+03 4.750000000000000000e+03 2.590000000000000000e+03 2.660000000000000000e+03
1.123454680000000000e+08 4.710000000000000000e+03 4.760000000000000000e+03 2.590000000000000000e+03 2.660000000000000000e+03
1.123456760000000000e+08 4.700000000000000000e+03 4.740000000000000000e+03 2.590000000000000000e+03 2.660000000000000000e+03
1.123458840000000000e+08 4.700000000000000000e+03 4.740000000000000000e+03 2.600000000000000000e+03 2.660000000000000000e+03
1.123460920000000000e+08 4.710000000000000000e+03 4.740000000000000000e+03 2.600000000000000000e+03 2.660000000000000000e+03
1.123463000000000000e+08 4.720000000000000000e+03 4.750000000000000000e+03 2.600000000000000000e+03 2.670000000000000000e+03
1.123465080000000000e+08 4.730000000000000000e+03 4.750000000000000000e+03 2.600000000000000000e+03 2.680000000000000000e+03
1.123467160000000000e+08 4.730000000000000000e+03 4.750000000000000000e+03 2.600000000000000000e+03 2.680000000000000000e+03
1.123469240000000000e+08 4.730000000000000000e+03 4.750000000000000000e+03 2.600000000000000000e+03 2.680000000000000000e+03
1.123471320000000000e+08 4.730000000000000000e+03 4.750000000000000000e+03 2.600000000000000000e+03 2.680000000000000000e+03
1.123473400000000000e+08 4.730000000000000000e+03 4.750000000000000000e+03 2.600000000000000000e+03 2.680000000000000000e+03
1.123475480000000000e+08 4.730000000000000000e+03 4.750000000000000000e+03 2.600000000000000000e+03 2.680000000000000000e+03
1.123477560000000000e+08 4.740000000000000000e+03 4.750000000000000000e+03 2.600000000000000000e+03 2.680000000000000000e+03
1.123480530000000000e+08 4.720000000000000000e+03 4.740000000000000000e+03 2.600000000000000000e+03 2.680000000000000000e+03
1.123481720000000000e+08 4.730000000000000000e+03 4.740000000000000000e+03 2.610000000000000000e+03 2.680000000000000000e+03
1.123483800000000000e+08 4.730000000000000000e+03 4.740000000000000000e+03 2.610000000000000000e+03 2.680000000000000000e+03
1.123485880000000000e+08 4.730000000000000000e+03 4.750000000000000000e+03 2.600000000000000000e+03 2.680000000000000000e+03
1.123488090000000000e+08 4.720000000000000000e+03 4.760000000000000000e+03 2.610000000000000000e+03 2.680000000000000000e+03
1.123490030000000000e+08 4.710000000000000000e+03 4.760000000000000000e+03 2.610000000000000000e+03 2.680000000000000000e+03
1.123492120000000000e+08 4.720000000000000000e+03 4.760000000000000000e+03 2.610000000000000000e+03 2.690000000000000000e+03
1.123494200000000000e+08 4.730000000000000000e+03 4.770000000000000000e+03 2.620000000000000000e+03 2.680000000000000000e+03
1.123496280000000000e+08 4.720000000000000000e+03 4.770000000000000000e+03 2.620000000000000000e+03 2.680000000000000000e+03
1.123498350000000000e+08 4.730000000000000000e+03 4.760000000000000000e+03 2.610000000000000000e+03 2.680000000000000000e+03
1.123500430000000000e+08 4.730000000000000000e+03 4.760000000000000000e+03 2.620000000000000000e+03 2.680000000000000000e+03
1.123502520000000000e+08 4.730000000000000000e+03 4.760000000000000000e+03 2.620000000000000000e+03 2.680000000000000000e+03
1.123504590000000000e+08 4.720000000000000000e+03 4.760000000000000000e+03 2.620000000000000000e+03 2.680000000000000000e+03
1.123506670000000000e+08 4.730000000000000000e+03 4.770000000000000000e+03 2.620000000000000000e+03 2.680000000000000000e+03
1.123508750000000000e+08 4.730000000000000000e+03 4.760000000000000000e+03 2.620000000000000000e+03 2.680000000000000000e+03
1.123510830000000000e+08 4.720000000000000000e+03 4.750000000000000000e+03 2.620000000000000000e+03 2.670000000000000000e+03
1.123512910000000000e+08 4.720000000000000000e+03 4.750000000000000000e+03 2.620000000000000000e+03 2.670000000000000000e+03
1.123514990000000000e+08 4.730000000000000000e+03 4.750000000000000000e+03 2.610000000000000000e+03 2.670000000000000000e+03
1.123517070000000000e+08 4.720000000000000000e+03 4.770000000000000000e+03 2.610000000000000000e+03 2.680000000000000000e+03
1.123519150000000000e+08 4.720000000000000000e+03 4.770000000000000000e+03 2.610000000000000000e+03 2.690000000000000000e+03
1.123521230000000000e+08 4.730000000000000000e+03 4.760000000000000000e+03 2.610000000000000000e+03 2.680000000000000000e+03
1.123523310000000000e+08 4.730000000000000000e+03 4.760000000000000000e+03 2.610000000000000000e+03 2.680000000000000000e+03
1.123525390000000000e+08 4.720000000000000000e+03 4.760000000000000000e+03 2.600000000000000000e+03 2.690000000000000000e+03
1.123527470000000000e+08 4.730000000000000000e+03 4.760000000000000000e+03 2.600000000000000000e+03 2.690000000000000000e+03
1.123529550000000000e+08 4.720000000000000000e+03 4.770000000000000000e+03 2.600000000000000000e+03 2.680000000000000000e+03
1.123531630000000000e+08 4.730000000000000000e+03 4.760000000000000000e+03 2.600000000000000000e+03 2.680000000000000000e+03
1.123533730000000000e+08 4.730000000000000000e+03 4.760000000000000000e+03 2.600000000000000000e+03 2.670000000000000000e+03
1.123535790000000000e+08 4.720000000000000000e+03 4.760000000000000000e+03 2.600000000000000000e+03 2.660000000000000000e+03
1.123538210000000000e+08 4.730000000000000000e+03 4.750000000000000000e+03 2.600000000000000000e+03 2.660000000000000000e+03
1.123539950000000000e+08 4.740000000000000000e+03 4.750000000000000000e+03 2.600000000000000000e+03 2.660000000000000000e+03
1.123542030000000000e+08 4.750000000000000000e+03 4.750000000000000000e+03 2.600000000000000000e+03 2.660000000000000000e+03
1.123544110000000000e+08 4.750000000000000000e+03 4.750000000000000000e+03 2.600000000000000000e+03 2.660000000000000000e+03
