1.131031200000000000e+08 5.040000000000000000e+03 4.430000000000000000e+03 3.130000000000000000e+03 2.180000000000000000e+03
1.131033280000000000e+08 5.040000000000000000e+03 4.430000000000000000e+03 3.130000000000000000e+03 2.180000000000000000e+03
1.131035360000000000e+08 5.040000000000000000e+03 4.430000000000000000e+03 3.140000000000000000e+03 2.190000000000000000e+03
1.131037440000000000e+08 5.040000000000000000e+03 4.440000000000000000e+03 3.130000000000000000e+03 2.180000000000000000e+03
1.131039520000000000e+08 5.030000000000000000e+03 4.430000000000000000e+03 3.120000000000000000e+03 2.180000000000000000e+03
1.131041590000000000e+08 5.030000000000000000e+03 4.430000000000000000e+03 3.130000000000000000e+03 2.170000000000000000e+03
1.131043670000000000e+08 5.030000000000000000e+03 4.440000000000000000e+03 3.140000000000000000e+03 2.160000000000000000e+03
1.131045760000000000e+08 5.030000000000000000e+03 4.440000000000000000e+03 3.150000000000000000e+03 2.170000000000000000e+03
1.131047840000000000e+08 5.030000000000000000e+03 4.440000000000000000e+03 3.150000000000000000e+03 2.170000000000000000e+03
1.131049930000000000e+08 5.030000000000000000e+03 4.440000000000000000e+03 3.150000000000000000e+03 2.170000000000000000e+03
1.131052000000000000e+08 5.040000000000000000e+03 4.440000000000000000e+03 3.130000000000000000e+03 2.170000000000000000e+03
1.131054080000000000e+08 5.030000000000000000e+03 4.440000000000000000e+03 3.130000000000000000e+03 2.170000000000000000e+03
1.131056160000000000e+08 5.030000000000000000e+03 4.440000000000000000e+03 3.150000000000000000e+03 2.170000000000000000e+03
1.131058240000000000e+08 5.030000000000000000e+03 4.440000000000000000e+03 3.160000000000000000e+03 2.170000000000000000e+03
1.131060320000000000e+08 5.030000000000000000e+03 4.440000000000000000e+03 3.150000000000000000e+03 2.170000000000000000e+03
1.131062400000000000e+08 5.040000000000000000e+03 4.430000000000000000e+03 3.150000000000000000e+03 2.170000000000000000e+03
1.131064480000000000e+08 5.050000000000000000e+03 4.430000000000000000e+03 3.160000000000000000e+03 2.170000000000000000e+03
1.131066560000000000e+08 5.050000000000000000e+03 4.430000000000000000e+03 3.170000000000000000e+03 2.160000000000000000e+03
1.131068630000000000e+08 5.050000000000000000e+03 4.430000000000000000e+03 3.150000000000000000e+03 2.170000000000000000e+03
1.131070720000000000e+08 5.050000000000000000e+03 4.420000000000000000e+03 3.160000000000000000e+03 2.170000000000000000e+03
1.131072790000000000e+08 5.050000000000000000e+03 4.420000000000000000e+03 3.160000000000000000e+03 2.180000000000000000e+03
1.131074870000000000e+08 5.050000000000000000e+03 4.410000000000000000e+03 3.160000000000000000e+03 2.180000000000000000e+03
1.131076950000000000e+08 5.040000000000000000e+03 4.410000000000000000e+03 3.160000000000000000e+03 2.180000000000000000e+03
1.131079030000000000e+08 5.030000000000000000e+03 4.430000000000000000e+03 3.160000000000000000e+03 2.180000000000000000e+03
1.131081110000000000e+08 5.030000000000000000e+03 4.420000000000000000e+03 3.160000000000000000e+03 2.180000000000000000e+03
1.131083190000000000e+08 5.030000000000000000e+03 4.420000000000000000e+03 3.160000000000000000e+03 2.180000000000000000e+03
1.131085270000000000e+08 5.040000000000000000e+03 4.420000000000000000e+03 3.160000000000000000e+03 2.190000000000000000e+03
1.131087350000000000e+08 5.040000000000000000e+03 4.420000000000000000e+03 3.160000000000000000e+03 2.190000000000000000e+03
1.131089430000000000e+08 5.040000000000000000e+03 4.420000000000000000e+03 3.160000000000000000e+03 2.190000000000000000e+03
1.131091510000000000e+08 5.040000000000000000e+03 4.420000000000000000e+03 3.160000000000000000e+03 2.180000000000000000e+03
1.131093590000000000e+08 5.040000000000000000e+03 4.420000000000000000e+03 3.160000000000000000e+03 2.180000000000000000e+03
1.131095670000000000e+08 5.030000000000000000e+03 4.430000000000000000e+03 3.160000000000000000e+03 2.190000000000000000e+03
1.131097750000000000e+08 5.030000000000000000e+03 4.430000000000000000e+03 3.160000000000000000e+03 2.180000000000000000e+03
1.131099830000000000e+08 5.030000000000000000e+03 4.430000000000000000e+03 3.140000000000000000e+03 2.180000000000000000e+03
1.131101910000000000e+08 5.030000000000000000e+03 4.430000000000000000e+03 3.140000000000000000e+03 2.180000000000000000e+03
1.131103990000000000e+08 5.030000000000000000e+03 4.430000000000000000e+03 3.130000000000000000e+03 2.180000000000000000e+03
1.131106070000000000e+08 5.030000000000000000e+03 4.430000000000000000e+03 3.120000000000000000e+03 2.180000000000000000e+03
1.131108150000000000e+08 5.020000000000000000e+03 4.440000000000000000e+03 3.110000000000000000e+03 2.180000000000000000e+03
1.131110230000000000e+08 5.020000000000000000e+03 4.430000000000000000e+03 3.120000000000000000e+03 2.180000000000000000e+03
1.131112300000000000e+08 5.020000000000000000e+03 4.420000000000000000e+03 3.110000000000000000e+03 2.170000000000000000e+03
1.131114380000000000e+08 5.020000000000000000e+03 4.420000000000000000e+03 3.120000000000000000e+03 2.170000000000000000e+03
1.131116470000000000e+08 5.030000000000000000e+03 4.440000000000000000e+03 3.130000000000000000e+03 2.170000000000000000e+03
1.131118550000000000e+08 5.030000000000000000e+03 4.430000000000000000e+03 3.130000000000000000e+03 2.170000000000000000e+03
1.131120630000000000e+08 5.030000000000000000e+03 4.420000000000000000e+03 3.120000000000000000e+03 2.180000000000000000e+03
1.131122710000000000e+08 5.030000000000000000e+03 4.430000000000000000e+03 3.120000000000000000e+03 2.180000000000000000e+03
1.131124780000000000e+08 5.030000000000000000e+03 4.430000000000000000e+03 3.110000000000000000e+03 2.180000000000000000e+03
1.131126870000000000e+08 5.020000000000000000e+03 4.440000000000000000e+03 3.100000000000000000e+03 2.180000000000000000e+03
1.131128940000000000e+08 5.020000000000000000e+03 4.440000000000000000e+03 3.100000000000000000e+03 2.190000000000000000e+03
1.131131020000000000e+08 5.030000000000000000e+03 4.430000000000000000e+03 3.100000000000000000e+03 2.190000000000000000e+03
1.131133100000000000e+08 5.030000000000000000e+03 4.430000000000000000e+03 3.110000000000000000e+03 2.190000000000000000e+03
1.131135180000000000e+08 5.030000000000000000e+03 4.420000000000000000e+03 3.110000000000000000e+03 2.190000000000000000e+03
1.131137260000000000e+08 5.040000000000000000e+03 4.430000000000000000e+03 3.100000000000000000e+03 2.190000000000000000e+03
1.131139340000000000e+08 5.030000000000000000e+03 4.430000000000000000e+03 3.120000000000000000e+03 2.190000000000000000e+03
1.131141420000000000e+08 5.030000000000000000e+03 4.430000000000000000e+03 3.130000000000000000e+03 2.190000000000000000e+03
1.131143500000000000e+08 5.030000000000000000e+03 4.430000000000000000e+03 3.120000000000000000e+03 2.190000000000000000e+03
1.131145570000000000e+08 5.030000000000000000e+03 4.430000000000000000e+03 3.110000000000000000e+03 2.190000000000000000e+03
1.131147660000000000e+08 5.030000000000000000e+03 4.430000000000000000e+03 3.110000000000000000e+03 2.190000000000000000e+03
1.131149740000000000e+08 5.030000000000000000e+03 4.420000000000000000e+03 3.130000000000000000e+03 2.180000000000000000e+03
1.131151820000000000e+08 5.040000000000000000e+03 4.430000000000000000e+03 3.140000000000000000e+03 2.180000000000000000e+03
1.131153900000000000e+08 5.040000000000000000e+03 4.440000000000000000e+03 3.140000000000000000e+03 2.180000000000000000e+03
1.131155980000000000e+08 5.040000000000000000e+03 4.440000000000000000e+03 3.140000000000000000e+03 2.180000000000000000e+03
1.131158160000000000e+08 5.040000000000000000e+03 4.440000000000000000e+03 3.130000000000000000e+03 2.180000000000000000e+03
1.131160130000000000e+08 5.030000000000000000e+03 4.430000000000000000e+03 3.110000000000000000e+03 2.180000000000000000e+03
1.131162220000000000e+08 5.030000000000000000e+03 4.440000000000000000e+03 3.120000000000000000e+03 2.170000000000000000e+03
1.131164300000000000e+08 5.030000000000000000e+03 4.440000000000000000e+03 3.130000000000000000e+03 2.170000000000000000e+03
1.131166380000000000e+08 5.040000000000000000e+03 4.440000000000000000e+03 3.140000000000000000e+03 2.170000000000000000e+03
1.131168460000000000e+08 5.040000000000000000e+03 4.430000000000000000e+03 3.140000000000000000e+03 2.160000000000000000e+03
1.131170540000000000e+08 5.030000000000000000e+03 4.430000000000000000e+03 3.130000000000000000e+03 2.160000000000000000e+03
1.131172620000000000e+08 5.030000000000000000e+03 4.420000000000000000e+03 3.120000000000000000e+03 2.160000000000000000e+03
1.131174700000000000e+08 5.030000000000000000e+03 4.430000000000000000e+03 3.130000000000000000e+03 2.170000000000000000e+03
1.131176780000000000e+08 5.030000000000000000e+03 4.430000000000000000e+03 3.140000000000000000e+03 2.170000000000000000e+03
1.131178870000000000e+08 5.040000000000000000e+03 4.440000000000000000e+03 3.130000000000000000e+03 2.160000000000000000e+03
1.131180940000000000e+08 5.040000000000000000e+03 4.430000000000000000e+03 3.130000000000000000e+03 2.160000000000000000e+03
1.131183020000000000e+08 5.030000000000000000e+03 4.420000000000000000e+03 3.130000000000000000e+03 2.160000000000000000e+03
1.131185090000000000e+08 5.020000000000000000e+03 4.420000000000000000e+03 3.120000000000000000e+03 2.160000000000000000e+03
1.131187170000000000e+08 5.020000000000000000e+03 4.420000000000000000e+03 3.120000000000000000e+03 2.170000000000000000e+03
1.131189260000000000e+08 5.030000000000000000e+03 4.420000000000000000e+03 3.130000000000000000e+03 2.160000000000000000e+03
1.131191330000000000e+08 5.030000000000000000e+03 4.430000000000000000e+03 3.140000000000000000e+03 2.170000000000000000e+03
1.131193410000000000e+08 5.030000000000000000e+03 4.430000000000000000e+03 3.140000000000000000e+03 2.170000000000000000e+03
1.131195490000000000e+08 5.030000000000000000e+03 4.430000000000000000e+03 3.140000000000000000e+03 2.170000000000000000e+03
1.131197570000000000e+08 5.030000000000000000e+03 4.430000000000000000e+03 3.130000000000000000e+03 2.180000000000000000e+03
1.131199650000000000e+08 5.030000000000000000e+03 4.420000000000000000e+03 3.130000000000000000e+03 2.180000000000000000e+03
1.131201730000000000e+08 5.020000000000000000e+03 4.420000000000000000e+03 3.140000000000000000e+03 2.180000000000000000e+03
1.131203810000000000e+08 5.030000000000000000e+03 4.420000000000000000e+03 3.140000000000000000e+03 2.180000000000000000e+03
1.131205890000000000e+08 5.030000000000000000e+03 4.420000000000000000e+03 3.140000000000000000e+03 2.180000000000000000e+03
1.131207970000000000e+08 5.040000000000000000e+03 4.420000000000000000e+03 3.130000000000000000e+03 2.180000000000000000e+03
1.131210050000000000e+08 5.040000000000000000e+03 4.430000000000000000e+03 3.130000000000000000e+03 2.180000000000000000e+03
1.131212130000000000e+08 5.040000000000000000e+03 4.440000000000000000e+03 3.130000000000000000e+03 2.180000000000000000e+03
1.131214210000000000e+08 5.040000000000000000e+03 4.430000000000000000e+03 3.120000000000000000e+03 2.180000000000000000e+03
1.131216290000000000e+08 5.040000000000000000e+03 4.430000000000000000e+03 3.110000000000000000e+03 2.180000000000000000e+03
1.131218370000000000e+08 5.040000000000000000e+03 4.430000000000000000e+03 3.120000000000000000e+03 2.180000000000000000e+03
1.131220450000000000e+08 5.030000000000000000e+03 4.430000000000000000e+03 3.140000000000000000e+03 2.180000000000000000e+03
1.131222530000000000e+08 5.030000000000000000e+03 4.440000000000000000e+03 3.140000000000000000e+03 2.170000000000000000e+03
1.131224610000000000e+08 5.030000000000000000e+03 4.440000000000000000e+03 3.140000000000000000e+03 2.180000000000000000e+03
1.131226690000000000e+08 5.020000000000000000e+03 4.440000000000000000e+03 3.140000000000000000e+03 2.180000000000000000e+03
1.131228770000000000e+08 5.030000000000000000e+03 4.430000000000000000e+03 3.150000000000000000e+03 2.170000000000000000e+03
1.131230850000000000e+08 5.030000000000000000e+03 4.420000000000000000e+03 3.140000000000000000e+03 2.170000000000000000e+03
1.131232930000000000e+08 5.030000000000000000e+03 4.430000000000000000e+03 3.150000000000000000e+03 2.170000000000000000e+03
1.131235010000000000e+08 5.030000000000000000e+03 4.430000000000000000e+03 3.140000000000000000e+03 2.160000000000000000e+03
1.131237090000000000e+08 5.030000000000000000e+03 4.430000000000000000e+03 3.140000000000000000e+03 2.160000000000000000e+03
1.131239160000000000e+08 5.030000000000000000e+03 4.430000000000000000e+03 3.140000000000000000e+03 2.160000000000000000e+03
1.131241250000000000e+08 5.030000000000000000e+03 4.420000000000000000e+03 3.140000000000000000e+03 2.160000000000000000e+03
1.131243330000000000e+08 5.030000000000000000e+03 4.420000000000000000e+03 3.160000000000000000e+03 2.160000000000000000e+03
1.131245400000000000e+08 5.030000000000000000e+03 4.430000000000000000e+03 3.140000000000000000e+03 2.160000000000000000e+03
1.131247490000000000e+08 5.020000000000000000e+03 4.420000000000000000e+03 3.140000000000000000e+03 2.170000000000000000e+03
1.131249560000000000e+08 5.030000000000000000e+03 4.430000000000000000e+03 3.130000000000000000e+03 2.170000000000000000e+03
1.131251640000000000e+08 5.030000000000000000e+03 4.440000000000000000e+03 3.140000000000000000e+03 2.170000000000000000e+03
1.131253720000000000e+08 5.030000000000000000e+03 4.430000000000000000e+03 3.120000000000000000e+03 2.180000000000000000e+03
1.131255800000000000e+08 5.020000000000000000e+03 4.430000000000000000e+03 3.120000000000000000e+03 2.180000000000000000e+03
1.131257880000000000e+08 5.020000000000000000e+03 4.430000000000000000e+03 3.140000000000000000e+03 2.180000000000000000e+03
1.131259960000000000e+08 5.030000000000000000e+03 4.430000000000000000e+03 3.140000000000000000e+03 2.180000000000000000e+03
1.131262040000000000e+08 5.020000000000000000e+03 4.420000000000000000e+03 3.120000000000000000e+03 2.180000000000000000e+03
1.131264120000000000e+08 5.020000000000000000e+03 4.420000000000000000e+03 3.130000000000000000e+03 2.180000000000000000e+03
1.131266200000000000e+08 5.020000000000000000e+03 4.430000000000000000e+03 3.140000000000000000e+03 2.180000000000000000e+03
1.131268300000000000e+08 5.020000000000000000e+03 4.430000000000000000e+03 3.140000000000000000e+03 2.180000000000000000e+03
1.131270360000000000e+08 5.020000000000000000e+03 4.440000000000000000e+03 3.140000000000000000e+03 2.180000000000000000e+03
1.131272440000000000e+08 5.030000000000000000e+03 4.440000000000000000e+03 3.150000000000000000e+03 2.180000000000000000e+03
1.131274520000000000e+08 5.030000000000000000e+03 4.440000000000000000e+03 3.150000000000000000e+03 2.180000000000000000e+03
1.131276600000000000e+08 5.030000000000000000e+03 4.440000000000000000e+03 3.140000000000000000e+03 2.180000000000000000e+03
1.131278680000000000e+08 5.030000000000000000e+03 4.440000000000000000e+03 3.150000000000000000e+03 2.180000000000000000e+03
1.131280760000000000e+08 5.030000000000000000e+03 4.440000000000000000e+03 3.140000000000000000e+03 2.180000000000000000e+03
1.131282840000000000e+08 5.040000000000000000e+03 4.440000000000000000e+03 3.130000000000000000e+03 2.170000000000000000e+03
1.131284920000000000e+08 5.040000000000000000e+03 4.430000000000000000e+03 3.130000000000000000e+03 2.170000000000000000e+03
1.131287000000000000e+08 5.030000000000000000e+03 4.430000000000000000e+03 3.140000000000000000e+03 2.180000000000000000e+03
1.131289080000000000e+08 5.030000000000000000e+03 4.440000000000000000e+03 3.140000000000000000e+03 2.180000000000000000e+03
1.131291150000000000e+08 5.040000000000000000e+03 4.440000000000000000e+03 3.140000000000000000e+03 2.180000000000000000e+03
1.131293230000000000e+08 5.040000000000000000e+03 4.440000000000000000e+03 3.150000000000000000e+03 2.180000000000000000e+03
1.131295320000000000e+08 5.030000000000000000e+03 4.440000000000000000e+03 3.130000000000000000e+03 2.180000000000000000e+03
1.131297390000000000e+08 5.030000000000000000e+03 4.440000000000000000e+03 3.140000000000000000e+03 2.180000000000000000e+03
1.131299470000000000e+08 5.030000000000000000e+03 4.440000000000000000e+03 3.140000000000000000e+03 2.180000000000000000e+03
1.131301560000000000e+08 5.030000000000000000e+03 4.440000000000000000e+03 3.160000000000000000e+03 2.180000000000000000e+03
1.131303640000000000e+08 5.040000000000000000e+03 4.440000000000000000e+03 3.140000000000000000e+03 2.180000000000000000e+03
1.131305710000000000e+08 5.040000000000000000e+03 4.430000000000000000e+03 3.140000000000000000e+03 2.180000000000000000e+03
1.131307790000000000e+08 5.030000000000000000e+03 4.430000000000000000e+03 3.140000000000000000e+03 2.190000000000000000e+03
1.131309870000000000e+08 5.030000000000000000e+03 4.430000000000000000e+03 3.150000000000000000e+03 2.190000000000000000e+03
1.131311950000000000e+08 5.040000000000000000e+03 4.430000000000000000e+03 3.150000000000000000e+03 2.190000000000000000e+03
1.131314030000000000e+08 5.040000000000000000e+03 4.420000000000000000e+03 3.150000000000000000e+03 2.180000000000000000e+03
1.131316110000000000e+08 5.040000000000000000e+03 4.430000000000000000e+03 3.140000000000000000e+03 2.180000000000000000e+03
1.131318190000000000e+08 5.040000000000000000e+03 4.430000000000000000e+03 3.120000000000000000e+03 2.190000000000000000e+03
1.131320270000000000e+08 5.040000000000000000e+03 4.430000000000000000e+03 3.130000000000000000e+03 2.190000000000000000e+03
1.131322350000000000e+08 5.040000000000000000e+03 4.420000000000000000e+03 3.130000000000000000e+03 2.190000000000000000e+03
1.131324430000000000e+08 5.040000000000000000e+03 4.430000000000000000e+03 3.140000000000000000e+03 2.190000000000000000e+03
1.131326510000000000e+08 5.040000000000000000e+03 4.430000000000000000e+03 3.140000000000000000e+03 2.180000000000000000e+03
1.131328590000000000e+08 5.040000000000000000e+03 4.430000000000000000e+03 3.150000000000000000e+03 2.180000000000000000e+03
1.131330660000000000e+08 5.040000000000000000e+03 4.430000000000000000e+03 3.150000000000000000e+03 2.180000000000000000e+03
1.131332750000000000e+08 5.040000000000000000e+03 4.430000000000000000e+03 3.150000000000000000e+03 2.180000000000000000e+03
1.131334830000000000e+08 5.040000000000000000e+03 4.440000000000000000e+03 3.130000000000000000e+03 2.190000000000000000e+03
1.131336910000000000e+08 5.040000000000000000e+03 4.440000000000000000e+03 3.130000000000000000e+03 2.190000000000000000e+03
1.131338980000000000e+08 5.040000000000000000e+03 4.440000000000000000e+03 3.150000000000000000e+03 2.190000000000000000e+03
1.131341070000000000e+08 5.040000000000000000e+03 4.430000000000000000e+03 3.160000000000000000e+03 2.190000000000000000e+03
1.131343150000000000e+08 5.040000000000000000e+03 4.440000000000000000e+03 3.140000000000000000e+03 2.190000000000000000e+03
1.131345230000000000e+08 5.030000000000000000e+03 4.440000000000000000e+03 3.150000000000000000e+03 2.180000000000000000e+03
1.131347310000000000e+08 5.030000000000000000e+03 4.440000000000000000e+03 3.140000000000000000e+03 2.180000000000000000e+03
1.131349390000000000e+08 5.020000000000000000e+03 4.440000000000000000e+03 3.140000000000000000e+03 2.180000000000000000e+03
1.131351470000000000e+08 5.020000000000000000e+03 4.450000000000000000e+03 3.140000000000000000e+03 2.170000000000000000e+03
1.131353550000000000e+08 5.020000000000000000e+03 4.440000000000000000e+03 3.130000000000000000e+03 2.170000000000000000e+03
1.131355630000000000e+08 5.030000000000000000e+03 4.430000000000000000e+03 3.140000000000000000e+03 2.170000000000000000e+03
1.131357700000000000e+08 5.030000000000000000e+03 4.430000000000000000e+03 3.140000000000000000e+03 2.170000000000000000e+03
1.131359780000000000e+08 5.040000000000000000e+03 4.430000000000000000e+03 3.140000000000000000e+03 2.160000000000000000e+03
1.131361860000000000e+08 5.040000000000000000e+03 4.440000000000000000e+03 3.150000000000000000e+03 2.170000000000000000e+03
1.131363940000000000e+08 5.030000000000000000e+03 4.440000000000000000e+03 3.140000000000000000e+03 2.160000000000000000e+03
1.131366020000000000e+08 5.030000000000000000e+03 4.440000000000000000e+03 3.150000000000000000e+03 2.170000000000000000e+03
1.131368100000000000e+08 5.020000000000000000e+03 4.430000000000000000e+03 3.150000000000000000e+03 2.180000000000000000e+03
1.131370180000000000e+08 5.020000000000000000e+03 4.430000000000000000e+03 3.150000000000000000e+03 2.180000000000000000e+03
1.131372260000000000e+08 5.020000000000000000e+03 4.430000000000000000e+03 3.160000000000000000e+03 2.180000000000000000e+03
1.131374340000000000e+08 5.020000000000000000e+03 4.440000000000000000e+03 3.170000000000000000e+03 2.180000000000000000e+03
1.131376420000000000e+08 5.020000000000000000e+03 4.440000000000000000e+03 3.160000000000000000e+03 2.180000000000000000e+03
1.131378500000000000e+08 5.030000000000000000e+03 4.430000000000000000e+03 3.160000000000000000e+03 2.180000000000000000e+03
1.131380580000000000e+08 5.030000000000000000e+03 4.430000000000000000e+03 3.170000000000000000e+03 2.180000000000000000e+03
1.131382660000000000e+08 5.030000000000000000e+03 4.430000000000000000e+03 3.160000000000000000e+03 2.180000000000000000e+03
1.131384740000000000e+08 5.030000000000000000e+03 4.430000000000000000e+03 3.160000000000000000e+03 2.180000000000000000e+03
1.131386820000000000e+08 5.040000000000000000e+03 4.440000000000000000e+03 3.150000000000000000e+03 2.180000000000000000e+03
1.131388900000000000e+08 5.050000000000000000e+03 4.440000000000000000e+03 3.160000000000000000e+03 2.180000000000000000e+03
1.131390980000000000e+08 5.040000000000000000e+03 4.430000000000000000e+03 3.170000000000000000e+03 2.170000000000000000e+03
1.131393060000000000e+08 5.040000000000000000e+03 4.420000000000000000e+03 3.170000000000000000e+03 2.170000000000000000e+03
1.131395140000000000e+08 5.040000000000000000e+03 4.410000000000000000e+03 3.170000000000000000e+03 2.170000000000000000e+03
1.131397220000000000e+08 5.040000000000000000e+03 4.420000000000000000e+03 3.160000000000000000e+03 2.170000000000000000e+03
1.131399300000000000e+08 5.050000000000000000e+03 4.420000000000000000e+03 3.160000000000000000e+03 2.170000000000000000e+03
1.131401370000000000e+08 5.050000000000000000e+03 4.420000000000000000e+03 3.160000000000000000e+03 2.170000000000000000e+03
1.131403450000000000e+08 5.050000000000000000e+03 4.410000000000000000e+03 3.160000000000000000e+03 2.170000000000000000e+03
1.131405540000000000e+08 5.040000000000000000e+03 4.410000000000000000e+03 3.160000000000000000e+03 2.170000000000000000e+03
1.131407620000000000e+08 5.040000000000000000e+03 4.410000000000000000e+03 3.150000000000000000e+03 2.160000000000000000e+03
1.131409700000000000e+08 5.040000000000000000e+03 4.420000000000000000e+03 3.150000000000000000e+03 2.170000000000000000e+03
1.131411770000000000e+08 5.050000000000000000e+03 4.420000000000000000e+03 3.140000000000000000e+03 2.170000000000000000e+03
1.131413860000000000e+08 5.040000000000000000e+03 4.430000000000000000e+03 3.140000000000000000e+03 2.160000000000000000e+03
1.131415930000000000e+08 5.040000000000000000e+03 4.430000000000000000e+03 3.130000000000000000e+03 2.160000000000000000e+03
1.131418010000000000e+08 5.030000000000000000e+03 4.430000000000000000e+03 3.120000000000000000e+03 2.160000000000000000e+03
1.131420090000000000e+08 5.020000000000000000e+03 4.440000000000000000e+03 3.120000000000000000e+03 2.170000000000000000e+03
1.131422170000000000e+08 5.030000000000000000e+03 4.440000000000000000e+03 3.120000000000000000e+03 2.180000000000000000e+03
1.131424250000000000e+08 5.030000000000000000e+03 4.440000000000000000e+03 3.120000000000000000e+03 2.180000000000000000e+03
1.131426330000000000e+08 5.040000000000000000e+03 4.450000000000000000e+03 3.120000000000000000e+03 2.180000000000000000e+03
1.131428410000000000e+08 5.040000000000000000e+03 4.450000000000000000e+03 3.120000000000000000e+03 2.180000000000000000e+03
1.131430490000000000e+08 5.040000000000000000e+03 4.450000000000000000e+03 3.120000000000000000e+03 2.180000000000000000e+03
1.131432570000000000e+08 5.030000000000000000e+03 4.440000000000000000e+03 3.130000000000000000e+03 2.190000000000000000e+03
1.131434650000000000e+08 5.040000000000000000e+03 4.440000000000000000e+03 3.150000000000000000e+03 2.190000000000000000e+03
1.131436730000000000e+08 5.040000000000000000e+03 4.430000000000000000e+03 3.170000000000000000e+03 2.190000000000000000e+03
1.131438810000000000e+08 5.030000000000000000e+03 4.430000000000000000e+03 3.170000000000000000e+03 2.190000000000000000e+03
1.131440890000000000e+08 5.040000000000000000e+03 4.430000000000000000e+03 3.160000000000000000e+03 2.190000000000000000e+03
1.131442970000000000e+08 5.040000000000000000e+03 4.430000000000000000e+03 3.150000000000000000e+03 2.190000000000000000e+03
1.131445050000000000e+08 5.040000000000000000e+03 4.440000000000000000e+03 3.150000000000000000e+03 2.190000000000000000e+03
1.131447130000000000e+08 5.040000000000000000e+03 4.430000000000000000e+03 3.150000000000000000e+03 2.200000000000000000e+03
1.131449210000000000e+08 5.040000000000000000e+03 4.430000000000000000e+03 3.160000000000000000e+03 2.190000000000000000e+03
1.131451290000000000e+08 5.040000000000000000e+03 4.430000000000000000e+03 3.160000000000000000e+03 2.180000000000000000e+03
1.131453360000000000e+08 5.030000000000000000e+03 4.430000000000000000e+03 3.160000000000000000e+03 2.170000000000000000e+03
1.131455450000000000e+08 5.030000000000000000e+03 4.430000000000000000e+03 3.150000000000000000e+03 2.170000000000000000e+03
1.131457520000000000e+08 5.020000000000000000e+03 4.430000000000000000e+03 3.160000000000000000e+03 2.170000000000000000e+03
1.131459610000000000e+08 5.020000000000000000e+03 4.420000000000000000e+03 3.160000000000000000e+03 2.180000000000000000e+03
1.131461690000000000e+08 5.020000000000000000e+03 4.420000000000000000e+03 3.160000000000000000e+03 2.170000000000000000e+03
1.131463770000000000e+08 5.030000000000000000e+03 4.420000000000000000e+03 3.140000000000000000e+03 2.170000000000000000e+03
1.131465850000000000e+08 5.030000000000000000e+03 4.420000000000000000e+03 3.130000000000000000e+03 2.170000000000000000e+03
1.131467930000000000e+08 5.020000000000000000e+03 4.420000000000000000e+03 3.130000000000000000e+03 2.170000000000000000e+03
1.131470010000000000e+08 5.020000000000000000e+03 4.420000000000000000e+03 3.120000000000000000e+03 2.170000000000000000e+03
1.131472080000000000e+08 5.020000000000000000e+03 4.430000000000000000e+03 3.140000000000000000e+03 2.170000000000000000e+03
1.131474210000000000e+08 5.020000000000000000e+03 4.440000000000000000e+03 3.150000000000000000e+03 2.180000000000000000e+03
1.131476250000000000e+08 5.020000000000000000e+03 4.450000000000000000e+03 3.150000000000000000e+03 2.180000000000000000e+03
1.131478360000000000e+08 5.020000000000000000e+03 4.450000000000000000e+03 3.150000000000000000e+03 2.180000000000000000e+03
1.131480400000000000e+08 5.020000000000000000e+03 4.450000000000000000e+03 3.160000000000000000e+03 2.180000000000000000e+03
1.131482490000000000e+08 5.030000000000000000e+03 4.450000000000000000e+03 3.150000000000000000e+03 2.180000000000000000e+03
1.131484570000000000e+08 5.030000000000000000e+03 4.450000000000000000e+03 3.160000000000000000e+03 2.180000000000000000e+03
1.131486640000000000e+08 5.040000000000000000e+03 4.430000000000000000e+03 3.170000000000000000e+03 2.180000000000000000e+03
