1.133169530000000000e+08 4.630000000000000000e+03 3.980000000000000000e+03 3.290000000000000000e+03 2.470000000000000000e+03
1.133171610000000000e+08 4.620000000000000000e+03 3.980000000000000000e+03 3.300000000000000000e+03 2.450000000000000000e+03
1.133173690000000000e+08 4.630000000000000000e+03 3.960000000000000000e+03 3.300000000000000000e+03 2.470000000000000000e+03
1.133175770000000000e+08 4.630000000000000000e+03 3.960000000000000000e+03 3.310000000000000000e+03 2.470000000000000000e+03
1.133178070000000000e+08 4.640000000000000000e+03 3.960000000000000000e+03 3.310000000000000000e+03 2.460000000000000000e+03
1.133179920000000000e+08 4.640000000000000000e+03 3.960000000000000000e+03 3.310000000000000000e+03 2.470000000000000000e+03
1.133182010000000000e+08 4.630000000000000000e+03 3.960000000000000000e+03 3.320000000000000000e+03 2.470000000000000000e+03
1.133184080000000000e+08 4.620000000000000000e+03 3.980000000000000000e+03 3.330000000000000000e+03 2.470000000000000000e+03
1.133186170000000000e+08 4.620000000000000000e+03 3.960000000000000000e+03 3.330000000000000000e+03 2.470000000000000000e+03
1.133188250000000000e+08 4.620000000000000000e+03 3.960000000000000000e+03 3.340000000000000000e+03 2.470000000000000000e+03
1.133190320000000000e+08 4.630000000000000000e+03 3.980000000000000000e+03 3.330000000000000000e+03 2.460000000000000000e+03
1.133192400000000000e+08 4.630000000000000000e+03 3.980000000000000000e+03 3.330000000000000000e+03 2.470000000000000000e+03
1.133194480000000000e+08 4.640000000000000000e+03 3.980000000000000000e+03 3.330000000000000000e+03 2.480000000000000000e+03
1.133198640000000000e+08 4.630000000000000000e+03 3.960000000000000000e+03 3.340000000000000000e+03 2.460000000000000000e+03
1.133200720000000000e+08 4.630000000000000000e+03 3.980000000000000000e+03 3.330000000000000000e+03 2.450000000000000000e+03
1.133202800000000000e+08 4.640000000000000000e+03 3.980000000000000000e+03 3.330000000000000000e+03 2.460000000000000000e+03
1.133204880000000000e+08 4.640000000000000000e+03 3.980000000000000000e+03 3.310000000000000000e+03 2.450000000000000000e+03
1.133206960000000000e+08 4.630000000000000000e+03 3.980000000000000000e+03 3.330000000000000000e+03 2.460000000000000000e+03
1.133209040000000000e+08 4.630000000000000000e+03 3.960000000000000000e+03 3.330000000000000000e+03 2.480000000000000000e+03
1.133211120000000000e+08 4.630000000000000000e+03 3.960000000000000000e+03 3.330000000000000000e+03 2.480000000000000000e+03
1.133213200000000000e+08 4.640000000000000000e+03 3.960000000000000000e+03 3.320000000000000000e+03 2.470000000000000000e+03
1.133215290000000000e+08 4.640000000000000000e+03 3.980000000000000000e+03 3.320000000000000000e+03 2.490000000000000000e+03
1.133217360000000000e+08 4.640000000000000000e+03 3.980000000000000000e+03 3.320000000000000000e+03 2.470000000000000000e+03
1.133219440000000000e+08 4.640000000000000000e+03 3.980000000000000000e+03 3.320000000000000000e+03 2.470000000000000000e+03
1.133221520000000000e+08 4.630000000000000000e+03 3.980000000000000000e+03 3.320000000000000000e+03 2.480000000000000000e+03
1.133223600000000000e+08 4.630000000000000000e+03 3.960000000000000000e+03 3.320000000000000000e+03 2.460000000000000000e+03
1.133225680000000000e+08 4.640000000000000000e+03 3.980000000000000000e+03 3.320000000000000000e+03 2.470000000000000000e+03
1.133227760000000000e+08 4.640000000000000000e+03 3.980000000000000000e+03 3.320000000000000000e+03 2.470000000000000000e+03
1.133229840000000000e+08 4.630000000000000000e+03 3.980000000000000000e+03 3.320000000000000000e+03 2.450000000000000000e+03
1.133231920000000000e+08 4.630000000000000000e+03 3.980000000000000000e+03 3.320000000000000000e+03 2.450000000000000000e+03
1.133234000000000000e+08 4.630000000000000000e+03 3.980000000000000000e+03 3.320000000000000000e+03 2.460000000000000000e+03
1.133236080000000000e+08 4.630000000000000000e+03 3.980000000000000000e+03 3.320000000000000000e+03 2.460000000000000000e+03
1.133238160000000000e+08 4.630000000000000000e+03 3.980000000000000000e+03 3.320000000000000000e+03 2.470000000000000000e+03
1.133240240000000000e+08 4.630000000000000000e+03 3.960000000000000000e+03 3.320000000000000000e+03 2.450000000000000000e+03
1.133242320000000000e+08 4.630000000000000000e+03 3.960000000000000000e+03 3.320000000000000000e+03 2.450000000000000000e+03
1.133244400000000000e+08 4.630000000000000000e+03 3.960000000000000000e+03 3.330000000000000000e+03 2.470000000000000000e+03
1.133246470000000000e+08 4.630000000000000000e+03 3.980000000000000000e+03 3.340000000000000000e+03 2.470000000000000000e+03
1.133248560000000000e+08 4.630000000000000000e+03 3.980000000000000000e+03 3.330000000000000000e+03 2.480000000000000000e+03
1.133250640000000000e+08 4.630000000000000000e+03 3.980000000000000000e+03 3.330000000000000000e+03 2.470000000000000000e+03
1.133252720000000000e+08 4.630000000000000000e+03 3.980000000000000000e+03 3.330000000000000000e+03 2.480000000000000000e+03
1.133254790000000000e+08 4.630000000000000000e+03 3.990000000000000000e+03 3.340000000000000000e+03 2.480000000000000000e+03
1.133256870000000000e+08 4.640000000000000000e+03 3.980000000000000000e+03 3.340000000000000000e+03 2.470000000000000000e+03
1.133258950000000000e+08 4.640000000000000000e+03 3.980000000000000000e+03 3.330000000000000000e+03 2.470000000000000000e+03
1.133261030000000000e+08 4.650000000000000000e+03 3.960000000000000000e+03 3.340000000000000000e+03 2.480000000000000000e+03
1.133263110000000000e+08 4.640000000000000000e+03 3.960000000000000000e+03 3.330000000000000000e+03 2.480000000000000000e+03
1.133265190000000000e+08 4.650000000000000000e+03 3.960000000000000000e+03 3.330000000000000000e+03 2.470000000000000000e+03
1.133267270000000000e+08 4.640000000000000000e+03 3.960000000000000000e+03 3.320000000000000000e+03 2.450000000000000000e+03
1.133269350000000000e+08 4.640000000000000000e+03 3.980000000000000000e+03 3.320000000000000000e+03 2.450000000000000000e+03
1.133271430000000000e+08 4.630000000000000000e+03 3.990000000000000000e+03 3.320000000000000000e+03 2.460000000000000000e+03
1.133273510000000000e+08 4.630000000000000000e+03 3.990000000000000000e+03 3.320000000000000000e+03 2.470000000000000000e+03
1.133275590000000000e+08 4.640000000000000000e+03 3.990000000000000000e+03 3.320000000000000000e+03 2.460000000000000000e+03
1.133277670000000000e+08 4.640000000000000000e+03 3.980000000000000000e+03 3.330000000000000000e+03 2.450000000000000000e+03
1.133279750000000000e+08 4.630000000000000000e+03 3.980000000000000000e+03 3.320000000000000000e+03 2.470000000000000000e+03
1.133281830000000000e+08 4.630000000000000000e+03 3.980000000000000000e+03 3.320000000000000000e+03 2.470000000000000000e+03
1.133283910000000000e+08 4.640000000000000000e+03 3.980000000000000000e+03 3.330000000000000000e+03 2.480000000000000000e+03
1.133285990000000000e+08 4.640000000000000000e+03 3.980000000000000000e+03 3.330000000000000000e+03 2.460000000000000000e+03
1.133288070000000000e+08 4.640000000000000000e+03 3.960000000000000000e+03 3.330000000000000000e+03 2.460000000000000000e+03
1.133290150000000000e+08 4.640000000000000000e+03 3.960000000000000000e+03 3.340000000000000000e+03 2.450000000000000000e+03
1.133292230000000000e+08 4.640000000000000000e+03 3.960000000000000000e+03 3.330000000000000000e+03 2.450000000000000000e+03
1.133294310000000000e+08 4.630000000000000000e+03 3.960000000000000000e+03 3.310000000000000000e+03 2.470000000000000000e+03
1.133296390000000000e+08 4.640000000000000000e+03 3.980000000000000000e+03 3.310000000000000000e+03 2.470000000000000000e+03
1.133298470000000000e+08 4.640000000000000000e+03 3.980000000000000000e+03 3.320000000000000000e+03 2.450000000000000000e+03
1.133300550000000000e+08 4.640000000000000000e+03 3.960000000000000000e+03 3.310000000000000000e+03 2.460000000000000000e+03
1.133302630000000000e+08 4.630000000000000000e+03 3.980000000000000000e+03 3.310000000000000000e+03 2.460000000000000000e+03
1.133304700000000000e+08 4.630000000000000000e+03 3.960000000000000000e+03 3.320000000000000000e+03 2.460000000000000000e+03
1.133306790000000000e+08 4.640000000000000000e+03 3.960000000000000000e+03 3.310000000000000000e+03 2.450000000000000000e+03
1.133308860000000000e+08 4.650000000000000000e+03 3.960000000000000000e+03 3.320000000000000000e+03 2.470000000000000000e+03
1.133310940000000000e+08 4.650000000000000000e+03 3.960000000000000000e+03 3.320000000000000000e+03 2.460000000000000000e+03
1.133313020000000000e+08 4.640000000000000000e+03 3.960000000000000000e+03 3.320000000000000000e+03 2.470000000000000000e+03
1.133315100000000000e+08 4.640000000000000000e+03 3.960000000000000000e+03 3.320000000000000000e+03 2.470000000000000000e+03
1.133317180000000000e+08 4.630000000000000000e+03 3.980000000000000000e+03 3.320000000000000000e+03 2.470000000000000000e+03
1.133319260000000000e+08 4.630000000000000000e+03 3.990000000000000000e+03 3.340000000000000000e+03 2.480000000000000000e+03
1.133327580000000000e+08 4.640000000000000000e+03 3.960000000000000000e+03 3.340000000000000000e+03 2.470000000000000000e+03
1.133329660000000000e+08 4.640000000000000000e+03 3.950000000000000000e+03 3.330000000000000000e+03 2.470000000000000000e+03
1.133331740000000000e+08 4.640000000000000000e+03 3.950000000000000000e+03 3.330000000000000000e+03 2.460000000000000000e+03
1.133333820000000000e+08 4.640000000000000000e+03 3.950000000000000000e+03 3.330000000000000000e+03 2.450000000000000000e+03
1.133335900000000000e+08 4.640000000000000000e+03 3.960000000000000000e+03 3.320000000000000000e+03 2.430000000000000000e+03
1.133337980000000000e+08 4.630000000000000000e+03 3.960000000000000000e+03 3.310000000000000000e+03 2.420000000000000000e+03
1.133340080000000000e+08 4.630000000000000000e+03 3.950000000000000000e+03 3.310000000000000000e+03 2.420000000000000000e+03
1.133342140000000000e+08 4.630000000000000000e+03 3.950000000000000000e+03 3.320000000000000000e+03 2.420000000000000000e+03
1.133344210000000000e+08 4.630000000000000000e+03 3.960000000000000000e+03 3.320000000000000000e+03 2.450000000000000000e+03
1.133346300000000000e+08 4.630000000000000000e+03 3.950000000000000000e+03 3.320000000000000000e+03 2.460000000000000000e+03
1.133348380000000000e+08 4.630000000000000000e+03 3.950000000000000000e+03 3.310000000000000000e+03 2.460000000000000000e+03
1.133350460000000000e+08 4.630000000000000000e+03 3.960000000000000000e+03 3.320000000000000000e+03 2.450000000000000000e+03
1.133352540000000000e+08 4.630000000000000000e+03 3.980000000000000000e+03 3.320000000000000000e+03 2.440000000000000000e+03
1.133354620000000000e+08 4.630000000000000000e+03 3.960000000000000000e+03 3.330000000000000000e+03 2.440000000000000000e+03
1.133356720000000000e+08 4.630000000000000000e+03 3.980000000000000000e+03 3.330000000000000000e+03 2.440000000000000000e+03
1.133358780000000000e+08 4.630000000000000000e+03 3.960000000000000000e+03 3.330000000000000000e+03 2.460000000000000000e+03
1.133360850000000000e+08 4.640000000000000000e+03 3.980000000000000000e+03 3.330000000000000000e+03 2.470000000000000000e+03
1.133362930000000000e+08 4.640000000000000000e+03 3.980000000000000000e+03 3.330000000000000000e+03 2.480000000000000000e+03
1.133365010000000000e+08 4.650000000000000000e+03 3.980000000000000000e+03 3.320000000000000000e+03 2.480000000000000000e+03
1.133367100000000000e+08 4.630000000000000000e+03 3.980000000000000000e+03 3.320000000000000000e+03 2.490000000000000000e+03
1.133369170000000000e+08 4.630000000000000000e+03 3.980000000000000000e+03 3.320000000000000000e+03 2.490000000000000000e+03
1.133371250000000000e+08 4.640000000000000000e+03 3.980000000000000000e+03 3.320000000000000000e+03 2.500000000000000000e+03
1.133373330000000000e+08 4.640000000000000000e+03 3.980000000000000000e+03 3.320000000000000000e+03 2.500000000000000000e+03
1.133375410000000000e+08 4.640000000000000000e+03 3.980000000000000000e+03 3.320000000000000000e+03 2.490000000000000000e+03
1.133377490000000000e+08 4.640000000000000000e+03 3.980000000000000000e+03 3.320000000000000000e+03 2.470000000000000000e+03
1.133379570000000000e+08 4.630000000000000000e+03 3.980000000000000000e+03 3.320000000000000000e+03 2.450000000000000000e+03
1.133381650000000000e+08 4.640000000000000000e+03 3.980000000000000000e+03 3.320000000000000000e+03 2.460000000000000000e+03
1.133383730000000000e+08 4.640000000000000000e+03 3.980000000000000000e+03 3.310000000000000000e+03 2.470000000000000000e+03
1.133385810000000000e+08 4.640000000000000000e+03 3.980000000000000000e+03 3.300000000000000000e+03 2.480000000000000000e+03
1.133387890000000000e+08 4.640000000000000000e+03 3.980000000000000000e+03 3.300000000000000000e+03 2.480000000000000000e+03
1.133389970000000000e+08 4.640000000000000000e+03 3.990000000000000000e+03 3.300000000000000000e+03 2.480000000000000000e+03
1.133392050000000000e+08 4.640000000000000000e+03 3.980000000000000000e+03 3.310000000000000000e+03 2.480000000000000000e+03
1.133394130000000000e+08 4.640000000000000000e+03 3.990000000000000000e+03 3.310000000000000000e+03 2.480000000000000000e+03
1.133396210000000000e+08 4.640000000000000000e+03 3.990000000000000000e+03 3.310000000000000000e+03 2.480000000000000000e+03
1.133398290000000000e+08 4.640000000000000000e+03 3.980000000000000000e+03 3.330000000000000000e+03 2.490000000000000000e+03
1.133400370000000000e+08 4.640000000000000000e+03 3.980000000000000000e+03 3.330000000000000000e+03 2.490000000000000000e+03
1.133402450000000000e+08 4.630000000000000000e+03 3.980000000000000000e+03 3.330000000000000000e+03 2.480000000000000000e+03
1.133404530000000000e+08 4.640000000000000000e+03 3.980000000000000000e+03 3.330000000000000000e+03 2.470000000000000000e+03
1.133406610000000000e+08 4.630000000000000000e+03 3.960000000000000000e+03 3.320000000000000000e+03 2.460000000000000000e+03
1.133408690000000000e+08 4.630000000000000000e+03 3.960000000000000000e+03 3.320000000000000000e+03 2.470000000000000000e+03
1.133410770000000000e+08 4.630000000000000000e+03 3.960000000000000000e+03 3.330000000000000000e+03 2.470000000000000000e+03
1.133412850000000000e+08 4.630000000000000000e+03 3.960000000000000000e+03 3.340000000000000000e+03 2.470000000000000000e+03
1.133414930000000000e+08 4.630000000000000000e+03 3.960000000000000000e+03 3.320000000000000000e+03 2.470000000000000000e+03
1.133417010000000000e+08 4.630000000000000000e+03 3.960000000000000000e+03 3.310000000000000000e+03 2.460000000000000000e+03
1.133419090000000000e+08 4.630000000000000000e+03 3.980000000000000000e+03 3.310000000000000000e+03 2.450000000000000000e+03
1.133421160000000000e+08 4.630000000000000000e+03 3.980000000000000000e+03 3.320000000000000000e+03 2.450000000000000000e+03
1.133423250000000000e+08 4.630000000000000000e+03 3.980000000000000000e+03 3.320000000000000000e+03 2.450000000000000000e+03
1.133425990000000000e+08 4.620000000000000000e+03 3.980000000000000000e+03 3.330000000000000000e+03 2.460000000000000000e+03
1.133427400000000000e+08 4.620000000000000000e+03 3.980000000000000000e+03 3.330000000000000000e+03 2.470000000000000000e+03
1.133429480000000000e+08 4.620000000000000000e+03 3.980000000000000000e+03 3.320000000000000000e+03 2.470000000000000000e+03
1.133431560000000000e+08 4.620000000000000000e+03 3.980000000000000000e+03 3.320000000000000000e+03 2.460000000000000000e+03
1.133433640000000000e+08 4.620000000000000000e+03 3.980000000000000000e+03 3.320000000000000000e+03 2.460000000000000000e+03
1.133435720000000000e+08 4.620000000000000000e+03 3.980000000000000000e+03 3.320000000000000000e+03 2.470000000000000000e+03
1.133437800000000000e+08 4.630000000000000000e+03 3.960000000000000000e+03 3.320000000000000000e+03 2.470000000000000000e+03
1.133439890000000000e+08 4.630000000000000000e+03 3.960000000000000000e+03 3.330000000000000000e+03 2.460000000000000000e+03
1.133441960000000000e+08 4.630000000000000000e+03 3.960000000000000000e+03 3.320000000000000000e+03 2.470000000000000000e+03
1.133444040000000000e+08 4.630000000000000000e+03 3.960000000000000000e+03 3.330000000000000000e+03 2.480000000000000000e+03
1.133446120000000000e+08 4.630000000000000000e+03 3.960000000000000000e+03 3.320000000000000000e+03 2.470000000000000000e+03
1.133448200000000000e+08 4.630000000000000000e+03 3.960000000000000000e+03 3.320000000000000000e+03 2.460000000000000000e+03
1.133450280000000000e+08 4.630000000000000000e+03 3.960000000000000000e+03 3.330000000000000000e+03 2.450000000000000000e+03
1.133452360000000000e+08 4.620000000000000000e+03 3.950000000000000000e+03 3.340000000000000000e+03 2.450000000000000000e+03
1.133454440000000000e+08 4.610000000000000000e+03 3.950000000000000000e+03 3.340000000000000000e+03 2.460000000000000000e+03
1.133456520000000000e+08 4.620000000000000000e+03 3.950000000000000000e+03 3.330000000000000000e+03 2.470000000000000000e+03
1.133458590000000000e+08 4.620000000000000000e+03 3.960000000000000000e+03 3.320000000000000000e+03 2.480000000000000000e+03
1.133460680000000000e+08 4.620000000000000000e+03 3.980000000000000000e+03 3.320000000000000000e+03 2.480000000000000000e+03
1.133462760000000000e+08 4.620000000000000000e+03 3.960000000000000000e+03 3.320000000000000000e+03 2.480000000000000000e+03
1.133464840000000000e+08 4.620000000000000000e+03 3.980000000000000000e+03 3.320000000000000000e+03 2.470000000000000000e+03
1.133466920000000000e+08 4.630000000000000000e+03 3.980000000000000000e+03 3.320000000000000000e+03 2.470000000000000000e+03
1.133469000000000000e+08 4.640000000000000000e+03 3.960000000000000000e+03 3.320000000000000000e+03 2.470000000000000000e+03
1.133471070000000000e+08 4.640000000000000000e+03 3.960000000000000000e+03 3.320000000000000000e+03 2.470000000000000000e+03
1.133473150000000000e+08 4.630000000000000000e+03 3.960000000000000000e+03 3.320000000000000000e+03 2.470000000000000000e+03
1.133475230000000000e+08 4.630000000000000000e+03 3.960000000000000000e+03 3.320000000000000000e+03 2.460000000000000000e+03
1.133477310000000000e+08 4.630000000000000000e+03 3.960000000000000000e+03 3.320000000000000000e+03 2.460000000000000000e+03
1.133479550000000000e+08 4.630000000000000000e+03 3.990000000000000000e+03 3.320000000000000000e+03 2.470000000000000000e+03
1.133481630000000000e+08 4.630000000000000000e+03 3.990000000000000000e+03 3.320000000000000000e+03 2.480000000000000000e+03
1.133483710000000000e+08 4.630000000000000000e+03 3.990000000000000000e+03 3.320000000000000000e+03 2.480000000000000000e+03
1.133485790000000000e+08 4.620000000000000000e+03 3.980000000000000000e+03 3.320000000000000000e+03 2.460000000000000000e+03
1.133487880000000000e+08 4.620000000000000000e+03 3.980000000000000000e+03 3.320000000000000000e+03 2.470000000000000000e+03
1.133489950000000000e+08 4.620000000000000000e+03 3.980000000000000000e+03 3.320000000000000000e+03 2.480000000000000000e+03
1.133492030000000000e+08 4.640000000000000000e+03 3.980000000000000000e+03 3.320000000000000000e+03 2.480000000000000000e+03
1.133494110000000000e+08 4.630000000000000000e+03 3.960000000000000000e+03 3.330000000000000000e+03 2.470000000000000000e+03
1.133496190000000000e+08 4.630000000000000000e+03 3.960000000000000000e+03 3.330000000000000000e+03 2.470000000000000000e+03
1.133498270000000000e+08 4.630000000000000000e+03 3.980000000000000000e+03 3.330000000000000000e+03 2.460000000000000000e+03
1.133500350000000000e+08 4.640000000000000000e+03 3.960000000000000000e+03 3.330000000000000000e+03 2.450000000000000000e+03
1.133502430000000000e+08 4.640000000000000000e+03 3.980000000000000000e+03 3.330000000000000000e+03 2.460000000000000000e+03
1.133504510000000000e+08 4.640000000000000000e+03 3.990000000000000000e+03 3.330000000000000000e+03 2.460000000000000000e+03
1.133506610000000000e+08 4.640000000000000000e+03 3.980000000000000000e+03 3.330000000000000000e+03 2.450000000000000000e+03
1.133508670000000000e+08 4.640000000000000000e+03 3.980000000000000000e+03 3.330000000000000000e+03 2.440000000000000000e+03
1.133510750000000000e+08 4.640000000000000000e+03 3.980000000000000000e+03 3.340000000000000000e+03 2.430000000000000000e+03
1.133512830000000000e+08 4.640000000000000000e+03 3.960000000000000000e+03 3.330000000000000000e+03 2.430000000000000000e+03
1.133514910000000000e+08 4.630000000000000000e+03 3.960000000000000000e+03 3.340000000000000000e+03 2.420000000000000000e+03
1.133516990000000000e+08 4.630000000000000000e+03 3.960000000000000000e+03 3.340000000000000000e+03 2.440000000000000000e+03
1.133519070000000000e+08 4.630000000000000000e+03 3.960000000000000000e+03 3.330000000000000000e+03 2.450000000000000000e+03
1.133521150000000000e+08 4.640000000000000000e+03 3.960000000000000000e+03 3.340000000000000000e+03 2.470000000000000000e+03
1.133523230000000000e+08 4.630000000000000000e+03 3.960000000000000000e+03 3.330000000000000000e+03 2.480000000000000000e+03
1.133525310000000000e+08 4.630000000000000000e+03 3.960000000000000000e+03 3.330000000000000000e+03 2.480000000000000000e+03
1.133527400000000000e+08 4.630000000000000000e+03 3.960000000000000000e+03 3.320000000000000000e+03 2.480000000000000000e+03
1.133529470000000000e+08 4.630000000000000000e+03 3.980000000000000000e+03 3.330000000000000000e+03 2.470000000000000000e+03
1.133531550000000000e+08 4.630000000000000000e+03 3.980000000000000000e+03 3.330000000000000000e+03 2.470000000000000000e+03
1.133533620000000000e+08 4.630000000000000000e+03 3.960000000000000000e+03 3.320000000000000000e+03 2.460000000000000000e+03
1.133535710000000000e+08 4.620000000000000000e+03 3.980000000000000000e+03 3.320000000000000000e+03 2.470000000000000000e+03
1.133537780000000000e+08 4.620000000000000000e+03 3.980000000000000000e+03 3.330000000000000000e+03 2.470000000000000000e+03
1.133539860000000000e+08 4.620000000000000000e+03 3.980000000000000000e+03 3.330000000000000000e+03 2.460000000000000000e+03
1.133541940000000000e+08 4.640000000000000000e+03 3.980000000000000000e+03 3.320000000000000000e+03 2.460000000000000000e+03
1.133544020000000000e+08 4.630000000000000000e+03 3.960000000000000000e+03 3.320000000000000000e+03 2.480000000000000000e+03
1.133546100000000000e+08 4.630000000000000000e+03 3.960000000000000000e+03 3.310000000000000000e+03 2.490000000000000000e+03
1.133548190000000000e+08 4.640000000000000000e+03 3.960000000000000000e+03 3.310000000000000000e+03 2.490000000000000000e+03
1.133550260000000000e+08 4.630000000000000000e+03 3.960000000000000000e+03 3.310000000000000000e+03 2.490000000000000000e+03
1.133552340000000000e+08 4.630000000000000000e+03 3.980000000000000000e+03 3.320000000000000000e+03 2.490000000000000000e+03
1.133554420000000000e+08 4.630000000000000000e+03 3.980000000000000000e+03 3.320000000000000000e+03 2.480000000000000000e+03
1.133556500000000000e+08 4.650000000000000000e+03 3.980000000000000000e+03 3.320000000000000000e+03 2.460000000000000000e+03
1.133558580000000000e+08 4.640000000000000000e+03 3.980000000000000000e+03 3.320000000000000000e+03 2.460000000000000000e+03
1.133560660000000000e+08 4.650000000000000000e+03 3.980000000000000000e+03 3.340000000000000000e+03 2.460000000000000000e+03
1.133562740000000000e+08 4.640000000000000000e+03 3.980000000000000000e+03 3.330000000000000000e+03 2.470000000000000000e+03
1.133564820000000000e+08 4.640000000000000000e+03 3.980000000000000000e+03 3.330000000000000000e+03 2.480000000000000000e+03
1.133566900000000000e+08 4.650000000000000000e+03 3.990000000000000000e+03 3.320000000000000000e+03 2.470000000000000000e+03
1.133568980000000000e+08 4.650000000000000000e+03 3.980000000000000000e+03 3.320000000000000000e+03 2.470000000000000000e+03
1.133571060000000000e+08 4.650000000000000000e+03 3.980000000000000000e+03 3.320000000000000000e+03 2.470000000000000000e+03
1.133573140000000000e+08 4.640000000000000000e+03 3.980000000000000000e+03 3.320000000000000000e+03 2.460000000000000000e+03
1.133575220000000000e+08 4.640000000000000000e+03 3.980000000000000000e+03 3.320000000000000000e+03 2.450000000000000000e+03
1.133577300000000000e+08 4.650000000000000000e+03 3.980000000000000000e+03 3.320000000000000000e+03 2.450000000000000000e+03
1.133579370000000000e+08 4.650000000000000000e+03 3.990000000000000000e+03 3.320000000000000000e+03 2.460000000000000000e+03
1.133581460000000000e+08 4.650000000000000000e+03 3.990000000000000000e+03 3.320000000000000000e+03 2.470000000000000000e+03
1.133583540000000000e+08 4.640000000000000000e+03 3.980000000000000000e+03 3.320000000000000000e+03 2.470000000000000000e+03
1.133585610000000000e+08 4.650000000000000000e+03 3.980000000000000000e+03 3.320000000000000000e+03 2.480000000000000000e+03
1.133587700000000000e+08 4.660000000000000000e+03 3.960000000000000000e+03 3.320000000000000000e+03 2.470000000000000000e+03
1.133589770000000000e+08 4.650000000000000000e+03 3.960000000000000000e+03 3.320000000000000000e+03 2.470000000000000000e+03
1.133591860000000000e+08 4.650000000000000000e+03 3.980000000000000000e+03 3.320000000000000000e+03 2.460000000000000000e+03
1.133593930000000000e+08 4.650000000000000000e+03 3.980000000000000000e+03 3.310000000000000000e+03 2.470000000000000000e+03
1.133596010000000000e+08 4.640000000000000000e+03 3.980000000000000000e+03 3.320000000000000000e+03 2.460000000000000000e+03
1.133598090000000000e+08 4.650000000000000000e+03 3.960000000000000000e+03 3.310000000000000000e+03 2.480000000000000000e+03
1.134000170000000000e+08 4.650000000000000000e+03 3.980000000000000000e+03 3.310000000000000000e+03 2.470000000000000000e+03
1.134002250000000000e+08 4.650000000000000000e+03 3.960000000000000000e+03 3.320000000000000000e+03 2.470000000000000000e+03
1.134004330000000000e+08 4.640000000000000000e+03 3.960000000000000000e+03 3.320000000000000000e+03 2.480000000000000000e+03
1.134006410000000000e+08 4.650000000000000000e+03 3.960000000000000000e+03 3.320000000000000000e+03 2.470000000000000000e+03
1.134008490000000000e+08 4.630000000000000000e+03 3.960000000000000000e+03 3.320000000000000000e+03 2.450000000000000000e+03
1.134010570000000000e+08 4.630000000000000000e+03 3.960000000000000000e+03 3.320000000000000000e+03 2.460000000000000000e+03
1.134012650000000000e+08 4.620000000000000000e+03 3.960000000000000000e+03 3.320000000000000000e+03 2.480000000000000000e+03
1.134014730000000000e+08 4.620000000000000000e+03 3.960000000000000000e+03 3.320000000000000000e+03 2.480000000000000000e+03
1.134016810000000000e+08 4.620000000000000000e+03 3.980000000000000000e+03 3.320000000000000000e+03 2.480000000000000000e+03
1.134018880000000000e+08 4.630000000000000000e+03 3.960000000000000000e+03 3.320000000000000000e+03 2.460000000000000000e+03
1.134020970000000000e+08 4.630000000000000000e+03 3.950000000000000000e+03 3.320000000000000000e+03 2.450000000000000000e+03
1.134023050000000000e+08 4.630000000000000000e+03 3.960000000000000000e+03 3.320000000000000000e+03 2.460000000000000000e+03
1.134025130000000000e+08 4.640000000000000000e+03 3.960000000000000000e+03 3.320000000000000000e+03 2.450000000000000000e+03
1.134027210000000000e+08 4.630000000000000000e+03 3.960000000000000000e+03 3.320000000000000000e+03 2.450000000000000000e+03
1.134029290000000000e+08 4.630000000000000000e+03 3.960000000000000000e+03 3.310000000000000000e+03 2.470000000000000000e+03
1.134031370000000000e+08 4.640000000000000000e+03 3.960000000000000000e+03 3.310000000000000000e+03 2.460000000000000000e+03
1.134033450000000000e+08 4.630000000000000000e+03 3.960000000000000000e+03 3.310000000000000000e+03 2.450000000000000000e+03
1.134035530000000000e+08 4.650000000000000000e+03 3.960000000000000000e+03 3.310000000000000000e+03 2.440000000000000000e+03
1.134037610000000000e+08 4.640000000000000000e+03 3.980000000000000000e+03 3.310000000000000000e+03 2.450000000000000000e+03
1.134039690000000000e+08 4.650000000000000000e+03 3.980000000000000000e+03 3.310000000000000000e+03 2.450000000000000000e+03
1.134041760000000000e+08 4.650000000000000000e+03 3.980000000000000000e+03 3.310000000000000000e+03 2.460000000000000000e+03
1.134043850000000000e+08 4.650000000000000000e+03 3.960000000000000000e+03 3.310000000000000000e+03 2.450000000000000000e+03
1.134045930000000000e+08 4.640000000000000000e+03 3.960000000000000000e+03 3.310000000000000000e+03 2.450000000000000000e+03
1.134048000000000000e+08 4.640000000000000000e+03 3.960000000000000000e+03 3.330000000000000000e+03 2.450000000000000000e+03
1.134050080000000000e+08 4.650000000000000000e+03 3.960000000000000000e+03 3.320000000000000000e+03 2.450000000000000000e+03
1.134052170000000000e+08 4.650000000000000000e+03 3.960000000000000000e+03 3.320000000000000000e+03 2.450000000000000000e+03
1.134054240000000000e+08 4.650000000000000000e+03 3.960000000000000000e+03 3.320000000000000000e+03 2.460000000000000000e+03
1.134056320000000000e+08 4.650000000000000000e+03 3.980000000000000000e+03 3.320000000000000000e+03 2.460000000000000000e+03
1.134058400000000000e+08 4.650000000000000000e+03 3.980000000000000000e+03 3.320000000000000000e+03 2.470000000000000000e+03
1.134060480000000000e+08 4.640000000000000000e+03 4.000000000000000000e+03 3.320000000000000000e+03 2.470000000000000000e+03
1.134062560000000000e+08 4.630000000000000000e+03 3.990000000000000000e+03 3.320000000000000000e+03 2.470000000000000000e+03
1.134064640000000000e+08 4.630000000000000000e+03 3.990000000000000000e+03 3.320000000000000000e+03 2.470000000000000000e+03
1.134066720000000000e+08 4.630000000000000000e+03 3.990000000000000000e+03 3.310000000000000000e+03 2.460000000000000000e+03
1.134068800000000000e+08 4.630000000000000000e+03 3.990000000000000000e+03 3.310000000000000000e+03 2.460000000000000000e+03
1.134070880000000000e+08 4.630000000000000000e+03 3.990000000000000000e+03 3.310000000000000000e+03 2.450000000000000000e+03
1.134072960000000000e+08 4.640000000000000000e+03 3.990000000000000000e+03 3.320000000000000000e+03 2.470000000000000000e+03
1.134075040000000000e+08 4.630000000000000000e+03 3.980000000000000000e+03 3.320000000000000000e+03 2.480000000000000000e+03
1.134077120000000000e+08 4.630000000000000000e+03 3.980000000000000000e+03 3.320000000000000000e+03 2.490000000000000000e+03
