1.148393840000000000e+08 3.090000000000000000e+03 2.240000000000000000e+03 5.010000000000000000e+03 4.480000000000000000e+03
1.148395920000000000e+08 3.090000000000000000e+03 2.230000000000000000e+03 5.010000000000000000e+03 4.480000000000000000e+03
1.148398000000000000e+08 3.090000000000000000e+03 2.230000000000000000e+03 5.000000000000000000e+03 4.480000000000000000e+03
1.148400080000000000e+08 3.080000000000000000e+03 2.230000000000000000e+03 4.990000000000000000e+03 4.480000000000000000e+03
1.148402160000000000e+08 3.080000000000000000e+03 2.230000000000000000e+03 5.000000000000000000e+03 4.480000000000000000e+03
1.148404230000000000e+08 3.080000000000000000e+03 2.230000000000000000e+03 5.010000000000000000e+03 4.480000000000000000e+03
1.148406320000000000e+08 3.070000000000000000e+03 2.230000000000000000e+03 5.000000000000000000e+03 4.500000000000000000e+03
1.148408400000000000e+08 3.070000000000000000e+03 2.230000000000000000e+03 5.000000000000000000e+03 4.500000000000000000e+03
1.148410480000000000e+08 3.070000000000000000e+03 2.220000000000000000e+03 4.990000000000000000e+03 4.500000000000000000e+03
1.148412560000000000e+08 3.060000000000000000e+03 2.230000000000000000e+03 4.990000000000000000e+03 4.500000000000000000e+03
1.148414640000000000e+08 3.070000000000000000e+03 2.220000000000000000e+03 4.990000000000000000e+03 4.500000000000000000e+03
1.148416720000000000e+08 3.060000000000000000e+03 2.230000000000000000e+03 5.000000000000000000e+03 4.500000000000000000e+03
1.148418800000000000e+08 3.050000000000000000e+03 2.230000000000000000e+03 4.990000000000000000e+03 4.510000000000000000e+03
1.148420870000000000e+08 3.060000000000000000e+03 2.240000000000000000e+03 4.990000000000000000e+03 4.510000000000000000e+03
1.148422960000000000e+08 3.060000000000000000e+03 2.240000000000000000e+03 4.990000000000000000e+03 4.500000000000000000e+03
1.148425040000000000e+08 3.070000000000000000e+03 2.240000000000000000e+03 4.990000000000000000e+03 4.490000000000000000e+03
1.148427110000000000e+08 3.060000000000000000e+03 2.240000000000000000e+03 4.980000000000000000e+03 4.480000000000000000e+03
1.148429200000000000e+08 3.060000000000000000e+03 2.240000000000000000e+03 5.000000000000000000e+03 4.480000000000000000e+03
1.148431280000000000e+08 3.060000000000000000e+03 2.240000000000000000e+03 4.990000000000000000e+03 4.480000000000000000e+03
1.148433360000000000e+08 3.070000000000000000e+03 2.240000000000000000e+03 5.000000000000000000e+03 4.480000000000000000e+03
1.148435430000000000e+08 3.080000000000000000e+03 2.230000000000000000e+03 5.000000000000000000e+03 4.490000000000000000e+03
1.148437500000000000e+08 3.060000000000000000e+03 2.230000000000000000e+03 5.010000000000000000e+03 4.490000000000000000e+03
1.148439590000000000e+08 3.060000000000000000e+03 2.230000000000000000e+03 4.990000000000000000e+03 4.470000000000000000e+03
1.148441670000000000e+08 3.060000000000000000e+03 2.240000000000000000e+03 4.980000000000000000e+03 4.480000000000000000e+03
1.148443750000000000e+08 3.050000000000000000e+03 2.240000000000000000e+03 5.000000000000000000e+03 4.490000000000000000e+03
1.148445830000000000e+08 3.060000000000000000e+03 2.240000000000000000e+03 5.000000000000000000e+03 4.490000000000000000e+03
1.148447910000000000e+08 3.070000000000000000e+03 2.250000000000000000e+03 5.000000000000000000e+03 4.490000000000000000e+03
1.148449990000000000e+08 3.060000000000000000e+03 2.250000000000000000e+03 5.000000000000000000e+03 4.480000000000000000e+03
1.148452060000000000e+08 3.060000000000000000e+03 2.250000000000000000e+03 5.000000000000000000e+03 4.480000000000000000e+03
1.148454140000000000e+08 3.060000000000000000e+03 2.250000000000000000e+03 4.990000000000000000e+03 4.480000000000000000e+03
1.148456230000000000e+08 3.070000000000000000e+03 2.250000000000000000e+03 4.990000000000000000e+03 4.490000000000000000e+03
1.148458320000000000e+08 3.070000000000000000e+03 2.250000000000000000e+03 4.990000000000000000e+03 4.490000000000000000e+03
1.148460390000000000e+08 3.070000000000000000e+03 2.250000000000000000e+03 4.990000000000000000e+03 4.490000000000000000e+03
1.148462470000000000e+08 3.070000000000000000e+03 2.250000000000000000e+03 4.990000000000000000e+03 4.490000000000000000e+03
1.148464550000000000e+08 3.080000000000000000e+03 2.240000000000000000e+03 5.000000000000000000e+03 4.490000000000000000e+03
1.148466620000000000e+08 3.080000000000000000e+03 2.240000000000000000e+03 4.990000000000000000e+03 4.480000000000000000e+03
1.148468710000000000e+08 3.080000000000000000e+03 2.240000000000000000e+03 4.980000000000000000e+03 4.490000000000000000e+03
1.148470790000000000e+08 3.080000000000000000e+03 2.240000000000000000e+03 5.000000000000000000e+03 4.480000000000000000e+03
1.148472870000000000e+08 3.080000000000000000e+03 2.240000000000000000e+03 4.990000000000000000e+03 4.480000000000000000e+03
1.148474950000000000e+08 3.070000000000000000e+03 2.240000000000000000e+03 5.000000000000000000e+03 4.480000000000000000e+03
1.148477030000000000e+08 3.060000000000000000e+03 2.240000000000000000e+03 4.980000000000000000e+03 4.480000000000000000e+03
1.148479110000000000e+08 3.060000000000000000e+03 2.240000000000000000e+03 4.980000000000000000e+03 4.490000000000000000e+03
1.148481190000000000e+08 3.060000000000000000e+03 2.240000000000000000e+03 4.990000000000000000e+03 4.490000000000000000e+03
1.148483260000000000e+08 3.060000000000000000e+03 2.240000000000000000e+03 4.990000000000000000e+03 4.490000000000000000e+03
1.148485350000000000e+08 3.060000000000000000e+03 2.240000000000000000e+03 5.000000000000000000e+03 4.490000000000000000e+03
1.148487420000000000e+08 3.070000000000000000e+03 2.230000000000000000e+03 4.980000000000000000e+03 4.500000000000000000e+03
1.148489510000000000e+08 3.050000000000000000e+03 2.230000000000000000e+03 4.990000000000000000e+03 4.500000000000000000e+03
1.148491580000000000e+08 3.060000000000000000e+03 2.230000000000000000e+03 4.990000000000000000e+03 4.490000000000000000e+03
1.148493660000000000e+08 3.060000000000000000e+03 2.240000000000000000e+03 4.990000000000000000e+03 4.490000000000000000e+03
1.148495740000000000e+08 3.070000000000000000e+03 2.240000000000000000e+03 4.990000000000000000e+03 4.490000000000000000e+03
1.148497820000000000e+08 3.060000000000000000e+03 2.240000000000000000e+03 4.980000000000000000e+03 4.500000000000000000e+03
1.148499900000000000e+08 3.070000000000000000e+03 2.240000000000000000e+03 4.980000000000000000e+03 4.490000000000000000e+03
1.148501980000000000e+08 3.070000000000000000e+03 2.240000000000000000e+03 4.970000000000000000e+03 4.500000000000000000e+03
1.148504060000000000e+08 3.080000000000000000e+03 2.240000000000000000e+03 4.990000000000000000e+03 4.510000000000000000e+03
1.148506140000000000e+08 3.070000000000000000e+03 2.240000000000000000e+03 4.990000000000000000e+03 4.510000000000000000e+03
1.148508220000000000e+08 3.070000000000000000e+03 2.240000000000000000e+03 5.000000000000000000e+03 4.500000000000000000e+03
1.148510300000000000e+08 3.080000000000000000e+03 2.240000000000000000e+03 4.990000000000000000e+03 4.490000000000000000e+03
1.148512380000000000e+08 3.070000000000000000e+03 2.240000000000000000e+03 4.990000000000000000e+03 4.490000000000000000e+03
1.148514460000000000e+08 3.070000000000000000e+03 2.240000000000000000e+03 4.990000000000000000e+03 4.490000000000000000e+03
1.148516540000000000e+08 3.070000000000000000e+03 2.240000000000000000e+03 4.990000000000000000e+03 4.490000000000000000e+03
1.148518620000000000e+08 3.060000000000000000e+03 2.250000000000000000e+03 4.990000000000000000e+03 4.490000000000000000e+03
1.148520700000000000e+08 3.050000000000000000e+03 2.240000000000000000e+03 4.990000000000000000e+03 4.500000000000000000e+03
1.148524860000000000e+08 3.030000000000000000e+03 2.250000000000000000e+03 4.990000000000000000e+03 4.500000000000000000e+03
1.148526940000000000e+08 3.030000000000000000e+03 2.240000000000000000e+03 4.990000000000000000e+03 4.500000000000000000e+03
1.148529020000000000e+08 3.030000000000000000e+03 2.240000000000000000e+03 5.000000000000000000e+03 4.500000000000000000e+03
1.148531100000000000e+08 3.050000000000000000e+03 2.240000000000000000e+03 5.000000000000000000e+03 4.490000000000000000e+03
1.148533180000000000e+08 3.050000000000000000e+03 2.240000000000000000e+03 5.000000000000000000e+03 4.500000000000000000e+03
1.148535260000000000e+08 3.030000000000000000e+03 2.250000000000000000e+03 5.000000000000000000e+03 4.500000000000000000e+03
1.148537340000000000e+08 3.050000000000000000e+03 2.240000000000000000e+03 5.000000000000000000e+03 4.500000000000000000e+03
1.148539420000000000e+08 3.030000000000000000e+03 2.250000000000000000e+03 5.000000000000000000e+03 4.510000000000000000e+03
1.148541490000000000e+08 3.030000000000000000e+03 2.250000000000000000e+03 5.010000000000000000e+03 4.500000000000000000e+03
1.148543580000000000e+08 3.060000000000000000e+03 2.250000000000000000e+03 5.010000000000000000e+03 4.490000000000000000e+03
1.148547740000000000e+08 3.070000000000000000e+03 2.250000000000000000e+03 5.010000000000000000e+03 4.490000000000000000e+03
1.148549820000000000e+08 3.070000000000000000e+03 2.240000000000000000e+03 5.000000000000000000e+03 4.490000000000000000e+03
1.148551890000000000e+08 3.070000000000000000e+03 2.240000000000000000e+03 4.990000000000000000e+03 4.480000000000000000e+03
1.148553980000000000e+08 3.070000000000000000e+03 2.240000000000000000e+03 4.990000000000000000e+03 4.490000000000000000e+03
1.148556050000000000e+08 3.070000000000000000e+03 2.250000000000000000e+03 4.980000000000000000e+03 4.480000000000000000e+03
1.148558140000000000e+08 3.070000000000000000e+03 2.250000000000000000e+03 4.990000000000000000e+03 4.480000000000000000e+03
1.148560210000000000e+08 3.060000000000000000e+03 2.250000000000000000e+03 4.990000000000000000e+03 4.490000000000000000e+03
1.148562300000000000e+08 3.060000000000000000e+03 2.250000000000000000e+03 4.990000000000000000e+03 4.490000000000000000e+03
1.148564370000000000e+08 3.060000000000000000e+03 2.250000000000000000e+03 4.990000000000000000e+03 4.490000000000000000e+03
1.148566450000000000e+08 3.060000000000000000e+03 2.250000000000000000e+03 5.000000000000000000e+03 4.490000000000000000e+03
1.148568530000000000e+08 3.070000000000000000e+03 2.250000000000000000e+03 4.990000000000000000e+03 4.480000000000000000e+03
1.148570610000000000e+08 3.070000000000000000e+03 2.250000000000000000e+03 5.000000000000000000e+03 4.490000000000000000e+03
1.148572690000000000e+08 3.070000000000000000e+03 2.260000000000000000e+03 5.000000000000000000e+03 4.500000000000000000e+03
1.148574770000000000e+08 3.080000000000000000e+03 2.260000000000000000e+03 5.000000000000000000e+03 4.500000000000000000e+03
1.148576850000000000e+08 3.060000000000000000e+03 2.250000000000000000e+03 5.000000000000000000e+03 4.490000000000000000e+03
1.148578930000000000e+08 3.070000000000000000e+03 2.250000000000000000e+03 4.990000000000000000e+03 4.490000000000000000e+03
1.148581010000000000e+08 3.070000000000000000e+03 2.250000000000000000e+03 4.990000000000000000e+03 4.490000000000000000e+03
1.148583090000000000e+08 3.070000000000000000e+03 2.250000000000000000e+03 4.980000000000000000e+03 4.480000000000000000e+03
1.148585170000000000e+08 3.070000000000000000e+03 2.250000000000000000e+03 4.980000000000000000e+03 4.480000000000000000e+03
1.148587240000000000e+08 3.080000000000000000e+03 2.240000000000000000e+03 4.970000000000000000e+03 4.480000000000000000e+03
1.148589330000000000e+08 3.090000000000000000e+03 2.240000000000000000e+03 4.980000000000000000e+03 4.480000000000000000e+03
1.148591410000000000e+08 3.070000000000000000e+03 2.240000000000000000e+03 4.990000000000000000e+03 4.480000000000000000e+03
1.148593490000000000e+08 3.060000000000000000e+03 2.240000000000000000e+03 4.990000000000000000e+03 4.480000000000000000e+03
1.148595570000000000e+08 3.060000000000000000e+03 2.240000000000000000e+03 4.990000000000000000e+03 4.480000000000000000e+03
1.148597650000000000e+08 3.060000000000000000e+03 2.240000000000000000e+03 4.990000000000000000e+03 4.480000000000000000e+03
1.148599730000000000e+08 3.060000000000000000e+03 2.240000000000000000e+03 5.000000000000000000e+03 4.480000000000000000e+03
1.149001810000000000e+08 3.030000000000000000e+03 2.240000000000000000e+03 5.000000000000000000e+03 4.480000000000000000e+03
1.149003890000000000e+08 3.030000000000000000e+03 2.240000000000000000e+03 5.010000000000000000e+03 4.480000000000000000e+03
1.149005970000000000e+08 3.050000000000000000e+03 2.240000000000000000e+03 5.000000000000000000e+03 4.480000000000000000e+03
1.149008040000000000e+08 3.050000000000000000e+03 2.240000000000000000e+03 4.990000000000000000e+03 4.480000000000000000e+03
1.149010120000000000e+08 3.050000000000000000e+03 2.250000000000000000e+03 4.990000000000000000e+03 4.480000000000000000e+03
1.149012200000000000e+08 3.060000000000000000e+03 2.260000000000000000e+03 4.990000000000000000e+03 4.480000000000000000e+03
1.149014280000000000e+08 3.060000000000000000e+03 2.250000000000000000e+03 4.990000000000000000e+03 4.480000000000000000e+03
1.149016360000000000e+08 3.050000000000000000e+03 2.250000000000000000e+03 4.990000000000000000e+03 4.480000000000000000e+03
1.149018450000000000e+08 3.050000000000000000e+03 2.250000000000000000e+03 4.990000000000000000e+03 4.490000000000000000e+03
1.149020520000000000e+08 3.060000000000000000e+03 2.250000000000000000e+03 4.990000000000000000e+03 4.500000000000000000e+03
1.149022600000000000e+08 3.070000000000000000e+03 2.250000000000000000e+03 4.990000000000000000e+03 4.500000000000000000e+03
1.149024680000000000e+08 3.070000000000000000e+03 2.250000000000000000e+03 4.990000000000000000e+03 4.480000000000000000e+03
1.149026760000000000e+08 3.060000000000000000e+03 2.240000000000000000e+03 4.990000000000000000e+03 4.480000000000000000e+03
1.149028840000000000e+08 3.060000000000000000e+03 2.240000000000000000e+03 4.990000000000000000e+03 4.480000000000000000e+03
1.149033000000000000e+08 3.070000000000000000e+03 2.240000000000000000e+03 4.990000000000000000e+03 4.480000000000000000e+03
1.149035070000000000e+08 3.060000000000000000e+03 2.240000000000000000e+03 4.990000000000000000e+03 4.490000000000000000e+03
1.149037160000000000e+08 3.070000000000000000e+03 2.240000000000000000e+03 4.990000000000000000e+03 4.490000000000000000e+03
1.149039240000000000e+08 3.080000000000000000e+03 2.250000000000000000e+03 4.990000000000000000e+03 4.490000000000000000e+03
1.149041320000000000e+08 3.060000000000000000e+03 2.250000000000000000e+03 4.990000000000000000e+03 4.490000000000000000e+03
1.149043400000000000e+08 3.060000000000000000e+03 2.250000000000000000e+03 4.990000000000000000e+03 4.490000000000000000e+03
1.149045480000000000e+08 3.050000000000000000e+03 2.240000000000000000e+03 4.990000000000000000e+03 4.490000000000000000e+03
1.149047560000000000e+08 3.060000000000000000e+03 2.240000000000000000e+03 4.990000000000000000e+03 4.480000000000000000e+03
1.149049640000000000e+08 3.060000000000000000e+03 2.240000000000000000e+03 4.990000000000000000e+03 4.490000000000000000e+03
1.149051720000000000e+08 3.070000000000000000e+03 2.240000000000000000e+03 4.990000000000000000e+03 4.490000000000000000e+03
1.149053800000000000e+08 3.070000000000000000e+03 2.240000000000000000e+03 5.000000000000000000e+03 4.490000000000000000e+03
1.149055890000000000e+08 3.070000000000000000e+03 2.230000000000000000e+03 4.990000000000000000e+03 4.480000000000000000e+03
1.149057960000000000e+08 3.080000000000000000e+03 2.230000000000000000e+03 4.990000000000000000e+03 4.480000000000000000e+03
1.149060040000000000e+08 3.080000000000000000e+03 2.230000000000000000e+03 4.990000000000000000e+03 4.480000000000000000e+03
1.149062120000000000e+08 3.080000000000000000e+03 2.230000000000000000e+03 4.990000000000000000e+03 4.490000000000000000e+03
1.149064190000000000e+08 3.080000000000000000e+03 2.230000000000000000e+03 4.990000000000000000e+03 4.490000000000000000e+03
1.149066280000000000e+08 3.080000000000000000e+03 2.230000000000000000e+03 4.990000000000000000e+03 4.480000000000000000e+03
1.149068350000000000e+08 3.080000000000000000e+03 2.230000000000000000e+03 4.990000000000000000e+03 4.490000000000000000e+03
1.149070430000000000e+08 3.060000000000000000e+03 2.240000000000000000e+03 4.990000000000000000e+03 4.490000000000000000e+03
1.149072510000000000e+08 3.070000000000000000e+03 2.240000000000000000e+03 4.990000000000000000e+03 4.490000000000000000e+03
1.149074590000000000e+08 3.070000000000000000e+03 2.240000000000000000e+03 4.990000000000000000e+03 4.490000000000000000e+03
1.149076670000000000e+08 3.060000000000000000e+03 2.240000000000000000e+03 4.980000000000000000e+03 4.490000000000000000e+03
1.149078750000000000e+08 3.070000000000000000e+03 2.240000000000000000e+03 4.980000000000000000e+03 4.490000000000000000e+03
1.149080840000000000e+08 3.060000000000000000e+03 2.240000000000000000e+03 4.980000000000000000e+03 4.490000000000000000e+03
1.149082920000000000e+08 3.060000000000000000e+03 2.250000000000000000e+03 4.980000000000000000e+03 4.480000000000000000e+03
1.149084990000000000e+08 3.060000000000000000e+03 2.240000000000000000e+03 4.980000000000000000e+03 4.480000000000000000e+03
1.149087070000000000e+08 3.060000000000000000e+03 2.240000000000000000e+03 4.980000000000000000e+03 4.480000000000000000e+03
1.149089150000000000e+08 3.060000000000000000e+03 2.250000000000000000e+03 4.980000000000000000e+03 4.490000000000000000e+03
1.149091230000000000e+08 3.060000000000000000e+03 2.250000000000000000e+03 4.980000000000000000e+03 4.490000000000000000e+03
1.149093310000000000e+08 3.050000000000000000e+03 2.250000000000000000e+03 4.970000000000000000e+03 4.490000000000000000e+03
1.149095390000000000e+08 3.070000000000000000e+03 2.250000000000000000e+03 4.980000000000000000e+03 4.490000000000000000e+03
1.149097470000000000e+08 3.070000000000000000e+03 2.240000000000000000e+03 4.980000000000000000e+03 4.490000000000000000e+03
1.149099550000000000e+08 3.060000000000000000e+03 2.240000000000000000e+03 4.970000000000000000e+03 4.490000000000000000e+03
1.149101630000000000e+08 3.050000000000000000e+03 2.250000000000000000e+03 4.980000000000000000e+03 4.480000000000000000e+03
1.149103710000000000e+08 3.030000000000000000e+03 2.250000000000000000e+03 4.980000000000000000e+03 4.490000000000000000e+03
1.149105790000000000e+08 3.050000000000000000e+03 2.250000000000000000e+03 4.980000000000000000e+03 4.480000000000000000e+03
1.149107870000000000e+08 3.060000000000000000e+03 2.250000000000000000e+03 4.980000000000000000e+03 4.490000000000000000e+03
1.149109950000000000e+08 3.050000000000000000e+03 2.250000000000000000e+03 4.990000000000000000e+03 4.500000000000000000e+03
1.149112030000000000e+08 3.050000000000000000e+03 2.260000000000000000e+03 4.990000000000000000e+03 4.500000000000000000e+03
1.149114110000000000e+08 3.050000000000000000e+03 2.250000000000000000e+03 4.990000000000000000e+03 4.500000000000000000e+03
1.149116190000000000e+08 3.070000000000000000e+03 2.260000000000000000e+03 4.980000000000000000e+03 4.500000000000000000e+03
1.149118270000000000e+08 3.080000000000000000e+03 2.260000000000000000e+03 4.980000000000000000e+03 4.500000000000000000e+03
1.149122420000000000e+08 3.070000000000000000e+03 2.260000000000000000e+03 4.970000000000000000e+03 4.500000000000000000e+03
1.149124500000000000e+08 3.080000000000000000e+03 2.250000000000000000e+03 4.970000000000000000e+03 4.500000000000000000e+03
1.149126580000000000e+08 3.070000000000000000e+03 2.240000000000000000e+03 4.970000000000000000e+03 4.490000000000000000e+03
1.149128660000000000e+08 3.070000000000000000e+03 2.240000000000000000e+03 4.970000000000000000e+03 4.490000000000000000e+03
1.149130740000000000e+08 3.060000000000000000e+03 2.240000000000000000e+03 4.980000000000000000e+03 4.490000000000000000e+03
1.149132830000000000e+08 3.060000000000000000e+03 2.240000000000000000e+03 4.980000000000000000e+03 4.500000000000000000e+03
1.149134900000000000e+08 3.070000000000000000e+03 2.240000000000000000e+03 4.980000000000000000e+03 4.490000000000000000e+03
1.149136980000000000e+08 3.060000000000000000e+03 2.240000000000000000e+03 4.980000000000000000e+03 4.480000000000000000e+03
1.149139060000000000e+08 3.030000000000000000e+03 2.240000000000000000e+03 4.980000000000000000e+03 4.480000000000000000e+03
1.149141140000000000e+08 3.030000000000000000e+03 2.230000000000000000e+03 4.980000000000000000e+03 4.490000000000000000e+03
1.149143230000000000e+08 3.050000000000000000e+03 2.230000000000000000e+03 4.970000000000000000e+03 4.490000000000000000e+03
1.149145300000000000e+08 3.050000000000000000e+03 2.230000000000000000e+03 4.980000000000000000e+03 4.490000000000000000e+03
1.149147380000000000e+08 3.050000000000000000e+03 2.230000000000000000e+03 4.980000000000000000e+03 4.490000000000000000e+03
1.149149460000000000e+08 3.050000000000000000e+03 2.240000000000000000e+03 4.980000000000000000e+03 4.490000000000000000e+03
1.149151540000000000e+08 3.060000000000000000e+03 2.250000000000000000e+03 4.980000000000000000e+03 4.480000000000000000e+03
1.149153620000000000e+08 3.060000000000000000e+03 2.250000000000000000e+03 4.980000000000000000e+03 4.470000000000000000e+03
1.149155700000000000e+08 3.060000000000000000e+03 2.250000000000000000e+03 4.980000000000000000e+03 4.480000000000000000e+03
1.149157780000000000e+08 3.060000000000000000e+03 2.250000000000000000e+03 4.990000000000000000e+03 4.480000000000000000e+03
1.149159860000000000e+08 3.060000000000000000e+03 2.250000000000000000e+03 4.990000000000000000e+03 4.480000000000000000e+03
1.149161940000000000e+08 3.070000000000000000e+03 2.250000000000000000e+03 4.990000000000000000e+03 4.480000000000000000e+03
1.149164030000000000e+08 3.050000000000000000e+03 2.250000000000000000e+03 4.990000000000000000e+03 4.490000000000000000e+03
1.149166100000000000e+08 3.050000000000000000e+03 2.250000000000000000e+03 4.990000000000000000e+03 4.490000000000000000e+03
1.149168180000000000e+08 3.050000000000000000e+03 2.250000000000000000e+03 4.990000000000000000e+03 4.490000000000000000e+03
1.149170260000000000e+08 3.050000000000000000e+03 2.250000000000000000e+03 4.990000000000000000e+03 4.490000000000000000e+03
1.149172340000000000e+08 3.050000000000000000e+03 2.250000000000000000e+03 4.990000000000000000e+03 4.480000000000000000e+03
1.149174420000000000e+08 3.060000000000000000e+03 2.250000000000000000e+03 4.990000000000000000e+03 4.480000000000000000e+03
1.149176500000000000e+08 3.050000000000000000e+03 2.250000000000000000e+03 4.990000000000000000e+03 4.480000000000000000e+03
1.149178580000000000e+08 3.050000000000000000e+03 2.250000000000000000e+03 4.980000000000000000e+03 4.480000000000000000e+03
1.149180650000000000e+08 3.030000000000000000e+03 2.250000000000000000e+03 4.980000000000000000e+03 4.490000000000000000e+03
1.149182730000000000e+08 3.050000000000000000e+03 2.250000000000000000e+03 4.990000000000000000e+03 4.490000000000000000e+03
1.149184810000000000e+08 3.050000000000000000e+03 2.250000000000000000e+03 4.990000000000000000e+03 4.490000000000000000e+03
1.149186890000000000e+08 3.030000000000000000e+03 2.250000000000000000e+03 4.990000000000000000e+03 4.490000000000000000e+03
1.149188960000000000e+08 3.060000000000000000e+03 2.250000000000000000e+03 4.990000000000000000e+03 4.490000000000000000e+03
1.149191050000000000e+08 3.060000000000000000e+03 2.250000000000000000e+03 4.990000000000000000e+03 4.500000000000000000e+03
1.149193130000000000e+08 3.060000000000000000e+03 2.250000000000000000e+03 4.980000000000000000e+03 4.490000000000000000e+03
1.149195210000000000e+08 3.070000000000000000e+03 2.240000000000000000e+03 4.990000000000000000e+03 4.490000000000000000e+03
1.149197290000000000e+08 3.060000000000000000e+03 2.240000000000000000e+03 4.990000000000000000e+03 4.490000000000000000e+03
1.149199370000000000e+08 3.050000000000000000e+03 2.240000000000000000e+03 4.990000000000000000e+03 4.490000000000000000e+03
1.149201450000000000e+08 3.070000000000000000e+03 2.240000000000000000e+03 5.000000000000000000e+03 4.490000000000000000e+03
1.149203530000000000e+08 3.080000000000000000e+03 2.240000000000000000e+03 5.010000000000000000e+03 4.490000000000000000e+03
1.149205610000000000e+08 3.080000000000000000e+03 2.250000000000000000e+03 5.000000000000000000e+03 4.500000000000000000e+03
1.149207690000000000e+08 3.080000000000000000e+03 2.250000000000000000e+03 5.000000000000000000e+03 4.500000000000000000e+03
1.149209770000000000e+08 3.070000000000000000e+03 2.250000000000000000e+03 4.990000000000000000e+03 4.500000000000000000e+03
1.149211850000000000e+08 3.060000000000000000e+03 2.240000000000000000e+03 5.000000000000000000e+03 4.500000000000000000e+03
1.149213930000000000e+08 3.060000000000000000e+03 2.240000000000000000e+03 4.990000000000000000e+03 4.490000000000000000e+03
1.149216010000000000e+08 3.050000000000000000e+03 2.240000000000000000e+03 4.990000000000000000e+03 4.480000000000000000e+03
1.149218090000000000e+08 3.060000000000000000e+03 2.240000000000000000e+03 4.990000000000000000e+03 4.480000000000000000e+03
1.149220160000000000e+08 3.060000000000000000e+03 2.240000000000000000e+03 4.990000000000000000e+03 4.480000000000000000e+03
1.149222260000000000e+08 3.070000000000000000e+03 2.240000000000000000e+03 4.990000000000000000e+03 4.480000000000000000e+03
1.149224320000000000e+08 3.070000000000000000e+03 2.240000000000000000e+03 4.990000000000000000e+03 4.490000000000000000e+03
1.149226410000000000e+08 3.060000000000000000e+03 2.240000000000000000e+03 4.990000000000000000e+03 4.490000000000000000e+03
1.149228490000000000e+08 3.050000000000000000e+03 2.240000000000000000e+03 4.990000000000000000e+03 4.500000000000000000e+03
1.149230570000000000e+08 3.050000000000000000e+03 2.240000000000000000e+03 4.990000000000000000e+03 4.500000000000000000e+03
1.149232650000000000e+08 3.050000000000000000e+03 2.240000000000000000e+03 4.980000000000000000e+03 4.490000000000000000e+03
1.149234720000000000e+08 3.070000000000000000e+03 2.240000000000000000e+03 4.980000000000000000e+03 4.490000000000000000e+03
1.149236810000000000e+08 3.070000000000000000e+03 2.250000000000000000e+03 4.990000000000000000e+03 4.480000000000000000e+03
1.149238880000000000e+08 3.080000000000000000e+03 2.250000000000000000e+03 4.990000000000000000e+03 4.480000000000000000e+03
1.149240960000000000e+08 3.080000000000000000e+03 2.250000000000000000e+03 4.990000000000000000e+03 4.480000000000000000e+03
1.149243040000000000e+08 3.070000000000000000e+03 2.240000000000000000e+03 5.000000000000000000e+03 4.480000000000000000e+03
1.149245120000000000e+08 3.080000000000000000e+03 2.240000000000000000e+03 5.000000000000000000e+03 4.490000000000000000e+03
1.149247200000000000e+08 3.070000000000000000e+03 2.240000000000000000e+03 5.000000000000000000e+03 4.480000000000000000e+03
1.149249280000000000e+08 3.060000000000000000e+03 2.240000000000000000e+03 5.000000000000000000e+03 4.480000000000000000e+03
1.149251370000000000e+08 3.060000000000000000e+03 2.240000000000000000e+03 4.990000000000000000e+03 4.490000000000000000e+03
1.149253440000000000e+08 3.070000000000000000e+03 2.240000000000000000e+03 4.990000000000000000e+03 4.480000000000000000e+03
