1.415279560000000000e+08 3.550000000000000000e+03 1.490000000000000000e+03 5.700000000000000000e+03 4.690000000000000000e+03
1.415281640000000000e+08 3.550000000000000000e+03 1.470000000000000000e+03 5.700000000000000000e+03 4.690000000000000000e+03
1.415283720000000000e+08 3.550000000000000000e+03 1.470000000000000000e+03 5.690000000000000000e+03 4.710000000000000000e+03
1.415285800000000000e+08 3.550000000000000000e+03 1.490000000000000000e+03 5.690000000000000000e+03 4.720000000000000000e+03
1.415287880000000000e+08 3.560000000000000000e+03 1.490000000000000000e+03 5.690000000000000000e+03 4.710000000000000000e+03
1.415289960000000000e+08 3.560000000000000000e+03 1.460000000000000000e+03 5.690000000000000000e+03 4.710000000000000000e+03
1.415292040000000000e+08 3.560000000000000000e+03 1.460000000000000000e+03 5.690000000000000000e+03 4.710000000000000000e+03
1.415294120000000000e+08 3.560000000000000000e+03 1.460000000000000000e+03 5.690000000000000000e+03 4.710000000000000000e+03
1.415296200000000000e+08 3.560000000000000000e+03 1.470000000000000000e+03 5.690000000000000000e+03 4.710000000000000000e+03
1.415298280000000000e+08 3.560000000000000000e+03 1.470000000000000000e+03 5.690000000000000000e+03 4.710000000000000000e+03
1.415300360000000000e+08 3.560000000000000000e+03 1.470000000000000000e+03 5.690000000000000000e+03 4.700000000000000000e+03
1.415302440000000000e+08 3.560000000000000000e+03 1.490000000000000000e+03 5.690000000000000000e+03 4.700000000000000000e+03
1.415304520000000000e+08 3.560000000000000000e+03 1.490000000000000000e+03 5.690000000000000000e+03 4.700000000000000000e+03
1.415306600000000000e+08 3.560000000000000000e+03 1.500000000000000000e+03 5.690000000000000000e+03 4.700000000000000000e+03
1.415308680000000000e+08 3.550000000000000000e+03 1.470000000000000000e+03 5.690000000000000000e+03 4.700000000000000000e+03
1.415310760000000000e+08 3.550000000000000000e+03 1.470000000000000000e+03 5.690000000000000000e+03 4.700000000000000000e+03
1.415312840000000000e+08 3.560000000000000000e+03 1.470000000000000000e+03 5.690000000000000000e+03 4.710000000000000000e+03
1.415317000000000000e+08 3.560000000000000000e+03 1.450000000000000000e+03 5.690000000000000000e+03 4.720000000000000000e+03
1.415319080000000000e+08 3.560000000000000000e+03 1.450000000000000000e+03 5.700000000000000000e+03 4.710000000000000000e+03
1.415321150000000000e+08 3.560000000000000000e+03 1.460000000000000000e+03 5.700000000000000000e+03 4.710000000000000000e+03
1.415323240000000000e+08 3.550000000000000000e+03 1.460000000000000000e+03 5.700000000000000000e+03 4.710000000000000000e+03
1.415325310000000000e+08 3.550000000000000000e+03 1.450000000000000000e+03 5.700000000000000000e+03 4.700000000000000000e+03
1.415327400000000000e+08 3.550000000000000000e+03 1.460000000000000000e+03 5.700000000000000000e+03 4.700000000000000000e+03
1.415329480000000000e+08 3.550000000000000000e+03 1.460000000000000000e+03 5.700000000000000000e+03 4.700000000000000000e+03
1.415331560000000000e+08 3.550000000000000000e+03 1.460000000000000000e+03 5.700000000000000000e+03 4.700000000000000000e+03
1.415333630000000000e+08 3.560000000000000000e+03 1.490000000000000000e+03 5.700000000000000000e+03 4.700000000000000000e+03
1.415335710000000000e+08 3.560000000000000000e+03 1.490000000000000000e+03 5.700000000000000000e+03 4.700000000000000000e+03
1.415337790000000000e+08 3.570000000000000000e+03 1.470000000000000000e+03 5.700000000000000000e+03 4.700000000000000000e+03
1.415339870000000000e+08 3.570000000000000000e+03 1.470000000000000000e+03 5.700000000000000000e+03 4.700000000000000000e+03
1.415341950000000000e+08 3.550000000000000000e+03 1.470000000000000000e+03 5.700000000000000000e+03 4.690000000000000000e+03
1.415344030000000000e+08 3.550000000000000000e+03 1.490000000000000000e+03 5.700000000000000000e+03 4.690000000000000000e+03
1.415346110000000000e+08 3.550000000000000000e+03 1.490000000000000000e+03 5.700000000000000000e+03 4.680000000000000000e+03
1.415348190000000000e+08 3.550000000000000000e+03 1.500000000000000000e+03 5.700000000000000000e+03 4.680000000000000000e+03
1.415350270000000000e+08 3.550000000000000000e+03 1.500000000000000000e+03 5.690000000000000000e+03 4.680000000000000000e+03
1.415352350000000000e+08 3.550000000000000000e+03 1.500000000000000000e+03 5.690000000000000000e+03 4.680000000000000000e+03
1.415354430000000000e+08 3.550000000000000000e+03 1.500000000000000000e+03 5.680000000000000000e+03 4.680000000000000000e+03
1.415356510000000000e+08 3.550000000000000000e+03 1.500000000000000000e+03 5.680000000000000000e+03 4.680000000000000000e+03
1.415358590000000000e+08 3.560000000000000000e+03 1.500000000000000000e+03 5.680000000000000000e+03 4.690000000000000000e+03
1.415360670000000000e+08 3.560000000000000000e+03 1.500000000000000000e+03 5.690000000000000000e+03 4.680000000000000000e+03
1.415362750000000000e+08 3.560000000000000000e+03 1.490000000000000000e+03 5.690000000000000000e+03 4.680000000000000000e+03
1.415364830000000000e+08 3.560000000000000000e+03 1.470000000000000000e+03 5.690000000000000000e+03 4.680000000000000000e+03
1.415366910000000000e+08 3.560000000000000000e+03 1.490000000000000000e+03 5.690000000000000000e+03 4.680000000000000000e+03
1.415368990000000000e+08 3.560000000000000000e+03 1.500000000000000000e+03 5.690000000000000000e+03 4.700000000000000000e+03
1.415371070000000000e+08 3.550000000000000000e+03 1.470000000000000000e+03 5.690000000000000000e+03 4.700000000000000000e+03
1.415373150000000000e+08 3.550000000000000000e+03 1.470000000000000000e+03 5.690000000000000000e+03 4.700000000000000000e+03
1.415375230000000000e+08 3.550000000000000000e+03 1.490000000000000000e+03 5.690000000000000000e+03 4.710000000000000000e+03
1.415377310000000000e+08 3.550000000000000000e+03 1.470000000000000000e+03 5.700000000000000000e+03 4.710000000000000000e+03
1.415379390000000000e+08 3.560000000000000000e+03 1.470000000000000000e+03 5.700000000000000000e+03 4.710000000000000000e+03
1.415381460000000000e+08 3.560000000000000000e+03 1.460000000000000000e+03 5.700000000000000000e+03 4.700000000000000000e+03
1.415383550000000000e+08 3.560000000000000000e+03 1.490000000000000000e+03 5.700000000000000000e+03 4.710000000000000000e+03
1.415385630000000000e+08 3.560000000000000000e+03 1.500000000000000000e+03 5.700000000000000000e+03 4.710000000000000000e+03
1.415387700000000000e+08 3.560000000000000000e+03 1.490000000000000000e+03 5.700000000000000000e+03 4.710000000000000000e+03
1.415389790000000000e+08 3.560000000000000000e+03 1.490000000000000000e+03 5.700000000000000000e+03 4.700000000000000000e+03
1.415391860000000000e+08 3.560000000000000000e+03 1.490000000000000000e+03 5.700000000000000000e+03 4.700000000000000000e+03
1.415393940000000000e+08 3.560000000000000000e+03 1.470000000000000000e+03 5.700000000000000000e+03 4.700000000000000000e+03
1.415396030000000000e+08 3.570000000000000000e+03 1.470000000000000000e+03 5.700000000000000000e+03 4.700000000000000000e+03
1.415398100000000000e+08 3.570000000000000000e+03 1.470000000000000000e+03 5.700000000000000000e+03 4.700000000000000000e+03
1.415400180000000000e+08 3.570000000000000000e+03 1.470000000000000000e+03 5.700000000000000000e+03 4.700000000000000000e+03
1.415402260000000000e+08 3.570000000000000000e+03 1.460000000000000000e+03 5.700000000000000000e+03 4.690000000000000000e+03
1.415404340000000000e+08 3.570000000000000000e+03 1.460000000000000000e+03 5.690000000000000000e+03 4.690000000000000000e+03
1.415406420000000000e+08 3.570000000000000000e+03 1.450000000000000000e+03 5.690000000000000000e+03 4.700000000000000000e+03
1.415408500000000000e+08 3.570000000000000000e+03 1.450000000000000000e+03 5.690000000000000000e+03 4.700000000000000000e+03
1.415410580000000000e+08 3.560000000000000000e+03 1.460000000000000000e+03 5.690000000000000000e+03 4.700000000000000000e+03
1.415412660000000000e+08 3.560000000000000000e+03 1.460000000000000000e+03 5.690000000000000000e+03 4.710000000000000000e+03
1.415414750000000000e+08 3.560000000000000000e+03 1.450000000000000000e+03 5.690000000000000000e+03 4.690000000000000000e+03
1.415416820000000000e+08 3.560000000000000000e+03 1.460000000000000000e+03 5.690000000000000000e+03 4.690000000000000000e+03
1.415418900000000000e+08 3.570000000000000000e+03 1.460000000000000000e+03 5.690000000000000000e+03 4.680000000000000000e+03
1.415420980000000000e+08 3.570000000000000000e+03 1.460000000000000000e+03 5.690000000000000000e+03 4.690000000000000000e+03
1.415423060000000000e+08 3.560000000000000000e+03 1.490000000000000000e+03 5.690000000000000000e+03 4.700000000000000000e+03
1.415425140000000000e+08 3.550000000000000000e+03 1.490000000000000000e+03 5.690000000000000000e+03 4.690000000000000000e+03
1.415427220000000000e+08 3.550000000000000000e+03 1.490000000000000000e+03 5.690000000000000000e+03 4.710000000000000000e+03
1.415429300000000000e+08 3.550000000000000000e+03 1.490000000000000000e+03 5.690000000000000000e+03 4.710000000000000000e+03
1.415431380000000000e+08 3.560000000000000000e+03 1.490000000000000000e+03 5.690000000000000000e+03 4.720000000000000000e+03
1.415433460000000000e+08 3.560000000000000000e+03 1.490000000000000000e+03 5.690000000000000000e+03 4.710000000000000000e+03
1.415435550000000000e+08 3.560000000000000000e+03 1.490000000000000000e+03 5.690000000000000000e+03 4.710000000000000000e+03
1.415437620000000000e+08 3.560000000000000000e+03 1.470000000000000000e+03 5.680000000000000000e+03 4.710000000000000000e+03
1.415439700000000000e+08 3.560000000000000000e+03 1.470000000000000000e+03 5.690000000000000000e+03 4.710000000000000000e+03
1.415441780000000000e+08 3.560000000000000000e+03 1.470000000000000000e+03 5.690000000000000000e+03 4.710000000000000000e+03
1.415443860000000000e+08 3.560000000000000000e+03 1.470000000000000000e+03 5.690000000000000000e+03 4.710000000000000000e+03
1.415445940000000000e+08 3.570000000000000000e+03 1.460000000000000000e+03 5.690000000000000000e+03 4.710000000000000000e+03
1.415448020000000000e+08 3.570000000000000000e+03 1.470000000000000000e+03 5.690000000000000000e+03 4.710000000000000000e+03
1.415450090000000000e+08 3.570000000000000000e+03 1.470000000000000000e+03 5.690000000000000000e+03 4.710000000000000000e+03
1.415452180000000000e+08 3.570000000000000000e+03 1.470000000000000000e+03 5.690000000000000000e+03 4.710000000000000000e+03
1.415454250000000000e+08 3.570000000000000000e+03 1.490000000000000000e+03 5.690000000000000000e+03 4.700000000000000000e+03
1.415456330000000000e+08 3.570000000000000000e+03 1.490000000000000000e+03 5.690000000000000000e+03 4.700000000000000000e+03
1.415458410000000000e+08 3.570000000000000000e+03 1.470000000000000000e+03 5.690000000000000000e+03 4.710000000000000000e+03
1.415460490000000000e+08 3.560000000000000000e+03 1.460000000000000000e+03 5.690000000000000000e+03 4.690000000000000000e+03
1.415462570000000000e+08 3.570000000000000000e+03 1.460000000000000000e+03 5.700000000000000000e+03 4.690000000000000000e+03
1.415464650000000000e+08 3.570000000000000000e+03 1.460000000000000000e+03 5.700000000000000000e+03 4.690000000000000000e+03
1.415466740000000000e+08 3.570000000000000000e+03 1.470000000000000000e+03 5.700000000000000000e+03 4.690000000000000000e+03
1.415468810000000000e+08 3.570000000000000000e+03 1.470000000000000000e+03 5.700000000000000000e+03 4.690000000000000000e+03
1.415470890000000000e+08 3.570000000000000000e+03 1.490000000000000000e+03 5.700000000000000000e+03 4.700000000000000000e+03
1.415472970000000000e+08 3.570000000000000000e+03 1.490000000000000000e+03 5.700000000000000000e+03 4.710000000000000000e+03
1.415475050000000000e+08 3.570000000000000000e+03 1.470000000000000000e+03 5.690000000000000000e+03 4.710000000000000000e+03
1.415477130000000000e+08 3.570000000000000000e+03 1.490000000000000000e+03 5.690000000000000000e+03 4.700000000000000000e+03
1.415479210000000000e+08 3.570000000000000000e+03 1.490000000000000000e+03 5.690000000000000000e+03 4.710000000000000000e+03
1.415481290000000000e+08 3.580000000000000000e+03 1.490000000000000000e+03 5.680000000000000000e+03 4.710000000000000000e+03
1.415483370000000000e+08 3.580000000000000000e+03 1.490000000000000000e+03 5.680000000000000000e+03 4.710000000000000000e+03
1.415485450000000000e+08 3.580000000000000000e+03 1.490000000000000000e+03 5.680000000000000000e+03 4.710000000000000000e+03
1.415487530000000000e+08 3.580000000000000000e+03 1.500000000000000000e+03 5.690000000000000000e+03 4.690000000000000000e+03
1.415489610000000000e+08 3.580000000000000000e+03 1.500000000000000000e+03 5.690000000000000000e+03 4.700000000000000000e+03
1.415491690000000000e+08 3.570000000000000000e+03 1.500000000000000000e+03 5.690000000000000000e+03 4.700000000000000000e+03
1.415493770000000000e+08 3.570000000000000000e+03 1.510000000000000000e+03 5.690000000000000000e+03 4.710000000000000000e+03
1.415495840000000000e+08 3.570000000000000000e+03 1.510000000000000000e+03 5.690000000000000000e+03 4.710000000000000000e+03
1.415497930000000000e+08 3.560000000000000000e+03 1.510000000000000000e+03 5.690000000000000000e+03 4.710000000000000000e+03
1.415500010000000000e+08 3.560000000000000000e+03 1.490000000000000000e+03 5.690000000000000000e+03 4.710000000000000000e+03
1.415502090000000000e+08 3.560000000000000000e+03 1.470000000000000000e+03 5.690000000000000000e+03 4.720000000000000000e+03
1.415504160000000000e+08 3.560000000000000000e+03 1.490000000000000000e+03 5.690000000000000000e+03 4.710000000000000000e+03
1.415506250000000000e+08 3.560000000000000000e+03 1.490000000000000000e+03 5.690000000000000000e+03 4.710000000000000000e+03
1.415508330000000000e+08 3.560000000000000000e+03 1.460000000000000000e+03 5.690000000000000000e+03 4.700000000000000000e+03
1.415510400000000000e+08 3.570000000000000000e+03 1.460000000000000000e+03 5.690000000000000000e+03 4.710000000000000000e+03
1.415512480000000000e+08 3.570000000000000000e+03 1.450000000000000000e+03 5.690000000000000000e+03 4.710000000000000000e+03
1.415516640000000000e+08 3.550000000000000000e+03 1.450000000000000000e+03 5.690000000000000000e+03 4.700000000000000000e+03
1.415518720000000000e+08 3.560000000000000000e+03 1.450000000000000000e+03 5.690000000000000000e+03 4.710000000000000000e+03
1.415520800000000000e+08 3.560000000000000000e+03 1.450000000000000000e+03 5.690000000000000000e+03 4.710000000000000000e+03
1.415522880000000000e+08 3.560000000000000000e+03 1.460000000000000000e+03 5.690000000000000000e+03 4.710000000000000000e+03
1.415524960000000000e+08 3.560000000000000000e+03 1.460000000000000000e+03 5.690000000000000000e+03 4.700000000000000000e+03
1.415527040000000000e+08 3.560000000000000000e+03 1.460000000000000000e+03 5.690000000000000000e+03 4.690000000000000000e+03
1.415529120000000000e+08 3.570000000000000000e+03 1.460000000000000000e+03 5.690000000000000000e+03 4.690000000000000000e+03
1.415531200000000000e+08 3.570000000000000000e+03 1.470000000000000000e+03 5.690000000000000000e+03 4.680000000000000000e+03
1.415533280000000000e+08 3.570000000000000000e+03 1.470000000000000000e+03 5.690000000000000000e+03 4.680000000000000000e+03
1.415535360000000000e+08 3.570000000000000000e+03 1.470000000000000000e+03 5.680000000000000000e+03 4.700000000000000000e+03
1.415537440000000000e+08 3.560000000000000000e+03 1.470000000000000000e+03 5.690000000000000000e+03 4.700000000000000000e+03
1.415539520000000000e+08 3.560000000000000000e+03 1.470000000000000000e+03 5.690000000000000000e+03 4.700000000000000000e+03
1.415541630000000000e+08 3.570000000000000000e+03 1.470000000000000000e+03 5.690000000000000000e+03 4.700000000000000000e+03
1.415543680000000000e+08 3.580000000000000000e+03 1.470000000000000000e+03 5.690000000000000000e+03 4.700000000000000000e+03
1.415545760000000000e+08 3.580000000000000000e+03 1.460000000000000000e+03 5.690000000000000000e+03 4.700000000000000000e+03
1.415547840000000000e+08 3.570000000000000000e+03 1.460000000000000000e+03 5.700000000000000000e+03 4.700000000000000000e+03
1.415549920000000000e+08 3.570000000000000000e+03 1.470000000000000000e+03 5.690000000000000000e+03 4.700000000000000000e+03
1.415551990000000000e+08 3.570000000000000000e+03 1.470000000000000000e+03 5.690000000000000000e+03 4.690000000000000000e+03
1.415554070000000000e+08 3.570000000000000000e+03 1.490000000000000000e+03 5.690000000000000000e+03 4.710000000000000000e+03
1.415556160000000000e+08 3.570000000000000000e+03 1.470000000000000000e+03 5.690000000000000000e+03 4.710000000000000000e+03
1.415558230000000000e+08 3.570000000000000000e+03 1.460000000000000000e+03 5.690000000000000000e+03 4.710000000000000000e+03
1.415560320000000000e+08 3.570000000000000000e+03 1.470000000000000000e+03 5.690000000000000000e+03 4.720000000000000000e+03
1.415562430000000000e+08 3.580000000000000000e+03 1.470000000000000000e+03 5.690000000000000000e+03 4.710000000000000000e+03
1.415564480000000000e+08 3.580000000000000000e+03 1.470000000000000000e+03 5.690000000000000000e+03 4.720000000000000000e+03
1.415566560000000000e+08 3.570000000000000000e+03 1.460000000000000000e+03 5.690000000000000000e+03 4.700000000000000000e+03
1.415568630000000000e+08 3.570000000000000000e+03 1.460000000000000000e+03 5.690000000000000000e+03 4.700000000000000000e+03
1.415570710000000000e+08 3.570000000000000000e+03 1.460000000000000000e+03 5.680000000000000000e+03 4.710000000000000000e+03
1.415572790000000000e+08 3.570000000000000000e+03 1.470000000000000000e+03 5.680000000000000000e+03 4.710000000000000000e+03
1.415574870000000000e+08 3.570000000000000000e+03 1.470000000000000000e+03 5.690000000000000000e+03 4.720000000000000000e+03
1.415576950000000000e+08 3.570000000000000000e+03 1.470000000000000000e+03 5.690000000000000000e+03 4.720000000000000000e+03
1.415579030000000000e+08 3.570000000000000000e+03 1.460000000000000000e+03 5.690000000000000000e+03 4.710000000000000000e+03
1.415581110000000000e+08 3.570000000000000000e+03 1.460000000000000000e+03 5.690000000000000000e+03 4.710000000000000000e+03
1.415583190000000000e+08 3.570000000000000000e+03 1.460000000000000000e+03 5.690000000000000000e+03 4.710000000000000000e+03
1.415585270000000000e+08 3.570000000000000000e+03 1.470000000000000000e+03 5.690000000000000000e+03 4.700000000000000000e+03
1.415587350000000000e+08 3.570000000000000000e+03 1.490000000000000000e+03 5.690000000000000000e+03 4.710000000000000000e+03
1.415589430000000000e+08 3.560000000000000000e+03 1.490000000000000000e+03 5.690000000000000000e+03 4.710000000000000000e+03
1.415591510000000000e+08 3.560000000000000000e+03 1.500000000000000000e+03 5.700000000000000000e+03 4.700000000000000000e+03
1.415593590000000000e+08 3.560000000000000000e+03 1.500000000000000000e+03 5.700000000000000000e+03 4.690000000000000000e+03
1.415595670000000000e+08 3.560000000000000000e+03 1.490000000000000000e+03 5.690000000000000000e+03 4.690000000000000000e+03
1.415597740000000000e+08 3.560000000000000000e+03 1.470000000000000000e+03 5.690000000000000000e+03 4.710000000000000000e+03
1.415599830000000000e+08 3.560000000000000000e+03 1.460000000000000000e+03 5.690000000000000000e+03 4.700000000000000000e+03
1.416001900000000000e+08 3.560000000000000000e+03 1.460000000000000000e+03 5.690000000000000000e+03 4.700000000000000000e+03
1.416003990000000000e+08 3.560000000000000000e+03 1.460000000000000000e+03 5.690000000000000000e+03 4.710000000000000000e+03
1.416006060000000000e+08 3.550000000000000000e+03 1.470000000000000000e+03 5.690000000000000000e+03 4.710000000000000000e+03
1.416008150000000000e+08 3.550000000000000000e+03 1.470000000000000000e+03 5.680000000000000000e+03 4.710000000000000000e+03
1.416010230000000000e+08 3.550000000000000000e+03 1.460000000000000000e+03 5.680000000000000000e+03 4.700000000000000000e+03
1.416012310000000000e+08 3.550000000000000000e+03 1.450000000000000000e+03 5.680000000000000000e+03 4.710000000000000000e+03
1.416014390000000000e+08 3.550000000000000000e+03 1.460000000000000000e+03 5.690000000000000000e+03 4.710000000000000000e+03
1.416016470000000000e+08 3.550000000000000000e+03 1.470000000000000000e+03 5.690000000000000000e+03 4.710000000000000000e+03
1.416018550000000000e+08 3.550000000000000000e+03 1.490000000000000000e+03 5.690000000000000000e+03 4.720000000000000000e+03
1.416020620000000000e+08 3.550000000000000000e+03 1.490000000000000000e+03 5.690000000000000000e+03 4.710000000000000000e+03
1.416022700000000000e+08 3.550000000000000000e+03 1.470000000000000000e+03 5.690000000000000000e+03 4.720000000000000000e+03
1.416024780000000000e+08 3.560000000000000000e+03 1.470000000000000000e+03 5.690000000000000000e+03 4.710000000000000000e+03
1.416026860000000000e+08 3.560000000000000000e+03 1.470000000000000000e+03 5.690000000000000000e+03 4.710000000000000000e+03
1.416028940000000000e+08 3.560000000000000000e+03 1.460000000000000000e+03 5.690000000000000000e+03 4.700000000000000000e+03
1.416031020000000000e+08 3.560000000000000000e+03 1.470000000000000000e+03 5.690000000000000000e+03 4.700000000000000000e+03
1.416033100000000000e+08 3.560000000000000000e+03 1.470000000000000000e+03 5.690000000000000000e+03 4.710000000000000000e+03
1.416035180000000000e+08 3.560000000000000000e+03 1.470000000000000000e+03 5.690000000000000000e+03 4.700000000000000000e+03
1.416037260000000000e+08 3.560000000000000000e+03 1.460000000000000000e+03 5.690000000000000000e+03 4.700000000000000000e+03
1.416039340000000000e+08 3.560000000000000000e+03 1.460000000000000000e+03 5.690000000000000000e+03 4.700000000000000000e+03
1.416041420000000000e+08 3.560000000000000000e+03 1.460000000000000000e+03 5.690000000000000000e+03 4.700000000000000000e+03
1.416043500000000000e+08 3.560000000000000000e+03 1.470000000000000000e+03 5.690000000000000000e+03 4.710000000000000000e+03
1.416045580000000000e+08 3.560000000000000000e+03 1.460000000000000000e+03 5.700000000000000000e+03 4.720000000000000000e+03
1.416047660000000000e+08 3.550000000000000000e+03 1.470000000000000000e+03 5.690000000000000000e+03 4.710000000000000000e+03
1.416049740000000000e+08 3.550000000000000000e+03 1.470000000000000000e+03 5.690000000000000000e+03 4.720000000000000000e+03
1.416051810000000000e+08 3.560000000000000000e+03 1.470000000000000000e+03 5.690000000000000000e+03 4.710000000000000000e+03
1.416053900000000000e+08 3.570000000000000000e+03 1.450000000000000000e+03 5.700000000000000000e+03 4.710000000000000000e+03
1.416055980000000000e+08 3.570000000000000000e+03 1.460000000000000000e+03 5.700000000000000000e+03 4.710000000000000000e+03
1.416058050000000000e+08 3.570000000000000000e+03 1.460000000000000000e+03 5.700000000000000000e+03 4.700000000000000000e+03
1.416060140000000000e+08 3.560000000000000000e+03 1.470000000000000000e+03 5.700000000000000000e+03 4.700000000000000000e+03
1.416062220000000000e+08 3.560000000000000000e+03 1.470000000000000000e+03 5.690000000000000000e+03 4.700000000000000000e+03
1.416064300000000000e+08 3.560000000000000000e+03 1.470000000000000000e+03 5.680000000000000000e+03 4.720000000000000000e+03
1.416068460000000000e+08 3.560000000000000000e+03 1.490000000000000000e+03 5.680000000000000000e+03 4.710000000000000000e+03
1.416070540000000000e+08 3.570000000000000000e+03 1.500000000000000000e+03 5.680000000000000000e+03 4.710000000000000000e+03
1.416072610000000000e+08 3.570000000000000000e+03 1.500000000000000000e+03 5.680000000000000000e+03 4.710000000000000000e+03
1.416074700000000000e+08 3.560000000000000000e+03 1.500000000000000000e+03 5.690000000000000000e+03 4.720000000000000000e+03
1.416076780000000000e+08 3.560000000000000000e+03 1.490000000000000000e+03 5.690000000000000000e+03 4.710000000000000000e+03
1.416078860000000000e+08 3.570000000000000000e+03 1.490000000000000000e+03 5.690000000000000000e+03 4.710000000000000000e+03
1.416080930000000000e+08 3.570000000000000000e+03 1.490000000000000000e+03 5.690000000000000000e+03 4.720000000000000000e+03
1.416083020000000000e+08 3.570000000000000000e+03 1.460000000000000000e+03 5.690000000000000000e+03 4.730000000000000000e+03
1.416085090000000000e+08 3.570000000000000000e+03 1.460000000000000000e+03 5.690000000000000000e+03 4.720000000000000000e+03
1.416087170000000000e+08 3.570000000000000000e+03 1.470000000000000000e+03 5.690000000000000000e+03 4.720000000000000000e+03
1.416091330000000000e+08 3.570000000000000000e+03 1.470000000000000000e+03 5.690000000000000000e+03 4.710000000000000000e+03
1.416093410000000000e+08 3.570000000000000000e+03 1.490000000000000000e+03 5.690000000000000000e+03 4.700000000000000000e+03
1.416095490000000000e+08 3.560000000000000000e+03 1.490000000000000000e+03 5.690000000000000000e+03 4.710000000000000000e+03
1.416097570000000000e+08 3.560000000000000000e+03 1.490000000000000000e+03 5.690000000000000000e+03 4.720000000000000000e+03
1.416099650000000000e+08 3.560000000000000000e+03 1.500000000000000000e+03 5.690000000000000000e+03 4.700000000000000000e+03
1.416101730000000000e+08 3.570000000000000000e+03 1.470000000000000000e+03 5.700000000000000000e+03 4.700000000000000000e+03
1.416103810000000000e+08 3.560000000000000000e+03 1.470000000000000000e+03 5.700000000000000000e+03 4.700000000000000000e+03
1.416105890000000000e+08 3.560000000000000000e+03 1.460000000000000000e+03 5.700000000000000000e+03 4.700000000000000000e+03
1.416107970000000000e+08 3.560000000000000000e+03 1.460000000000000000e+03 5.700000000000000000e+03 4.700000000000000000e+03
1.416110050000000000e+08 3.550000000000000000e+03 1.470000000000000000e+03 5.700000000000000000e+03 4.710000000000000000e+03
1.416112130000000000e+08 3.550000000000000000e+03 1.490000000000000000e+03 5.700000000000000000e+03 4.710000000000000000e+03
1.416114210000000000e+08 3.550000000000000000e+03 1.470000000000000000e+03 5.700000000000000000e+03 4.710000000000000000e+03
1.416116290000000000e+08 3.550000000000000000e+03 1.470000000000000000e+03 5.700000000000000000e+03 4.710000000000000000e+03
1.416118370000000000e+08 3.550000000000000000e+03 1.470000000000000000e+03 5.700000000000000000e+03 4.710000000000000000e+03
1.416120450000000000e+08 3.550000000000000000e+03 1.470000000000000000e+03 5.700000000000000000e+03 4.710000000000000000e+03
1.416122530000000000e+08 3.560000000000000000e+03 1.470000000000000000e+03 5.700000000000000000e+03 4.710000000000000000e+03
1.416124610000000000e+08 3.560000000000000000e+03 1.470000000000000000e+03 5.700000000000000000e+03 4.720000000000000000e+03
1.416126690000000000e+08 3.550000000000000000e+03 1.470000000000000000e+03 5.690000000000000000e+03 4.710000000000000000e+03
1.416128770000000000e+08 3.550000000000000000e+03 1.460000000000000000e+03 5.690000000000000000e+03 4.700000000000000000e+03
1.416130850000000000e+08 3.550000000000000000e+03 1.460000000000000000e+03 5.690000000000000000e+03 4.700000000000000000e+03
1.416132930000000000e+08 3.550000000000000000e+03 1.470000000000000000e+03 5.690000000000000000e+03 4.710000000000000000e+03
1.416135000000000000e+08 3.550000000000000000e+03 1.470000000000000000e+03 5.690000000000000000e+03 4.710000000000000000e+03
1.416137090000000000e+08 3.560000000000000000e+03 1.460000000000000000e+03 5.690000000000000000e+03 4.710000000000000000e+03
1.416139160000000000e+08 3.560000000000000000e+03 1.470000000000000000e+03 5.690000000000000000e+03 4.700000000000000000e+03
1.416141240000000000e+08 3.550000000000000000e+03 1.490000000000000000e+03 5.680000000000000000e+03 4.690000000000000000e+03
1.416143320000000000e+08 3.550000000000000000e+03 1.490000000000000000e+03 5.680000000000000000e+03 4.690000000000000000e+03
1.416145400000000000e+08 3.550000000000000000e+03 1.490000000000000000e+03 5.690000000000000000e+03 4.700000000000000000e+03
1.416147480000000000e+08 3.560000000000000000e+03 1.490000000000000000e+03 5.690000000000000000e+03 4.690000000000000000e+03
1.416149550000000000e+08 3.560000000000000000e+03 1.490000000000000000e+03 5.690000000000000000e+03 4.700000000000000000e+03
1.416151640000000000e+08 3.560000000000000000e+03 1.470000000000000000e+03 5.690000000000000000e+03 4.700000000000000000e+03
1.416153720000000000e+08 3.550000000000000000e+03 1.470000000000000000e+03 5.690000000000000000e+03 4.700000000000000000e+03
1.416155800000000000e+08 3.550000000000000000e+03 1.470000000000000000e+03 5.690000000000000000e+03 4.690000000000000000e+03
1.416157880000000000e+08 3.550000000000000000e+03 1.460000000000000000e+03 5.690000000000000000e+03 4.690000000000000000e+03
1.416159960000000000e+08 3.550000000000000000e+03 1.470000000000000000e+03 5.690000000000000000e+03 4.700000000000000000e+03
1.416162030000000000e+08 3.550000000000000000e+03 1.470000000000000000e+03 5.690000000000000000e+03 4.710000000000000000e+03
1.416164120000000000e+08 3.550000000000000000e+03 1.470000000000000000e+03 5.700000000000000000e+03 4.710000000000000000e+03
1.416166200000000000e+08 3.550000000000000000e+03 1.470000000000000000e+03 5.700000000000000000e+03 4.700000000000000000e+03
1.416168280000000000e+08 3.550000000000000000e+03 1.450000000000000000e+03 5.700000000000000000e+03 4.700000000000000000e+03
1.416170360000000000e+08 3.550000000000000000e+03 1.470000000000000000e+03 5.700000000000000000e+03 4.700000000000000000e+03
1.416172440000000000e+08 3.550000000000000000e+03 1.470000000000000000e+03 5.700000000000000000e+03 4.700000000000000000e+03
1.416174520000000000e+08 3.550000000000000000e+03 1.490000000000000000e+03 5.700000000000000000e+03 4.710000000000000000e+03
1.416176590000000000e+08 3.550000000000000000e+03 1.490000000000000000e+03 5.700000000000000000e+03 4.720000000000000000e+03
1.416178680000000000e+08 3.560000000000000000e+03 1.490000000000000000e+03 5.700000000000000000e+03 4.720000000000000000e+03
1.416180760000000000e+08 3.550000000000000000e+03 1.500000000000000000e+03 5.700000000000000000e+03 4.720000000000000000e+03
1.416182840000000000e+08 3.550000000000000000e+03 1.490000000000000000e+03 5.700000000000000000e+03 4.720000000000000000e+03
