1.417339350000000000e+08 3.690000000000000000e+03 1.740000000000000000e+03 5.230000000000000000e+03 4.240000000000000000e+03
1.417341430000000000e+08 3.690000000000000000e+03 1.750000000000000000e+03 5.230000000000000000e+03 4.240000000000000000e+03
1.417343500000000000e+08 3.700000000000000000e+03 1.750000000000000000e+03 5.230000000000000000e+03 4.240000000000000000e+03
1.417345580000000000e+08 3.710000000000000000e+03 1.750000000000000000e+03 5.230000000000000000e+03 4.230000000000000000e+03
1.417347660000000000e+08 3.700000000000000000e+03 1.750000000000000000e+03 5.230000000000000000e+03 4.230000000000000000e+03
1.417349740000000000e+08 3.700000000000000000e+03 1.760000000000000000e+03 5.230000000000000000e+03 4.240000000000000000e+03
1.417351820000000000e+08 3.690000000000000000e+03 1.760000000000000000e+03 5.210000000000000000e+03 4.240000000000000000e+03
1.417353900000000000e+08 3.690000000000000000e+03 1.760000000000000000e+03 5.210000000000000000e+03 4.240000000000000000e+03
1.417355980000000000e+08 3.700000000000000000e+03 1.750000000000000000e+03 5.210000000000000000e+03 4.240000000000000000e+03
1.417358060000000000e+08 3.700000000000000000e+03 1.750000000000000000e+03 5.240000000000000000e+03 4.240000000000000000e+03
1.417360140000000000e+08 3.700000000000000000e+03 1.740000000000000000e+03 5.250000000000000000e+03 4.240000000000000000e+03
1.417362220000000000e+08 3.700000000000000000e+03 1.750000000000000000e+03 5.250000000000000000e+03 4.250000000000000000e+03
1.417364300000000000e+08 3.690000000000000000e+03 1.750000000000000000e+03 5.240000000000000000e+03 4.250000000000000000e+03
1.417366380000000000e+08 3.680000000000000000e+03 1.750000000000000000e+03 5.230000000000000000e+03 4.250000000000000000e+03
1.417368460000000000e+08 3.680000000000000000e+03 1.740000000000000000e+03 5.230000000000000000e+03 4.240000000000000000e+03
1.417370530000000000e+08 3.690000000000000000e+03 1.750000000000000000e+03 5.210000000000000000e+03 4.250000000000000000e+03
1.417372620000000000e+08 3.680000000000000000e+03 1.740000000000000000e+03 5.210000000000000000e+03 4.250000000000000000e+03
1.417374700000000000e+08 3.680000000000000000e+03 1.740000000000000000e+03 5.240000000000000000e+03 4.250000000000000000e+03
1.417376780000000000e+08 3.680000000000000000e+03 1.740000000000000000e+03 5.240000000000000000e+03 4.250000000000000000e+03
1.417378860000000000e+08 3.680000000000000000e+03 1.740000000000000000e+03 5.210000000000000000e+03 4.250000000000000000e+03
1.417380940000000000e+08 3.690000000000000000e+03 1.740000000000000000e+03 5.210000000000000000e+03 4.240000000000000000e+03
1.417383020000000000e+08 3.690000000000000000e+03 1.750000000000000000e+03 5.210000000000000000e+03 4.240000000000000000e+03
1.417385100000000000e+08 3.690000000000000000e+03 1.750000000000000000e+03 5.230000000000000000e+03 4.240000000000000000e+03
1.417387180000000000e+08 3.680000000000000000e+03 1.750000000000000000e+03 5.210000000000000000e+03 4.240000000000000000e+03
1.417389260000000000e+08 3.690000000000000000e+03 1.750000000000000000e+03 5.230000000000000000e+03 4.250000000000000000e+03
1.417391340000000000e+08 3.680000000000000000e+03 1.750000000000000000e+03 5.230000000000000000e+03 4.250000000000000000e+03
1.417393420000000000e+08 3.680000000000000000e+03 1.770000000000000000e+03 5.210000000000000000e+03 4.250000000000000000e+03
1.417395500000000000e+08 3.670000000000000000e+03 1.770000000000000000e+03 5.210000000000000000e+03 4.250000000000000000e+03
1.417397580000000000e+08 3.650000000000000000e+03 1.770000000000000000e+03 5.210000000000000000e+03 4.240000000000000000e+03
1.417399660000000000e+08 3.650000000000000000e+03 1.770000000000000000e+03 5.210000000000000000e+03 4.240000000000000000e+03
1.417401730000000000e+08 3.670000000000000000e+03 1.770000000000000000e+03 5.230000000000000000e+03 4.240000000000000000e+03
1.417403810000000000e+08 3.670000000000000000e+03 1.770000000000000000e+03 5.210000000000000000e+03 4.240000000000000000e+03
1.417405890000000000e+08 3.670000000000000000e+03 1.770000000000000000e+03 5.210000000000000000e+03 4.250000000000000000e+03
1.417407970000000000e+08 3.670000000000000000e+03 1.770000000000000000e+03 5.240000000000000000e+03 4.250000000000000000e+03
1.417410050000000000e+08 3.680000000000000000e+03 1.770000000000000000e+03 5.240000000000000000e+03 4.240000000000000000e+03
1.417412130000000000e+08 3.690000000000000000e+03 1.770000000000000000e+03 5.240000000000000000e+03 4.240000000000000000e+03
1.417414210000000000e+08 3.690000000000000000e+03 1.770000000000000000e+03 5.250000000000000000e+03 4.240000000000000000e+03
1.417416290000000000e+08 3.690000000000000000e+03 1.760000000000000000e+03 5.240000000000000000e+03 4.240000000000000000e+03
1.417418370000000000e+08 3.690000000000000000e+03 1.760000000000000000e+03 5.230000000000000000e+03 4.240000000000000000e+03
1.417420450000000000e+08 3.690000000000000000e+03 1.760000000000000000e+03 5.210000000000000000e+03 4.230000000000000000e+03
1.417422530000000000e+08 3.690000000000000000e+03 1.750000000000000000e+03 5.210000000000000000e+03 4.240000000000000000e+03
1.417424610000000000e+08 3.690000000000000000e+03 1.750000000000000000e+03 5.210000000000000000e+03 4.250000000000000000e+03
1.417426690000000000e+08 3.680000000000000000e+03 1.760000000000000000e+03 5.240000000000000000e+03 4.240000000000000000e+03
1.417428770000000000e+08 3.680000000000000000e+03 1.750000000000000000e+03 5.240000000000000000e+03 4.240000000000000000e+03
1.417430850000000000e+08 3.690000000000000000e+03 1.750000000000000000e+03 5.230000000000000000e+03 4.250000000000000000e+03
1.417432930000000000e+08 3.690000000000000000e+03 1.750000000000000000e+03 5.230000000000000000e+03 4.250000000000000000e+03
1.417435010000000000e+08 3.690000000000000000e+03 1.750000000000000000e+03 5.240000000000000000e+03 4.240000000000000000e+03
1.417437090000000000e+08 3.690000000000000000e+03 1.750000000000000000e+03 5.240000000000000000e+03 4.240000000000000000e+03
1.417439170000000000e+08 3.690000000000000000e+03 1.750000000000000000e+03 5.230000000000000000e+03 4.240000000000000000e+03
1.417441250000000000e+08 3.690000000000000000e+03 1.750000000000000000e+03 5.230000000000000000e+03 4.230000000000000000e+03
1.417443330000000000e+08 3.690000000000000000e+03 1.750000000000000000e+03 5.240000000000000000e+03 4.230000000000000000e+03
1.417445410000000000e+08 3.690000000000000000e+03 1.750000000000000000e+03 5.240000000000000000e+03 4.230000000000000000e+03
1.417447490000000000e+08 3.690000000000000000e+03 1.750000000000000000e+03 5.240000000000000000e+03 4.230000000000000000e+03
1.417449570000000000e+08 3.690000000000000000e+03 1.750000000000000000e+03 5.240000000000000000e+03 4.240000000000000000e+03
1.417451640000000000e+08 3.690000000000000000e+03 1.750000000000000000e+03 5.240000000000000000e+03 4.240000000000000000e+03
1.417453730000000000e+08 3.690000000000000000e+03 1.740000000000000000e+03 5.240000000000000000e+03 4.240000000000000000e+03
1.417455800000000000e+08 3.690000000000000000e+03 1.740000000000000000e+03 5.240000000000000000e+03 4.250000000000000000e+03
1.417457890000000000e+08 3.690000000000000000e+03 1.740000000000000000e+03 5.240000000000000000e+03 4.250000000000000000e+03
1.417459970000000000e+08 3.690000000000000000e+03 1.740000000000000000e+03 5.240000000000000000e+03 4.250000000000000000e+03
1.417462040000000000e+08 3.690000000000000000e+03 1.750000000000000000e+03 5.240000000000000000e+03 4.250000000000000000e+03
1.417464120000000000e+08 3.690000000000000000e+03 1.760000000000000000e+03 5.240000000000000000e+03 4.240000000000000000e+03
1.417466200000000000e+08 3.690000000000000000e+03 1.760000000000000000e+03 5.240000000000000000e+03 4.240000000000000000e+03
1.417468280000000000e+08 3.690000000000000000e+03 1.740000000000000000e+03 5.240000000000000000e+03 4.240000000000000000e+03
1.417470360000000000e+08 3.690000000000000000e+03 1.740000000000000000e+03 5.230000000000000000e+03 4.240000000000000000e+03
1.417472440000000000e+08 3.700000000000000000e+03 1.750000000000000000e+03 5.230000000000000000e+03 4.240000000000000000e+03
1.417474520000000000e+08 3.700000000000000000e+03 1.750000000000000000e+03 5.210000000000000000e+03 4.240000000000000000e+03
1.417476600000000000e+08 3.700000000000000000e+03 1.760000000000000000e+03 5.240000000000000000e+03 4.240000000000000000e+03
1.417478680000000000e+08 3.700000000000000000e+03 1.750000000000000000e+03 5.240000000000000000e+03 4.240000000000000000e+03
1.417480760000000000e+08 3.700000000000000000e+03 1.740000000000000000e+03 5.240000000000000000e+03 4.240000000000000000e+03
1.417482840000000000e+08 3.700000000000000000e+03 1.750000000000000000e+03 5.240000000000000000e+03 4.240000000000000000e+03
1.417484920000000000e+08 3.700000000000000000e+03 1.750000000000000000e+03 5.250000000000000000e+03 4.240000000000000000e+03
1.417486990000000000e+08 3.700000000000000000e+03 1.750000000000000000e+03 5.260000000000000000e+03 4.240000000000000000e+03
1.417489080000000000e+08 3.700000000000000000e+03 1.750000000000000000e+03 5.250000000000000000e+03 4.230000000000000000e+03
1.417491150000000000e+08 3.690000000000000000e+03 1.750000000000000000e+03 5.240000000000000000e+03 4.230000000000000000e+03
1.417493240000000000e+08 3.690000000000000000e+03 1.760000000000000000e+03 5.240000000000000000e+03 4.240000000000000000e+03
1.417495320000000000e+08 3.690000000000000000e+03 1.760000000000000000e+03 5.230000000000000000e+03 4.250000000000000000e+03
1.417497390000000000e+08 3.690000000000000000e+03 1.760000000000000000e+03 5.230000000000000000e+03 4.250000000000000000e+03
1.417499480000000000e+08 3.690000000000000000e+03 1.750000000000000000e+03 5.230000000000000000e+03 4.250000000000000000e+03
1.417501550000000000e+08 3.690000000000000000e+03 1.750000000000000000e+03 5.210000000000000000e+03 4.250000000000000000e+03
1.417503640000000000e+08 3.680000000000000000e+03 1.750000000000000000e+03 5.210000000000000000e+03 4.240000000000000000e+03
1.417505720000000000e+08 3.680000000000000000e+03 1.750000000000000000e+03 5.200000000000000000e+03 4.240000000000000000e+03
1.417507790000000000e+08 3.680000000000000000e+03 1.750000000000000000e+03 5.210000000000000000e+03 4.250000000000000000e+03
1.417509870000000000e+08 3.680000000000000000e+03 1.760000000000000000e+03 5.210000000000000000e+03 4.260000000000000000e+03
1.417511950000000000e+08 3.680000000000000000e+03 1.760000000000000000e+03 5.210000000000000000e+03 4.260000000000000000e+03
1.417514030000000000e+08 3.690000000000000000e+03 1.760000000000000000e+03 5.210000000000000000e+03 4.250000000000000000e+03
1.417516110000000000e+08 3.690000000000000000e+03 1.750000000000000000e+03 5.230000000000000000e+03 4.260000000000000000e+03
1.417518190000000000e+08 3.690000000000000000e+03 1.750000000000000000e+03 5.210000000000000000e+03 4.260000000000000000e+03
1.417520270000000000e+08 3.690000000000000000e+03 1.740000000000000000e+03 5.210000000000000000e+03 4.250000000000000000e+03
1.417522350000000000e+08 3.690000000000000000e+03 1.740000000000000000e+03 5.210000000000000000e+03 4.240000000000000000e+03
1.417524440000000000e+08 3.700000000000000000e+03 1.740000000000000000e+03 5.230000000000000000e+03 4.240000000000000000e+03
1.417526510000000000e+08 3.700000000000000000e+03 1.740000000000000000e+03 5.230000000000000000e+03 4.240000000000000000e+03
1.417528590000000000e+08 3.700000000000000000e+03 1.740000000000000000e+03 5.230000000000000000e+03 4.260000000000000000e+03
1.417530670000000000e+08 3.700000000000000000e+03 1.750000000000000000e+03 5.230000000000000000e+03 4.260000000000000000e+03
1.417532750000000000e+08 3.700000000000000000e+03 1.750000000000000000e+03 5.250000000000000000e+03 4.260000000000000000e+03
1.417534830000000000e+08 3.700000000000000000e+03 1.750000000000000000e+03 5.250000000000000000e+03 4.250000000000000000e+03
1.417536910000000000e+08 3.690000000000000000e+03 1.760000000000000000e+03 5.250000000000000000e+03 4.260000000000000000e+03
1.417538980000000000e+08 3.690000000000000000e+03 1.760000000000000000e+03 5.240000000000000000e+03 4.260000000000000000e+03
1.417541070000000000e+08 3.690000000000000000e+03 1.760000000000000000e+03 5.240000000000000000e+03 4.260000000000000000e+03
1.417543150000000000e+08 3.680000000000000000e+03 1.750000000000000000e+03 5.240000000000000000e+03 4.260000000000000000e+03
1.417545230000000000e+08 3.690000000000000000e+03 1.750000000000000000e+03 5.240000000000000000e+03 4.260000000000000000e+03
1.417547310000000000e+08 3.690000000000000000e+03 1.750000000000000000e+03 5.240000000000000000e+03 4.260000000000000000e+03
1.417549390000000000e+08 3.690000000000000000e+03 1.740000000000000000e+03 5.230000000000000000e+03 4.250000000000000000e+03
1.417551470000000000e+08 3.690000000000000000e+03 1.740000000000000000e+03 5.230000000000000000e+03 4.250000000000000000e+03
1.417553550000000000e+08 3.690000000000000000e+03 1.750000000000000000e+03 5.230000000000000000e+03 4.250000000000000000e+03
1.417555630000000000e+08 3.690000000000000000e+03 1.750000000000000000e+03 5.210000000000000000e+03 4.240000000000000000e+03
1.417557710000000000e+08 3.690000000000000000e+03 1.750000000000000000e+03 5.210000000000000000e+03 4.240000000000000000e+03
1.417559780000000000e+08 3.690000000000000000e+03 1.750000000000000000e+03 5.210000000000000000e+03 4.240000000000000000e+03
1.417561870000000000e+08 3.690000000000000000e+03 1.740000000000000000e+03 5.210000000000000000e+03 4.240000000000000000e+03
1.417563950000000000e+08 3.690000000000000000e+03 1.760000000000000000e+03 5.210000000000000000e+03 4.240000000000000000e+03
1.417566030000000000e+08 3.690000000000000000e+03 1.760000000000000000e+03 5.210000000000000000e+03 4.240000000000000000e+03
1.417570020000000000e+08 3.690000000000000000e+03 1.750000000000000000e+03 5.210000000000000000e+03 4.240000000000000000e+03
1.417572100000000000e+08 3.690000000000000000e+03 1.750000000000000000e+03 5.210000000000000000e+03 4.250000000000000000e+03
1.417574180000000000e+08 3.690000000000000000e+03 1.750000000000000000e+03 5.210000000000000000e+03 4.240000000000000000e+03
1.417576260000000000e+08 3.700000000000000000e+03 1.750000000000000000e+03 5.210000000000000000e+03 4.250000000000000000e+03
1.417578340000000000e+08 3.700000000000000000e+03 1.750000000000000000e+03 5.200000000000000000e+03 4.250000000000000000e+03
1.417580420000000000e+08 3.690000000000000000e+03 1.760000000000000000e+03 5.200000000000000000e+03 4.240000000000000000e+03
1.417582500000000000e+08 3.690000000000000000e+03 1.760000000000000000e+03 5.200000000000000000e+03 4.250000000000000000e+03
1.417584580000000000e+08 3.690000000000000000e+03 1.750000000000000000e+03 5.200000000000000000e+03 4.240000000000000000e+03
1.417586660000000000e+08 3.690000000000000000e+03 1.750000000000000000e+03 5.200000000000000000e+03 4.240000000000000000e+03
1.417588740000000000e+08 3.690000000000000000e+03 1.750000000000000000e+03 5.200000000000000000e+03 4.240000000000000000e+03
1.417590980000000000e+08 3.690000000000000000e+03 1.750000000000000000e+03 5.200000000000000000e+03 4.240000000000000000e+03
1.417593060000000000e+08 3.690000000000000000e+03 1.760000000000000000e+03 5.200000000000000000e+03 4.240000000000000000e+03
1.417595140000000000e+08 3.680000000000000000e+03 1.750000000000000000e+03 5.200000000000000000e+03 4.240000000000000000e+03
1.417597220000000000e+08 3.690000000000000000e+03 1.750000000000000000e+03 5.200000000000000000e+03 4.240000000000000000e+03
1.417599300000000000e+08 3.700000000000000000e+03 1.740000000000000000e+03 5.230000000000000000e+03 4.240000000000000000e+03
1.418001380000000000e+08 3.690000000000000000e+03 1.740000000000000000e+03 5.210000000000000000e+03 4.240000000000000000e+03
1.418003460000000000e+08 3.690000000000000000e+03 1.740000000000000000e+03 5.210000000000000000e+03 4.240000000000000000e+03
1.418005530000000000e+08 3.690000000000000000e+03 1.740000000000000000e+03 5.210000000000000000e+03 4.240000000000000000e+03
1.418007620000000000e+08 3.690000000000000000e+03 1.750000000000000000e+03 5.210000000000000000e+03 4.240000000000000000e+03
1.418009700000000000e+08 3.680000000000000000e+03 1.750000000000000000e+03 5.230000000000000000e+03 4.240000000000000000e+03
1.418011780000000000e+08 3.680000000000000000e+03 1.750000000000000000e+03 5.210000000000000000e+03 4.240000000000000000e+03
1.418013850000000000e+08 3.680000000000000000e+03 1.760000000000000000e+03 5.210000000000000000e+03 4.240000000000000000e+03
1.418015930000000000e+08 3.690000000000000000e+03 1.760000000000000000e+03 5.210000000000000000e+03 4.240000000000000000e+03
1.418018020000000000e+08 3.690000000000000000e+03 1.760000000000000000e+03 5.210000000000000000e+03 4.240000000000000000e+03
1.418020100000000000e+08 3.690000000000000000e+03 1.760000000000000000e+03 5.210000000000000000e+03 4.240000000000000000e+03
1.418022170000000000e+08 3.700000000000000000e+03 1.750000000000000000e+03 5.200000000000000000e+03 4.240000000000000000e+03
1.418024260000000000e+08 3.700000000000000000e+03 1.750000000000000000e+03 5.200000000000000000e+03 4.240000000000000000e+03
1.418026340000000000e+08 3.690000000000000000e+03 1.750000000000000000e+03 5.210000000000000000e+03 4.240000000000000000e+03
1.418028410000000000e+08 3.690000000000000000e+03 1.750000000000000000e+03 5.210000000000000000e+03 4.240000000000000000e+03
1.418030490000000000e+08 3.690000000000000000e+03 1.750000000000000000e+03 5.210000000000000000e+03 4.250000000000000000e+03
1.418032570000000000e+08 3.680000000000000000e+03 1.750000000000000000e+03 5.210000000000000000e+03 4.250000000000000000e+03
1.418034650000000000e+08 3.680000000000000000e+03 1.760000000000000000e+03 5.210000000000000000e+03 4.250000000000000000e+03
1.418036730000000000e+08 3.680000000000000000e+03 1.750000000000000000e+03 5.210000000000000000e+03 4.240000000000000000e+03
1.418038810000000000e+08 3.680000000000000000e+03 1.750000000000000000e+03 5.210000000000000000e+03 4.250000000000000000e+03
1.418040890000000000e+08 3.680000000000000000e+03 1.750000000000000000e+03 5.210000000000000000e+03 4.250000000000000000e+03
1.418042960000000000e+08 3.690000000000000000e+03 1.750000000000000000e+03 5.210000000000000000e+03 4.250000000000000000e+03
1.418045050000000000e+08 3.690000000000000000e+03 1.750000000000000000e+03 5.230000000000000000e+03 4.250000000000000000e+03
1.418047130000000000e+08 3.700000000000000000e+03 1.750000000000000000e+03 5.230000000000000000e+03 4.250000000000000000e+03
1.418049200000000000e+08 3.700000000000000000e+03 1.750000000000000000e+03 5.230000000000000000e+03 4.250000000000000000e+03
1.418051290000000000e+08 3.690000000000000000e+03 1.760000000000000000e+03 5.240000000000000000e+03 4.250000000000000000e+03
1.418053370000000000e+08 3.690000000000000000e+03 1.760000000000000000e+03 5.240000000000000000e+03 4.250000000000000000e+03
1.418055450000000000e+08 3.690000000000000000e+03 1.760000000000000000e+03 5.240000000000000000e+03 4.260000000000000000e+03
1.418057530000000000e+08 3.700000000000000000e+03 1.760000000000000000e+03 5.240000000000000000e+03 4.260000000000000000e+03
1.418059610000000000e+08 3.700000000000000000e+03 1.750000000000000000e+03 5.250000000000000000e+03 7.000000000000000000e+01
1.418061690000000000e+08 3.690000000000000000e+03 1.760000000000000000e+03 5.240000000000000000e+03 4.250000000000000000e+03
1.418063770000000000e+08 3.690000000000000000e+03 1.760000000000000000e+03 5.230000000000000000e+03 4.260000000000000000e+03
1.418065850000000000e+08 3.690000000000000000e+03 1.750000000000000000e+03 5.250000000000000000e+03 4.250000000000000000e+03
1.418067930000000000e+08 3.690000000000000000e+03 1.770000000000000000e+03 5.240000000000000000e+03 4.250000000000000000e+03
1.418070010000000000e+08 3.690000000000000000e+03 1.770000000000000000e+03 5.240000000000000000e+03 4.250000000000000000e+03
1.418074170000000000e+08 3.700000000000000000e+03 1.770000000000000000e+03 5.230000000000000000e+03 4.250000000000000000e+03
1.418076250000000000e+08 3.700000000000000000e+03 1.760000000000000000e+03 5.230000000000000000e+03 4.240000000000000000e+03
1.418078330000000000e+08 3.710000000000000000e+03 1.770000000000000000e+03 5.230000000000000000e+03 4.250000000000000000e+03
1.418080400000000000e+08 3.710000000000000000e+03 1.770000000000000000e+03 5.230000000000000000e+03 4.240000000000000000e+03
1.418082490000000000e+08 3.700000000000000000e+03 1.770000000000000000e+03 5.240000000000000000e+03 4.240000000000000000e+03
1.418084560000000000e+08 3.700000000000000000e+03 1.760000000000000000e+03 5.240000000000000000e+03 4.240000000000000000e+03
1.418086640000000000e+08 3.700000000000000000e+03 1.750000000000000000e+03 5.230000000000000000e+03 4.240000000000000000e+03
1.418088720000000000e+08 3.700000000000000000e+03 1.750000000000000000e+03 5.230000000000000000e+03 4.250000000000000000e+03
1.418090800000000000e+08 3.700000000000000000e+03 1.750000000000000000e+03 5.230000000000000000e+03 4.250000000000000000e+03
1.418092880000000000e+08 3.700000000000000000e+03 1.740000000000000000e+03 5.210000000000000000e+03 4.240000000000000000e+03
1.418094960000000000e+08 3.700000000000000000e+03 1.750000000000000000e+03 5.210000000000000000e+03 4.240000000000000000e+03
1.418097040000000000e+08 3.700000000000000000e+03 1.750000000000000000e+03 5.210000000000000000e+03 4.250000000000000000e+03
1.418099140000000000e+08 3.700000000000000000e+03 1.760000000000000000e+03 5.210000000000000000e+03 4.240000000000000000e+03
1.418101200000000000e+08 3.700000000000000000e+03 1.770000000000000000e+03 5.210000000000000000e+03 4.250000000000000000e+03
1.418103280000000000e+08 3.690000000000000000e+03 1.760000000000000000e+03 5.230000000000000000e+03 4.250000000000000000e+03
1.418105360000000000e+08 3.690000000000000000e+03 1.770000000000000000e+03 5.230000000000000000e+03 4.260000000000000000e+03
1.418107440000000000e+08 3.680000000000000000e+03 1.770000000000000000e+03 5.230000000000000000e+03 4.260000000000000000e+03
1.418109520000000000e+08 3.680000000000000000e+03 1.760000000000000000e+03 5.230000000000000000e+03 4.260000000000000000e+03
1.418111600000000000e+08 3.680000000000000000e+03 1.750000000000000000e+03 5.210000000000000000e+03 4.260000000000000000e+03
1.418113680000000000e+08 3.680000000000000000e+03 1.750000000000000000e+03 5.210000000000000000e+03 4.250000000000000000e+03
1.418115760000000000e+08 3.690000000000000000e+03 1.760000000000000000e+03 5.230000000000000000e+03 4.250000000000000000e+03
1.418117840000000000e+08 3.690000000000000000e+03 1.760000000000000000e+03 5.230000000000000000e+03 4.250000000000000000e+03
1.418119920000000000e+08 3.690000000000000000e+03 1.750000000000000000e+03 5.230000000000000000e+03 4.250000000000000000e+03
1.418122000000000000e+08 3.690000000000000000e+03 1.750000000000000000e+03 5.230000000000000000e+03 4.250000000000000000e+03
1.418124080000000000e+08 3.700000000000000000e+03 1.750000000000000000e+03 5.230000000000000000e+03 4.270000000000000000e+03
1.418126160000000000e+08 3.700000000000000000e+03 1.750000000000000000e+03 5.210000000000000000e+03 4.270000000000000000e+03
1.418128240000000000e+08 3.700000000000000000e+03 1.750000000000000000e+03 5.210000000000000000e+03 4.270000000000000000e+03
1.418130320000000000e+08 3.700000000000000000e+03 1.770000000000000000e+03 5.210000000000000000e+03 4.260000000000000000e+03
1.418132400000000000e+08 3.700000000000000000e+03 1.770000000000000000e+03 5.210000000000000000e+03 4.260000000000000000e+03
1.418134480000000000e+08 3.700000000000000000e+03 1.760000000000000000e+03 5.210000000000000000e+03 4.260000000000000000e+03
1.418136550000000000e+08 3.700000000000000000e+03 1.760000000000000000e+03 5.210000000000000000e+03 4.260000000000000000e+03
1.418138640000000000e+08 3.690000000000000000e+03 1.760000000000000000e+03 5.210000000000000000e+03 4.250000000000000000e+03
1.418140710000000000e+08 3.690000000000000000e+03 1.760000000000000000e+03 5.210000000000000000e+03 4.250000000000000000e+03
1.418142790000000000e+08 3.690000000000000000e+03 1.760000000000000000e+03 5.210000000000000000e+03 4.250000000000000000e+03
1.418144870000000000e+08 3.690000000000000000e+03 1.750000000000000000e+03 5.210000000000000000e+03 4.260000000000000000e+03
1.418146950000000000e+08 3.690000000000000000e+03 1.740000000000000000e+03 5.230000000000000000e+03 4.260000000000000000e+03
1.418149030000000000e+08 3.690000000000000000e+03 1.740000000000000000e+03 5.210000000000000000e+03 4.260000000000000000e+03
1.418151110000000000e+08 3.690000000000000000e+03 1.750000000000000000e+03 5.210000000000000000e+03 4.260000000000000000e+03
1.418153190000000000e+08 3.690000000000000000e+03 1.760000000000000000e+03 5.210000000000000000e+03 4.250000000000000000e+03
1.418155270000000000e+08 3.690000000000000000e+03 1.760000000000000000e+03 5.210000000000000000e+03 4.250000000000000000e+03
1.418157350000000000e+08 3.690000000000000000e+03 1.760000000000000000e+03 5.210000000000000000e+03 4.250000000000000000e+03
1.418159430000000000e+08 3.690000000000000000e+03 1.760000000000000000e+03 5.210000000000000000e+03 4.250000000000000000e+03
1.418161510000000000e+08 3.690000000000000000e+03 1.760000000000000000e+03 5.210000000000000000e+03 4.250000000000000000e+03
1.418163590000000000e+08 3.690000000000000000e+03 1.760000000000000000e+03 5.210000000000000000e+03 4.250000000000000000e+03
1.418165670000000000e+08 3.690000000000000000e+03 1.760000000000000000e+03 5.210000000000000000e+03 4.250000000000000000e+03
1.418167740000000000e+08 3.680000000000000000e+03 1.760000000000000000e+03 5.210000000000000000e+03 4.240000000000000000e+03
1.418169830000000000e+08 3.690000000000000000e+03 1.770000000000000000e+03 5.210000000000000000e+03 4.240000000000000000e+03
1.418171910000000000e+08 3.690000000000000000e+03 1.760000000000000000e+03 5.210000000000000000e+03 4.240000000000000000e+03
1.418173980000000000e+08 3.680000000000000000e+03 1.770000000000000000e+03 5.240000000000000000e+03 4.240000000000000000e+03
1.418176070000000000e+08 3.680000000000000000e+03 1.770000000000000000e+03 5.240000000000000000e+03 4.250000000000000000e+03
1.418178150000000000e+08 3.680000000000000000e+03 1.750000000000000000e+03 5.240000000000000000e+03 4.240000000000000000e+03
1.418180230000000000e+08 3.690000000000000000e+03 1.760000000000000000e+03 5.240000000000000000e+03 4.240000000000000000e+03
1.418182310000000000e+08 3.690000000000000000e+03 1.760000000000000000e+03 5.230000000000000000e+03 4.240000000000000000e+03
1.418184390000000000e+08 3.690000000000000000e+03 1.760000000000000000e+03 5.240000000000000000e+03 4.240000000000000000e+03
1.418186460000000000e+08 3.690000000000000000e+03 1.760000000000000000e+03 5.230000000000000000e+03 4.240000000000000000e+03
1.418188550000000000e+08 3.690000000000000000e+03 1.760000000000000000e+03 5.230000000000000000e+03 4.240000000000000000e+03
1.418190620000000000e+08 3.690000000000000000e+03 1.750000000000000000e+03 5.210000000000000000e+03 4.240000000000000000e+03
1.418192710000000000e+08 3.690000000000000000e+03 1.750000000000000000e+03 5.210000000000000000e+03 4.250000000000000000e+03
1.418194790000000000e+08 3.700000000000000000e+03 1.750000000000000000e+03 5.210000000000000000e+03 4.250000000000000000e+03
1.418196860000000000e+08 3.700000000000000000e+03 1.750000000000000000e+03 5.210000000000000000e+03 4.250000000000000000e+03
1.418198950000000000e+08 3.700000000000000000e+03 1.750000000000000000e+03 5.210000000000000000e+03 4.250000000000000000e+03
1.418201020000000000e+08 3.700000000000000000e+03 1.750000000000000000e+03 5.210000000000000000e+03 4.250000000000000000e+03
1.418203100000000000e+08 3.700000000000000000e+03 1.750000000000000000e+03 5.210000000000000000e+03 4.260000000000000000e+03
1.418205180000000000e+08 3.700000000000000000e+03 1.750000000000000000e+03 5.210000000000000000e+03 4.250000000000000000e+03
1.418207260000000000e+08 3.690000000000000000e+03 1.760000000000000000e+03 5.210000000000000000e+03 4.240000000000000000e+03
1.418209340000000000e+08 3.690000000000000000e+03 1.750000000000000000e+03 5.210000000000000000e+03 4.240000000000000000e+03
1.418211420000000000e+08 3.680000000000000000e+03 1.750000000000000000e+03 5.210000000000000000e+03 4.240000000000000000e+03
1.418213500000000000e+08 3.680000000000000000e+03 1.750000000000000000e+03 5.210000000000000000e+03 4.240000000000000000e+03
1.418215570000000000e+08 3.690000000000000000e+03 1.740000000000000000e+03 5.210000000000000000e+03 4.240000000000000000e+03
1.418217660000000000e+08 3.690000000000000000e+03 1.740000000000000000e+03 5.210000000000000000e+03 4.240000000000000000e+03
1.418219740000000000e+08 3.700000000000000000e+03 1.740000000000000000e+03 5.210000000000000000e+03 4.240000000000000000e+03
1.418221820000000000e+08 3.700000000000000000e+03 1.760000000000000000e+03 5.230000000000000000e+03 4.240000000000000000e+03
1.418223900000000000e+08 3.700000000000000000e+03 1.760000000000000000e+03 5.230000000000000000e+03 4.250000000000000000e+03
1.418225980000000000e+08 3.700000000000000000e+03 1.750000000000000000e+03 5.210000000000000000e+03 4.250000000000000000e+03
1.418228060000000000e+08 3.690000000000000000e+03 1.750000000000000000e+03 5.240000000000000000e+03 4.250000000000000000e+03
1.418230140000000000e+08 3.680000000000000000e+03 1.760000000000000000e+03 5.240000000000000000e+03 4.250000000000000000e+03
1.418232220000000000e+08 3.690000000000000000e+03 1.760000000000000000e+03 5.240000000000000000e+03 4.250000000000000000e+03
1.418234290000000000e+08 3.690000000000000000e+03 1.750000000000000000e+03 5.230000000000000000e+03 4.250000000000000000e+03
1.418236380000000000e+08 3.700000000000000000e+03 1.770000000000000000e+03 5.240000000000000000e+03 4.250000000000000000e+03
1.418238470000000000e+08 3.700000000000000000e+03 1.770000000000000000e+03 5.210000000000000000e+03 4.250000000000000000e+03
1.418240540000000000e+08 3.700000000000000000e+03 1.760000000000000000e+03 5.230000000000000000e+03 4.240000000000000000e+03
1.418242610000000000e+08 3.700000000000000000e+03 1.760000000000000000e+03 5.230000000000000000e+03 4.240000000000000000e+03
1.418244700000000000e+08 3.700000000000000000e+03 1.760000000000000000e+03 5.210000000000000000e+03 4.240000000000000000e+03
