1.424261990000000000e+08 4.380000000000000000e+03 2.890000000000000000e+03 4.160000000000000000e+03 2.840000000000000000e+03
1.424264070000000000e+08 4.370000000000000000e+03 2.890000000000000000e+03 4.160000000000000000e+03 2.840000000000000000e+03
1.424266150000000000e+08 4.370000000000000000e+03 2.890000000000000000e+03 4.160000000000000000e+03 2.850000000000000000e+03
1.424268230000000000e+08 4.390000000000000000e+03 2.900000000000000000e+03 4.170000000000000000e+03 2.850000000000000000e+03
1.424270310000000000e+08 4.390000000000000000e+03 2.900000000000000000e+03 4.170000000000000000e+03 2.850000000000000000e+03
1.424272380000000000e+08 4.380000000000000000e+03 2.910000000000000000e+03 4.170000000000000000e+03 2.840000000000000000e+03
1.424274460000000000e+08 4.380000000000000000e+03 2.910000000000000000e+03 4.170000000000000000e+03 2.830000000000000000e+03
1.424276550000000000e+08 4.380000000000000000e+03 2.910000000000000000e+03 4.170000000000000000e+03 2.840000000000000000e+03
1.424278620000000000e+08 4.370000000000000000e+03 2.920000000000000000e+03 4.170000000000000000e+03 2.840000000000000000e+03
1.424280700000000000e+08 4.370000000000000000e+03 2.930000000000000000e+03 4.170000000000000000e+03 2.840000000000000000e+03
1.424282790000000000e+08 4.380000000000000000e+03 2.930000000000000000e+03 4.170000000000000000e+03 2.850000000000000000e+03
1.424284860000000000e+08 4.400000000000000000e+03 2.930000000000000000e+03 4.170000000000000000e+03 2.850000000000000000e+03
1.424286940000000000e+08 4.390000000000000000e+03 2.930000000000000000e+03 4.170000000000000000e+03 2.840000000000000000e+03
1.424289020000000000e+08 4.380000000000000000e+03 2.930000000000000000e+03 4.170000000000000000e+03 2.860000000000000000e+03
1.424291100000000000e+08 4.390000000000000000e+03 2.930000000000000000e+03 4.170000000000000000e+03 2.870000000000000000e+03
1.424293180000000000e+08 4.380000000000000000e+03 2.930000000000000000e+03 4.170000000000000000e+03 2.870000000000000000e+03
1.424295260000000000e+08 4.380000000000000000e+03 2.930000000000000000e+03 4.170000000000000000e+03 2.870000000000000000e+03
1.424297340000000000e+08 4.370000000000000000e+03 2.930000000000000000e+03 4.160000000000000000e+03 2.870000000000000000e+03
1.424299420000000000e+08 4.370000000000000000e+03 2.930000000000000000e+03 4.160000000000000000e+03 2.880000000000000000e+03
1.424301500000000000e+08 4.370000000000000000e+03 2.930000000000000000e+03 4.160000000000000000e+03 2.880000000000000000e+03
1.424303580000000000e+08 4.380000000000000000e+03 2.930000000000000000e+03 4.160000000000000000e+03 2.870000000000000000e+03
1.424305660000000000e+08 4.370000000000000000e+03 2.930000000000000000e+03 4.160000000000000000e+03 2.860000000000000000e+03
1.424307740000000000e+08 4.370000000000000000e+03 2.940000000000000000e+03 4.160000000000000000e+03 2.860000000000000000e+03
1.424309820000000000e+08 4.390000000000000000e+03 2.940000000000000000e+03 4.160000000000000000e+03 2.860000000000000000e+03
1.424311900000000000e+08 4.390000000000000000e+03 2.940000000000000000e+03 4.160000000000000000e+03 2.860000000000000000e+03
1.424313980000000000e+08 4.390000000000000000e+03 2.940000000000000000e+03 4.160000000000000000e+03 2.860000000000000000e+03
1.424316060000000000e+08 4.390000000000000000e+03 2.940000000000000000e+03 4.160000000000000000e+03 2.860000000000000000e+03
1.424318140000000000e+08 4.380000000000000000e+03 2.940000000000000000e+03 4.170000000000000000e+03 2.860000000000000000e+03
1.424320220000000000e+08 4.390000000000000000e+03 2.930000000000000000e+03 4.170000000000000000e+03 2.850000000000000000e+03
1.424322300000000000e+08 4.370000000000000000e+03 2.930000000000000000e+03 4.170000000000000000e+03 2.850000000000000000e+03
1.424324380000000000e+08 4.370000000000000000e+03 2.940000000000000000e+03 4.170000000000000000e+03 2.850000000000000000e+03
1.424326460000000000e+08 4.370000000000000000e+03 2.930000000000000000e+03 4.170000000000000000e+03 2.850000000000000000e+03
1.424328530000000000e+08 4.380000000000000000e+03 2.930000000000000000e+03 4.170000000000000000e+03 2.850000000000000000e+03
1.424330610000000000e+08 4.380000000000000000e+03 2.930000000000000000e+03 4.170000000000000000e+03 2.860000000000000000e+03
1.424332690000000000e+08 4.370000000000000000e+03 2.940000000000000000e+03 4.180000000000000000e+03 2.870000000000000000e+03
1.424334770000000000e+08 4.370000000000000000e+03 2.940000000000000000e+03 4.170000000000000000e+03 2.870000000000000000e+03
1.424336860000000000e+08 4.370000000000000000e+03 2.940000000000000000e+03 4.160000000000000000e+03 2.870000000000000000e+03
1.424338930000000000e+08 4.370000000000000000e+03 2.940000000000000000e+03 4.160000000000000000e+03 2.870000000000000000e+03
1.424341010000000000e+08 4.360000000000000000e+03 2.930000000000000000e+03 4.160000000000000000e+03 2.870000000000000000e+03
1.424343090000000000e+08 4.360000000000000000e+03 2.930000000000000000e+03 4.160000000000000000e+03 2.870000000000000000e+03
1.424345170000000000e+08 4.380000000000000000e+03 2.930000000000000000e+03 4.170000000000000000e+03 2.860000000000000000e+03
1.424347250000000000e+08 4.370000000000000000e+03 2.920000000000000000e+03 4.170000000000000000e+03 2.860000000000000000e+03
1.424349330000000000e+08 4.360000000000000000e+03 2.930000000000000000e+03 4.170000000000000000e+03 2.870000000000000000e+03
1.424351410000000000e+08 4.370000000000000000e+03 2.930000000000000000e+03 4.170000000000000000e+03 2.880000000000000000e+03
1.424353490000000000e+08 4.380000000000000000e+03 2.930000000000000000e+03 4.160000000000000000e+03 2.870000000000000000e+03
1.424355570000000000e+08 4.380000000000000000e+03 2.930000000000000000e+03 4.170000000000000000e+03 2.850000000000000000e+03
1.424357650000000000e+08 4.370000000000000000e+03 2.920000000000000000e+03 4.170000000000000000e+03 2.860000000000000000e+03
1.424359730000000000e+08 4.360000000000000000e+03 2.920000000000000000e+03 4.160000000000000000e+03 2.870000000000000000e+03
1.424361810000000000e+08 4.360000000000000000e+03 2.940000000000000000e+03 4.160000000000000000e+03 2.850000000000000000e+03
1.424363880000000000e+08 4.370000000000000000e+03 2.940000000000000000e+03 4.160000000000000000e+03 2.850000000000000000e+03
1.424365970000000000e+08 4.370000000000000000e+03 2.940000000000000000e+03 4.160000000000000000e+03 2.840000000000000000e+03
1.424368050000000000e+08 4.370000000000000000e+03 2.940000000000000000e+03 4.160000000000000000e+03 2.850000000000000000e+03
1.424370130000000000e+08 4.370000000000000000e+03 2.920000000000000000e+03 4.160000000000000000e+03 2.840000000000000000e+03
1.424372210000000000e+08 4.370000000000000000e+03 2.930000000000000000e+03 4.160000000000000000e+03 2.850000000000000000e+03
1.424374290000000000e+08 4.380000000000000000e+03 2.930000000000000000e+03 4.160000000000000000e+03 2.850000000000000000e+03
1.424376370000000000e+08 4.370000000000000000e+03 2.920000000000000000e+03 4.160000000000000000e+03 2.860000000000000000e+03
1.424378450000000000e+08 4.380000000000000000e+03 2.920000000000000000e+03 4.170000000000000000e+03 2.860000000000000000e+03
1.424380530000000000e+08 4.380000000000000000e+03 2.920000000000000000e+03 4.170000000000000000e+03 2.850000000000000000e+03
1.424382610000000000e+08 4.370000000000000000e+03 2.920000000000000000e+03 4.170000000000000000e+03 2.840000000000000000e+03
1.424384690000000000e+08 4.370000000000000000e+03 2.920000000000000000e+03 4.170000000000000000e+03 2.850000000000000000e+03
1.424386760000000000e+08 4.360000000000000000e+03 2.920000000000000000e+03 4.170000000000000000e+03 2.860000000000000000e+03
1.424388850000000000e+08 4.350000000000000000e+03 2.920000000000000000e+03 4.170000000000000000e+03 2.860000000000000000e+03
1.424390920000000000e+08 4.350000000000000000e+03 2.910000000000000000e+03 4.160000000000000000e+03 2.850000000000000000e+03
1.424393000000000000e+08 4.360000000000000000e+03 2.920000000000000000e+03 4.160000000000000000e+03 2.840000000000000000e+03
1.424395080000000000e+08 4.360000000000000000e+03 2.920000000000000000e+03 4.160000000000000000e+03 2.840000000000000000e+03
1.424397170000000000e+08 4.380000000000000000e+03 2.920000000000000000e+03 4.170000000000000000e+03 2.840000000000000000e+03
1.424399240000000000e+08 4.380000000000000000e+03 2.920000000000000000e+03 4.170000000000000000e+03 2.840000000000000000e+03
1.424401320000000000e+08 4.380000000000000000e+03 2.920000000000000000e+03 4.180000000000000000e+03 2.840000000000000000e+03
1.424403400000000000e+08 4.370000000000000000e+03 2.920000000000000000e+03 4.170000000000000000e+03 2.840000000000000000e+03
1.424405480000000000e+08 4.370000000000000000e+03 2.920000000000000000e+03 4.160000000000000000e+03 2.850000000000000000e+03
1.424407560000000000e+08 4.370000000000000000e+03 2.920000000000000000e+03 4.150000000000000000e+03 2.870000000000000000e+03
1.424409640000000000e+08 4.370000000000000000e+03 2.920000000000000000e+03 4.150000000000000000e+03 2.870000000000000000e+03
1.424411720000000000e+08 4.360000000000000000e+03 2.920000000000000000e+03 4.150000000000000000e+03 2.870000000000000000e+03
1.424413800000000000e+08 4.380000000000000000e+03 2.920000000000000000e+03 4.150000000000000000e+03 2.870000000000000000e+03
1.424415880000000000e+08 4.370000000000000000e+03 2.920000000000000000e+03 4.160000000000000000e+03 2.870000000000000000e+03
1.424417960000000000e+08 4.370000000000000000e+03 2.930000000000000000e+03 4.160000000000000000e+03 2.850000000000000000e+03
1.424420040000000000e+08 4.370000000000000000e+03 2.920000000000000000e+03 4.160000000000000000e+03 2.850000000000000000e+03
1.424422120000000000e+08 4.380000000000000000e+03 2.920000000000000000e+03 4.160000000000000000e+03 2.860000000000000000e+03
1.424424200000000000e+08 4.380000000000000000e+03 2.920000000000000000e+03 4.160000000000000000e+03 2.870000000000000000e+03
1.424426280000000000e+08 4.380000000000000000e+03 2.930000000000000000e+03 4.160000000000000000e+03 2.870000000000000000e+03
1.424428360000000000e+08 4.390000000000000000e+03 2.930000000000000000e+03 4.160000000000000000e+03 2.890000000000000000e+03
1.424430440000000000e+08 4.380000000000000000e+03 2.940000000000000000e+03 4.160000000000000000e+03 2.890000000000000000e+03
1.424432520000000000e+08 4.370000000000000000e+03 2.940000000000000000e+03 4.160000000000000000e+03 2.880000000000000000e+03
1.424434590000000000e+08 4.370000000000000000e+03 2.930000000000000000e+03 4.160000000000000000e+03 2.880000000000000000e+03
1.424436680000000000e+08 4.370000000000000000e+03 2.920000000000000000e+03 4.160000000000000000e+03 2.870000000000000000e+03
1.424438760000000000e+08 4.360000000000000000e+03 2.920000000000000000e+03 4.170000000000000000e+03 2.870000000000000000e+03
1.424440840000000000e+08 4.370000000000000000e+03 2.920000000000000000e+03 4.160000000000000000e+03 2.870000000000000000e+03
1.424442920000000000e+08 4.370000000000000000e+03 2.920000000000000000e+03 4.160000000000000000e+03 2.860000000000000000e+03
1.424445000000000000e+08 4.370000000000000000e+03 2.920000000000000000e+03 4.160000000000000000e+03 2.850000000000000000e+03
1.424447080000000000e+08 4.370000000000000000e+03 2.920000000000000000e+03 4.150000000000000000e+03 2.850000000000000000e+03
1.424449150000000000e+08 4.370000000000000000e+03 2.920000000000000000e+03 4.160000000000000000e+03 2.840000000000000000e+03
1.424451230000000000e+08 4.370000000000000000e+03 2.920000000000000000e+03 4.160000000000000000e+03 2.840000000000000000e+03
1.424453310000000000e+08 4.370000000000000000e+03 2.930000000000000000e+03 4.160000000000000000e+03 2.850000000000000000e+03
1.424455390000000000e+08 4.370000000000000000e+03 2.930000000000000000e+03 4.160000000000000000e+03 2.860000000000000000e+03
1.424457470000000000e+08 4.370000000000000000e+03 2.930000000000000000e+03 4.160000000000000000e+03 2.870000000000000000e+03
1.424459550000000000e+08 4.360000000000000000e+03 2.930000000000000000e+03 4.170000000000000000e+03 2.870000000000000000e+03
1.424461630000000000e+08 4.350000000000000000e+03 2.940000000000000000e+03 4.170000000000000000e+03 2.870000000000000000e+03
1.424463710000000000e+08 4.350000000000000000e+03 2.930000000000000000e+03 4.170000000000000000e+03 2.870000000000000000e+03
1.424465790000000000e+08 4.350000000000000000e+03 2.930000000000000000e+03 4.180000000000000000e+03 2.870000000000000000e+03
1.424467880000000000e+08 4.370000000000000000e+03 2.930000000000000000e+03 4.180000000000000000e+03 2.870000000000000000e+03
1.424469950000000000e+08 4.360000000000000000e+03 2.930000000000000000e+03 4.180000000000000000e+03 2.880000000000000000e+03
1.424472030000000000e+08 4.380000000000000000e+03 2.940000000000000000e+03 4.170000000000000000e+03 2.870000000000000000e+03
1.424474110000000000e+08 4.370000000000000000e+03 2.940000000000000000e+03 4.170000000000000000e+03 2.860000000000000000e+03
1.424476190000000000e+08 4.370000000000000000e+03 2.940000000000000000e+03 4.170000000000000000e+03 2.860000000000000000e+03
1.424478270000000000e+08 4.370000000000000000e+03 2.940000000000000000e+03 4.170000000000000000e+03 2.870000000000000000e+03
1.424480350000000000e+08 4.370000000000000000e+03 2.940000000000000000e+03 4.170000000000000000e+03 2.860000000000000000e+03
1.424482430000000000e+08 4.380000000000000000e+03 2.930000000000000000e+03 4.170000000000000000e+03 2.860000000000000000e+03
1.424484510000000000e+08 4.380000000000000000e+03 2.940000000000000000e+03 4.170000000000000000e+03 2.860000000000000000e+03
1.424486590000000000e+08 4.390000000000000000e+03 2.940000000000000000e+03 4.160000000000000000e+03 2.850000000000000000e+03
1.424488670000000000e+08 4.390000000000000000e+03 2.930000000000000000e+03 4.160000000000000000e+03 2.850000000000000000e+03
1.424490750000000000e+08 4.390000000000000000e+03 2.930000000000000000e+03 4.150000000000000000e+03 2.860000000000000000e+03
1.424492830000000000e+08 4.380000000000000000e+03 2.930000000000000000e+03 4.160000000000000000e+03 2.860000000000000000e+03
1.424494910000000000e+08 4.380000000000000000e+03 2.930000000000000000e+03 4.160000000000000000e+03 2.850000000000000000e+03
1.424496990000000000e+08 4.380000000000000000e+03 2.930000000000000000e+03 4.170000000000000000e+03 2.850000000000000000e+03
1.424499070000000000e+08 4.380000000000000000e+03 2.930000000000000000e+03 4.170000000000000000e+03 2.850000000000000000e+03
1.424501140000000000e+08 4.390000000000000000e+03 2.930000000000000000e+03 4.170000000000000000e+03 2.850000000000000000e+03
1.424503430000000000e+08 4.380000000000000000e+03 2.930000000000000000e+03 4.170000000000000000e+03 2.850000000000000000e+03
1.424505300000000000e+08 4.370000000000000000e+03 2.920000000000000000e+03 4.170000000000000000e+03 2.850000000000000000e+03
1.424507380000000000e+08 4.380000000000000000e+03 2.920000000000000000e+03 4.170000000000000000e+03 2.860000000000000000e+03
1.424509460000000000e+08 4.370000000000000000e+03 2.910000000000000000e+03 4.170000000000000000e+03 2.870000000000000000e+03
1.424511540000000000e+08 4.380000000000000000e+03 2.910000000000000000e+03 4.170000000000000000e+03 2.870000000000000000e+03
1.424513620000000000e+08 4.380000000000000000e+03 2.920000000000000000e+03 4.180000000000000000e+03 2.860000000000000000e+03
1.424515700000000000e+08 4.380000000000000000e+03 2.920000000000000000e+03 4.170000000000000000e+03 2.870000000000000000e+03
1.424517780000000000e+08 4.390000000000000000e+03 2.920000000000000000e+03 4.170000000000000000e+03 2.860000000000000000e+03
1.424519860000000000e+08 4.390000000000000000e+03 2.910000000000000000e+03 4.170000000000000000e+03 2.860000000000000000e+03
1.424521950000000000e+08 4.390000000000000000e+03 2.920000000000000000e+03 4.170000000000000000e+03 2.860000000000000000e+03
1.424524020000000000e+08 4.390000000000000000e+03 2.920000000000000000e+03 4.170000000000000000e+03 2.860000000000000000e+03
1.424526100000000000e+08 4.390000000000000000e+03 2.930000000000000000e+03 4.160000000000000000e+03 2.850000000000000000e+03
1.424528180000000000e+08 4.370000000000000000e+03 2.930000000000000000e+03 4.160000000000000000e+03 2.850000000000000000e+03
1.424530260000000000e+08 4.380000000000000000e+03 2.920000000000000000e+03 4.160000000000000000e+03 2.850000000000000000e+03
1.424532330000000000e+08 4.370000000000000000e+03 2.910000000000000000e+03 4.160000000000000000e+03 2.850000000000000000e+03
1.424534420000000000e+08 4.380000000000000000e+03 2.920000000000000000e+03 4.160000000000000000e+03 2.860000000000000000e+03
1.424536500000000000e+08 4.370000000000000000e+03 2.920000000000000000e+03 4.160000000000000000e+03 2.860000000000000000e+03
1.424538580000000000e+08 4.370000000000000000e+03 2.920000000000000000e+03 4.160000000000000000e+03 2.860000000000000000e+03
1.424540660000000000e+08 4.370000000000000000e+03 2.920000000000000000e+03 4.160000000000000000e+03 2.860000000000000000e+03
1.424542740000000000e+08 4.380000000000000000e+03 2.920000000000000000e+03 4.160000000000000000e+03 2.860000000000000000e+03
1.424544820000000000e+08 4.370000000000000000e+03 2.920000000000000000e+03 4.160000000000000000e+03 2.870000000000000000e+03
1.424546900000000000e+08 4.370000000000000000e+03 2.920000000000000000e+03 4.160000000000000000e+03 2.870000000000000000e+03
1.424548980000000000e+08 4.390000000000000000e+03 2.920000000000000000e+03 4.160000000000000000e+03 2.870000000000000000e+03
1.424551060000000000e+08 4.390000000000000000e+03 2.920000000000000000e+03 4.170000000000000000e+03 2.870000000000000000e+03
1.424553140000000000e+08 4.380000000000000000e+03 2.920000000000000000e+03 4.170000000000000000e+03 2.870000000000000000e+03
1.424555210000000000e+08 4.370000000000000000e+03 2.920000000000000000e+03 4.170000000000000000e+03 2.870000000000000000e+03
1.424557290000000000e+08 4.370000000000000000e+03 2.920000000000000000e+03 4.170000000000000000e+03 2.860000000000000000e+03
1.424559380000000000e+08 4.360000000000000000e+03 2.920000000000000000e+03 4.170000000000000000e+03 2.860000000000000000e+03
1.424561450000000000e+08 4.380000000000000000e+03 2.920000000000000000e+03 4.170000000000000000e+03 2.860000000000000000e+03
1.424563530000000000e+08 4.380000000000000000e+03 2.920000000000000000e+03 4.170000000000000000e+03 2.860000000000000000e+03
1.424565610000000000e+08 4.380000000000000000e+03 2.920000000000000000e+03 4.170000000000000000e+03 2.860000000000000000e+03
1.424567690000000000e+08 4.380000000000000000e+03 2.920000000000000000e+03 4.170000000000000000e+03 2.860000000000000000e+03
1.424569770000000000e+08 4.380000000000000000e+03 2.920000000000000000e+03 4.160000000000000000e+03 2.870000000000000000e+03
1.424571850000000000e+08 4.370000000000000000e+03 2.920000000000000000e+03 4.170000000000000000e+03 2.860000000000000000e+03
1.424573920000000000e+08 4.370000000000000000e+03 2.920000000000000000e+03 4.170000000000000000e+03 2.860000000000000000e+03
1.424576020000000000e+08 4.370000000000000000e+03 2.940000000000000000e+03 4.170000000000000000e+03 2.860000000000000000e+03
1.424578090000000000e+08 4.360000000000000000e+03 2.940000000000000000e+03 4.180000000000000000e+03 2.860000000000000000e+03
1.424580170000000000e+08 4.360000000000000000e+03 2.940000000000000000e+03 4.170000000000000000e+03 2.860000000000000000e+03
1.424582250000000000e+08 4.370000000000000000e+03 2.930000000000000000e+03 4.180000000000000000e+03 2.870000000000000000e+03
1.424584330000000000e+08 4.370000000000000000e+03 2.910000000000000000e+03 4.180000000000000000e+03 2.880000000000000000e+03
1.424586410000000000e+08 4.380000000000000000e+03 2.910000000000000000e+03 4.180000000000000000e+03 2.890000000000000000e+03
1.424588490000000000e+08 4.380000000000000000e+03 2.910000000000000000e+03 4.170000000000000000e+03 2.890000000000000000e+03
1.424590570000000000e+08 4.380000000000000000e+03 2.910000000000000000e+03 4.170000000000000000e+03 2.880000000000000000e+03
1.424592650000000000e+08 4.370000000000000000e+03 2.910000000000000000e+03 4.170000000000000000e+03 2.870000000000000000e+03
1.424594730000000000e+08 4.370000000000000000e+03 2.910000000000000000e+03 4.170000000000000000e+03 2.870000000000000000e+03
1.424596810000000000e+08 4.370000000000000000e+03 2.910000000000000000e+03 4.170000000000000000e+03 2.870000000000000000e+03
1.424598890000000000e+08 4.370000000000000000e+03 2.910000000000000000e+03 4.160000000000000000e+03 2.860000000000000000e+03
1.425000970000000000e+08 4.360000000000000000e+03 2.910000000000000000e+03 4.170000000000000000e+03 2.870000000000000000e+03
1.425003050000000000e+08 4.370000000000000000e+03 2.920000000000000000e+03 4.180000000000000000e+03 2.870000000000000000e+03
1.425005130000000000e+08 4.370000000000000000e+03 2.920000000000000000e+03 4.170000000000000000e+03 2.860000000000000000e+03
1.425007200000000000e+08 4.370000000000000000e+03 2.920000000000000000e+03 4.170000000000000000e+03 2.860000000000000000e+03
1.425009290000000000e+08 4.360000000000000000e+03 2.920000000000000000e+03 4.170000000000000000e+03 2.850000000000000000e+03
1.425011370000000000e+08 4.380000000000000000e+03 2.920000000000000000e+03 4.160000000000000000e+03 2.860000000000000000e+03
1.425013440000000000e+08 4.380000000000000000e+03 2.920000000000000000e+03 4.170000000000000000e+03 2.850000000000000000e+03
1.425015530000000000e+08 4.380000000000000000e+03 2.920000000000000000e+03 4.170000000000000000e+03 2.850000000000000000e+03
1.425017610000000000e+08 4.380000000000000000e+03 2.910000000000000000e+03 4.170000000000000000e+03 2.860000000000000000e+03
1.425019680000000000e+08 4.380000000000000000e+03 2.910000000000000000e+03 4.170000000000000000e+03 2.860000000000000000e+03
1.425021760000000000e+08 4.360000000000000000e+03 2.910000000000000000e+03 4.180000000000000000e+03 2.860000000000000000e+03
1.425023840000000000e+08 4.360000000000000000e+03 2.910000000000000000e+03 4.170000000000000000e+03 2.850000000000000000e+03
1.425025920000000000e+08 4.370000000000000000e+03 2.920000000000000000e+03 4.170000000000000000e+03 2.850000000000000000e+03
1.425028000000000000e+08 4.380000000000000000e+03 2.910000000000000000e+03 4.170000000000000000e+03 2.850000000000000000e+03
1.425030080000000000e+08 4.380000000000000000e+03 2.920000000000000000e+03 4.170000000000000000e+03 2.840000000000000000e+03
1.425032160000000000e+08 4.380000000000000000e+03 2.910000000000000000e+03 4.170000000000000000e+03 2.840000000000000000e+03
1.425034240000000000e+08 4.380000000000000000e+03 2.910000000000000000e+03 4.170000000000000000e+03 2.840000000000000000e+03
1.425036320000000000e+08 4.380000000000000000e+03 2.910000000000000000e+03 4.170000000000000000e+03 2.840000000000000000e+03
1.425038400000000000e+08 4.370000000000000000e+03 2.890000000000000000e+03 4.170000000000000000e+03 2.850000000000000000e+03
1.425040480000000000e+08 4.370000000000000000e+03 2.890000000000000000e+03 4.170000000000000000e+03 2.860000000000000000e+03
1.425042550000000000e+08 4.380000000000000000e+03 2.890000000000000000e+03 4.170000000000000000e+03 2.850000000000000000e+03
1.425044640000000000e+08 4.380000000000000000e+03 2.890000000000000000e+03 4.170000000000000000e+03 2.860000000000000000e+03
1.425046710000000000e+08 4.370000000000000000e+03 2.900000000000000000e+03 4.170000000000000000e+03 2.860000000000000000e+03
1.425048800000000000e+08 4.360000000000000000e+03 2.900000000000000000e+03 4.170000000000000000e+03 2.850000000000000000e+03
1.425050870000000000e+08 4.370000000000000000e+03 2.900000000000000000e+03 4.160000000000000000e+03 2.850000000000000000e+03
1.425052960000000000e+08 4.360000000000000000e+03 2.900000000000000000e+03 4.170000000000000000e+03 2.860000000000000000e+03
1.425055030000000000e+08 4.370000000000000000e+03 2.890000000000000000e+03 4.170000000000000000e+03 2.860000000000000000e+03
1.425057120000000000e+08 4.360000000000000000e+03 2.890000000000000000e+03 4.170000000000000000e+03 2.870000000000000000e+03
1.425059200000000000e+08 4.370000000000000000e+03 2.900000000000000000e+03 4.170000000000000000e+03 2.860000000000000000e+03
1.425061280000000000e+08 4.360000000000000000e+03 2.900000000000000000e+03 4.170000000000000000e+03 2.850000000000000000e+03
1.425063360000000000e+08 4.350000000000000000e+03 2.900000000000000000e+03 4.170000000000000000e+03 2.860000000000000000e+03
1.425065440000000000e+08 4.360000000000000000e+03 2.900000000000000000e+03 4.160000000000000000e+03 2.860000000000000000e+03
1.425067520000000000e+08 4.370000000000000000e+03 2.900000000000000000e+03 4.170000000000000000e+03 2.860000000000000000e+03
1.425069590000000000e+08 4.370000000000000000e+03 2.910000000000000000e+03 4.170000000000000000e+03 2.850000000000000000e+03
1.425071680000000000e+08 4.370000000000000000e+03 2.920000000000000000e+03 4.170000000000000000e+03 2.850000000000000000e+03
1.425073750000000000e+08 4.380000000000000000e+03 2.920000000000000000e+03 4.170000000000000000e+03 2.850000000000000000e+03
1.425075830000000000e+08 4.370000000000000000e+03 2.910000000000000000e+03 4.170000000000000000e+03 2.850000000000000000e+03
1.425077910000000000e+08 4.380000000000000000e+03 2.910000000000000000e+03 4.170000000000000000e+03 2.850000000000000000e+03
1.425079990000000000e+08 4.380000000000000000e+03 2.910000000000000000e+03 4.170000000000000000e+03 2.840000000000000000e+03
1.425082300000000000e+08 4.380000000000000000e+03 2.910000000000000000e+03 4.170000000000000000e+03 2.840000000000000000e+03
1.425084150000000000e+08 4.380000000000000000e+03 2.900000000000000000e+03 4.170000000000000000e+03 2.850000000000000000e+03
1.425086230000000000e+08 4.390000000000000000e+03 2.900000000000000000e+03 4.170000000000000000e+03 2.860000000000000000e+03
1.425088310000000000e+08 4.390000000000000000e+03 2.910000000000000000e+03 4.170000000000000000e+03 2.850000000000000000e+03
1.425090390000000000e+08 4.380000000000000000e+03 2.910000000000000000e+03 4.170000000000000000e+03 2.860000000000000000e+03
1.425092470000000000e+08 4.380000000000000000e+03 2.910000000000000000e+03 4.170000000000000000e+03 2.850000000000000000e+03
1.425094560000000000e+08 4.380000000000000000e+03 2.910000000000000000e+03 4.160000000000000000e+03 2.850000000000000000e+03
1.425096630000000000e+08 4.380000000000000000e+03 2.910000000000000000e+03 4.170000000000000000e+03 2.850000000000000000e+03
1.425098710000000000e+08 4.370000000000000000e+03 2.910000000000000000e+03 4.170000000000000000e+03 2.850000000000000000e+03
1.425100790000000000e+08 4.370000000000000000e+03 2.920000000000000000e+03 4.170000000000000000e+03 2.850000000000000000e+03
1.425102870000000000e+08 4.370000000000000000e+03 2.920000000000000000e+03 4.180000000000000000e+03 2.860000000000000000e+03
1.425104950000000000e+08 4.370000000000000000e+03 2.920000000000000000e+03 4.180000000000000000e+03 2.860000000000000000e+03
1.425107020000000000e+08 4.370000000000000000e+03 2.910000000000000000e+03 4.180000000000000000e+03 2.870000000000000000e+03
1.425109110000000000e+08 4.380000000000000000e+03 2.910000000000000000e+03 4.170000000000000000e+03 2.870000000000000000e+03
1.425111190000000000e+08 4.380000000000000000e+03 2.910000000000000000e+03 4.170000000000000000e+03 2.880000000000000000e+03
1.425113270000000000e+08 4.370000000000000000e+03 2.910000000000000000e+03 4.170000000000000000e+03 2.860000000000000000e+03
1.425115350000000000e+08 4.380000000000000000e+03 2.910000000000000000e+03 4.180000000000000000e+03 2.860000000000000000e+03
1.425117430000000000e+08 4.380000000000000000e+03 2.910000000000000000e+03 4.180000000000000000e+03 2.850000000000000000e+03
1.425119510000000000e+08 4.370000000000000000e+03 2.920000000000000000e+03 4.180000000000000000e+03 2.850000000000000000e+03
1.425121750000000000e+08 4.370000000000000000e+03 2.920000000000000000e+03 4.170000000000000000e+03 2.860000000000000000e+03
1.425123830000000000e+08 4.380000000000000000e+03 2.920000000000000000e+03 4.170000000000000000e+03 2.850000000000000000e+03
1.425125910000000000e+08 4.370000000000000000e+03 2.910000000000000000e+03 4.170000000000000000e+03 2.870000000000000000e+03
1.425127980000000000e+08 4.360000000000000000e+03 2.910000000000000000e+03 4.170000000000000000e+03 2.850000000000000000e+03
1.425130070000000000e+08 4.360000000000000000e+03 2.910000000000000000e+03 4.170000000000000000e+03 2.850000000000000000e+03
1.425132150000000000e+08 4.360000000000000000e+03 2.920000000000000000e+03 4.170000000000000000e+03 2.850000000000000000e+03
1.425134220000000000e+08 4.370000000000000000e+03 2.920000000000000000e+03 4.160000000000000000e+03 2.850000000000000000e+03
1.425136300000000000e+08 4.370000000000000000e+03 2.910000000000000000e+03 4.170000000000000000e+03 2.850000000000000000e+03
1.425138390000000000e+08 4.360000000000000000e+03 2.910000000000000000e+03 4.170000000000000000e+03 2.860000000000000000e+03
