1.504146460000000000e+08 4.840000000000000000e+03 1.430000000000000000e+03 5.710000000000000000e+03 3.570000000000000000e+03
1.504148550000000000e+08 4.820000000000000000e+03 1.420000000000000000e+03 5.700000000000000000e+03 3.580000000000000000e+03
1.504150630000000000e+08 4.840000000000000000e+03 1.430000000000000000e+03 5.700000000000000000e+03 3.580000000000000000e+03
1.504152710000000000e+08 4.820000000000000000e+03 1.420000000000000000e+03 5.700000000000000000e+03 3.600000000000000000e+03
1.504154790000000000e+08 4.840000000000000000e+03 1.430000000000000000e+03 5.700000000000000000e+03 3.590000000000000000e+03
1.504156870000000000e+08 4.840000000000000000e+03 1.430000000000000000e+03 5.690000000000000000e+03 3.590000000000000000e+03
1.504158950000000000e+08 4.840000000000000000e+03 1.430000000000000000e+03 5.690000000000000000e+03 3.590000000000000000e+03
1.504161020000000000e+08 4.830000000000000000e+03 1.430000000000000000e+03 5.690000000000000000e+03 3.590000000000000000e+03
1.504163110000000000e+08 4.810000000000000000e+03 1.430000000000000000e+03 5.690000000000000000e+03 3.590000000000000000e+03
1.504165190000000000e+08 4.820000000000000000e+03 1.430000000000000000e+03 5.690000000000000000e+03 3.580000000000000000e+03
1.504167260000000000e+08 4.810000000000000000e+03 1.430000000000000000e+03 5.690000000000000000e+03 3.580000000000000000e+03
1.504169340000000000e+08 4.800000000000000000e+03 1.430000000000000000e+03 5.700000000000000000e+03 3.580000000000000000e+03
1.504171420000000000e+08 4.800000000000000000e+03 1.430000000000000000e+03 5.700000000000000000e+03 3.580000000000000000e+03
1.504173500000000000e+08 4.810000000000000000e+03 1.450000000000000000e+03 5.700000000000000000e+03 3.580000000000000000e+03
1.504175590000000000e+08 4.800000000000000000e+03 1.450000000000000000e+03 5.710000000000000000e+03 3.590000000000000000e+03
1.504177660000000000e+08 4.790000000000000000e+03 1.440000000000000000e+03 5.710000000000000000e+03 3.600000000000000000e+03
1.504179740000000000e+08 4.790000000000000000e+03 1.430000000000000000e+03 5.710000000000000000e+03 3.600000000000000000e+03
1.504181820000000000e+08 4.800000000000000000e+03 1.440000000000000000e+03 5.710000000000000000e+03 3.600000000000000000e+03
1.504183900000000000e+08 4.810000000000000000e+03 1.440000000000000000e+03 5.710000000000000000e+03 3.600000000000000000e+03
1.504185980000000000e+08 4.800000000000000000e+03 1.430000000000000000e+03 5.710000000000000000e+03 3.610000000000000000e+03
1.504188060000000000e+08 4.800000000000000000e+03 1.430000000000000000e+03 5.710000000000000000e+03 3.600000000000000000e+03
1.504190140000000000e+08 4.800000000000000000e+03 1.440000000000000000e+03 5.700000000000000000e+03 3.590000000000000000e+03
1.504192220000000000e+08 4.790000000000000000e+03 1.430000000000000000e+03 5.700000000000000000e+03 3.590000000000000000e+03
1.504194300000000000e+08 4.800000000000000000e+03 1.440000000000000000e+03 5.700000000000000000e+03 3.590000000000000000e+03
1.504196380000000000e+08 4.820000000000000000e+03 1.430000000000000000e+03 5.700000000000000000e+03 3.590000000000000000e+03
1.504198460000000000e+08 4.810000000000000000e+03 1.440000000000000000e+03 5.700000000000000000e+03 3.580000000000000000e+03
1.504200540000000000e+08 4.810000000000000000e+03 1.420000000000000000e+03 5.710000000000000000e+03 3.590000000000000000e+03
1.504202620000000000e+08 4.820000000000000000e+03 1.410000000000000000e+03 5.700000000000000000e+03 3.590000000000000000e+03
1.504204700000000000e+08 4.800000000000000000e+03 1.420000000000000000e+03 5.700000000000000000e+03 3.590000000000000000e+03
1.504206770000000000e+08 4.800000000000000000e+03 1.440000000000000000e+03 5.700000000000000000e+03 3.600000000000000000e+03
1.504208860000000000e+08 4.790000000000000000e+03 1.420000000000000000e+03 5.700000000000000000e+03 3.590000000000000000e+03
1.504210940000000000e+08 4.790000000000000000e+03 1.420000000000000000e+03 5.710000000000000000e+03 3.580000000000000000e+03
1.504213020000000000e+08 4.810000000000000000e+03 1.430000000000000000e+03 5.700000000000000000e+03 3.590000000000000000e+03
1.504215090000000000e+08 4.820000000000000000e+03 1.440000000000000000e+03 5.700000000000000000e+03 3.590000000000000000e+03
1.504217180000000000e+08 4.810000000000000000e+03 1.430000000000000000e+03 5.700000000000000000e+03 3.580000000000000000e+03
1.504219250000000000e+08 4.800000000000000000e+03 1.430000000000000000e+03 5.710000000000000000e+03 3.580000000000000000e+03
1.504221340000000000e+08 4.790000000000000000e+03 1.430000000000000000e+03 5.710000000000000000e+03 3.580000000000000000e+03
1.504223420000000000e+08 4.780000000000000000e+03 1.430000000000000000e+03 5.710000000000000000e+03 3.590000000000000000e+03
1.504225500000000000e+08 4.790000000000000000e+03 1.430000000000000000e+03 5.720000000000000000e+03 3.590000000000000000e+03
1.504227580000000000e+08 4.810000000000000000e+03 1.420000000000000000e+03 5.720000000000000000e+03 3.590000000000000000e+03
1.504229650000000000e+08 4.810000000000000000e+03 1.420000000000000000e+03 5.720000000000000000e+03 3.590000000000000000e+03
1.504231730000000000e+08 4.830000000000000000e+03 1.420000000000000000e+03 5.720000000000000000e+03 3.580000000000000000e+03
1.504233810000000000e+08 4.850000000000000000e+03 1.430000000000000000e+03 5.710000000000000000e+03 3.580000000000000000e+03
1.504235900000000000e+08 4.850000000000000000e+03 1.420000000000000000e+03 5.710000000000000000e+03 3.570000000000000000e+03
1.504237970000000000e+08 4.840000000000000000e+03 1.420000000000000000e+03 5.710000000000000000e+03 3.570000000000000000e+03
1.504240050000000000e+08 4.820000000000000000e+03 1.420000000000000000e+03 5.710000000000000000e+03 3.580000000000000000e+03
1.504242130000000000e+08 4.830000000000000000e+03 1.420000000000000000e+03 5.710000000000000000e+03 3.580000000000000000e+03
1.504244210000000000e+08 4.820000000000000000e+03 1.420000000000000000e+03 5.710000000000000000e+03 3.580000000000000000e+03
1.504246290000000000e+08 4.810000000000000000e+03 1.430000000000000000e+03 5.710000000000000000e+03 3.590000000000000000e+03
1.504248370000000000e+08 4.810000000000000000e+03 1.440000000000000000e+03 5.710000000000000000e+03 3.580000000000000000e+03
1.504250450000000000e+08 4.820000000000000000e+03 1.430000000000000000e+03 5.710000000000000000e+03 3.580000000000000000e+03
1.504252520000000000e+08 4.810000000000000000e+03 1.430000000000000000e+03 5.720000000000000000e+03 3.580000000000000000e+03
1.504254600000000000e+08 4.800000000000000000e+03 1.430000000000000000e+03 5.720000000000000000e+03 3.580000000000000000e+03
1.504256680000000000e+08 4.800000000000000000e+03 1.440000000000000000e+03 5.710000000000000000e+03 3.590000000000000000e+03
1.504258770000000000e+08 4.790000000000000000e+03 1.450000000000000000e+03 5.710000000000000000e+03 3.590000000000000000e+03
1.504260860000000000e+08 4.790000000000000000e+03 1.440000000000000000e+03 5.720000000000000000e+03 3.590000000000000000e+03
1.504262920000000000e+08 4.820000000000000000e+03 1.430000000000000000e+03 5.710000000000000000e+03 3.600000000000000000e+03
1.504265010000000000e+08 4.810000000000000000e+03 1.430000000000000000e+03 5.720000000000000000e+03 3.610000000000000000e+03
1.504267090000000000e+08 4.810000000000000000e+03 1.430000000000000000e+03 5.720000000000000000e+03 3.600000000000000000e+03
1.504269160000000000e+08 4.820000000000000000e+03 1.430000000000000000e+03 5.710000000000000000e+03 3.590000000000000000e+03
1.504271250000000000e+08 4.820000000000000000e+03 1.450000000000000000e+03 5.710000000000000000e+03 3.600000000000000000e+03
1.504273330000000000e+08 4.810000000000000000e+03 1.460000000000000000e+03 5.710000000000000000e+03 3.600000000000000000e+03
1.504275410000000000e+08 4.810000000000000000e+03 1.440000000000000000e+03 5.720000000000000000e+03 3.610000000000000000e+03
1.504277480000000000e+08 4.810000000000000000e+03 1.450000000000000000e+03 5.720000000000000000e+03 3.610000000000000000e+03
1.504279570000000000e+08 4.810000000000000000e+03 1.440000000000000000e+03 5.710000000000000000e+03 3.610000000000000000e+03
1.504281640000000000e+08 4.810000000000000000e+03 1.430000000000000000e+03 5.710000000000000000e+03 3.610000000000000000e+03
1.504283720000000000e+08 4.790000000000000000e+03 1.420000000000000000e+03 5.710000000000000000e+03 3.610000000000000000e+03
1.504285800000000000e+08 4.790000000000000000e+03 1.420000000000000000e+03 5.720000000000000000e+03 3.600000000000000000e+03
1.504287880000000000e+08 4.810000000000000000e+03 1.420000000000000000e+03 5.720000000000000000e+03 3.590000000000000000e+03
1.504289960000000000e+08 4.810000000000000000e+03 1.420000000000000000e+03 5.720000000000000000e+03 3.580000000000000000e+03
1.504292040000000000e+08 4.810000000000000000e+03 1.420000000000000000e+03 5.710000000000000000e+03 3.580000000000000000e+03
1.504294120000000000e+08 4.820000000000000000e+03 1.420000000000000000e+03 5.730000000000000000e+03 3.590000000000000000e+03
1.504296200000000000e+08 4.840000000000000000e+03 1.420000000000000000e+03 5.720000000000000000e+03 3.590000000000000000e+03
1.504298280000000000e+08 4.830000000000000000e+03 1.430000000000000000e+03 5.710000000000000000e+03 3.590000000000000000e+03
1.504300360000000000e+08 4.820000000000000000e+03 1.430000000000000000e+03 5.720000000000000000e+03 3.580000000000000000e+03
1.504302440000000000e+08 4.810000000000000000e+03 1.420000000000000000e+03 5.720000000000000000e+03 3.590000000000000000e+03
1.504304520000000000e+08 4.800000000000000000e+03 1.420000000000000000e+03 5.710000000000000000e+03 3.590000000000000000e+03
1.504306600000000000e+08 4.820000000000000000e+03 1.420000000000000000e+03 5.710000000000000000e+03 3.580000000000000000e+03
1.504308680000000000e+08 4.820000000000000000e+03 1.420000000000000000e+03 5.710000000000000000e+03 3.580000000000000000e+03
1.504310760000000000e+08 4.810000000000000000e+03 1.420000000000000000e+03 5.710000000000000000e+03 3.580000000000000000e+03
1.504312840000000000e+08 4.820000000000000000e+03 1.430000000000000000e+03 5.710000000000000000e+03 3.580000000000000000e+03
1.504314920000000000e+08 4.820000000000000000e+03 1.420000000000000000e+03 5.710000000000000000e+03 3.580000000000000000e+03
1.504317000000000000e+08 4.840000000000000000e+03 1.410000000000000000e+03 5.710000000000000000e+03 3.590000000000000000e+03
1.504319070000000000e+08 4.830000000000000000e+03 1.420000000000000000e+03 5.710000000000000000e+03 3.600000000000000000e+03
1.504321160000000000e+08 4.820000000000000000e+03 1.430000000000000000e+03 5.710000000000000000e+03 3.590000000000000000e+03
1.504323250000000000e+08 4.820000000000000000e+03 1.430000000000000000e+03 5.720000000000000000e+03 3.590000000000000000e+03
1.504325320000000000e+08 4.810000000000000000e+03 1.430000000000000000e+03 5.720000000000000000e+03 3.590000000000000000e+03
1.504327390000000000e+08 4.820000000000000000e+03 1.440000000000000000e+03 5.720000000000000000e+03 3.590000000000000000e+03
1.504329480000000000e+08 4.810000000000000000e+03 1.430000000000000000e+03 5.720000000000000000e+03 3.590000000000000000e+03
1.504331550000000000e+08 4.810000000000000000e+03 1.430000000000000000e+03 5.720000000000000000e+03 3.600000000000000000e+03
1.504333630000000000e+08 4.830000000000000000e+03 1.430000000000000000e+03 5.720000000000000000e+03 3.600000000000000000e+03
1.504335720000000000e+08 4.840000000000000000e+03 1.430000000000000000e+03 5.720000000000000000e+03 3.590000000000000000e+03
1.504337800000000000e+08 4.830000000000000000e+03 1.430000000000000000e+03 5.720000000000000000e+03 3.590000000000000000e+03
1.504339870000000000e+08 4.820000000000000000e+03 1.420000000000000000e+03 5.720000000000000000e+03 3.590000000000000000e+03
1.504341960000000000e+08 4.810000000000000000e+03 1.420000000000000000e+03 5.710000000000000000e+03 3.590000000000000000e+03
1.504344030000000000e+08 4.810000000000000000e+03 1.430000000000000000e+03 5.700000000000000000e+03 3.580000000000000000e+03
1.504346110000000000e+08 4.810000000000000000e+03 1.430000000000000000e+03 5.700000000000000000e+03 3.580000000000000000e+03
1.504348190000000000e+08 4.790000000000000000e+03 1.430000000000000000e+03 5.700000000000000000e+03 3.570000000000000000e+03
1.504350270000000000e+08 4.790000000000000000e+03 1.430000000000000000e+03 5.710000000000000000e+03 3.570000000000000000e+03
1.504352350000000000e+08 4.820000000000000000e+03 1.430000000000000000e+03 5.710000000000000000e+03 3.580000000000000000e+03
1.504354420000000000e+08 4.810000000000000000e+03 1.430000000000000000e+03 5.710000000000000000e+03 3.590000000000000000e+03
1.504356510000000000e+08 4.810000000000000000e+03 1.440000000000000000e+03 5.710000000000000000e+03 3.580000000000000000e+03
1.504358590000000000e+08 4.810000000000000000e+03 1.450000000000000000e+03 5.710000000000000000e+03 3.570000000000000000e+03
1.504362750000000000e+08 4.800000000000000000e+03 1.450000000000000000e+03 5.710000000000000000e+03 3.590000000000000000e+03
1.504364840000000000e+08 4.820000000000000000e+03 1.440000000000000000e+03 5.710000000000000000e+03 3.600000000000000000e+03
1.504366910000000000e+08 4.810000000000000000e+03 1.430000000000000000e+03 5.710000000000000000e+03 3.600000000000000000e+03
1.504368990000000000e+08 4.810000000000000000e+03 1.430000000000000000e+03 5.710000000000000000e+03 3.600000000000000000e+03
1.504371070000000000e+08 4.830000000000000000e+03 1.440000000000000000e+03 5.710000000000000000e+03 3.590000000000000000e+03
1.504373150000000000e+08 4.830000000000000000e+03 1.430000000000000000e+03 5.710000000000000000e+03 3.580000000000000000e+03
1.504375230000000000e+08 4.830000000000000000e+03 1.430000000000000000e+03 5.700000000000000000e+03 3.580000000000000000e+03
1.504377310000000000e+08 4.850000000000000000e+03 1.440000000000000000e+03 5.700000000000000000e+03 3.580000000000000000e+03
1.504379390000000000e+08 4.830000000000000000e+03 1.440000000000000000e+03 5.700000000000000000e+03 3.580000000000000000e+03
1.504381470000000000e+08 4.830000000000000000e+03 1.430000000000000000e+03 5.700000000000000000e+03 3.580000000000000000e+03
1.504383550000000000e+08 4.830000000000000000e+03 1.440000000000000000e+03 5.700000000000000000e+03 3.580000000000000000e+03
1.504385630000000000e+08 4.820000000000000000e+03 1.430000000000000000e+03 5.700000000000000000e+03 3.580000000000000000e+03
1.504387700000000000e+08 4.810000000000000000e+03 1.430000000000000000e+03 5.700000000000000000e+03 3.580000000000000000e+03
1.504389790000000000e+08 4.800000000000000000e+03 1.420000000000000000e+03 5.710000000000000000e+03 3.580000000000000000e+03
1.504391860000000000e+08 4.820000000000000000e+03 1.420000000000000000e+03 5.710000000000000000e+03 3.580000000000000000e+03
1.504393960000000000e+08 4.820000000000000000e+03 1.430000000000000000e+03 5.710000000000000000e+03 3.580000000000000000e+03
1.504396030000000000e+08 4.810000000000000000e+03 1.430000000000000000e+03 5.710000000000000000e+03 3.570000000000000000e+03
1.504398110000000000e+08 4.810000000000000000e+03 1.430000000000000000e+03 5.710000000000000000e+03 3.590000000000000000e+03
1.504400180000000000e+08 4.830000000000000000e+03 1.430000000000000000e+03 5.710000000000000000e+03 3.600000000000000000e+03
1.504402260000000000e+08 4.830000000000000000e+03 1.430000000000000000e+03 5.710000000000000000e+03 3.590000000000000000e+03
1.504404340000000000e+08 4.830000000000000000e+03 1.450000000000000000e+03 5.700000000000000000e+03 3.600000000000000000e+03
1.504406420000000000e+08 4.820000000000000000e+03 1.440000000000000000e+03 5.700000000000000000e+03 3.590000000000000000e+03
1.504408500000000000e+08 4.820000000000000000e+03 1.440000000000000000e+03 5.700000000000000000e+03 3.600000000000000000e+03
1.504410580000000000e+08 4.830000000000000000e+03 1.450000000000000000e+03 5.710000000000000000e+03 3.600000000000000000e+03
1.504412660000000000e+08 4.840000000000000000e+03 1.440000000000000000e+03 5.710000000000000000e+03 3.600000000000000000e+03
1.504414740000000000e+08 4.840000000000000000e+03 1.430000000000000000e+03 5.710000000000000000e+03 3.590000000000000000e+03
1.504416820000000000e+08 4.820000000000000000e+03 1.420000000000000000e+03 5.700000000000000000e+03 3.590000000000000000e+03
1.504418900000000000e+08 4.810000000000000000e+03 1.420000000000000000e+03 5.710000000000000000e+03 3.590000000000000000e+03
1.504420980000000000e+08 4.830000000000000000e+03 1.420000000000000000e+03 5.710000000000000000e+03 3.610000000000000000e+03
1.504423060000000000e+08 4.830000000000000000e+03 1.420000000000000000e+03 5.710000000000000000e+03 3.600000000000000000e+03
1.504425140000000000e+08 4.830000000000000000e+03 1.420000000000000000e+03 5.710000000000000000e+03 3.590000000000000000e+03
1.504427220000000000e+08 4.820000000000000000e+03 1.420000000000000000e+03 5.700000000000000000e+03 3.580000000000000000e+03
1.504429300000000000e+08 4.830000000000000000e+03 1.420000000000000000e+03 5.700000000000000000e+03 3.580000000000000000e+03
1.504431380000000000e+08 4.830000000000000000e+03 1.420000000000000000e+03 5.700000000000000000e+03 3.570000000000000000e+03
1.504433460000000000e+08 4.850000000000000000e+03 1.420000000000000000e+03 5.710000000000000000e+03 3.580000000000000000e+03
1.504435530000000000e+08 4.850000000000000000e+03 1.420000000000000000e+03 5.710000000000000000e+03 3.580000000000000000e+03
1.504437620000000000e+08 4.820000000000000000e+03 1.410000000000000000e+03 5.710000000000000000e+03 3.580000000000000000e+03
1.504439700000000000e+08 4.820000000000000000e+03 1.410000000000000000e+03 5.710000000000000000e+03 3.580000000000000000e+03
1.504441780000000000e+08 4.830000000000000000e+03 1.430000000000000000e+03 5.710000000000000000e+03 3.590000000000000000e+03
1.504443860000000000e+08 4.830000000000000000e+03 1.420000000000000000e+03 5.710000000000000000e+03 3.590000000000000000e+03
1.504445940000000000e+08 4.830000000000000000e+03 1.430000000000000000e+03 5.710000000000000000e+03 3.590000000000000000e+03
1.504448020000000000e+08 4.820000000000000000e+03 1.440000000000000000e+03 5.710000000000000000e+03 3.590000000000000000e+03
1.504450100000000000e+08 4.810000000000000000e+03 1.440000000000000000e+03 5.710000000000000000e+03 3.590000000000000000e+03
1.504452180000000000e+08 4.810000000000000000e+03 1.430000000000000000e+03 5.700000000000000000e+03 3.590000000000000000e+03
1.504454270000000000e+08 4.810000000000000000e+03 1.420000000000000000e+03 5.700000000000000000e+03 3.590000000000000000e+03
1.504456340000000000e+08 4.830000000000000000e+03 1.420000000000000000e+03 5.710000000000000000e+03 3.600000000000000000e+03
1.504458410000000000e+08 4.820000000000000000e+03 1.420000000000000000e+03 5.710000000000000000e+03 3.590000000000000000e+03
1.504460490000000000e+08 4.840000000000000000e+03 1.410000000000000000e+03 5.710000000000000000e+03 3.580000000000000000e+03
1.504462570000000000e+08 4.840000000000000000e+03 1.400000000000000000e+03 5.720000000000000000e+03 3.580000000000000000e+03
1.504464650000000000e+08 4.830000000000000000e+03 1.390000000000000000e+03 5.720000000000000000e+03 3.580000000000000000e+03
1.504466730000000000e+08 4.830000000000000000e+03 1.390000000000000000e+03 5.720000000000000000e+03 3.590000000000000000e+03
1.504468810000000000e+08 4.830000000000000000e+03 1.390000000000000000e+03 5.720000000000000000e+03 3.580000000000000000e+03
1.504470890000000000e+08 4.830000000000000000e+03 1.390000000000000000e+03 5.720000000000000000e+03 3.580000000000000000e+03
1.504472970000000000e+08 4.820000000000000000e+03 1.390000000000000000e+03 5.710000000000000000e+03 3.580000000000000000e+03
1.504475050000000000e+08 4.810000000000000000e+03 1.390000000000000000e+03 5.710000000000000000e+03 3.580000000000000000e+03
1.504477130000000000e+08 4.800000000000000000e+03 1.410000000000000000e+03 5.710000000000000000e+03 3.580000000000000000e+03
1.504479210000000000e+08 4.810000000000000000e+03 1.410000000000000000e+03 5.710000000000000000e+03 3.590000000000000000e+03
1.504481420000000000e+08 4.810000000000000000e+03 1.430000000000000000e+03 5.710000000000000000e+03 3.600000000000000000e+03
1.504483360000000000e+08 4.800000000000000000e+03 1.440000000000000000e+03 5.710000000000000000e+03 3.600000000000000000e+03
1.504485450000000000e+08 4.820000000000000000e+03 1.430000000000000000e+03 5.710000000000000000e+03 3.600000000000000000e+03
1.504487530000000000e+08 4.830000000000000000e+03 1.420000000000000000e+03 5.710000000000000000e+03 3.590000000000000000e+03
1.504489610000000000e+08 4.840000000000000000e+03 1.430000000000000000e+03 5.720000000000000000e+03 3.580000000000000000e+03
1.504491680000000000e+08 4.840000000000000000e+03 1.440000000000000000e+03 5.720000000000000000e+03 3.580000000000000000e+03
1.504493760000000000e+08 4.840000000000000000e+03 1.440000000000000000e+03 5.720000000000000000e+03 3.580000000000000000e+03
1.504495850000000000e+08 4.840000000000000000e+03 1.430000000000000000e+03 5.720000000000000000e+03 3.570000000000000000e+03
1.504497920000000000e+08 4.820000000000000000e+03 1.420000000000000000e+03 5.720000000000000000e+03 3.570000000000000000e+03
1.504500000000000000e+08 4.830000000000000000e+03 1.440000000000000000e+03 5.710000000000000000e+03 3.580000000000000000e+03
1.504502080000000000e+08 4.840000000000000000e+03 1.430000000000000000e+03 5.710000000000000000e+03 3.580000000000000000e+03
1.504504170000000000e+08 4.830000000000000000e+03 1.430000000000000000e+03 5.710000000000000000e+03 3.580000000000000000e+03
1.504506250000000000e+08 4.830000000000000000e+03 1.430000000000000000e+03 5.710000000000000000e+03 3.590000000000000000e+03
1.504508330000000000e+08 4.840000000000000000e+03 1.440000000000000000e+03 5.710000000000000000e+03 3.590000000000000000e+03
1.504510400000000000e+08 4.840000000000000000e+03 1.440000000000000000e+03 5.710000000000000000e+03 3.590000000000000000e+03
1.504512480000000000e+08 4.820000000000000000e+03 1.430000000000000000e+03 5.710000000000000000e+03 3.590000000000000000e+03
1.504514560000000000e+08 4.820000000000000000e+03 1.430000000000000000e+03 5.710000000000000000e+03 3.580000000000000000e+03
1.504516640000000000e+08 4.840000000000000000e+03 1.430000000000000000e+03 5.710000000000000000e+03 3.580000000000000000e+03
1.504518720000000000e+08 4.820000000000000000e+03 1.420000000000000000e+03 5.710000000000000000e+03 3.570000000000000000e+03
1.504520800000000000e+08 4.810000000000000000e+03 1.430000000000000000e+03 5.710000000000000000e+03 3.570000000000000000e+03
1.504522890000000000e+08 4.830000000000000000e+03 1.440000000000000000e+03 5.710000000000000000e+03 3.580000000000000000e+03
1.504524960000000000e+08 4.810000000000000000e+03 1.440000000000000000e+03 5.710000000000000000e+03 3.590000000000000000e+03
1.504527040000000000e+08 4.820000000000000000e+03 1.440000000000000000e+03 5.710000000000000000e+03 3.600000000000000000e+03
1.504529120000000000e+08 4.830000000000000000e+03 1.440000000000000000e+03 5.710000000000000000e+03 3.610000000000000000e+03
1.504531200000000000e+08 4.820000000000000000e+03 1.430000000000000000e+03 5.710000000000000000e+03 3.610000000000000000e+03
1.504533280000000000e+08 4.810000000000000000e+03 1.430000000000000000e+03 5.700000000000000000e+03 3.600000000000000000e+03
1.504535360000000000e+08 4.830000000000000000e+03 1.430000000000000000e+03 5.710000000000000000e+03 3.590000000000000000e+03
1.504537440000000000e+08 4.830000000000000000e+03 1.430000000000000000e+03 5.710000000000000000e+03 3.580000000000000000e+03
1.504539520000000000e+08 4.830000000000000000e+03 1.430000000000000000e+03 5.710000000000000000e+03 3.590000000000000000e+03
1.504541600000000000e+08 4.820000000000000000e+03 1.440000000000000000e+03 5.710000000000000000e+03 3.580000000000000000e+03
1.504543680000000000e+08 4.840000000000000000e+03 1.450000000000000000e+03 5.710000000000000000e+03 3.580000000000000000e+03
1.504545760000000000e+08 4.840000000000000000e+03 1.450000000000000000e+03 5.700000000000000000e+03 3.580000000000000000e+03
1.504547840000000000e+08 4.820000000000000000e+03 1.440000000000000000e+03 5.700000000000000000e+03 3.580000000000000000e+03
1.504549920000000000e+08 4.820000000000000000e+03 1.440000000000000000e+03 5.700000000000000000e+03 3.570000000000000000e+03
1.504552000000000000e+08 4.840000000000000000e+03 1.450000000000000000e+03 5.700000000000000000e+03 3.570000000000000000e+03
1.504554080000000000e+08 4.830000000000000000e+03 1.430000000000000000e+03 5.710000000000000000e+03 3.560000000000000000e+03
1.504556160000000000e+08 4.820000000000000000e+03 1.440000000000000000e+03 5.700000000000000000e+03 3.570000000000000000e+03
1.504558240000000000e+08 4.810000000000000000e+03 1.430000000000000000e+03 5.700000000000000000e+03 3.570000000000000000e+03
1.504560310000000000e+08 4.800000000000000000e+03 1.430000000000000000e+03 5.700000000000000000e+03 3.580000000000000000e+03
1.504562400000000000e+08 4.800000000000000000e+03 1.420000000000000000e+03 5.700000000000000000e+03 3.580000000000000000e+03
1.504564480000000000e+08 4.820000000000000000e+03 1.420000000000000000e+03 5.700000000000000000e+03 3.570000000000000000e+03
1.504566560000000000e+08 4.830000000000000000e+03 1.420000000000000000e+03 5.700000000000000000e+03 3.570000000000000000e+03
1.504568630000000000e+08 4.840000000000000000e+03 1.410000000000000000e+03 5.710000000000000000e+03 3.570000000000000000e+03
1.504570720000000000e+08 4.840000000000000000e+03 1.410000000000000000e+03 5.720000000000000000e+03 3.580000000000000000e+03
1.504572790000000000e+08 4.830000000000000000e+03 1.410000000000000000e+03 5.710000000000000000e+03 3.580000000000000000e+03
1.504574870000000000e+08 4.830000000000000000e+03 1.420000000000000000e+03 5.710000000000000000e+03 3.570000000000000000e+03
1.504576950000000000e+08 4.840000000000000000e+03 1.420000000000000000e+03 5.710000000000000000e+03 3.580000000000000000e+03
1.504579030000000000e+08 4.830000000000000000e+03 1.420000000000000000e+03 5.720000000000000000e+03 3.580000000000000000e+03
1.504581110000000000e+08 4.830000000000000000e+03 1.420000000000000000e+03 5.720000000000000000e+03 3.580000000000000000e+03
1.504583190000000000e+08 4.830000000000000000e+03 1.420000000000000000e+03 5.710000000000000000e+03 3.590000000000000000e+03
1.504585270000000000e+08 4.820000000000000000e+03 1.420000000000000000e+03 5.700000000000000000e+03 3.580000000000000000e+03
1.504587350000000000e+08 4.820000000000000000e+03 1.430000000000000000e+03 5.700000000000000000e+03 3.580000000000000000e+03
1.504589430000000000e+08 4.820000000000000000e+03 1.440000000000000000e+03 5.700000000000000000e+03 3.580000000000000000e+03
1.504591510000000000e+08 4.820000000000000000e+03 1.430000000000000000e+03 5.710000000000000000e+03 3.600000000000000000e+03
1.504593590000000000e+08 4.830000000000000000e+03 1.430000000000000000e+03 5.720000000000000000e+03 3.590000000000000000e+03
1.504595890000000000e+08 4.830000000000000000e+03 1.440000000000000000e+03 5.720000000000000000e+03 3.580000000000000000e+03
1.504597750000000000e+08 4.810000000000000000e+03 1.440000000000000000e+03 5.720000000000000000e+03 3.580000000000000000e+03
1.504599830000000000e+08 4.830000000000000000e+03 1.430000000000000000e+03 5.710000000000000000e+03 3.580000000000000000e+03
1.505001910000000000e+08 4.830000000000000000e+03 1.440000000000000000e+03 5.710000000000000000e+03 3.570000000000000000e+03
1.505003990000000000e+08 4.820000000000000000e+03 1.430000000000000000e+03 5.700000000000000000e+03 3.570000000000000000e+03
1.505006070000000000e+08 4.820000000000000000e+03 1.440000000000000000e+03 5.700000000000000000e+03 3.580000000000000000e+03
1.505008150000000000e+08 4.810000000000000000e+03 1.440000000000000000e+03 5.700000000000000000e+03 3.580000000000000000e+03
1.505010230000000000e+08 4.830000000000000000e+03 1.430000000000000000e+03 5.700000000000000000e+03 3.590000000000000000e+03
1.505012310000000000e+08 4.820000000000000000e+03 1.430000000000000000e+03 5.700000000000000000e+03 3.580000000000000000e+03
1.505014390000000000e+08 4.830000000000000000e+03 1.430000000000000000e+03 5.700000000000000000e+03 3.570000000000000000e+03
1.505016470000000000e+08 4.820000000000000000e+03 1.420000000000000000e+03 5.710000000000000000e+03 3.580000000000000000e+03
1.505018550000000000e+08 4.820000000000000000e+03 1.430000000000000000e+03 5.700000000000000000e+03 3.580000000000000000e+03
1.505020630000000000e+08 4.830000000000000000e+03 1.430000000000000000e+03 5.700000000000000000e+03 3.590000000000000000e+03
1.505022710000000000e+08 4.830000000000000000e+03 1.420000000000000000e+03 5.700000000000000000e+03 3.580000000000000000e+03
1.505024790000000000e+08 4.820000000000000000e+03 1.420000000000000000e+03 5.700000000000000000e+03 3.580000000000000000e+03
1.505026870000000000e+08 4.830000000000000000e+03 1.420000000000000000e+03 5.700000000000000000e+03 3.580000000000000000e+03
