1.506199690000000000e+08 5.030000000000000000e+03 1.870000000000000000e+03 5.450000000000000000e+03 3.070000000000000000e+03
1.506201770000000000e+08 5.030000000000000000e+03 1.870000000000000000e+03 5.440000000000000000e+03 3.080000000000000000e+03
1.506203850000000000e+08 5.030000000000000000e+03 1.860000000000000000e+03 5.430000000000000000e+03 3.080000000000000000e+03
1.506205930000000000e+08 5.030000000000000000e+03 1.860000000000000000e+03 5.430000000000000000e+03 3.070000000000000000e+03
1.506208010000000000e+08 5.030000000000000000e+03 1.870000000000000000e+03 5.430000000000000000e+03 3.070000000000000000e+03
1.506210090000000000e+08 5.030000000000000000e+03 1.870000000000000000e+03 5.430000000000000000e+03 3.080000000000000000e+03
1.506212170000000000e+08 5.030000000000000000e+03 1.860000000000000000e+03 5.440000000000000000e+03 3.070000000000000000e+03
1.506214250000000000e+08 5.020000000000000000e+03 1.870000000000000000e+03 5.440000000000000000e+03 3.070000000000000000e+03
1.506216330000000000e+08 5.020000000000000000e+03 1.860000000000000000e+03 5.440000000000000000e+03 3.060000000000000000e+03
1.506218400000000000e+08 5.020000000000000000e+03 1.870000000000000000e+03 5.440000000000000000e+03 3.060000000000000000e+03
1.506220490000000000e+08 5.020000000000000000e+03 1.870000000000000000e+03 5.430000000000000000e+03 3.060000000000000000e+03
1.506222570000000000e+08 5.020000000000000000e+03 1.870000000000000000e+03 5.440000000000000000e+03 3.070000000000000000e+03
1.506224640000000000e+08 5.020000000000000000e+03 1.860000000000000000e+03 5.440000000000000000e+03 3.070000000000000000e+03
1.506226720000000000e+08 5.020000000000000000e+03 1.860000000000000000e+03 5.450000000000000000e+03 3.080000000000000000e+03
1.506228800000000000e+08 5.020000000000000000e+03 1.860000000000000000e+03 5.450000000000000000e+03 3.070000000000000000e+03
1.506231040000000000e+08 5.020000000000000000e+03 1.860000000000000000e+03 5.450000000000000000e+03 3.070000000000000000e+03
1.506233120000000000e+08 5.010000000000000000e+03 1.870000000000000000e+03 5.440000000000000000e+03 3.060000000000000000e+03
1.506235200000000000e+08 5.010000000000000000e+03 1.870000000000000000e+03 5.450000000000000000e+03 3.070000000000000000e+03
1.506237280000000000e+08 5.020000000000000000e+03 1.860000000000000000e+03 5.450000000000000000e+03 3.070000000000000000e+03
1.506239370000000000e+08 5.030000000000000000e+03 1.860000000000000000e+03 5.450000000000000000e+03 3.070000000000000000e+03
1.506241440000000000e+08 5.030000000000000000e+03 1.860000000000000000e+03 5.450000000000000000e+03 3.070000000000000000e+03
1.506243520000000000e+08 5.030000000000000000e+03 1.870000000000000000e+03 5.450000000000000000e+03 3.070000000000000000e+03
1.506245600000000000e+08 5.030000000000000000e+03 1.870000000000000000e+03 5.440000000000000000e+03 3.070000000000000000e+03
1.506247680000000000e+08 5.030000000000000000e+03 1.870000000000000000e+03 5.440000000000000000e+03 3.080000000000000000e+03
1.506249760000000000e+08 5.030000000000000000e+03 1.860000000000000000e+03 5.420000000000000000e+03 3.080000000000000000e+03
1.506251840000000000e+08 5.020000000000000000e+03 1.880000000000000000e+03 5.430000000000000000e+03 3.080000000000000000e+03
1.506253920000000000e+08 5.020000000000000000e+03 1.880000000000000000e+03 5.420000000000000000e+03 3.080000000000000000e+03
1.506256020000000000e+08 5.030000000000000000e+03 1.880000000000000000e+03 5.420000000000000000e+03 3.080000000000000000e+03
1.506258080000000000e+08 5.030000000000000000e+03 1.870000000000000000e+03 5.430000000000000000e+03 3.080000000000000000e+03
1.506260160000000000e+08 5.030000000000000000e+03 1.870000000000000000e+03 5.440000000000000000e+03 3.080000000000000000e+03
1.506262240000000000e+08 5.020000000000000000e+03 1.870000000000000000e+03 5.440000000000000000e+03 3.080000000000000000e+03
1.506266400000000000e+08 5.020000000000000000e+03 1.870000000000000000e+03 5.430000000000000000e+03 3.070000000000000000e+03
1.506268480000000000e+08 5.020000000000000000e+03 1.880000000000000000e+03 5.430000000000000000e+03 3.070000000000000000e+03
1.506270550000000000e+08 5.030000000000000000e+03 1.870000000000000000e+03 5.440000000000000000e+03 3.070000000000000000e+03
1.506272640000000000e+08 5.030000000000000000e+03 1.870000000000000000e+03 5.430000000000000000e+03 3.070000000000000000e+03
1.506274720000000000e+08 5.030000000000000000e+03 1.860000000000000000e+03 5.440000000000000000e+03 3.070000000000000000e+03
1.506276800000000000e+08 5.030000000000000000e+03 1.870000000000000000e+03 5.450000000000000000e+03 3.070000000000000000e+03
1.506279040000000000e+08 5.020000000000000000e+03 1.880000000000000000e+03 5.450000000000000000e+03 3.070000000000000000e+03
1.506281120000000000e+08 5.020000000000000000e+03 1.880000000000000000e+03 5.430000000000000000e+03 3.060000000000000000e+03
1.506283200000000000e+08 5.020000000000000000e+03 1.870000000000000000e+03 5.440000000000000000e+03 3.060000000000000000e+03
1.506285280000000000e+08 5.020000000000000000e+03 1.880000000000000000e+03 5.430000000000000000e+03 3.060000000000000000e+03
1.506287360000000000e+08 5.030000000000000000e+03 1.880000000000000000e+03 5.430000000000000000e+03 3.060000000000000000e+03
1.506289440000000000e+08 5.020000000000000000e+03 1.870000000000000000e+03 5.430000000000000000e+03 3.060000000000000000e+03
1.506291520000000000e+08 5.020000000000000000e+03 1.870000000000000000e+03 5.430000000000000000e+03 3.060000000000000000e+03
1.506293590000000000e+08 5.020000000000000000e+03 1.880000000000000000e+03 5.430000000000000000e+03 3.060000000000000000e+03
1.506295670000000000e+08 5.020000000000000000e+03 1.880000000000000000e+03 5.440000000000000000e+03 3.060000000000000000e+03
1.506297750000000000e+08 5.020000000000000000e+03 1.870000000000000000e+03 5.440000000000000000e+03 3.060000000000000000e+03
1.506299830000000000e+08 5.010000000000000000e+03 1.870000000000000000e+03 5.430000000000000000e+03 3.060000000000000000e+03
1.506301910000000000e+08 5.010000000000000000e+03 1.870000000000000000e+03 5.440000000000000000e+03 3.060000000000000000e+03
1.506303990000000000e+08 5.020000000000000000e+03 1.870000000000000000e+03 5.430000000000000000e+03 3.060000000000000000e+03
1.506306070000000000e+08 5.020000000000000000e+03 1.870000000000000000e+03 5.420000000000000000e+03 3.060000000000000000e+03
1.506308150000000000e+08 5.020000000000000000e+03 1.860000000000000000e+03 5.430000000000000000e+03 3.060000000000000000e+03
1.506310230000000000e+08 5.020000000000000000e+03 1.860000000000000000e+03 5.440000000000000000e+03 3.070000000000000000e+03
1.506312310000000000e+08 5.020000000000000000e+03 1.860000000000000000e+03 5.440000000000000000e+03 3.080000000000000000e+03
1.506314390000000000e+08 5.020000000000000000e+03 1.870000000000000000e+03 5.420000000000000000e+03 3.080000000000000000e+03
1.506316470000000000e+08 5.020000000000000000e+03 1.870000000000000000e+03 5.410000000000000000e+03 3.070000000000000000e+03
1.506318710000000000e+08 5.020000000000000000e+03 1.880000000000000000e+03 5.430000000000000000e+03 3.070000000000000000e+03
1.506320790000000000e+08 5.020000000000000000e+03 1.870000000000000000e+03 5.430000000000000000e+03 3.070000000000000000e+03
1.506322880000000000e+08 5.030000000000000000e+03 1.880000000000000000e+03 5.440000000000000000e+03 3.060000000000000000e+03
1.506324950000000000e+08 5.020000000000000000e+03 1.880000000000000000e+03 5.440000000000000000e+03 3.050000000000000000e+03
1.506327030000000000e+08 5.020000000000000000e+03 1.880000000000000000e+03 5.430000000000000000e+03 3.060000000000000000e+03
1.506329110000000000e+08 5.020000000000000000e+03 1.880000000000000000e+03 5.420000000000000000e+03 3.060000000000000000e+03
1.506331190000000000e+08 5.020000000000000000e+03 1.880000000000000000e+03 5.430000000000000000e+03 3.060000000000000000e+03
1.506333270000000000e+08 5.020000000000000000e+03 1.880000000000000000e+03 5.440000000000000000e+03 3.070000000000000000e+03
1.506335350000000000e+08 5.030000000000000000e+03 1.870000000000000000e+03 5.440000000000000000e+03 3.060000000000000000e+03
1.506337430000000000e+08 5.030000000000000000e+03 1.880000000000000000e+03 5.450000000000000000e+03 3.050000000000000000e+03
1.506339500000000000e+08 5.020000000000000000e+03 1.890000000000000000e+03 5.430000000000000000e+03 3.060000000000000000e+03
1.506341580000000000e+08 5.020000000000000000e+03 1.880000000000000000e+03 5.440000000000000000e+03 3.070000000000000000e+03
1.506343660000000000e+08 5.020000000000000000e+03 1.880000000000000000e+03 5.430000000000000000e+03 3.070000000000000000e+03
1.506345740000000000e+08 5.020000000000000000e+03 1.880000000000000000e+03 5.430000000000000000e+03 3.060000000000000000e+03
1.506347820000000000e+08 5.020000000000000000e+03 1.890000000000000000e+03 5.420000000000000000e+03 3.060000000000000000e+03
1.506349900000000000e+08 5.030000000000000000e+03 1.890000000000000000e+03 5.420000000000000000e+03 3.060000000000000000e+03
1.506352090000000000e+08 5.030000000000000000e+03 1.880000000000000000e+03 5.420000000000000000e+03 3.070000000000000000e+03
1.506354060000000000e+08 5.020000000000000000e+03 1.890000000000000000e+03 5.430000000000000000e+03 3.070000000000000000e+03
1.506356140000000000e+08 5.020000000000000000e+03 1.890000000000000000e+03 5.430000000000000000e+03 3.070000000000000000e+03
1.506358210000000000e+08 5.030000000000000000e+03 1.890000000000000000e+03 5.420000000000000000e+03 3.070000000000000000e+03
1.506364480000000000e+08 5.030000000000000000e+03 1.880000000000000000e+03 5.440000000000000000e+03 3.060000000000000000e+03
1.506366700000000000e+08 5.020000000000000000e+03 1.880000000000000000e+03 5.430000000000000000e+03 3.060000000000000000e+03
1.506368770000000000e+08 5.020000000000000000e+03 1.870000000000000000e+03 5.420000000000000000e+03 3.050000000000000000e+03
1.506370860000000000e+08 5.020000000000000000e+03 1.860000000000000000e+03 5.420000000000000000e+03 3.050000000000000000e+03
1.506372940000000000e+08 5.020000000000000000e+03 1.870000000000000000e+03 5.430000000000000000e+03 3.030000000000000000e+03
1.506375020000000000e+08 5.020000000000000000e+03 1.870000000000000000e+03 5.430000000000000000e+03 3.030000000000000000e+03
1.506377100000000000e+08 5.020000000000000000e+03 1.870000000000000000e+03 5.430000000000000000e+03 3.030000000000000000e+03
1.506379170000000000e+08 5.020000000000000000e+03 1.870000000000000000e+03 5.430000000000000000e+03 3.050000000000000000e+03
1.506381260000000000e+08 5.020000000000000000e+03 1.880000000000000000e+03 5.430000000000000000e+03 3.050000000000000000e+03
1.506383340000000000e+08 5.020000000000000000e+03 1.870000000000000000e+03 5.430000000000000000e+03 3.060000000000000000e+03
1.506385420000000000e+08 5.020000000000000000e+03 1.880000000000000000e+03 5.430000000000000000e+03 3.060000000000000000e+03
1.506387500000000000e+08 5.020000000000000000e+03 1.880000000000000000e+03 5.430000000000000000e+03 3.060000000000000000e+03
1.506389580000000000e+08 5.020000000000000000e+03 1.870000000000000000e+03 5.430000000000000000e+03 3.060000000000000000e+03
1.506391660000000000e+08 5.020000000000000000e+03 1.870000000000000000e+03 5.430000000000000000e+03 3.060000000000000000e+03
1.506393740000000000e+08 5.020000000000000000e+03 1.880000000000000000e+03 5.440000000000000000e+03 3.060000000000000000e+03
1.506395810000000000e+08 5.020000000000000000e+03 1.880000000000000000e+03 5.440000000000000000e+03 3.060000000000000000e+03
1.506397890000000000e+08 5.020000000000000000e+03 1.870000000000000000e+03 5.430000000000000000e+03 3.060000000000000000e+03
1.506399970000000000e+08 5.020000000000000000e+03 1.870000000000000000e+03 5.430000000000000000e+03 3.070000000000000000e+03
1.506402050000000000e+08 5.010000000000000000e+03 1.870000000000000000e+03 5.440000000000000000e+03 3.070000000000000000e+03
1.506404140000000000e+08 5.010000000000000000e+03 1.870000000000000000e+03 5.430000000000000000e+03 3.080000000000000000e+03
1.506406370000000000e+08 5.010000000000000000e+03 1.870000000000000000e+03 5.430000000000000000e+03 3.080000000000000000e+03
1.506408450000000000e+08 5.010000000000000000e+03 1.870000000000000000e+03 5.440000000000000000e+03 3.080000000000000000e+03
1.506410530000000000e+08 5.010000000000000000e+03 1.870000000000000000e+03 5.430000000000000000e+03 3.080000000000000000e+03
1.506412620000000000e+08 5.010000000000000000e+03 1.870000000000000000e+03 5.430000000000000000e+03 3.080000000000000000e+03
1.506414690000000000e+08 5.000000000000000000e+03 1.870000000000000000e+03 5.430000000000000000e+03 3.080000000000000000e+03
1.506416770000000000e+08 5.000000000000000000e+03 1.870000000000000000e+03 5.440000000000000000e+03 3.080000000000000000e+03
1.506418850000000000e+08 5.000000000000000000e+03 1.880000000000000000e+03 5.450000000000000000e+03 3.080000000000000000e+03
1.506420930000000000e+08 5.000000000000000000e+03 1.870000000000000000e+03 5.440000000000000000e+03 3.080000000000000000e+03
1.506423010000000000e+08 5.000000000000000000e+03 1.870000000000000000e+03 5.420000000000000000e+03 3.080000000000000000e+03
1.506425090000000000e+08 5.010000000000000000e+03 1.880000000000000000e+03 5.430000000000000000e+03 3.070000000000000000e+03
1.506427170000000000e+08 5.010000000000000000e+03 1.870000000000000000e+03 5.420000000000000000e+03 3.070000000000000000e+03
1.506429250000000000e+08 5.010000000000000000e+03 1.880000000000000000e+03 5.410000000000000000e+03 3.070000000000000000e+03
1.506431330000000000e+08 5.010000000000000000e+03 1.880000000000000000e+03 5.430000000000000000e+03 3.070000000000000000e+03
1.506433430000000000e+08 5.010000000000000000e+03 1.870000000000000000e+03 5.420000000000000000e+03 3.080000000000000000e+03
1.506435490000000000e+08 5.020000000000000000e+03 1.870000000000000000e+03 5.430000000000000000e+03 3.080000000000000000e+03
1.506437570000000000e+08 5.030000000000000000e+03 1.870000000000000000e+03 5.440000000000000000e+03 3.070000000000000000e+03
1.506439650000000000e+08 5.030000000000000000e+03 1.860000000000000000e+03 5.440000000000000000e+03 3.070000000000000000e+03
1.506441730000000000e+08 5.020000000000000000e+03 1.860000000000000000e+03 5.440000000000000000e+03 3.060000000000000000e+03
1.506443810000000000e+08 5.020000000000000000e+03 1.870000000000000000e+03 5.430000000000000000e+03 3.060000000000000000e+03
1.506445890000000000e+08 5.020000000000000000e+03 1.870000000000000000e+03 5.430000000000000000e+03 3.060000000000000000e+03
1.506447970000000000e+08 5.020000000000000000e+03 1.870000000000000000e+03 5.440000000000000000e+03 3.060000000000000000e+03
1.506450040000000000e+08 5.010000000000000000e+03 1.870000000000000000e+03 5.440000000000000000e+03 3.060000000000000000e+03
1.506452130000000000e+08 5.010000000000000000e+03 1.880000000000000000e+03 5.430000000000000000e+03 3.060000000000000000e+03
1.506454210000000000e+08 5.010000000000000000e+03 1.880000000000000000e+03 5.430000000000000000e+03 3.070000000000000000e+03
1.506456290000000000e+08 5.010000000000000000e+03 1.870000000000000000e+03 5.440000000000000000e+03 3.070000000000000000e+03
1.506458370000000000e+08 5.010000000000000000e+03 1.870000000000000000e+03 5.440000000000000000e+03 3.070000000000000000e+03
1.506460450000000000e+08 5.010000000000000000e+03 1.880000000000000000e+03 5.430000000000000000e+03 3.070000000000000000e+03
1.506462530000000000e+08 5.010000000000000000e+03 1.880000000000000000e+03 5.420000000000000000e+03 3.070000000000000000e+03
1.506464770000000000e+08 5.010000000000000000e+03 1.870000000000000000e+03 5.420000000000000000e+03 3.070000000000000000e+03
1.506466840000000000e+08 5.010000000000000000e+03 1.870000000000000000e+03 5.430000000000000000e+03 3.060000000000000000e+03
1.506468920000000000e+08 5.010000000000000000e+03 1.890000000000000000e+03 5.430000000000000000e+03 3.070000000000000000e+03
1.506471000000000000e+08 5.010000000000000000e+03 1.880000000000000000e+03 5.420000000000000000e+03 3.060000000000000000e+03
1.506473080000000000e+08 5.020000000000000000e+03 1.890000000000000000e+03 5.430000000000000000e+03 3.070000000000000000e+03
1.506475160000000000e+08 5.020000000000000000e+03 1.880000000000000000e+03 5.430000000000000000e+03 3.070000000000000000e+03
1.506477240000000000e+08 5.030000000000000000e+03 1.870000000000000000e+03 5.430000000000000000e+03 3.070000000000000000e+03
1.506479320000000000e+08 5.020000000000000000e+03 1.880000000000000000e+03 5.420000000000000000e+03 3.070000000000000000e+03
1.506481400000000000e+08 5.020000000000000000e+03 1.870000000000000000e+03 5.420000000000000000e+03 3.070000000000000000e+03
1.506483480000000000e+08 5.020000000000000000e+03 1.870000000000000000e+03 5.430000000000000000e+03 3.070000000000000000e+03
1.506485570000000000e+08 5.020000000000000000e+03 1.870000000000000000e+03 5.440000000000000000e+03 3.070000000000000000e+03
1.506487640000000000e+08 5.020000000000000000e+03 1.870000000000000000e+03 5.420000000000000000e+03 3.080000000000000000e+03
1.506489720000000000e+08 5.020000000000000000e+03 1.860000000000000000e+03 5.430000000000000000e+03 3.080000000000000000e+03
1.506491790000000000e+08 5.020000000000000000e+03 1.860000000000000000e+03 5.420000000000000000e+03 3.080000000000000000e+03
1.506493880000000000e+08 5.030000000000000000e+03 1.860000000000000000e+03 5.430000000000000000e+03 3.070000000000000000e+03
1.506495950000000000e+08 5.030000000000000000e+03 1.870000000000000000e+03 5.440000000000000000e+03 3.070000000000000000e+03
1.506498040000000000e+08 5.020000000000000000e+03 1.870000000000000000e+03 5.440000000000000000e+03 3.070000000000000000e+03
1.506500120000000000e+08 5.020000000000000000e+03 1.870000000000000000e+03 5.430000000000000000e+03 3.070000000000000000e+03
1.506502360000000000e+08 5.030000000000000000e+03 1.870000000000000000e+03 5.430000000000000000e+03 3.070000000000000000e+03
1.506504430000000000e+08 5.020000000000000000e+03 1.870000000000000000e+03 5.430000000000000000e+03 3.060000000000000000e+03
1.506506520000000000e+08 5.020000000000000000e+03 1.870000000000000000e+03 5.430000000000000000e+03 3.060000000000000000e+03
1.506508600000000000e+08 5.020000000000000000e+03 1.870000000000000000e+03 5.440000000000000000e+03 3.060000000000000000e+03
1.506510680000000000e+08 5.020000000000000000e+03 1.870000000000000000e+03 5.440000000000000000e+03 3.060000000000000000e+03
1.506512760000000000e+08 5.010000000000000000e+03 1.870000000000000000e+03 5.440000000000000000e+03 3.060000000000000000e+03
1.506514840000000000e+08 5.020000000000000000e+03 1.880000000000000000e+03 5.430000000000000000e+03 3.060000000000000000e+03
1.506516910000000000e+08 5.020000000000000000e+03 1.870000000000000000e+03 5.420000000000000000e+03 3.060000000000000000e+03
1.506518990000000000e+08 5.020000000000000000e+03 1.870000000000000000e+03 5.430000000000000000e+03 3.060000000000000000e+03
1.506521070000000000e+08 5.020000000000000000e+03 1.870000000000000000e+03 5.420000000000000000e+03 3.070000000000000000e+03
1.506523150000000000e+08 5.020000000000000000e+03 1.880000000000000000e+03 5.420000000000000000e+03 3.070000000000000000e+03
1.506525230000000000e+08 5.020000000000000000e+03 1.880000000000000000e+03 5.430000000000000000e+03 3.070000000000000000e+03
1.506527310000000000e+08 5.030000000000000000e+03 1.890000000000000000e+03 5.420000000000000000e+03 3.070000000000000000e+03
1.506529390000000000e+08 5.020000000000000000e+03 1.880000000000000000e+03 5.440000000000000000e+03 3.070000000000000000e+03
1.506531470000000000e+08 5.020000000000000000e+03 1.880000000000000000e+03 5.440000000000000000e+03 3.070000000000000000e+03
1.506533550000000000e+08 5.020000000000000000e+03 1.880000000000000000e+03 5.450000000000000000e+03 3.070000000000000000e+03
1.506535630000000000e+08 5.030000000000000000e+03 1.880000000000000000e+03 5.430000000000000000e+03 3.070000000000000000e+03
1.506537710000000000e+08 5.030000000000000000e+03 1.870000000000000000e+03 5.430000000000000000e+03 3.070000000000000000e+03
1.506539790000000000e+08 5.030000000000000000e+03 1.860000000000000000e+03 5.430000000000000000e+03 3.070000000000000000e+03
1.506542020000000000e+08 5.030000000000000000e+03 1.870000000000000000e+03 5.430000000000000000e+03 3.070000000000000000e+03
1.506544110000000000e+08 5.030000000000000000e+03 1.870000000000000000e+03 5.430000000000000000e+03 3.070000000000000000e+03
1.506546180000000000e+08 5.020000000000000000e+03 1.870000000000000000e+03 5.430000000000000000e+03 3.070000000000000000e+03
1.506548270000000000e+08 5.020000000000000000e+03 1.870000000000000000e+03 5.430000000000000000e+03 3.070000000000000000e+03
1.506550350000000000e+08 5.020000000000000000e+03 1.870000000000000000e+03 5.430000000000000000e+03 3.070000000000000000e+03
1.506552430000000000e+08 5.020000000000000000e+03 1.870000000000000000e+03 5.420000000000000000e+03 3.060000000000000000e+03
1.506554510000000000e+08 5.020000000000000000e+03 1.860000000000000000e+03 5.430000000000000000e+03 3.060000000000000000e+03
1.506556580000000000e+08 5.030000000000000000e+03 1.860000000000000000e+03 5.440000000000000000e+03 3.070000000000000000e+03
1.506558670000000000e+08 5.030000000000000000e+03 1.860000000000000000e+03 5.440000000000000000e+03 3.070000000000000000e+03
1.506560750000000000e+08 5.040000000000000000e+03 1.860000000000000000e+03 5.440000000000000000e+03 3.070000000000000000e+03
1.506562830000000000e+08 5.040000000000000000e+03 1.860000000000000000e+03 5.440000000000000000e+03 3.070000000000000000e+03
1.506564910000000000e+08 5.030000000000000000e+03 1.860000000000000000e+03 5.450000000000000000e+03 3.070000000000000000e+03
1.506567010000000000e+08 5.030000000000000000e+03 1.860000000000000000e+03 5.450000000000000000e+03 3.080000000000000000e+03
1.506569070000000000e+08 5.020000000000000000e+03 1.860000000000000000e+03 5.450000000000000000e+03 3.080000000000000000e+03
1.506571150000000000e+08 5.020000000000000000e+03 1.870000000000000000e+03 5.450000000000000000e+03 3.080000000000000000e+03
1.506573230000000000e+08 5.020000000000000000e+03 1.870000000000000000e+03 5.450000000000000000e+03 3.070000000000000000e+03
1.506575300000000000e+08 5.030000000000000000e+03 1.870000000000000000e+03 5.460000000000000000e+03 3.070000000000000000e+03
1.506577390000000000e+08 5.030000000000000000e+03 1.870000000000000000e+03 5.460000000000000000e+03 3.070000000000000000e+03
1.506579460000000000e+08 5.030000000000000000e+03 1.870000000000000000e+03 5.440000000000000000e+03 3.070000000000000000e+03
1.506581540000000000e+08 5.040000000000000000e+03 1.870000000000000000e+03 5.440000000000000000e+03 3.070000000000000000e+03
1.506583780000000000e+08 5.040000000000000000e+03 1.880000000000000000e+03 5.440000000000000000e+03 3.070000000000000000e+03
1.506585860000000000e+08 5.030000000000000000e+03 1.880000000000000000e+03 5.420000000000000000e+03 3.080000000000000000e+03
1.506587940000000000e+08 5.020000000000000000e+03 1.880000000000000000e+03 5.410000000000000000e+03 3.080000000000000000e+03
1.506590020000000000e+08 5.030000000000000000e+03 1.870000000000000000e+03 5.410000000000000000e+03 3.080000000000000000e+03
1.506592100000000000e+08 5.020000000000000000e+03 1.880000000000000000e+03 5.420000000000000000e+03 3.080000000000000000e+03
1.506594180000000000e+08 5.020000000000000000e+03 1.870000000000000000e+03 5.420000000000000000e+03 3.080000000000000000e+03
1.506596260000000000e+08 5.020000000000000000e+03 1.870000000000000000e+03 5.410000000000000000e+03 3.080000000000000000e+03
1.506598340000000000e+08 5.020000000000000000e+03 1.870000000000000000e+03 5.410000000000000000e+03 3.080000000000000000e+03
1.507000460000000000e+08 5.020000000000000000e+03 1.870000000000000000e+03 5.410000000000000000e+03 3.080000000000000000e+03
1.507002500000000000e+08 5.020000000000000000e+03 1.870000000000000000e+03 5.420000000000000000e+03 3.080000000000000000e+03
1.507004580000000000e+08 5.020000000000000000e+03 1.870000000000000000e+03 5.430000000000000000e+03 3.080000000000000000e+03
1.507006660000000000e+08 5.030000000000000000e+03 1.860000000000000000e+03 5.420000000000000000e+03 3.080000000000000000e+03
1.507008730000000000e+08 5.020000000000000000e+03 1.880000000000000000e+03 5.430000000000000000e+03 3.080000000000000000e+03
1.507010820000000000e+08 5.020000000000000000e+03 1.870000000000000000e+03 5.440000000000000000e+03 3.080000000000000000e+03
1.507012900000000000e+08 5.020000000000000000e+03 1.870000000000000000e+03 5.440000000000000000e+03 3.080000000000000000e+03
1.507015130000000000e+08 5.020000000000000000e+03 1.860000000000000000e+03 5.440000000000000000e+03 3.080000000000000000e+03
1.507017220000000000e+08 5.030000000000000000e+03 1.860000000000000000e+03 5.440000000000000000e+03 3.070000000000000000e+03
1.507019300000000000e+08 5.040000000000000000e+03 1.860000000000000000e+03 5.450000000000000000e+03 3.050000000000000000e+03
1.507021380000000000e+08 5.040000000000000000e+03 1.870000000000000000e+03 5.450000000000000000e+03 3.060000000000000000e+03
1.507023460000000000e+08 5.030000000000000000e+03 1.870000000000000000e+03 5.450000000000000000e+03 3.060000000000000000e+03
1.507025540000000000e+08 5.030000000000000000e+03 1.870000000000000000e+03 5.440000000000000000e+03 3.060000000000000000e+03
1.507027620000000000e+08 5.040000000000000000e+03 1.880000000000000000e+03 5.430000000000000000e+03 3.060000000000000000e+03
1.507029690000000000e+08 5.030000000000000000e+03 1.880000000000000000e+03 5.430000000000000000e+03 3.060000000000000000e+03
1.507031780000000000e+08 5.030000000000000000e+03 1.870000000000000000e+03 5.430000000000000000e+03 3.060000000000000000e+03
1.507033860000000000e+08 5.020000000000000000e+03 1.870000000000000000e+03 5.450000000000000000e+03 3.060000000000000000e+03
1.507035930000000000e+08 5.020000000000000000e+03 1.870000000000000000e+03 5.440000000000000000e+03 3.060000000000000000e+03
1.507038010000000000e+08 5.020000000000000000e+03 1.880000000000000000e+03 5.440000000000000000e+03 3.060000000000000000e+03
1.507040090000000000e+08 5.020000000000000000e+03 1.870000000000000000e+03 5.440000000000000000e+03 3.060000000000000000e+03
1.507042170000000000e+08 5.020000000000000000e+03 1.870000000000000000e+03 5.440000000000000000e+03 3.060000000000000000e+03
1.507044250000000000e+08 5.030000000000000000e+03 1.880000000000000000e+03 5.440000000000000000e+03 3.060000000000000000e+03
1.507046330000000000e+08 5.020000000000000000e+03 1.870000000000000000e+03 5.440000000000000000e+03 3.060000000000000000e+03
1.507048410000000000e+08 5.020000000000000000e+03 1.860000000000000000e+03 5.440000000000000000e+03 3.050000000000000000e+03
1.507050480000000000e+08 5.020000000000000000e+03 1.860000000000000000e+03 5.440000000000000000e+03 3.050000000000000000e+03
1.507052730000000000e+08 5.030000000000000000e+03 1.870000000000000000e+03 5.450000000000000000e+03 3.060000000000000000e+03
1.507054810000000000e+08 5.030000000000000000e+03 1.860000000000000000e+03 5.440000000000000000e+03 3.060000000000000000e+03
1.507056890000000000e+08 5.020000000000000000e+03 1.860000000000000000e+03 5.420000000000000000e+03 3.060000000000000000e+03
1.507058970000000000e+08 5.030000000000000000e+03 1.870000000000000000e+03 5.420000000000000000e+03 3.070000000000000000e+03
1.507061050000000000e+08 5.030000000000000000e+03 1.870000000000000000e+03 5.430000000000000000e+03 3.060000000000000000e+03
