1.508259150000000000e+08 5.260000000000000000e+03 2.400000000000000000e+03 5.120000000000000000e+03 2.530000000000000000e+03
1.508261230000000000e+08 5.260000000000000000e+03 2.420000000000000000e+03 5.120000000000000000e+03 2.520000000000000000e+03
1.508263320000000000e+08 5.260000000000000000e+03 2.430000000000000000e+03 5.130000000000000000e+03 2.520000000000000000e+03
1.508265390000000000e+08 5.260000000000000000e+03 2.430000000000000000e+03 5.140000000000000000e+03 2.520000000000000000e+03
1.508267470000000000e+08 5.260000000000000000e+03 2.420000000000000000e+03 5.130000000000000000e+03 2.520000000000000000e+03
1.508269550000000000e+08 5.250000000000000000e+03 2.430000000000000000e+03 5.140000000000000000e+03 2.520000000000000000e+03
1.508271630000000000e+08 5.260000000000000000e+03 2.430000000000000000e+03 5.130000000000000000e+03 2.520000000000000000e+03
1.508273700000000000e+08 5.260000000000000000e+03 2.420000000000000000e+03 5.120000000000000000e+03 2.520000000000000000e+03
1.508275790000000000e+08 5.260000000000000000e+03 2.440000000000000000e+03 5.130000000000000000e+03 2.520000000000000000e+03
1.508277870000000000e+08 5.260000000000000000e+03 2.420000000000000000e+03 5.130000000000000000e+03 2.520000000000000000e+03
1.508279950000000000e+08 5.260000000000000000e+03 2.430000000000000000e+03 5.140000000000000000e+03 2.520000000000000000e+03
1.508282030000000000e+08 5.250000000000000000e+03 2.400000000000000000e+03 5.130000000000000000e+03 2.510000000000000000e+03
1.508284110000000000e+08 5.250000000000000000e+03 2.400000000000000000e+03 5.140000000000000000e+03 2.510000000000000000e+03
1.508286190000000000e+08 5.260000000000000000e+03 2.390000000000000000e+03 5.140000000000000000e+03 2.510000000000000000e+03
1.508288260000000000e+08 5.250000000000000000e+03 2.390000000000000000e+03 5.140000000000000000e+03 2.510000000000000000e+03
1.508290350000000000e+08 5.240000000000000000e+03 2.420000000000000000e+03 5.140000000000000000e+03 2.510000000000000000e+03
1.508292590000000000e+08 5.250000000000000000e+03 2.420000000000000000e+03 5.140000000000000000e+03 2.510000000000000000e+03
1.508294670000000000e+08 5.250000000000000000e+03 2.440000000000000000e+03 5.140000000000000000e+03 2.510000000000000000e+03
1.508296750000000000e+08 5.250000000000000000e+03 2.420000000000000000e+03 5.140000000000000000e+03 2.520000000000000000e+03
1.508298820000000000e+08 5.250000000000000000e+03 2.420000000000000000e+03 5.140000000000000000e+03 2.520000000000000000e+03
1.508300900000000000e+08 5.250000000000000000e+03 2.440000000000000000e+03 5.150000000000000000e+03 2.520000000000000000e+03
1.508302980000000000e+08 5.250000000000000000e+03 2.430000000000000000e+03 5.150000000000000000e+03 2.520000000000000000e+03
1.508305060000000000e+08 5.260000000000000000e+03 2.420000000000000000e+03 5.150000000000000000e+03 2.520000000000000000e+03
1.508307140000000000e+08 5.250000000000000000e+03 2.420000000000000000e+03 5.130000000000000000e+03 2.520000000000000000e+03
1.508309220000000000e+08 5.250000000000000000e+03 2.430000000000000000e+03 5.130000000000000000e+03 2.520000000000000000e+03
1.508311300000000000e+08 5.260000000000000000e+03 2.420000000000000000e+03 5.130000000000000000e+03 2.520000000000000000e+03
1.508313380000000000e+08 5.260000000000000000e+03 2.400000000000000000e+03 5.140000000000000000e+03 2.520000000000000000e+03
1.508315460000000000e+08 5.260000000000000000e+03 2.400000000000000000e+03 5.140000000000000000e+03 2.520000000000000000e+03
1.508317540000000000e+08 5.250000000000000000e+03 2.400000000000000000e+03 5.140000000000000000e+03 2.520000000000000000e+03
1.508319620000000000e+08 5.260000000000000000e+03 2.420000000000000000e+03 5.140000000000000000e+03 2.520000000000000000e+03
1.508321700000000000e+08 5.250000000000000000e+03 2.420000000000000000e+03 5.130000000000000000e+03 2.520000000000000000e+03
1.508323780000000000e+08 5.250000000000000000e+03 2.390000000000000000e+03 5.130000000000000000e+03 2.520000000000000000e+03
1.508325860000000000e+08 5.250000000000000000e+03 2.420000000000000000e+03 5.130000000000000000e+03 2.520000000000000000e+03
1.508327940000000000e+08 5.250000000000000000e+03 2.430000000000000000e+03 5.130000000000000000e+03 2.520000000000000000e+03
1.508330180000000000e+08 5.250000000000000000e+03 2.430000000000000000e+03 5.120000000000000000e+03 2.520000000000000000e+03
1.508332280000000000e+08 5.260000000000000000e+03 2.420000000000000000e+03 5.130000000000000000e+03 2.520000000000000000e+03
1.508334340000000000e+08 5.260000000000000000e+03 2.420000000000000000e+03 5.130000000000000000e+03 2.530000000000000000e+03
1.508336410000000000e+08 5.270000000000000000e+03 2.430000000000000000e+03 5.120000000000000000e+03 2.530000000000000000e+03
1.508338500000000000e+08 5.260000000000000000e+03 2.420000000000000000e+03 5.120000000000000000e+03 2.530000000000000000e+03
1.508340580000000000e+08 5.260000000000000000e+03 2.400000000000000000e+03 5.130000000000000000e+03 2.530000000000000000e+03
1.508342650000000000e+08 5.260000000000000000e+03 2.390000000000000000e+03 5.130000000000000000e+03 2.530000000000000000e+03
1.508344730000000000e+08 5.250000000000000000e+03 2.390000000000000000e+03 5.130000000000000000e+03 2.520000000000000000e+03
1.508346820000000000e+08 5.260000000000000000e+03 2.390000000000000000e+03 5.130000000000000000e+03 2.520000000000000000e+03
1.508348900000000000e+08 5.260000000000000000e+03 2.390000000000000000e+03 5.130000000000000000e+03 2.510000000000000000e+03
1.508350970000000000e+08 5.260000000000000000e+03 2.390000000000000000e+03 5.140000000000000000e+03 2.510000000000000000e+03
1.508353050000000000e+08 5.260000000000000000e+03 2.400000000000000000e+03 5.130000000000000000e+03 2.510000000000000000e+03
1.508355130000000000e+08 5.270000000000000000e+03 2.420000000000000000e+03 5.130000000000000000e+03 2.510000000000000000e+03
1.508357210000000000e+08 5.270000000000000000e+03 2.420000000000000000e+03 5.130000000000000000e+03 2.500000000000000000e+03
1.508359290000000000e+08 5.260000000000000000e+03 2.400000000000000000e+03 5.130000000000000000e+03 2.500000000000000000e+03
1.508361370000000000e+08 5.260000000000000000e+03 2.400000000000000000e+03 5.120000000000000000e+03 2.510000000000000000e+03
1.508363610000000000e+08 5.260000000000000000e+03 2.390000000000000000e+03 5.110000000000000000e+03 2.510000000000000000e+03
1.508365690000000000e+08 5.260000000000000000e+03 2.390000000000000000e+03 5.110000000000000000e+03 2.520000000000000000e+03
1.508367770000000000e+08 5.260000000000000000e+03 2.390000000000000000e+03 5.110000000000000000e+03 2.520000000000000000e+03
1.508369850000000000e+08 5.260000000000000000e+03 2.390000000000000000e+03 5.120000000000000000e+03 2.510000000000000000e+03
1.508371930000000000e+08 5.260000000000000000e+03 2.420000000000000000e+03 5.130000000000000000e+03 2.510000000000000000e+03
1.508374010000000000e+08 5.260000000000000000e+03 2.400000000000000000e+03 5.130000000000000000e+03 2.510000000000000000e+03
1.508376090000000000e+08 5.260000000000000000e+03 2.430000000000000000e+03 5.140000000000000000e+03 2.510000000000000000e+03
1.508378170000000000e+08 5.260000000000000000e+03 2.420000000000000000e+03 5.140000000000000000e+03 2.520000000000000000e+03
1.508380250000000000e+08 5.260000000000000000e+03 2.420000000000000000e+03 5.140000000000000000e+03 2.520000000000000000e+03
1.508382330000000000e+08 5.260000000000000000e+03 2.430000000000000000e+03 5.140000000000000000e+03 2.520000000000000000e+03
1.508384410000000000e+08 5.260000000000000000e+03 2.430000000000000000e+03 5.140000000000000000e+03 2.520000000000000000e+03
1.508386490000000000e+08 5.270000000000000000e+03 2.430000000000000000e+03 5.130000000000000000e+03 2.510000000000000000e+03
1.508388580000000000e+08 5.270000000000000000e+03 2.430000000000000000e+03 5.120000000000000000e+03 2.510000000000000000e+03
1.508390650000000000e+08 5.270000000000000000e+03 2.420000000000000000e+03 5.120000000000000000e+03 2.510000000000000000e+03
1.508392730000000000e+08 5.270000000000000000e+03 2.420000000000000000e+03 5.130000000000000000e+03 2.520000000000000000e+03
1.508394810000000000e+08 5.270000000000000000e+03 2.430000000000000000e+03 5.120000000000000000e+03 2.520000000000000000e+03
1.508397050000000000e+08 5.260000000000000000e+03 2.440000000000000000e+03 5.120000000000000000e+03 2.520000000000000000e+03
1.508399130000000000e+08 5.250000000000000000e+03 2.440000000000000000e+03 5.120000000000000000e+03 2.520000000000000000e+03
1.508401210000000000e+08 5.250000000000000000e+03 2.450000000000000000e+03 5.130000000000000000e+03 2.510000000000000000e+03
1.508403290000000000e+08 5.260000000000000000e+03 2.450000000000000000e+03 5.130000000000000000e+03 2.510000000000000000e+03
1.508405370000000000e+08 5.260000000000000000e+03 2.440000000000000000e+03 5.130000000000000000e+03 2.520000000000000000e+03
1.508407450000000000e+08 5.260000000000000000e+03 2.400000000000000000e+03 5.120000000000000000e+03 2.520000000000000000e+03
1.508409530000000000e+08 5.260000000000000000e+03 2.400000000000000000e+03 5.130000000000000000e+03 2.520000000000000000e+03
1.508411600000000000e+08 5.260000000000000000e+03 2.420000000000000000e+03 5.120000000000000000e+03 2.520000000000000000e+03
1.508413680000000000e+08 5.260000000000000000e+03 2.430000000000000000e+03 5.130000000000000000e+03 2.530000000000000000e+03
1.508415760000000000e+08 5.260000000000000000e+03 2.430000000000000000e+03 5.130000000000000000e+03 2.530000000000000000e+03
1.508417840000000000e+08 5.260000000000000000e+03 2.420000000000000000e+03 5.140000000000000000e+03 2.520000000000000000e+03
1.508419920000000000e+08 5.260000000000000000e+03 2.430000000000000000e+03 5.130000000000000000e+03 2.520000000000000000e+03
1.508422000000000000e+08 5.260000000000000000e+03 2.430000000000000000e+03 5.140000000000000000e+03 2.530000000000000000e+03
1.508424080000000000e+08 5.260000000000000000e+03 2.430000000000000000e+03 5.140000000000000000e+03 2.530000000000000000e+03
1.508426160000000000e+08 5.260000000000000000e+03 2.420000000000000000e+03 5.130000000000000000e+03 2.530000000000000000e+03
1.508428230000000000e+08 5.260000000000000000e+03 2.430000000000000000e+03 5.130000000000000000e+03 2.530000000000000000e+03
1.508430480000000000e+08 5.260000000000000000e+03 2.400000000000000000e+03 5.140000000000000000e+03 2.520000000000000000e+03
1.508432560000000000e+08 5.260000000000000000e+03 2.420000000000000000e+03 5.140000000000000000e+03 2.520000000000000000e+03
1.508434640000000000e+08 5.260000000000000000e+03 2.400000000000000000e+03 5.130000000000000000e+03 2.520000000000000000e+03
1.508436720000000000e+08 5.260000000000000000e+03 2.400000000000000000e+03 5.140000000000000000e+03 2.510000000000000000e+03
1.508438800000000000e+08 5.260000000000000000e+03 2.400000000000000000e+03 5.130000000000000000e+03 2.510000000000000000e+03
1.508442960000000000e+08 5.260000000000000000e+03 2.420000000000000000e+03 5.140000000000000000e+03 2.520000000000000000e+03
1.508445040000000000e+08 5.260000000000000000e+03 2.430000000000000000e+03 5.130000000000000000e+03 2.520000000000000000e+03
1.508447120000000000e+08 5.270000000000000000e+03 2.440000000000000000e+03 5.130000000000000000e+03 2.520000000000000000e+03
1.508449200000000000e+08 5.270000000000000000e+03 2.440000000000000000e+03 5.130000000000000000e+03 2.520000000000000000e+03
1.508451270000000000e+08 5.270000000000000000e+03 2.440000000000000000e+03 5.120000000000000000e+03 2.520000000000000000e+03
1.508453360000000000e+08 5.270000000000000000e+03 2.420000000000000000e+03 5.110000000000000000e+03 2.510000000000000000e+03
1.508455440000000000e+08 5.270000000000000000e+03 2.420000000000000000e+03 5.120000000000000000e+03 2.520000000000000000e+03
1.508457510000000000e+08 5.270000000000000000e+03 2.420000000000000000e+03 5.120000000000000000e+03 2.520000000000000000e+03
1.508459590000000000e+08 5.270000000000000000e+03 2.420000000000000000e+03 5.130000000000000000e+03 2.520000000000000000e+03
1.508461680000000000e+08 5.270000000000000000e+03 2.420000000000000000e+03 5.120000000000000000e+03 2.520000000000000000e+03
1.508463920000000000e+08 5.270000000000000000e+03 2.420000000000000000e+03 5.110000000000000000e+03 2.510000000000000000e+03
1.508465990000000000e+08 5.270000000000000000e+03 2.420000000000000000e+03 5.110000000000000000e+03 2.520000000000000000e+03
1.508468070000000000e+08 5.260000000000000000e+03 2.430000000000000000e+03 5.130000000000000000e+03 2.520000000000000000e+03
1.508470150000000000e+08 5.260000000000000000e+03 2.420000000000000000e+03 5.120000000000000000e+03 2.520000000000000000e+03
1.508472230000000000e+08 5.260000000000000000e+03 2.420000000000000000e+03 5.110000000000000000e+03 2.530000000000000000e+03
1.508474310000000000e+08 5.270000000000000000e+03 2.400000000000000000e+03 5.120000000000000000e+03 2.520000000000000000e+03
1.508476390000000000e+08 5.270000000000000000e+03 2.420000000000000000e+03 5.120000000000000000e+03 2.520000000000000000e+03
1.508478470000000000e+08 5.270000000000000000e+03 2.420000000000000000e+03 5.130000000000000000e+03 2.510000000000000000e+03
1.508480550000000000e+08 5.270000000000000000e+03 2.430000000000000000e+03 5.120000000000000000e+03 2.520000000000000000e+03
1.508482640000000000e+08 5.270000000000000000e+03 2.420000000000000000e+03 5.130000000000000000e+03 2.520000000000000000e+03
1.508484710000000000e+08 5.270000000000000000e+03 2.420000000000000000e+03 5.140000000000000000e+03 2.520000000000000000e+03
1.508486790000000000e+08 5.270000000000000000e+03 2.420000000000000000e+03 5.130000000000000000e+03 2.520000000000000000e+03
1.508488870000000000e+08 5.270000000000000000e+03 2.400000000000000000e+03 5.120000000000000000e+03 2.520000000000000000e+03
1.508490950000000000e+08 5.270000000000000000e+03 2.390000000000000000e+03 5.130000000000000000e+03 2.510000000000000000e+03
1.508493030000000000e+08 5.270000000000000000e+03 2.420000000000000000e+03 5.130000000000000000e+03 2.510000000000000000e+03
1.508495110000000000e+08 5.270000000000000000e+03 2.430000000000000000e+03 5.120000000000000000e+03 2.510000000000000000e+03
1.508497350000000000e+08 5.270000000000000000e+03 2.440000000000000000e+03 5.120000000000000000e+03 2.510000000000000000e+03
1.508499430000000000e+08 5.260000000000000000e+03 2.420000000000000000e+03 5.130000000000000000e+03 2.510000000000000000e+03
1.508501510000000000e+08 5.270000000000000000e+03 2.420000000000000000e+03 5.130000000000000000e+03 2.520000000000000000e+03
1.508503590000000000e+08 5.250000000000000000e+03 2.420000000000000000e+03 5.120000000000000000e+03 2.520000000000000000e+03
1.508505670000000000e+08 5.260000000000000000e+03 2.430000000000000000e+03 5.120000000000000000e+03 2.520000000000000000e+03
1.508507750000000000e+08 5.260000000000000000e+03 2.400000000000000000e+03 5.130000000000000000e+03 2.520000000000000000e+03
1.508509830000000000e+08 5.250000000000000000e+03 2.400000000000000000e+03 5.120000000000000000e+03 2.520000000000000000e+03
1.508511910000000000e+08 5.250000000000000000e+03 2.400000000000000000e+03 5.120000000000000000e+03 2.520000000000000000e+03
1.508513990000000000e+08 5.250000000000000000e+03 2.420000000000000000e+03 5.120000000000000000e+03 2.520000000000000000e+03
1.508516070000000000e+08 5.250000000000000000e+03 2.400000000000000000e+03 5.120000000000000000e+03 2.520000000000000000e+03
1.508518150000000000e+08 5.260000000000000000e+03 2.420000000000000000e+03 5.120000000000000000e+03 2.520000000000000000e+03
1.508520230000000000e+08 5.260000000000000000e+03 2.400000000000000000e+03 5.130000000000000000e+03 2.510000000000000000e+03
1.508522300000000000e+08 5.260000000000000000e+03 2.430000000000000000e+03 5.130000000000000000e+03 2.510000000000000000e+03
1.508524380000000000e+08 5.270000000000000000e+03 2.440000000000000000e+03 5.130000000000000000e+03 2.510000000000000000e+03
1.508526460000000000e+08 5.270000000000000000e+03 2.440000000000000000e+03 5.120000000000000000e+03 2.510000000000000000e+03
1.508528700000000000e+08 5.270000000000000000e+03 2.450000000000000000e+03 5.120000000000000000e+03 2.510000000000000000e+03
1.508530780000000000e+08 5.270000000000000000e+03 2.440000000000000000e+03 5.120000000000000000e+03 2.520000000000000000e+03
1.508532870000000000e+08 5.270000000000000000e+03 2.440000000000000000e+03 5.120000000000000000e+03 2.520000000000000000e+03
1.508534940000000000e+08 5.270000000000000000e+03 2.440000000000000000e+03 5.130000000000000000e+03 2.520000000000000000e+03
1.508537020000000000e+08 5.270000000000000000e+03 2.420000000000000000e+03 5.130000000000000000e+03 2.520000000000000000e+03
1.508539100000000000e+08 5.260000000000000000e+03 2.430000000000000000e+03 5.140000000000000000e+03 2.510000000000000000e+03
1.508541180000000000e+08 5.260000000000000000e+03 2.440000000000000000e+03 5.130000000000000000e+03 2.510000000000000000e+03
1.508543260000000000e+08 5.260000000000000000e+03 2.440000000000000000e+03 5.140000000000000000e+03 2.510000000000000000e+03
1.508545340000000000e+08 5.260000000000000000e+03 2.450000000000000000e+03 5.140000000000000000e+03 2.520000000000000000e+03
1.508547420000000000e+08 5.260000000000000000e+03 2.450000000000000000e+03 5.130000000000000000e+03 2.520000000000000000e+03
1.508549500000000000e+08 5.260000000000000000e+03 2.440000000000000000e+03 5.130000000000000000e+03 2.530000000000000000e+03
1.508551580000000000e+08 5.270000000000000000e+03 2.430000000000000000e+03 5.140000000000000000e+03 2.520000000000000000e+03
1.508553660000000000e+08 5.270000000000000000e+03 2.420000000000000000e+03 5.130000000000000000e+03 2.520000000000000000e+03
1.508555740000000000e+08 5.270000000000000000e+03 2.420000000000000000e+03 5.130000000000000000e+03 2.520000000000000000e+03
1.508557820000000000e+08 5.270000000000000000e+03 2.400000000000000000e+03 5.130000000000000000e+03 2.520000000000000000e+03
1.508559900000000000e+08 5.270000000000000000e+03 2.390000000000000000e+03 5.120000000000000000e+03 2.520000000000000000e+03
1.508561980000000000e+08 5.270000000000000000e+03 2.420000000000000000e+03 5.120000000000000000e+03 2.520000000000000000e+03
1.508564220000000000e+08 5.270000000000000000e+03 2.420000000000000000e+03 5.120000000000000000e+03 2.520000000000000000e+03
1.508566300000000000e+08 5.270000000000000000e+03 2.400000000000000000e+03 5.120000000000000000e+03 2.520000000000000000e+03
1.508568380000000000e+08 5.270000000000000000e+03 2.400000000000000000e+03 5.120000000000000000e+03 2.510000000000000000e+03
1.508570460000000000e+08 5.260000000000000000e+03 2.430000000000000000e+03 5.130000000000000000e+03 2.510000000000000000e+03
1.508572540000000000e+08 5.260000000000000000e+03 2.400000000000000000e+03 5.120000000000000000e+03 2.520000000000000000e+03
1.508574630000000000e+08 5.260000000000000000e+03 2.420000000000000000e+03 5.130000000000000000e+03 2.520000000000000000e+03
1.508576700000000000e+08 5.250000000000000000e+03 2.440000000000000000e+03 5.130000000000000000e+03 2.520000000000000000e+03
1.508578770000000000e+08 5.250000000000000000e+03 2.440000000000000000e+03 5.130000000000000000e+03 2.520000000000000000e+03
1.508580860000000000e+08 5.250000000000000000e+03 2.440000000000000000e+03 5.130000000000000000e+03 2.520000000000000000e+03
1.508582940000000000e+08 5.260000000000000000e+03 2.440000000000000000e+03 5.140000000000000000e+03 2.520000000000000000e+03
1.508585020000000000e+08 5.260000000000000000e+03 2.460000000000000000e+03 5.140000000000000000e+03 2.520000000000000000e+03
1.508587090000000000e+08 5.260000000000000000e+03 2.460000000000000000e+03 5.140000000000000000e+03 2.520000000000000000e+03
1.508591250000000000e+08 5.260000000000000000e+03 2.430000000000000000e+03 5.120000000000000000e+03 2.520000000000000000e+03
1.508593330000000000e+08 5.260000000000000000e+03 2.440000000000000000e+03 5.120000000000000000e+03 2.520000000000000000e+03
1.508595410000000000e+08 5.250000000000000000e+03 2.440000000000000000e+03 5.120000000000000000e+03 2.520000000000000000e+03
1.508597490000000000e+08 5.250000000000000000e+03 2.450000000000000000e+03 5.130000000000000000e+03 2.520000000000000000e+03
1.508599570000000000e+08 5.250000000000000000e+03 2.450000000000000000e+03 5.120000000000000000e+03 2.520000000000000000e+03
1.509001810000000000e+08 5.250000000000000000e+03 2.440000000000000000e+03 5.130000000000000000e+03 2.510000000000000000e+03
1.509003890000000000e+08 5.250000000000000000e+03 2.440000000000000000e+03 5.120000000000000000e+03 2.510000000000000000e+03
1.509005970000000000e+08 5.250000000000000000e+03 2.450000000000000000e+03 5.130000000000000000e+03 2.510000000000000000e+03
1.509008040000000000e+08 5.260000000000000000e+03 2.430000000000000000e+03 5.130000000000000000e+03 2.520000000000000000e+03
1.509010120000000000e+08 5.270000000000000000e+03 2.400000000000000000e+03 5.130000000000000000e+03 2.520000000000000000e+03
1.509012200000000000e+08 5.270000000000000000e+03 2.400000000000000000e+03 5.130000000000000000e+03 2.520000000000000000e+03
1.509014290000000000e+08 5.270000000000000000e+03 2.420000000000000000e+03 5.120000000000000000e+03 2.520000000000000000e+03
1.509016360000000000e+08 5.270000000000000000e+03 2.400000000000000000e+03 5.120000000000000000e+03 2.510000000000000000e+03
1.509018450000000000e+08 5.260000000000000000e+03 2.420000000000000000e+03 5.130000000000000000e+03 2.510000000000000000e+03
1.509020530000000000e+08 5.260000000000000000e+03 2.420000000000000000e+03 5.140000000000000000e+03 2.510000000000000000e+03
1.509022610000000000e+08 5.270000000000000000e+03 2.440000000000000000e+03 5.140000000000000000e+03 2.510000000000000000e+03
1.509024690000000000e+08 5.270000000000000000e+03 2.440000000000000000e+03 5.140000000000000000e+03 2.510000000000000000e+03
1.509026770000000000e+08 5.270000000000000000e+03 2.440000000000000000e+03 5.140000000000000000e+03 2.510000000000000000e+03
1.509028850000000000e+08 5.270000000000000000e+03 2.420000000000000000e+03 5.140000000000000000e+03 2.510000000000000000e+03
1.509030920000000000e+08 5.270000000000000000e+03 2.430000000000000000e+03 5.140000000000000000e+03 2.510000000000000000e+03
1.509033010000000000e+08 5.260000000000000000e+03 2.430000000000000000e+03 5.150000000000000000e+03 2.510000000000000000e+03
1.509035080000000000e+08 5.250000000000000000e+03 2.420000000000000000e+03 5.150000000000000000e+03 2.510000000000000000e+03
1.509037320000000000e+08 5.250000000000000000e+03 2.440000000000000000e+03 5.140000000000000000e+03 2.520000000000000000e+03
1.509039400000000000e+08 5.250000000000000000e+03 2.440000000000000000e+03 5.140000000000000000e+03 2.520000000000000000e+03
1.509041480000000000e+08 5.250000000000000000e+03 2.440000000000000000e+03 5.130000000000000000e+03 2.520000000000000000e+03
1.509043560000000000e+08 5.250000000000000000e+03 2.440000000000000000e+03 5.130000000000000000e+03 2.520000000000000000e+03
1.509045640000000000e+08 5.250000000000000000e+03 2.450000000000000000e+03 5.130000000000000000e+03 2.520000000000000000e+03
1.509047720000000000e+08 5.240000000000000000e+03 2.450000000000000000e+03 5.140000000000000000e+03 2.520000000000000000e+03
1.509049800000000000e+08 5.240000000000000000e+03 2.430000000000000000e+03 5.120000000000000000e+03 2.520000000000000000e+03
1.509051880000000000e+08 5.250000000000000000e+03 2.440000000000000000e+03 5.120000000000000000e+03 2.510000000000000000e+03
1.509053960000000000e+08 5.250000000000000000e+03 2.450000000000000000e+03 5.120000000000000000e+03 2.510000000000000000e+03
1.509056040000000000e+08 5.250000000000000000e+03 2.430000000000000000e+03 5.120000000000000000e+03 2.510000000000000000e+03
1.509058120000000000e+08 5.260000000000000000e+03 2.430000000000000000e+03 5.120000000000000000e+03 2.520000000000000000e+03
1.509060200000000000e+08 5.250000000000000000e+03 2.440000000000000000e+03 5.120000000000000000e+03 2.520000000000000000e+03
1.509062280000000000e+08 5.260000000000000000e+03 2.430000000000000000e+03 5.130000000000000000e+03 2.520000000000000000e+03
1.509064360000000000e+08 5.260000000000000000e+03 2.430000000000000000e+03 5.120000000000000000e+03 2.520000000000000000e+03
1.509066440000000000e+08 5.260000000000000000e+03 2.440000000000000000e+03 5.130000000000000000e+03 2.520000000000000000e+03
1.509068520000000000e+08 5.260000000000000000e+03 2.420000000000000000e+03 5.110000000000000000e+03 2.520000000000000000e+03
1.509070600000000000e+08 5.260000000000000000e+03 2.400000000000000000e+03 5.120000000000000000e+03 2.520000000000000000e+03
1.509072680000000000e+08 5.260000000000000000e+03 2.390000000000000000e+03 5.120000000000000000e+03 2.520000000000000000e+03
1.509074760000000000e+08 5.250000000000000000e+03 2.390000000000000000e+03 5.130000000000000000e+03 2.520000000000000000e+03
1.509076840000000000e+08 5.250000000000000000e+03 2.380000000000000000e+03 5.120000000000000000e+03 2.520000000000000000e+03
1.509079080000000000e+08 5.250000000000000000e+03 2.390000000000000000e+03 5.130000000000000000e+03 2.520000000000000000e+03
1.509081160000000000e+08 5.250000000000000000e+03 2.420000000000000000e+03 5.130000000000000000e+03 2.520000000000000000e+03
1.509083230000000000e+08 5.250000000000000000e+03 2.420000000000000000e+03 5.120000000000000000e+03 2.520000000000000000e+03
1.509085310000000000e+08 5.260000000000000000e+03 2.400000000000000000e+03 5.120000000000000000e+03 2.520000000000000000e+03
1.509087390000000000e+08 5.260000000000000000e+03 2.400000000000000000e+03 5.130000000000000000e+03 2.520000000000000000e+03
1.509089480000000000e+08 5.270000000000000000e+03 2.400000000000000000e+03 5.130000000000000000e+03 2.520000000000000000e+03
1.509092130000000000e+08 5.260000000000000000e+03 2.400000000000000000e+03 5.120000000000000000e+03 2.520000000000000000e+03
1.509093640000000000e+08 5.260000000000000000e+03 2.420000000000000000e+03 5.130000000000000000e+03 2.520000000000000000e+03
1.509095710000000000e+08 5.260000000000000000e+03 2.430000000000000000e+03 5.140000000000000000e+03 2.520000000000000000e+03
1.509097790000000000e+08 5.250000000000000000e+03 2.420000000000000000e+03 5.140000000000000000e+03 2.520000000000000000e+03
1.509099870000000000e+08 5.250000000000000000e+03 2.420000000000000000e+03 5.140000000000000000e+03 2.520000000000000000e+03
1.509101950000000000e+08 5.250000000000000000e+03 2.420000000000000000e+03 5.140000000000000000e+03 2.520000000000000000e+03
1.509104030000000000e+08 5.240000000000000000e+03 2.440000000000000000e+03 5.140000000000000000e+03 2.520000000000000000e+03
