1.533112880000000000e+08 3.060000000000000000e+03 5.400000000000000000e+03 2.040000000000000000e+03 4.950000000000000000e+03
1.533114960000000000e+08 3.060000000000000000e+03 5.400000000000000000e+03 2.040000000000000000e+03 4.950000000000000000e+03
1.533117040000000000e+08 3.060000000000000000e+03 5.400000000000000000e+03 2.040000000000000000e+03 4.960000000000000000e+03
1.533119120000000000e+08 3.060000000000000000e+03 5.400000000000000000e+03 2.050000000000000000e+03 4.970000000000000000e+03
1.533121200000000000e+08 3.070000000000000000e+03 5.400000000000000000e+03 2.050000000000000000e+03 4.980000000000000000e+03
1.533123280000000000e+08 3.060000000000000000e+03 5.400000000000000000e+03 2.040000000000000000e+03 4.960000000000000000e+03
1.533125360000000000e+08 3.050000000000000000e+03 5.380000000000000000e+03 2.050000000000000000e+03 4.950000000000000000e+03
1.533127440000000000e+08 3.060000000000000000e+03 5.380000000000000000e+03 2.050000000000000000e+03 4.960000000000000000e+03
1.533129520000000000e+08 3.060000000000000000e+03 5.380000000000000000e+03 2.050000000000000000e+03 4.960000000000000000e+03
1.533131600000000000e+08 3.060000000000000000e+03 5.380000000000000000e+03 2.040000000000000000e+03 4.950000000000000000e+03
1.533133680000000000e+08 3.060000000000000000e+03 5.390000000000000000e+03 2.040000000000000000e+03 4.950000000000000000e+03
1.533135760000000000e+08 3.060000000000000000e+03 5.390000000000000000e+03 2.040000000000000000e+03 4.950000000000000000e+03
1.533137840000000000e+08 3.060000000000000000e+03 5.400000000000000000e+03 2.040000000000000000e+03 4.970000000000000000e+03
1.533139920000000000e+08 3.060000000000000000e+03 5.400000000000000000e+03 2.040000000000000000e+03 4.980000000000000000e+03
1.533142000000000000e+08 3.050000000000000000e+03 5.400000000000000000e+03 2.040000000000000000e+03 4.980000000000000000e+03
1.533144080000000000e+08 3.050000000000000000e+03 5.400000000000000000e+03 2.030000000000000000e+03 4.970000000000000000e+03
1.533146160000000000e+08 3.050000000000000000e+03 5.390000000000000000e+03 2.040000000000000000e+03 4.980000000000000000e+03
1.533148240000000000e+08 3.030000000000000000e+03 5.380000000000000000e+03 2.040000000000000000e+03 4.970000000000000000e+03
1.533150320000000000e+08 3.020000000000000000e+03 5.380000000000000000e+03 2.040000000000000000e+03 4.960000000000000000e+03
1.533152400000000000e+08 3.030000000000000000e+03 5.380000000000000000e+03 2.040000000000000000e+03 4.950000000000000000e+03
1.533154480000000000e+08 3.030000000000000000e+03 5.400000000000000000e+03 2.040000000000000000e+03 4.950000000000000000e+03
1.533156560000000000e+08 3.030000000000000000e+03 5.390000000000000000e+03 2.040000000000000000e+03 4.960000000000000000e+03
1.533158650000000000e+08 3.050000000000000000e+03 5.390000000000000000e+03 2.030000000000000000e+03 4.970000000000000000e+03
1.533160720000000000e+08 3.030000000000000000e+03 5.400000000000000000e+03 2.030000000000000000e+03 4.970000000000000000e+03
1.533162790000000000e+08 3.030000000000000000e+03 5.390000000000000000e+03 2.040000000000000000e+03 4.970000000000000000e+03
1.533164880000000000e+08 3.030000000000000000e+03 5.390000000000000000e+03 2.040000000000000000e+03 4.970000000000000000e+03
1.533166960000000000e+08 3.030000000000000000e+03 5.390000000000000000e+03 2.050000000000000000e+03 4.980000000000000000e+03
1.533169030000000000e+08 3.030000000000000000e+03 5.380000000000000000e+03 2.050000000000000000e+03 4.970000000000000000e+03
1.533171110000000000e+08 3.050000000000000000e+03 5.380000000000000000e+03 2.050000000000000000e+03 4.960000000000000000e+03
1.533173190000000000e+08 3.050000000000000000e+03 5.380000000000000000e+03 2.050000000000000000e+03 4.950000000000000000e+03
1.533175280000000000e+08 3.030000000000000000e+03 5.390000000000000000e+03 2.050000000000000000e+03 4.960000000000000000e+03
1.533177350000000000e+08 3.030000000000000000e+03 5.400000000000000000e+03 2.050000000000000000e+03 4.960000000000000000e+03
1.533179430000000000e+08 3.030000000000000000e+03 5.400000000000000000e+03 2.050000000000000000e+03 4.950000000000000000e+03
1.533181510000000000e+08 3.030000000000000000e+03 5.390000000000000000e+03 2.040000000000000000e+03 4.950000000000000000e+03
1.533183590000000000e+08 3.050000000000000000e+03 5.390000000000000000e+03 2.040000000000000000e+03 4.950000000000000000e+03
1.533185670000000000e+08 3.030000000000000000e+03 5.390000000000000000e+03 2.040000000000000000e+03 4.950000000000000000e+03
1.533187750000000000e+08 3.050000000000000000e+03 5.400000000000000000e+03 2.040000000000000000e+03 4.960000000000000000e+03
1.533189830000000000e+08 3.030000000000000000e+03 5.400000000000000000e+03 2.040000000000000000e+03 4.950000000000000000e+03
1.533191910000000000e+08 3.030000000000000000e+03 5.410000000000000000e+03 2.040000000000000000e+03 4.960000000000000000e+03
1.533193990000000000e+08 3.030000000000000000e+03 5.400000000000000000e+03 2.040000000000000000e+03 4.960000000000000000e+03
1.533196070000000000e+08 3.030000000000000000e+03 5.390000000000000000e+03 2.040000000000000000e+03 4.960000000000000000e+03
1.533198150000000000e+08 3.030000000000000000e+03 5.390000000000000000e+03 2.040000000000000000e+03 4.950000000000000000e+03
1.533200230000000000e+08 3.050000000000000000e+03 5.390000000000000000e+03 2.040000000000000000e+03 4.960000000000000000e+03
1.533202310000000000e+08 3.050000000000000000e+03 5.390000000000000000e+03 2.050000000000000000e+03 4.970000000000000000e+03
1.533204390000000000e+08 3.060000000000000000e+03 5.390000000000000000e+03 2.040000000000000000e+03 4.950000000000000000e+03
1.533206470000000000e+08 3.060000000000000000e+03 5.400000000000000000e+03 2.040000000000000000e+03 4.970000000000000000e+03
1.533208550000000000e+08 3.050000000000000000e+03 5.390000000000000000e+03 2.040000000000000000e+03 4.960000000000000000e+03
1.533210630000000000e+08 3.050000000000000000e+03 5.390000000000000000e+03 2.040000000000000000e+03 4.950000000000000000e+03
1.533212710000000000e+08 3.060000000000000000e+03 5.390000000000000000e+03 2.040000000000000000e+03 4.960000000000000000e+03
1.533214790000000000e+08 3.050000000000000000e+03 5.390000000000000000e+03 2.040000000000000000e+03 4.950000000000000000e+03
1.533216870000000000e+08 3.060000000000000000e+03 5.380000000000000000e+03 2.040000000000000000e+03 4.960000000000000000e+03
1.533218940000000000e+08 3.060000000000000000e+03 5.380000000000000000e+03 2.050000000000000000e+03 4.960000000000000000e+03
1.533221030000000000e+08 3.050000000000000000e+03 5.390000000000000000e+03 2.050000000000000000e+03 4.950000000000000000e+03
1.533223110000000000e+08 3.050000000000000000e+03 5.390000000000000000e+03 2.050000000000000000e+03 4.950000000000000000e+03
1.533225190000000000e+08 3.050000000000000000e+03 5.390000000000000000e+03 2.040000000000000000e+03 4.940000000000000000e+03
1.533227270000000000e+08 3.050000000000000000e+03 5.390000000000000000e+03 2.040000000000000000e+03 4.940000000000000000e+03
1.533229340000000000e+08 3.030000000000000000e+03 5.390000000000000000e+03 2.040000000000000000e+03 4.940000000000000000e+03
1.533231430000000000e+08 3.030000000000000000e+03 5.410000000000000000e+03 2.030000000000000000e+03 4.960000000000000000e+03
1.533233500000000000e+08 3.030000000000000000e+03 5.390000000000000000e+03 2.040000000000000000e+03 4.950000000000000000e+03
1.533235580000000000e+08 3.050000000000000000e+03 5.390000000000000000e+03 2.040000000000000000e+03 4.950000000000000000e+03
1.533237660000000000e+08 3.060000000000000000e+03 5.380000000000000000e+03 2.050000000000000000e+03 4.960000000000000000e+03
1.533239740000000000e+08 3.070000000000000000e+03 5.390000000000000000e+03 2.050000000000000000e+03 4.960000000000000000e+03
1.533241830000000000e+08 3.050000000000000000e+03 5.380000000000000000e+03 2.050000000000000000e+03 4.970000000000000000e+03
1.533243900000000000e+08 3.030000000000000000e+03 5.400000000000000000e+03 2.050000000000000000e+03 4.970000000000000000e+03
1.533245980000000000e+08 3.020000000000000000e+03 5.400000000000000000e+03 2.050000000000000000e+03 4.980000000000000000e+03
1.533248060000000000e+08 3.020000000000000000e+03 5.390000000000000000e+03 2.060000000000000000e+03 4.960000000000000000e+03
1.533250140000000000e+08 3.020000000000000000e+03 5.400000000000000000e+03 2.060000000000000000e+03 4.950000000000000000e+03
1.533252220000000000e+08 3.020000000000000000e+03 5.400000000000000000e+03 2.050000000000000000e+03 4.960000000000000000e+03
1.533254300000000000e+08 3.020000000000000000e+03 5.400000000000000000e+03 2.050000000000000000e+03 4.970000000000000000e+03
1.533256380000000000e+08 3.050000000000000000e+03 5.390000000000000000e+03 2.040000000000000000e+03 4.980000000000000000e+03
1.533258460000000000e+08 3.050000000000000000e+03 5.390000000000000000e+03 2.030000000000000000e+03 4.970000000000000000e+03
1.533260540000000000e+08 3.050000000000000000e+03 5.390000000000000000e+03 2.040000000000000000e+03 4.970000000000000000e+03
1.533262620000000000e+08 3.050000000000000000e+03 5.390000000000000000e+03 2.020000000000000000e+03 4.950000000000000000e+03
1.533264700000000000e+08 3.050000000000000000e+03 5.390000000000000000e+03 2.030000000000000000e+03 4.960000000000000000e+03
1.533266780000000000e+08 3.050000000000000000e+03 5.390000000000000000e+03 2.040000000000000000e+03 4.960000000000000000e+03
1.533268860000000000e+08 3.050000000000000000e+03 5.400000000000000000e+03 2.050000000000000000e+03 4.940000000000000000e+03
1.533270940000000000e+08 3.050000000000000000e+03 5.400000000000000000e+03 2.050000000000000000e+03 4.940000000000000000e+03
1.533273020000000000e+08 3.050000000000000000e+03 5.390000000000000000e+03 2.050000000000000000e+03 4.940000000000000000e+03
1.533275100000000000e+08 3.030000000000000000e+03 5.400000000000000000e+03 2.050000000000000000e+03 4.940000000000000000e+03
1.533277180000000000e+08 3.030000000000000000e+03 5.400000000000000000e+03 2.040000000000000000e+03 4.940000000000000000e+03
1.533279260000000000e+08 3.020000000000000000e+03 5.400000000000000000e+03 2.050000000000000000e+03 4.940000000000000000e+03
1.533281340000000000e+08 3.030000000000000000e+03 5.400000000000000000e+03 2.050000000000000000e+03 4.960000000000000000e+03
1.533283410000000000e+08 3.050000000000000000e+03 5.400000000000000000e+03 2.040000000000000000e+03 4.970000000000000000e+03
1.533285490000000000e+08 3.050000000000000000e+03 5.390000000000000000e+03 2.040000000000000000e+03 4.970000000000000000e+03
1.533287570000000000e+08 3.050000000000000000e+03 5.390000000000000000e+03 2.040000000000000000e+03 4.970000000000000000e+03
1.533289650000000000e+08 3.030000000000000000e+03 5.390000000000000000e+03 2.040000000000000000e+03 4.960000000000000000e+03
1.533291730000000000e+08 3.020000000000000000e+03 5.390000000000000000e+03 2.030000000000000000e+03 4.960000000000000000e+03
1.533293810000000000e+08 3.020000000000000000e+03 5.380000000000000000e+03 2.030000000000000000e+03 4.960000000000000000e+03
1.533295890000000000e+08 3.020000000000000000e+03 5.380000000000000000e+03 2.030000000000000000e+03 4.950000000000000000e+03
1.533297970000000000e+08 3.050000000000000000e+03 5.380000000000000000e+03 2.020000000000000000e+03 4.960000000000000000e+03
1.533300050000000000e+08 3.050000000000000000e+03 5.390000000000000000e+03 2.040000000000000000e+03 4.970000000000000000e+03
1.533302130000000000e+08 3.050000000000000000e+03 5.390000000000000000e+03 2.030000000000000000e+03 4.970000000000000000e+03
1.533304210000000000e+08 3.050000000000000000e+03 5.390000000000000000e+03 2.040000000000000000e+03 4.970000000000000000e+03
1.533306290000000000e+08 3.060000000000000000e+03 5.390000000000000000e+03 2.030000000000000000e+03 4.960000000000000000e+03
1.533308370000000000e+08 3.060000000000000000e+03 5.380000000000000000e+03 2.030000000000000000e+03 4.950000000000000000e+03
1.533310450000000000e+08 3.070000000000000000e+03 5.380000000000000000e+03 2.030000000000000000e+03 4.950000000000000000e+03
1.533312530000000000e+08 3.070000000000000000e+03 5.370000000000000000e+03 2.040000000000000000e+03 4.960000000000000000e+03
1.533314610000000000e+08 3.060000000000000000e+03 5.370000000000000000e+03 2.030000000000000000e+03 4.950000000000000000e+03
1.533316690000000000e+08 3.030000000000000000e+03 5.370000000000000000e+03 2.020000000000000000e+03 4.960000000000000000e+03
1.533318770000000000e+08 3.030000000000000000e+03 5.390000000000000000e+03 2.020000000000000000e+03 4.960000000000000000e+03
1.533320850000000000e+08 3.030000000000000000e+03 5.390000000000000000e+03 2.020000000000000000e+03 4.980000000000000000e+03
1.533322930000000000e+08 3.030000000000000000e+03 5.400000000000000000e+03 2.040000000000000000e+03 4.970000000000000000e+03
1.533325010000000000e+08 3.030000000000000000e+03 5.390000000000000000e+03 2.040000000000000000e+03 4.970000000000000000e+03
1.533327090000000000e+08 3.050000000000000000e+03 5.390000000000000000e+03 2.030000000000000000e+03 4.970000000000000000e+03
1.533329170000000000e+08 3.050000000000000000e+03 5.380000000000000000e+03 2.040000000000000000e+03 4.970000000000000000e+03
1.533331240000000000e+08 3.060000000000000000e+03 5.380000000000000000e+03 2.040000000000000000e+03 4.960000000000000000e+03
1.533333320000000000e+08 3.060000000000000000e+03 5.380000000000000000e+03 2.050000000000000000e+03 4.960000000000000000e+03
1.533335410000000000e+08 3.060000000000000000e+03 5.380000000000000000e+03 2.040000000000000000e+03 4.950000000000000000e+03
1.533337490000000000e+08 3.060000000000000000e+03 5.380000000000000000e+03 2.040000000000000000e+03 4.960000000000000000e+03
1.533339570000000000e+08 3.070000000000000000e+03 5.390000000000000000e+03 2.040000000000000000e+03 4.980000000000000000e+03
1.533341640000000000e+08 3.070000000000000000e+03 5.390000000000000000e+03 2.040000000000000000e+03 4.970000000000000000e+03
1.533343720000000000e+08 3.070000000000000000e+03 5.390000000000000000e+03 2.040000000000000000e+03 4.960000000000000000e+03
1.533345800000000000e+08 3.060000000000000000e+03 5.390000000000000000e+03 2.030000000000000000e+03 4.960000000000000000e+03
1.533347880000000000e+08 3.060000000000000000e+03 5.390000000000000000e+03 2.040000000000000000e+03 4.960000000000000000e+03
1.533349960000000000e+08 3.070000000000000000e+03 5.410000000000000000e+03 2.030000000000000000e+03 4.950000000000000000e+03
1.533352040000000000e+08 3.060000000000000000e+03 5.410000000000000000e+03 2.020000000000000000e+03 4.950000000000000000e+03
1.533354120000000000e+08 3.050000000000000000e+03 5.410000000000000000e+03 2.020000000000000000e+03 4.960000000000000000e+03
1.533356200000000000e+08 3.050000000000000000e+03 5.410000000000000000e+03 2.030000000000000000e+03 4.950000000000000000e+03
1.533358280000000000e+08 3.060000000000000000e+03 5.400000000000000000e+03 2.020000000000000000e+03 4.960000000000000000e+03
1.533360350000000000e+08 3.050000000000000000e+03 5.380000000000000000e+03 2.030000000000000000e+03 4.960000000000000000e+03
1.533362440000000000e+08 3.030000000000000000e+03 5.380000000000000000e+03 2.030000000000000000e+03 4.960000000000000000e+03
1.533364520000000000e+08 3.020000000000000000e+03 5.400000000000000000e+03 2.030000000000000000e+03 4.970000000000000000e+03
1.533366600000000000e+08 3.020000000000000000e+03 5.400000000000000000e+03 2.030000000000000000e+03 4.960000000000000000e+03
1.533368680000000000e+08 3.030000000000000000e+03 5.390000000000000000e+03 2.020000000000000000e+03 4.960000000000000000e+03
1.533370760000000000e+08 3.060000000000000000e+03 5.380000000000000000e+03 2.020000000000000000e+03 4.960000000000000000e+03
1.533372840000000000e+08 3.060000000000000000e+03 5.380000000000000000e+03 2.030000000000000000e+03 4.950000000000000000e+03
1.533374920000000000e+08 3.060000000000000000e+03 5.380000000000000000e+03 2.040000000000000000e+03 4.950000000000000000e+03
1.533377000000000000e+08 3.050000000000000000e+03 5.370000000000000000e+03 2.050000000000000000e+03 4.950000000000000000e+03
1.533379080000000000e+08 3.030000000000000000e+03 5.380000000000000000e+03 2.050000000000000000e+03 4.960000000000000000e+03
1.533381160000000000e+08 3.030000000000000000e+03 5.380000000000000000e+03 2.050000000000000000e+03 4.970000000000000000e+03
1.533383240000000000e+08 3.030000000000000000e+03 5.380000000000000000e+03 2.050000000000000000e+03 4.970000000000000000e+03
1.533385320000000000e+08 3.030000000000000000e+03 5.390000000000000000e+03 2.040000000000000000e+03 4.960000000000000000e+03
1.533387400000000000e+08 3.030000000000000000e+03 5.390000000000000000e+03 2.050000000000000000e+03 4.950000000000000000e+03
1.533389480000000000e+08 3.030000000000000000e+03 5.380000000000000000e+03 2.050000000000000000e+03 4.950000000000000000e+03
1.533391560000000000e+08 3.050000000000000000e+03 5.380000000000000000e+03 2.050000000000000000e+03 4.960000000000000000e+03
1.533393640000000000e+08 3.050000000000000000e+03 5.380000000000000000e+03 2.040000000000000000e+03 4.950000000000000000e+03
1.533395720000000000e+08 3.030000000000000000e+03 5.380000000000000000e+03 2.040000000000000000e+03 4.960000000000000000e+03
1.533397790000000000e+08 3.030000000000000000e+03 5.380000000000000000e+03 2.040000000000000000e+03 4.950000000000000000e+03
1.533399880000000000e+08 3.030000000000000000e+03 5.370000000000000000e+03 2.040000000000000000e+03 4.950000000000000000e+03
1.533401950000000000e+08 3.030000000000000000e+03 5.380000000000000000e+03 2.030000000000000000e+03 4.960000000000000000e+03
1.533404030000000000e+08 3.050000000000000000e+03 5.380000000000000000e+03 2.030000000000000000e+03 4.950000000000000000e+03
1.533406110000000000e+08 3.030000000000000000e+03 5.410000000000000000e+03 2.040000000000000000e+03 4.950000000000000000e+03
1.533408190000000000e+08 3.020000000000000000e+03 5.400000000000000000e+03 2.040000000000000000e+03 4.950000000000000000e+03
1.533410270000000000e+08 3.020000000000000000e+03 5.390000000000000000e+03 2.040000000000000000e+03 4.950000000000000000e+03
1.533412350000000000e+08 3.030000000000000000e+03 5.390000000000000000e+03 2.030000000000000000e+03 4.960000000000000000e+03
1.533414430000000000e+08 3.050000000000000000e+03 5.400000000000000000e+03 2.020000000000000000e+03 4.980000000000000000e+03
1.533416510000000000e+08 3.050000000000000000e+03 5.400000000000000000e+03 2.020000000000000000e+03 4.980000000000000000e+03
1.533418590000000000e+08 3.050000000000000000e+03 5.400000000000000000e+03 2.020000000000000000e+03 4.970000000000000000e+03
1.533420670000000000e+08 3.050000000000000000e+03 5.400000000000000000e+03 2.030000000000000000e+03 4.950000000000000000e+03
1.533422750000000000e+08 3.050000000000000000e+03 5.400000000000000000e+03 2.030000000000000000e+03 4.950000000000000000e+03
1.533424830000000000e+08 3.050000000000000000e+03 5.400000000000000000e+03 2.020000000000000000e+03 4.960000000000000000e+03
1.533426910000000000e+08 3.050000000000000000e+03 5.400000000000000000e+03 2.030000000000000000e+03 4.960000000000000000e+03
1.533428990000000000e+08 3.030000000000000000e+03 5.400000000000000000e+03 2.020000000000000000e+03 4.950000000000000000e+03
1.533431070000000000e+08 3.050000000000000000e+03 5.400000000000000000e+03 2.030000000000000000e+03 4.960000000000000000e+03
1.533433150000000000e+08 3.050000000000000000e+03 5.390000000000000000e+03 2.030000000000000000e+03 4.960000000000000000e+03
1.533435230000000000e+08 3.030000000000000000e+03 5.390000000000000000e+03 2.030000000000000000e+03 4.960000000000000000e+03
1.533437310000000000e+08 3.030000000000000000e+03 5.390000000000000000e+03 2.030000000000000000e+03 4.960000000000000000e+03
1.533439390000000000e+08 3.020000000000000000e+03 5.390000000000000000e+03 2.030000000000000000e+03 4.950000000000000000e+03
1.533441470000000000e+08 3.030000000000000000e+03 5.390000000000000000e+03 2.030000000000000000e+03 4.950000000000000000e+03
1.533443550000000000e+08 3.030000000000000000e+03 5.390000000000000000e+03 2.030000000000000000e+03 4.960000000000000000e+03
1.533445630000000000e+08 3.050000000000000000e+03 5.400000000000000000e+03 2.020000000000000000e+03 4.960000000000000000e+03
1.533447710000000000e+08 3.030000000000000000e+03 5.390000000000000000e+03 2.020000000000000000e+03 4.960000000000000000e+03
1.533449790000000000e+08 3.050000000000000000e+03 5.390000000000000000e+03 2.030000000000000000e+03 4.960000000000000000e+03
1.533451870000000000e+08 3.050000000000000000e+03 5.390000000000000000e+03 2.030000000000000000e+03 4.950000000000000000e+03
1.533453940000000000e+08 3.030000000000000000e+03 5.400000000000000000e+03 2.040000000000000000e+03 4.940000000000000000e+03
1.533456030000000000e+08 3.030000000000000000e+03 5.390000000000000000e+03 2.040000000000000000e+03 4.960000000000000000e+03
1.533458100000000000e+08 3.050000000000000000e+03 5.390000000000000000e+03 2.040000000000000000e+03 4.960000000000000000e+03
1.533460190000000000e+08 3.050000000000000000e+03 5.390000000000000000e+03 2.040000000000000000e+03 4.940000000000000000e+03
1.533462260000000000e+08 3.030000000000000000e+03 5.390000000000000000e+03 2.040000000000000000e+03 4.950000000000000000e+03
1.533464340000000000e+08 3.030000000000000000e+03 5.390000000000000000e+03 2.040000000000000000e+03 4.940000000000000000e+03
1.533466430000000000e+08 3.030000000000000000e+03 5.390000000000000000e+03 2.040000000000000000e+03 4.960000000000000000e+03
1.533468500000000000e+08 3.030000000000000000e+03 5.390000000000000000e+03 2.040000000000000000e+03 4.950000000000000000e+03
1.533470580000000000e+08 3.030000000000000000e+03 5.390000000000000000e+03 2.040000000000000000e+03 4.940000000000000000e+03
1.533472670000000000e+08 3.020000000000000000e+03 5.400000000000000000e+03 2.040000000000000000e+03 4.940000000000000000e+03
1.533474740000000000e+08 3.030000000000000000e+03 5.400000000000000000e+03 2.050000000000000000e+03 4.940000000000000000e+03
1.533476820000000000e+08 3.050000000000000000e+03 5.400000000000000000e+03 2.050000000000000000e+03 4.960000000000000000e+03
1.533478900000000000e+08 3.060000000000000000e+03 5.390000000000000000e+03 2.050000000000000000e+03 4.940000000000000000e+03
1.533480980000000000e+08 3.060000000000000000e+03 5.400000000000000000e+03 2.050000000000000000e+03 4.940000000000000000e+03
1.533483060000000000e+08 3.060000000000000000e+03 5.400000000000000000e+03 2.050000000000000000e+03 4.940000000000000000e+03
1.533485140000000000e+08 3.050000000000000000e+03 5.400000000000000000e+03 2.050000000000000000e+03 4.940000000000000000e+03
1.533487220000000000e+08 3.050000000000000000e+03 5.390000000000000000e+03 2.050000000000000000e+03 4.960000000000000000e+03
1.533489300000000000e+08 3.050000000000000000e+03 5.400000000000000000e+03 2.060000000000000000e+03 4.990000000000000000e+03
1.533491380000000000e+08 3.050000000000000000e+03 5.390000000000000000e+03 2.050000000000000000e+03 4.980000000000000000e+03
1.533493460000000000e+08 3.050000000000000000e+03 5.390000000000000000e+03 2.050000000000000000e+03 4.960000000000000000e+03
1.533495540000000000e+08 3.050000000000000000e+03 5.390000000000000000e+03 2.050000000000000000e+03 4.960000000000000000e+03
1.533497620000000000e+08 3.060000000000000000e+03 5.390000000000000000e+03 2.050000000000000000e+03 4.970000000000000000e+03
1.533499700000000000e+08 3.060000000000000000e+03 5.380000000000000000e+03 2.040000000000000000e+03 4.980000000000000000e+03
1.533501770000000000e+08 3.070000000000000000e+03 5.380000000000000000e+03 2.040000000000000000e+03 4.990000000000000000e+03
1.533503850000000000e+08 3.060000000000000000e+03 5.400000000000000000e+03 2.030000000000000000e+03 4.990000000000000000e+03
1.533505940000000000e+08 3.070000000000000000e+03 5.400000000000000000e+03 2.030000000000000000e+03 4.990000000000000000e+03
1.533508020000000000e+08 3.050000000000000000e+03 5.400000000000000000e+03 2.030000000000000000e+03 4.980000000000000000e+03
1.533510100000000000e+08 3.030000000000000000e+03 5.400000000000000000e+03 2.030000000000000000e+03 4.960000000000000000e+03
1.533512180000000000e+08 3.030000000000000000e+03 5.410000000000000000e+03 2.020000000000000000e+03 4.960000000000000000e+03
1.533514250000000000e+08 3.030000000000000000e+03 5.400000000000000000e+03 2.020000000000000000e+03 4.960000000000000000e+03
1.533516330000000000e+08 3.020000000000000000e+03 5.400000000000000000e+03 2.030000000000000000e+03 4.960000000000000000e+03
1.533518410000000000e+08 3.020000000000000000e+03 5.390000000000000000e+03 2.020000000000000000e+03 4.950000000000000000e+03
1.533520490000000000e+08 3.020000000000000000e+03 5.390000000000000000e+03 2.030000000000000000e+03 4.950000000000000000e+03
1.533522570000000000e+08 3.020000000000000000e+03 5.390000000000000000e+03 2.030000000000000000e+03 4.950000000000000000e+03
1.533524650000000000e+08 3.030000000000000000e+03 5.390000000000000000e+03 2.040000000000000000e+03 4.940000000000000000e+03
1.533526730000000000e+08 3.060000000000000000e+03 5.390000000000000000e+03 2.040000000000000000e+03 4.940000000000000000e+03
1.533528810000000000e+08 3.060000000000000000e+03 5.380000000000000000e+03 2.040000000000000000e+03 4.940000000000000000e+03
1.533530890000000000e+08 3.060000000000000000e+03 5.380000000000000000e+03 2.040000000000000000e+03 4.940000000000000000e+03
1.533532970000000000e+08 3.060000000000000000e+03 5.380000000000000000e+03 2.030000000000000000e+03 4.940000000000000000e+03
1.533535050000000000e+08 3.050000000000000000e+03 5.370000000000000000e+03 2.040000000000000000e+03 4.940000000000000000e+03
1.533537120000000000e+08 3.050000000000000000e+03 5.380000000000000000e+03 2.040000000000000000e+03 4.940000000000000000e+03
1.533539210000000000e+08 3.050000000000000000e+03 5.380000000000000000e+03 2.040000000000000000e+03 4.950000000000000000e+03
1.533541290000000000e+08 3.050000000000000000e+03 5.390000000000000000e+03 2.040000000000000000e+03 4.950000000000000000e+03
1.533543370000000000e+08 3.050000000000000000e+03 5.390000000000000000e+03 2.040000000000000000e+03 4.950000000000000000e+03
1.533545450000000000e+08 3.030000000000000000e+03 5.390000000000000000e+03 2.040000000000000000e+03 4.940000000000000000e+03
1.533547540000000000e+08 3.020000000000000000e+03 5.400000000000000000e+03 2.030000000000000000e+03 4.940000000000000000e+03
1.533549610000000000e+08 3.020000000000000000e+03 5.410000000000000000e+03 2.030000000000000000e+03 4.940000000000000000e+03
1.533551690000000000e+08 3.030000000000000000e+03 5.400000000000000000e+03 2.030000000000000000e+03 4.950000000000000000e+03
1.533553770000000000e+08 3.030000000000000000e+03 5.400000000000000000e+03 2.040000000000000000e+03 4.950000000000000000e+03
1.533555850000000000e+08 3.030000000000000000e+03 5.400000000000000000e+03 2.040000000000000000e+03 4.940000000000000000e+03
1.533562090000000000e+08 3.050000000000000000e+03 5.400000000000000000e+03 2.050000000000000000e+03 4.950000000000000000e+03
1.533564160000000000e+08 3.050000000000000000e+03 5.410000000000000000e+03 2.050000000000000000e+03 4.960000000000000000e+03
1.533566240000000000e+08 3.050000000000000000e+03 5.390000000000000000e+03 2.050000000000000000e+03 4.950000000000000000e+03
1.533568330000000000e+08 3.050000000000000000e+03 5.390000000000000000e+03 2.040000000000000000e+03 4.960000000000000000e+03
1.533570400000000000e+08 3.050000000000000000e+03 5.390000000000000000e+03 2.040000000000000000e+03 4.960000000000000000e+03
1.533572480000000000e+08 3.050000000000000000e+03 5.400000000000000000e+03 2.040000000000000000e+03 4.970000000000000000e+03
1.533574560000000000e+08 3.050000000000000000e+03 5.400000000000000000e+03 2.040000000000000000e+03 4.960000000000000000e+03
1.533576640000000000e+08 3.060000000000000000e+03 5.400000000000000000e+03 2.050000000000000000e+03 4.960000000000000000e+03
1.533578720000000000e+08 3.060000000000000000e+03 5.400000000000000000e+03 2.040000000000000000e+03 4.960000000000000000e+03
1.533580800000000000e+08 3.060000000000000000e+03 5.390000000000000000e+03 2.040000000000000000e+03 4.960000000000000000e+03
1.533582880000000000e+08 3.060000000000000000e+03 5.400000000000000000e+03 2.040000000000000000e+03 4.960000000000000000e+03
1.533584960000000000e+08 3.050000000000000000e+03 5.400000000000000000e+03 2.040000000000000000e+03 4.960000000000000000e+03
1.533587040000000000e+08 3.030000000000000000e+03 5.390000000000000000e+03 2.040000000000000000e+03 4.960000000000000000e+03
1.533589120000000000e+08 3.030000000000000000e+03 5.390000000000000000e+03 2.040000000000000000e+03 4.950000000000000000e+03
1.533591200000000000e+08 3.030000000000000000e+03 5.380000000000000000e+03 2.040000000000000000e+03 4.950000000000000000e+03
1.533593280000000000e+08 3.030000000000000000e+03 5.380000000000000000e+03 2.040000000000000000e+03 4.960000000000000000e+03
1.533595360000000000e+08 3.050000000000000000e+03 5.400000000000000000e+03 2.040000000000000000e+03 4.960000000000000000e+03
1.533597440000000000e+08 3.030000000000000000e+03 5.400000000000000000e+03 2.030000000000000000e+03 4.960000000000000000e+03
1.533599520000000000e+08 3.050000000000000000e+03 5.400000000000000000e+03 2.040000000000000000e+03 4.960000000000000000e+03
1.534001600000000000e+08 3.060000000000000000e+03 5.390000000000000000e+03 2.040000000000000000e+03 4.960000000000000000e+03
1.534003680000000000e+08 3.060000000000000000e+03 5.390000000000000000e+03 2.040000000000000000e+03 4.960000000000000000e+03
1.534005760000000000e+08 3.060000000000000000e+03 5.390000000000000000e+03 2.040000000000000000e+03 4.960000000000000000e+03
1.534007840000000000e+08 3.050000000000000000e+03 5.390000000000000000e+03 2.040000000000000000e+03 4.950000000000000000e+03
1.534009920000000000e+08 3.060000000000000000e+03 5.390000000000000000e+03 2.040000000000000000e+03 4.950000000000000000e+03
1.534011990000000000e+08 3.030000000000000000e+03 5.390000000000000000e+03 2.040000000000000000e+03 4.950000000000000000e+03
1.534014080000000000e+08 3.030000000000000000e+03 5.380000000000000000e+03 2.040000000000000000e+03 4.950000000000000000e+03
1.534016160000000000e+08 3.030000000000000000e+03 5.380000000000000000e+03 2.040000000000000000e+03 4.960000000000000000e+03
1.534018400000000000e+08 3.050000000000000000e+03 5.390000000000000000e+03 2.030000000000000000e+03 4.970000000000000000e+03
1.534020470000000000e+08 3.050000000000000000e+03 5.400000000000000000e+03 2.030000000000000000e+03 4.970000000000000000e+03
1.534022560000000000e+08 3.030000000000000000e+03 5.400000000000000000e+03 2.030000000000000000e+03 4.970000000000000000e+03
1.534024640000000000e+08 3.030000000000000000e+03 5.410000000000000000e+03 2.040000000000000000e+03 4.960000000000000000e+03
1.534026720000000000e+08 3.050000000000000000e+03 5.410000000000000000e+03 2.040000000000000000e+03 4.960000000000000000e+03
1.534028790000000000e+08 3.030000000000000000e+03 5.410000000000000000e+03 2.040000000000000000e+03 4.960000000000000000e+03
1.534030870000000000e+08 3.030000000000000000e+03 5.400000000000000000e+03 2.040000000000000000e+03 4.980000000000000000e+03
1.534032950000000000e+08 3.030000000000000000e+03 5.400000000000000000e+03 2.040000000000000000e+03 4.970000000000000000e+03
1.534035030000000000e+08 3.020000000000000000e+03 5.400000000000000000e+03 2.040000000000000000e+03 4.970000000000000000e+03
1.534037130000000000e+08 3.030000000000000000e+03 5.390000000000000000e+03 2.030000000000000000e+03 4.960000000000000000e+03
1.534039190000000000e+08 3.030000000000000000e+03 5.390000000000000000e+03 2.040000000000000000e+03 4.950000000000000000e+03
1.534041280000000000e+08 3.030000000000000000e+03 5.390000000000000000e+03 2.040000000000000000e+03 4.950000000000000000e+03
1.534043360000000000e+08 3.030000000000000000e+03 5.390000000000000000e+03 2.040000000000000000e+03 4.950000000000000000e+03
1.534045430000000000e+08 3.030000000000000000e+03 5.390000000000000000e+03 2.040000000000000000e+03 4.960000000000000000e+03
1.534047510000000000e+08 3.030000000000000000e+03 5.390000000000000000e+03 2.040000000000000000e+03 4.960000000000000000e+03
