1.543267650000000000e+08 4.170000000000000000e+03 5.700000000000000000e+03 1.360000000000000000e+03 4.110000000000000000e+03
1.543269730000000000e+08 4.180000000000000000e+03 5.700000000000000000e+03 1.340000000000000000e+03 4.100000000000000000e+03
1.543271810000000000e+08 4.180000000000000000e+03 5.700000000000000000e+03 1.340000000000000000e+03 4.090000000000000000e+03
1.543273890000000000e+08 4.180000000000000000e+03 5.690000000000000000e+03 1.340000000000000000e+03 4.100000000000000000e+03
1.543275970000000000e+08 4.180000000000000000e+03 5.690000000000000000e+03 1.350000000000000000e+03 4.100000000000000000e+03
1.543278050000000000e+08 4.190000000000000000e+03 5.690000000000000000e+03 1.340000000000000000e+03 4.100000000000000000e+03
1.543280130000000000e+08 4.190000000000000000e+03 5.700000000000000000e+03 1.330000000000000000e+03 4.110000000000000000e+03
1.543282200000000000e+08 4.180000000000000000e+03 5.710000000000000000e+03 1.340000000000000000e+03 4.110000000000000000e+03
1.543284290000000000e+08 4.190000000000000000e+03 5.700000000000000000e+03 1.330000000000000000e+03 4.110000000000000000e+03
1.543286370000000000e+08 4.180000000000000000e+03 5.700000000000000000e+03 1.330000000000000000e+03 4.110000000000000000e+03
1.543288450000000000e+08 4.180000000000000000e+03 5.690000000000000000e+03 1.350000000000000000e+03 4.110000000000000000e+03
1.543290530000000000e+08 4.180000000000000000e+03 5.680000000000000000e+03 1.360000000000000000e+03 4.110000000000000000e+03
1.543292610000000000e+08 4.180000000000000000e+03 5.680000000000000000e+03 1.350000000000000000e+03 4.120000000000000000e+03
1.543294690000000000e+08 4.180000000000000000e+03 5.680000000000000000e+03 1.340000000000000000e+03 4.120000000000000000e+03
1.543296770000000000e+08 4.190000000000000000e+03 5.690000000000000000e+03 1.330000000000000000e+03 4.120000000000000000e+03
1.543298840000000000e+08 4.190000000000000000e+03 5.690000000000000000e+03 1.340000000000000000e+03 4.120000000000000000e+03
1.543300930000000000e+08 4.200000000000000000e+03 5.680000000000000000e+03 1.320000000000000000e+03 4.120000000000000000e+03
1.543303010000000000e+08 4.190000000000000000e+03 5.680000000000000000e+03 1.320000000000000000e+03 4.120000000000000000e+03
1.543305090000000000e+08 4.180000000000000000e+03 5.690000000000000000e+03 1.330000000000000000e+03 4.120000000000000000e+03
1.543307170000000000e+08 4.190000000000000000e+03 5.690000000000000000e+03 1.330000000000000000e+03 4.120000000000000000e+03
1.543309240000000000e+08 4.200000000000000000e+03 5.700000000000000000e+03 1.330000000000000000e+03 4.120000000000000000e+03
1.543311330000000000e+08 4.190000000000000000e+03 5.700000000000000000e+03 1.320000000000000000e+03 4.120000000000000000e+03
1.543313400000000000e+08 4.190000000000000000e+03 5.700000000000000000e+03 1.310000000000000000e+03 4.120000000000000000e+03
1.543315480000000000e+08 4.180000000000000000e+03 5.700000000000000000e+03 1.310000000000000000e+03 4.120000000000000000e+03
1.543317560000000000e+08 4.180000000000000000e+03 5.700000000000000000e+03 1.320000000000000000e+03 4.120000000000000000e+03
1.543319640000000000e+08 4.180000000000000000e+03 5.700000000000000000e+03 1.320000000000000000e+03 4.120000000000000000e+03
1.543321720000000000e+08 4.190000000000000000e+03 5.700000000000000000e+03 1.320000000000000000e+03 4.120000000000000000e+03
1.543323800000000000e+08 4.190000000000000000e+03 5.700000000000000000e+03 1.320000000000000000e+03 4.110000000000000000e+03
1.543325880000000000e+08 4.190000000000000000e+03 5.710000000000000000e+03 1.350000000000000000e+03 4.120000000000000000e+03
1.543327960000000000e+08 4.190000000000000000e+03 5.710000000000000000e+03 1.350000000000000000e+03 4.120000000000000000e+03
1.543330060000000000e+08 4.190000000000000000e+03 5.710000000000000000e+03 1.350000000000000000e+03 4.120000000000000000e+03
1.543332120000000000e+08 4.190000000000000000e+03 5.700000000000000000e+03 1.350000000000000000e+03 4.120000000000000000e+03
1.543334200000000000e+08 4.190000000000000000e+03 5.700000000000000000e+03 1.350000000000000000e+03 4.110000000000000000e+03
1.543336280000000000e+08 4.190000000000000000e+03 5.700000000000000000e+03 1.350000000000000000e+03 4.110000000000000000e+03
1.543338360000000000e+08 4.190000000000000000e+03 5.690000000000000000e+03 1.330000000000000000e+03 4.110000000000000000e+03
1.543340440000000000e+08 4.200000000000000000e+03 5.700000000000000000e+03 1.330000000000000000e+03 4.110000000000000000e+03
1.543342520000000000e+08 4.200000000000000000e+03 5.700000000000000000e+03 1.340000000000000000e+03 4.110000000000000000e+03
1.543344600000000000e+08 4.190000000000000000e+03 5.700000000000000000e+03 1.340000000000000000e+03 4.120000000000000000e+03
1.543346680000000000e+08 4.190000000000000000e+03 5.690000000000000000e+03 1.340000000000000000e+03 4.120000000000000000e+03
1.543348760000000000e+08 4.180000000000000000e+03 5.690000000000000000e+03 1.350000000000000000e+03 4.120000000000000000e+03
1.543350840000000000e+08 4.180000000000000000e+03 5.690000000000000000e+03 1.350000000000000000e+03 4.120000000000000000e+03
1.543352920000000000e+08 4.190000000000000000e+03 5.690000000000000000e+03 1.330000000000000000e+03 4.120000000000000000e+03
1.543355000000000000e+08 4.210000000000000000e+03 5.700000000000000000e+03 1.340000000000000000e+03 4.120000000000000000e+03
1.543357080000000000e+08 4.200000000000000000e+03 5.710000000000000000e+03 1.330000000000000000e+03 4.120000000000000000e+03
1.543359160000000000e+08 4.190000000000000000e+03 5.710000000000000000e+03 1.320000000000000000e+03 4.110000000000000000e+03
1.543361240000000000e+08 4.190000000000000000e+03 5.710000000000000000e+03 1.320000000000000000e+03 4.110000000000000000e+03
1.543363310000000000e+08 4.180000000000000000e+03 5.690000000000000000e+03 1.320000000000000000e+03 4.110000000000000000e+03
1.543365400000000000e+08 4.180000000000000000e+03 5.690000000000000000e+03 1.340000000000000000e+03 4.110000000000000000e+03
1.543367480000000000e+08 4.190000000000000000e+03 5.690000000000000000e+03 1.330000000000000000e+03 4.110000000000000000e+03
1.543369560000000000e+08 4.200000000000000000e+03 5.690000000000000000e+03 1.350000000000000000e+03 4.110000000000000000e+03
1.543371640000000000e+08 4.190000000000000000e+03 5.690000000000000000e+03 1.340000000000000000e+03 4.110000000000000000e+03
1.543373710000000000e+08 4.190000000000000000e+03 5.700000000000000000e+03 1.340000000000000000e+03 4.120000000000000000e+03
1.543375790000000000e+08 4.180000000000000000e+03 5.690000000000000000e+03 1.330000000000000000e+03 4.120000000000000000e+03
1.543377870000000000e+08 4.180000000000000000e+03 5.690000000000000000e+03 1.350000000000000000e+03 4.120000000000000000e+03
1.543379950000000000e+08 4.180000000000000000e+03 5.680000000000000000e+03 1.370000000000000000e+03 4.120000000000000000e+03
1.543382030000000000e+08 4.190000000000000000e+03 5.690000000000000000e+03 1.360000000000000000e+03 4.120000000000000000e+03
1.543384110000000000e+08 4.180000000000000000e+03 5.690000000000000000e+03 1.360000000000000000e+03 4.120000000000000000e+03
1.543386190000000000e+08 4.180000000000000000e+03 5.690000000000000000e+03 1.360000000000000000e+03 4.120000000000000000e+03
1.543388270000000000e+08 4.180000000000000000e+03 5.690000000000000000e+03 1.350000000000000000e+03 4.110000000000000000e+03
1.543390350000000000e+08 4.180000000000000000e+03 5.700000000000000000e+03 1.350000000000000000e+03 4.110000000000000000e+03
1.543392430000000000e+08 4.190000000000000000e+03 5.700000000000000000e+03 1.340000000000000000e+03 4.110000000000000000e+03
1.543394510000000000e+08 4.180000000000000000e+03 5.710000000000000000e+03 1.350000000000000000e+03 4.110000000000000000e+03
1.543396590000000000e+08 4.180000000000000000e+03 5.700000000000000000e+03 1.350000000000000000e+03 4.110000000000000000e+03
1.543398670000000000e+08 4.180000000000000000e+03 5.700000000000000000e+03 1.340000000000000000e+03 4.120000000000000000e+03
1.543400750000000000e+08 4.190000000000000000e+03 5.700000000000000000e+03 1.340000000000000000e+03 4.120000000000000000e+03
1.543402830000000000e+08 4.200000000000000000e+03 5.700000000000000000e+03 1.340000000000000000e+03 4.110000000000000000e+03
1.543404910000000000e+08 4.190000000000000000e+03 5.700000000000000000e+03 1.340000000000000000e+03 4.110000000000000000e+03
1.543406980000000000e+08 4.180000000000000000e+03 5.700000000000000000e+03 1.350000000000000000e+03 4.110000000000000000e+03
1.543409070000000000e+08 4.180000000000000000e+03 5.690000000000000000e+03 1.350000000000000000e+03 4.120000000000000000e+03
1.543411150000000000e+08 4.190000000000000000e+03 5.690000000000000000e+03 1.350000000000000000e+03 4.120000000000000000e+03
1.543413230000000000e+08 4.180000000000000000e+03 5.690000000000000000e+03 1.360000000000000000e+03 4.110000000000000000e+03
1.543415310000000000e+08 4.180000000000000000e+03 5.690000000000000000e+03 1.360000000000000000e+03 4.110000000000000000e+03
1.543417390000000000e+08 4.190000000000000000e+03 5.690000000000000000e+03 1.360000000000000000e+03 4.110000000000000000e+03
1.543419470000000000e+08 4.180000000000000000e+03 5.690000000000000000e+03 1.340000000000000000e+03 4.100000000000000000e+03
1.543421540000000000e+08 4.190000000000000000e+03 5.700000000000000000e+03 1.350000000000000000e+03 4.100000000000000000e+03
1.543423630000000000e+08 4.190000000000000000e+03 5.700000000000000000e+03 1.350000000000000000e+03 4.110000000000000000e+03
1.543425710000000000e+08 4.190000000000000000e+03 5.700000000000000000e+03 1.340000000000000000e+03 4.110000000000000000e+03
1.543427780000000000e+08 4.200000000000000000e+03 5.700000000000000000e+03 1.360000000000000000e+03 4.110000000000000000e+03
1.543429860000000000e+08 4.190000000000000000e+03 5.700000000000000000e+03 1.340000000000000000e+03 4.110000000000000000e+03
1.543431940000000000e+08 4.190000000000000000e+03 5.690000000000000000e+03 1.350000000000000000e+03 4.110000000000000000e+03
1.543434020000000000e+08 4.190000000000000000e+03 5.690000000000000000e+03 1.350000000000000000e+03 4.110000000000000000e+03
1.543436100000000000e+08 4.180000000000000000e+03 5.690000000000000000e+03 1.350000000000000000e+03 4.110000000000000000e+03
1.543438180000000000e+08 4.190000000000000000e+03 5.700000000000000000e+03 1.340000000000000000e+03 4.110000000000000000e+03
1.543440260000000000e+08 4.200000000000000000e+03 5.700000000000000000e+03 1.340000000000000000e+03 4.110000000000000000e+03
1.543442340000000000e+08 4.190000000000000000e+03 5.690000000000000000e+03 1.330000000000000000e+03 4.110000000000000000e+03
1.543444420000000000e+08 4.180000000000000000e+03 5.690000000000000000e+03 1.330000000000000000e+03 4.110000000000000000e+03
1.543446500000000000e+08 4.180000000000000000e+03 5.690000000000000000e+03 1.350000000000000000e+03 4.110000000000000000e+03
1.543448580000000000e+08 4.180000000000000000e+03 5.690000000000000000e+03 1.350000000000000000e+03 4.110000000000000000e+03
1.543450660000000000e+08 4.190000000000000000e+03 5.690000000000000000e+03 1.330000000000000000e+03 4.110000000000000000e+03
1.543452740000000000e+08 4.190000000000000000e+03 5.690000000000000000e+03 1.340000000000000000e+03 4.110000000000000000e+03
1.543454820000000000e+08 4.200000000000000000e+03 5.690000000000000000e+03 1.330000000000000000e+03 4.110000000000000000e+03
1.543456900000000000e+08 4.190000000000000000e+03 5.680000000000000000e+03 1.330000000000000000e+03 4.110000000000000000e+03
1.543458990000000000e+08 4.180000000000000000e+03 5.680000000000000000e+03 1.350000000000000000e+03 4.120000000000000000e+03
1.543461060000000000e+08 4.190000000000000000e+03 5.680000000000000000e+03 1.350000000000000000e+03 4.130000000000000000e+03
1.543463140000000000e+08 4.200000000000000000e+03 5.700000000000000000e+03 1.350000000000000000e+03 4.130000000000000000e+03
1.543465220000000000e+08 4.190000000000000000e+03 5.700000000000000000e+03 1.350000000000000000e+03 4.130000000000000000e+03
1.543467300000000000e+08 4.180000000000000000e+03 5.700000000000000000e+03 1.340000000000000000e+03 4.130000000000000000e+03
1.543469380000000000e+08 4.180000000000000000e+03 5.700000000000000000e+03 1.340000000000000000e+03 4.120000000000000000e+03
1.543471460000000000e+08 4.180000000000000000e+03 5.690000000000000000e+03 1.340000000000000000e+03 4.120000000000000000e+03
1.543473540000000000e+08 4.180000000000000000e+03 5.690000000000000000e+03 1.350000000000000000e+03 4.120000000000000000e+03
1.543475620000000000e+08 4.190000000000000000e+03 5.690000000000000000e+03 1.360000000000000000e+03 4.120000000000000000e+03
1.543477700000000000e+08 4.180000000000000000e+03 5.700000000000000000e+03 1.340000000000000000e+03 4.110000000000000000e+03
1.543479780000000000e+08 4.180000000000000000e+03 5.700000000000000000e+03 1.340000000000000000e+03 4.110000000000000000e+03
1.543481850000000000e+08 4.190000000000000000e+03 5.700000000000000000e+03 1.320000000000000000e+03 4.110000000000000000e+03
1.543483940000000000e+08 4.190000000000000000e+03 5.690000000000000000e+03 1.330000000000000000e+03 4.110000000000000000e+03
1.543486020000000000e+08 4.200000000000000000e+03 5.700000000000000000e+03 1.320000000000000000e+03 4.110000000000000000e+03
1.543488090000000000e+08 4.200000000000000000e+03 5.690000000000000000e+03 1.320000000000000000e+03 4.110000000000000000e+03
1.543490170000000000e+08 4.210000000000000000e+03 5.690000000000000000e+03 1.320000000000000000e+03 4.110000000000000000e+03
1.543492250000000000e+08 4.210000000000000000e+03 5.700000000000000000e+03 1.320000000000000000e+03 4.110000000000000000e+03
1.543494330000000000e+08 4.210000000000000000e+03 5.690000000000000000e+03 1.330000000000000000e+03 4.110000000000000000e+03
1.543496410000000000e+08 4.210000000000000000e+03 5.700000000000000000e+03 1.350000000000000000e+03 4.110000000000000000e+03
1.543498490000000000e+08 4.210000000000000000e+03 5.710000000000000000e+03 1.370000000000000000e+03 4.110000000000000000e+03
1.543500570000000000e+08 4.200000000000000000e+03 5.710000000000000000e+03 1.360000000000000000e+03 4.110000000000000000e+03
1.543502660000000000e+08 4.200000000000000000e+03 5.720000000000000000e+03 1.350000000000000000e+03 4.110000000000000000e+03
1.543504730000000000e+08 4.200000000000000000e+03 5.710000000000000000e+03 1.340000000000000000e+03 4.110000000000000000e+03
1.543506810000000000e+08 4.200000000000000000e+03 5.700000000000000000e+03 1.340000000000000000e+03 4.110000000000000000e+03
1.543508890000000000e+08 4.200000000000000000e+03 5.690000000000000000e+03 1.330000000000000000e+03 4.110000000000000000e+03
1.543510970000000000e+08 4.200000000000000000e+03 5.690000000000000000e+03 1.330000000000000000e+03 4.110000000000000000e+03
1.543513050000000000e+08 4.200000000000000000e+03 5.700000000000000000e+03 1.330000000000000000e+03 4.110000000000000000e+03
1.543515130000000000e+08 4.190000000000000000e+03 5.700000000000000000e+03 1.330000000000000000e+03 4.110000000000000000e+03
1.543517210000000000e+08 4.190000000000000000e+03 5.700000000000000000e+03 1.330000000000000000e+03 4.110000000000000000e+03
1.543519290000000000e+08 4.190000000000000000e+03 5.690000000000000000e+03 1.330000000000000000e+03 4.110000000000000000e+03
1.543521370000000000e+08 4.190000000000000000e+03 5.710000000000000000e+03 1.330000000000000000e+03 4.110000000000000000e+03
1.543523450000000000e+08 4.180000000000000000e+03 5.700000000000000000e+03 1.340000000000000000e+03 4.110000000000000000e+03
1.543525530000000000e+08 4.190000000000000000e+03 5.690000000000000000e+03 1.330000000000000000e+03 4.110000000000000000e+03
1.543529690000000000e+08 4.190000000000000000e+03 5.690000000000000000e+03 1.350000000000000000e+03 4.110000000000000000e+03
1.543531770000000000e+08 4.200000000000000000e+03 5.690000000000000000e+03 1.350000000000000000e+03 4.110000000000000000e+03
1.543533850000000000e+08 4.190000000000000000e+03 5.710000000000000000e+03 1.340000000000000000e+03 4.120000000000000000e+03
1.543535930000000000e+08 4.190000000000000000e+03 5.710000000000000000e+03 1.330000000000000000e+03 4.120000000000000000e+03
1.543538010000000000e+08 4.180000000000000000e+03 5.710000000000000000e+03 1.350000000000000000e+03 4.110000000000000000e+03
1.543540080000000000e+08 4.190000000000000000e+03 5.710000000000000000e+03 1.360000000000000000e+03 4.120000000000000000e+03
1.543542170000000000e+08 4.190000000000000000e+03 5.710000000000000000e+03 1.340000000000000000e+03 4.120000000000000000e+03
1.543544240000000000e+08 4.200000000000000000e+03 5.710000000000000000e+03 1.350000000000000000e+03 4.110000000000000000e+03
1.543546320000000000e+08 4.190000000000000000e+03 5.710000000000000000e+03 1.350000000000000000e+03 4.110000000000000000e+03
1.543548400000000000e+08 4.180000000000000000e+03 5.700000000000000000e+03 1.330000000000000000e+03 4.110000000000000000e+03
1.543550480000000000e+08 4.190000000000000000e+03 5.700000000000000000e+03 1.330000000000000000e+03 4.110000000000000000e+03
1.543552560000000000e+08 4.200000000000000000e+03 5.710000000000000000e+03 1.330000000000000000e+03 4.110000000000000000e+03
1.543554640000000000e+08 4.200000000000000000e+03 5.700000000000000000e+03 1.340000000000000000e+03 4.110000000000000000e+03
1.543556720000000000e+08 4.200000000000000000e+03 5.710000000000000000e+03 1.350000000000000000e+03 4.120000000000000000e+03
1.543558800000000000e+08 4.190000000000000000e+03 5.700000000000000000e+03 1.350000000000000000e+03 4.120000000000000000e+03
1.543560900000000000e+08 4.190000000000000000e+03 5.700000000000000000e+03 1.350000000000000000e+03 4.120000000000000000e+03
1.543562960000000000e+08 4.200000000000000000e+03 5.700000000000000000e+03 1.340000000000000000e+03 4.120000000000000000e+03
1.543565040000000000e+08 4.190000000000000000e+03 5.700000000000000000e+03 1.340000000000000000e+03 4.120000000000000000e+03
1.543567120000000000e+08 4.200000000000000000e+03 5.700000000000000000e+03 1.340000000000000000e+03 4.120000000000000000e+03
1.543569200000000000e+08 4.200000000000000000e+03 5.710000000000000000e+03 1.350000000000000000e+03 4.120000000000000000e+03
1.543571280000000000e+08 4.190000000000000000e+03 5.700000000000000000e+03 1.360000000000000000e+03 4.130000000000000000e+03
1.543573360000000000e+08 4.190000000000000000e+03 5.700000000000000000e+03 1.360000000000000000e+03 4.130000000000000000e+03
1.543575440000000000e+08 4.180000000000000000e+03 5.710000000000000000e+03 1.370000000000000000e+03 4.130000000000000000e+03
1.543577520000000000e+08 4.190000000000000000e+03 5.700000000000000000e+03 1.370000000000000000e+03 4.130000000000000000e+03
1.543579600000000000e+08 4.190000000000000000e+03 5.700000000000000000e+03 1.370000000000000000e+03 4.130000000000000000e+03
1.543585840000000000e+08 4.210000000000000000e+03 5.700000000000000000e+03 1.340000000000000000e+03 4.130000000000000000e+03
1.543587920000000000e+08 4.210000000000000000e+03 5.700000000000000000e+03 1.350000000000000000e+03 4.130000000000000000e+03
1.543590000000000000e+08 4.200000000000000000e+03 5.710000000000000000e+03 1.350000000000000000e+03 4.120000000000000000e+03
1.543592080000000000e+08 4.190000000000000000e+03 5.700000000000000000e+03 1.340000000000000000e+03 4.110000000000000000e+03
1.543594160000000000e+08 4.180000000000000000e+03 5.700000000000000000e+03 1.340000000000000000e+03 4.130000000000000000e+03
1.543596230000000000e+08 4.180000000000000000e+03 5.700000000000000000e+03 1.340000000000000000e+03 4.130000000000000000e+03
1.543598320000000000e+08 4.190000000000000000e+03 5.700000000000000000e+03 1.330000000000000000e+03 4.130000000000000000e+03
1.544000390000000000e+08 4.200000000000000000e+03 5.690000000000000000e+03 1.350000000000000000e+03 4.130000000000000000e+03
1.544002470000000000e+08 4.200000000000000000e+03 5.690000000000000000e+03 1.340000000000000000e+03 4.130000000000000000e+03
1.544004550000000000e+08 4.200000000000000000e+03 5.700000000000000000e+03 1.340000000000000000e+03 4.120000000000000000e+03
1.544006630000000000e+08 4.190000000000000000e+03 5.710000000000000000e+03 1.330000000000000000e+03 4.130000000000000000e+03
1.544008710000000000e+08 4.190000000000000000e+03 5.720000000000000000e+03 1.340000000000000000e+03 4.130000000000000000e+03
1.544010950000000000e+08 4.180000000000000000e+03 5.720000000000000000e+03 1.330000000000000000e+03 4.120000000000000000e+03
1.544013170000000000e+08 4.180000000000000000e+03 5.710000000000000000e+03 1.350000000000000000e+03 4.120000000000000000e+03
1.544015110000000000e+08 4.190000000000000000e+03 5.700000000000000000e+03 1.340000000000000000e+03 4.120000000000000000e+03
1.544017190000000000e+08 4.180000000000000000e+03 5.700000000000000000e+03 1.350000000000000000e+03 4.120000000000000000e+03
1.544019270000000000e+08 4.190000000000000000e+03 5.700000000000000000e+03 1.350000000000000000e+03 4.120000000000000000e+03
1.544021350000000000e+08 4.190000000000000000e+03 5.700000000000000000e+03 1.330000000000000000e+03 4.120000000000000000e+03
1.544023430000000000e+08 4.190000000000000000e+03 5.700000000000000000e+03 1.330000000000000000e+03 4.120000000000000000e+03
1.544025500000000000e+08 4.200000000000000000e+03 5.710000000000000000e+03 1.330000000000000000e+03 4.110000000000000000e+03
1.544027590000000000e+08 4.200000000000000000e+03 5.710000000000000000e+03 1.330000000000000000e+03 4.110000000000000000e+03
1.544029670000000000e+08 4.200000000000000000e+03 5.700000000000000000e+03 1.340000000000000000e+03 4.120000000000000000e+03
1.544031750000000000e+08 4.200000000000000000e+03 5.700000000000000000e+03 1.350000000000000000e+03 4.120000000000000000e+03
1.544033830000000000e+08 4.200000000000000000e+03 5.700000000000000000e+03 1.350000000000000000e+03 4.120000000000000000e+03
1.544035910000000000e+08 4.190000000000000000e+03 5.690000000000000000e+03 1.340000000000000000e+03 4.120000000000000000e+03
1.544037990000000000e+08 4.200000000000000000e+03 5.690000000000000000e+03 1.340000000000000000e+03 4.120000000000000000e+03
1.544040070000000000e+08 4.200000000000000000e+03 5.690000000000000000e+03 1.350000000000000000e+03 4.120000000000000000e+03
1.544042150000000000e+08 4.190000000000000000e+03 5.690000000000000000e+03 1.330000000000000000e+03 4.120000000000000000e+03
1.544044230000000000e+08 4.190000000000000000e+03 5.690000000000000000e+03 1.350000000000000000e+03 4.110000000000000000e+03
1.544046300000000000e+08 4.190000000000000000e+03 5.690000000000000000e+03 1.350000000000000000e+03 4.120000000000000000e+03
1.544048380000000000e+08 4.190000000000000000e+03 5.700000000000000000e+03 1.340000000000000000e+03 4.120000000000000000e+03
1.544050460000000000e+08 4.180000000000000000e+03 5.690000000000000000e+03 1.330000000000000000e+03 4.120000000000000000e+03
1.544052550000000000e+08 4.180000000000000000e+03 5.690000000000000000e+03 1.320000000000000000e+03 4.120000000000000000e+03
1.544054620000000000e+08 4.190000000000000000e+03 5.700000000000000000e+03 1.330000000000000000e+03 4.120000000000000000e+03
1.544056710000000000e+08 4.190000000000000000e+03 5.700000000000000000e+03 1.340000000000000000e+03 4.120000000000000000e+03
1.544058780000000000e+08 4.190000000000000000e+03 5.680000000000000000e+03 1.340000000000000000e+03 4.120000000000000000e+03
1.544060860000000000e+08 4.190000000000000000e+03 5.690000000000000000e+03 1.320000000000000000e+03 4.110000000000000000e+03
1.544062940000000000e+08 4.190000000000000000e+03 5.710000000000000000e+03 1.320000000000000000e+03 4.120000000000000000e+03
1.544065020000000000e+08 4.190000000000000000e+03 5.710000000000000000e+03 1.320000000000000000e+03 4.130000000000000000e+03
1.544067100000000000e+08 4.190000000000000000e+03 5.710000000000000000e+03 1.320000000000000000e+03 4.130000000000000000e+03
1.544069180000000000e+08 4.200000000000000000e+03 5.690000000000000000e+03 1.320000000000000000e+03 4.120000000000000000e+03
1.544071260000000000e+08 4.180000000000000000e+03 5.700000000000000000e+03 1.330000000000000000e+03 4.120000000000000000e+03
1.544073330000000000e+08 4.180000000000000000e+03 5.700000000000000000e+03 1.340000000000000000e+03 4.120000000000000000e+03
1.544075420000000000e+08 4.190000000000000000e+03 5.700000000000000000e+03 1.340000000000000000e+03 4.120000000000000000e+03
1.544077500000000000e+08 4.190000000000000000e+03 5.690000000000000000e+03 1.330000000000000000e+03 4.120000000000000000e+03
1.544079580000000000e+08 4.180000000000000000e+03 5.690000000000000000e+03 1.320000000000000000e+03 4.120000000000000000e+03
1.544081660000000000e+08 4.190000000000000000e+03 5.690000000000000000e+03 1.320000000000000000e+03 4.120000000000000000e+03
1.544083740000000000e+08 4.190000000000000000e+03 5.680000000000000000e+03 1.320000000000000000e+03 4.120000000000000000e+03
1.544085820000000000e+08 4.200000000000000000e+03 5.690000000000000000e+03 1.320000000000000000e+03 4.120000000000000000e+03
1.544087900000000000e+08 4.200000000000000000e+03 5.690000000000000000e+03 1.330000000000000000e+03 4.120000000000000000e+03
1.544089980000000000e+08 4.190000000000000000e+03 5.690000000000000000e+03 1.330000000000000000e+03 4.110000000000000000e+03
1.544092060000000000e+08 4.190000000000000000e+03 5.700000000000000000e+03 1.330000000000000000e+03 4.120000000000000000e+03
1.544094130000000000e+08 4.190000000000000000e+03 5.700000000000000000e+03 1.330000000000000000e+03 4.120000000000000000e+03
1.544096220000000000e+08 4.190000000000000000e+03 5.700000000000000000e+03 1.330000000000000000e+03 4.120000000000000000e+03
1.544098300000000000e+08 4.180000000000000000e+03 5.700000000000000000e+03 1.340000000000000000e+03 4.120000000000000000e+03
1.544100380000000000e+08 4.180000000000000000e+03 5.700000000000000000e+03 1.350000000000000000e+03 4.120000000000000000e+03
1.544102460000000000e+08 4.190000000000000000e+03 5.690000000000000000e+03 1.350000000000000000e+03 4.110000000000000000e+03
1.544104540000000000e+08 4.200000000000000000e+03 5.690000000000000000e+03 1.340000000000000000e+03 4.120000000000000000e+03
1.544106620000000000e+08 4.190000000000000000e+03 5.710000000000000000e+03 1.340000000000000000e+03 4.120000000000000000e+03
1.544108700000000000e+08 4.190000000000000000e+03 5.710000000000000000e+03 1.340000000000000000e+03 4.120000000000000000e+03
1.544110770000000000e+08 4.190000000000000000e+03 5.710000000000000000e+03 1.350000000000000000e+03 4.120000000000000000e+03
1.544112860000000000e+08 4.190000000000000000e+03 5.700000000000000000e+03 1.340000000000000000e+03 4.120000000000000000e+03
1.544114930000000000e+08 4.180000000000000000e+03 5.710000000000000000e+03 1.350000000000000000e+03 4.120000000000000000e+03
1.544117010000000000e+08 4.190000000000000000e+03 5.710000000000000000e+03 1.340000000000000000e+03 4.130000000000000000e+03
