1.547190130000000000e+08 3.260000000000000000e+03 5.060000000000000000e+03 2.170000000000000000e+03 4.500000000000000000e+03
1.547192210000000000e+08 3.260000000000000000e+03 5.060000000000000000e+03 2.170000000000000000e+03 4.490000000000000000e+03
1.547194290000000000e+08 3.250000000000000000e+03 5.060000000000000000e+03 2.170000000000000000e+03 4.490000000000000000e+03
1.547196370000000000e+08 3.250000000000000000e+03 5.060000000000000000e+03 2.160000000000000000e+03 4.490000000000000000e+03
1.547198450000000000e+08 3.260000000000000000e+03 5.060000000000000000e+03 2.160000000000000000e+03 4.490000000000000000e+03
1.547200530000000000e+08 3.230000000000000000e+03 5.060000000000000000e+03 2.160000000000000000e+03 4.490000000000000000e+03
1.547202610000000000e+08 3.230000000000000000e+03 5.060000000000000000e+03 2.160000000000000000e+03 4.490000000000000000e+03
1.547204690000000000e+08 3.250000000000000000e+03 5.060000000000000000e+03 2.160000000000000000e+03 4.490000000000000000e+03
1.547206760000000000e+08 3.240000000000000000e+03 5.060000000000000000e+03 2.160000000000000000e+03 4.490000000000000000e+03
1.547208850000000000e+08 3.250000000000000000e+03 5.050000000000000000e+03 2.160000000000000000e+03 4.500000000000000000e+03
1.547210920000000000e+08 3.250000000000000000e+03 5.060000000000000000e+03 2.160000000000000000e+03 4.500000000000000000e+03
1.547213010000000000e+08 3.260000000000000000e+03 5.060000000000000000e+03 2.160000000000000000e+03 4.500000000000000000e+03
1.547215080000000000e+08 3.270000000000000000e+03 5.060000000000000000e+03 2.170000000000000000e+03 4.490000000000000000e+03
1.547217160000000000e+08 3.240000000000000000e+03 5.060000000000000000e+03 2.170000000000000000e+03 4.490000000000000000e+03
1.547219240000000000e+08 3.240000000000000000e+03 5.050000000000000000e+03 2.170000000000000000e+03 4.490000000000000000e+03
1.547221320000000000e+08 3.230000000000000000e+03 5.050000000000000000e+03 2.160000000000000000e+03 4.490000000000000000e+03
1.547223400000000000e+08 3.230000000000000000e+03 5.050000000000000000e+03 2.160000000000000000e+03 4.490000000000000000e+03
1.547225480000000000e+08 3.240000000000000000e+03 5.060000000000000000e+03 2.160000000000000000e+03 4.490000000000000000e+03
1.547227560000000000e+08 3.240000000000000000e+03 5.060000000000000000e+03 2.160000000000000000e+03 4.490000000000000000e+03
1.547229640000000000e+08 3.230000000000000000e+03 5.060000000000000000e+03 2.160000000000000000e+03 4.480000000000000000e+03
1.547231720000000000e+08 3.210000000000000000e+03 5.040000000000000000e+03 2.170000000000000000e+03 4.480000000000000000e+03
1.547233800000000000e+08 3.210000000000000000e+03 5.050000000000000000e+03 2.180000000000000000e+03 4.490000000000000000e+03
1.547235880000000000e+08 3.220000000000000000e+03 5.060000000000000000e+03 2.170000000000000000e+03 4.500000000000000000e+03
1.547237960000000000e+08 3.220000000000000000e+03 5.070000000000000000e+03 2.170000000000000000e+03 4.500000000000000000e+03
1.547240040000000000e+08 3.230000000000000000e+03 5.060000000000000000e+03 2.170000000000000000e+03 4.500000000000000000e+03
1.547242120000000000e+08 3.240000000000000000e+03 5.060000000000000000e+03 2.160000000000000000e+03 4.500000000000000000e+03
1.547244200000000000e+08 3.260000000000000000e+03 5.050000000000000000e+03 2.160000000000000000e+03 4.500000000000000000e+03
1.547246280000000000e+08 3.260000000000000000e+03 5.040000000000000000e+03 2.160000000000000000e+03 4.490000000000000000e+03
1.547248360000000000e+08 3.260000000000000000e+03 5.050000000000000000e+03 2.160000000000000000e+03 4.490000000000000000e+03
1.547250440000000000e+08 3.260000000000000000e+03 5.050000000000000000e+03 2.160000000000000000e+03 4.490000000000000000e+03
1.547252520000000000e+08 3.260000000000000000e+03 5.060000000000000000e+03 2.170000000000000000e+03 4.490000000000000000e+03
1.547254610000000000e+08 3.250000000000000000e+03 5.060000000000000000e+03 2.170000000000000000e+03 4.500000000000000000e+03
1.547256680000000000e+08 3.260000000000000000e+03 5.060000000000000000e+03 2.170000000000000000e+03 4.500000000000000000e+03
1.547258760000000000e+08 3.260000000000000000e+03 5.060000000000000000e+03 2.160000000000000000e+03 4.500000000000000000e+03
1.547260840000000000e+08 3.260000000000000000e+03 5.060000000000000000e+03 2.160000000000000000e+03 4.510000000000000000e+03
1.547262920000000000e+08 3.270000000000000000e+03 5.060000000000000000e+03 2.160000000000000000e+03 4.500000000000000000e+03
1.547264990000000000e+08 3.250000000000000000e+03 5.060000000000000000e+03 2.160000000000000000e+03 4.490000000000000000e+03
1.547267070000000000e+08 3.250000000000000000e+03 5.060000000000000000e+03 2.160000000000000000e+03 4.500000000000000000e+03
1.547269150000000000e+08 3.250000000000000000e+03 5.050000000000000000e+03 2.160000000000000000e+03 4.500000000000000000e+03
1.547271230000000000e+08 3.250000000000000000e+03 5.050000000000000000e+03 2.160000000000000000e+03 4.490000000000000000e+03
1.547273310000000000e+08 3.250000000000000000e+03 5.060000000000000000e+03 2.160000000000000000e+03 4.490000000000000000e+03
1.547275390000000000e+08 3.250000000000000000e+03 5.060000000000000000e+03 2.170000000000000000e+03 4.500000000000000000e+03
1.547277470000000000e+08 3.250000000000000000e+03 5.060000000000000000e+03 2.170000000000000000e+03 4.490000000000000000e+03
1.547279550000000000e+08 3.260000000000000000e+03 5.050000000000000000e+03 2.160000000000000000e+03 4.490000000000000000e+03
1.547281630000000000e+08 3.260000000000000000e+03 5.060000000000000000e+03 2.160000000000000000e+03 4.480000000000000000e+03
1.547283710000000000e+08 3.270000000000000000e+03 5.060000000000000000e+03 2.160000000000000000e+03 4.490000000000000000e+03
1.547285790000000000e+08 3.270000000000000000e+03 5.060000000000000000e+03 2.150000000000000000e+03 4.490000000000000000e+03
1.547287870000000000e+08 3.270000000000000000e+03 5.060000000000000000e+03 2.150000000000000000e+03 4.490000000000000000e+03
1.547289950000000000e+08 3.270000000000000000e+03 5.050000000000000000e+03 2.160000000000000000e+03 4.490000000000000000e+03
1.547292030000000000e+08 3.280000000000000000e+03 5.050000000000000000e+03 2.160000000000000000e+03 4.490000000000000000e+03
1.547294110000000000e+08 3.270000000000000000e+03 5.060000000000000000e+03 2.160000000000000000e+03 4.500000000000000000e+03
1.547296210000000000e+08 3.260000000000000000e+03 5.070000000000000000e+03 2.160000000000000000e+03 4.500000000000000000e+03
1.547298270000000000e+08 3.240000000000000000e+03 5.070000000000000000e+03 2.160000000000000000e+03 4.490000000000000000e+03
1.547300340000000000e+08 3.250000000000000000e+03 5.070000000000000000e+03 2.170000000000000000e+03 4.490000000000000000e+03
1.547302430000000000e+08 3.240000000000000000e+03 5.070000000000000000e+03 2.170000000000000000e+03 4.490000000000000000e+03
1.547304510000000000e+08 3.240000000000000000e+03 5.070000000000000000e+03 2.180000000000000000e+03 4.490000000000000000e+03
1.547306590000000000e+08 3.250000000000000000e+03 5.070000000000000000e+03 2.170000000000000000e+03 4.490000000000000000e+03
1.547308670000000000e+08 3.250000000000000000e+03 5.070000000000000000e+03 2.170000000000000000e+03 4.490000000000000000e+03
1.547310750000000000e+08 3.250000000000000000e+03 5.050000000000000000e+03 2.160000000000000000e+03 4.480000000000000000e+03
1.547312830000000000e+08 3.250000000000000000e+03 5.050000000000000000e+03 2.160000000000000000e+03 4.490000000000000000e+03
1.547314910000000000e+08 3.260000000000000000e+03 5.050000000000000000e+03 2.160000000000000000e+03 4.500000000000000000e+03
1.547316990000000000e+08 3.260000000000000000e+03 5.060000000000000000e+03 2.170000000000000000e+03 4.500000000000000000e+03
1.547319070000000000e+08 3.260000000000000000e+03 5.060000000000000000e+03 2.170000000000000000e+03 4.500000000000000000e+03
1.547321140000000000e+08 3.240000000000000000e+03 5.060000000000000000e+03 2.170000000000000000e+03 4.500000000000000000e+03
1.547323220000000000e+08 3.240000000000000000e+03 5.060000000000000000e+03 2.170000000000000000e+03 4.500000000000000000e+03
1.547325300000000000e+08 3.240000000000000000e+03 5.050000000000000000e+03 2.160000000000000000e+03 4.500000000000000000e+03
1.547327380000000000e+08 3.240000000000000000e+03 5.040000000000000000e+03 2.160000000000000000e+03 4.490000000000000000e+03
1.547329460000000000e+08 3.250000000000000000e+03 5.050000000000000000e+03 2.160000000000000000e+03 4.490000000000000000e+03
1.547331540000000000e+08 3.270000000000000000e+03 5.050000000000000000e+03 2.160000000000000000e+03 4.490000000000000000e+03
1.547333620000000000e+08 3.250000000000000000e+03 5.060000000000000000e+03 2.160000000000000000e+03 4.500000000000000000e+03
1.547335700000000000e+08 3.240000000000000000e+03 5.060000000000000000e+03 2.170000000000000000e+03 4.500000000000000000e+03
1.547337780000000000e+08 3.240000000000000000e+03 5.060000000000000000e+03 2.160000000000000000e+03 4.490000000000000000e+03
1.547339890000000000e+08 3.260000000000000000e+03 5.060000000000000000e+03 2.160000000000000000e+03 4.490000000000000000e+03
1.547341940000000000e+08 3.270000000000000000e+03 5.060000000000000000e+03 2.160000000000000000e+03 4.480000000000000000e+03
1.547344020000000000e+08 3.280000000000000000e+03 5.050000000000000000e+03 2.160000000000000000e+03 4.490000000000000000e+03
1.547346090000000000e+08 3.290000000000000000e+03 5.060000000000000000e+03 2.160000000000000000e+03 4.490000000000000000e+03
1.547348180000000000e+08 3.270000000000000000e+03 5.060000000000000000e+03 2.160000000000000000e+03 4.480000000000000000e+03
1.547350260000000000e+08 3.270000000000000000e+03 5.060000000000000000e+03 2.170000000000000000e+03 4.490000000000000000e+03
1.547352340000000000e+08 3.270000000000000000e+03 5.040000000000000000e+03 2.170000000000000000e+03 4.500000000000000000e+03
1.547354490000000000e+08 3.260000000000000000e+03 5.040000000000000000e+03 2.160000000000000000e+03 4.500000000000000000e+03
1.547356500000000000e+08 3.260000000000000000e+03 5.050000000000000000e+03 2.160000000000000000e+03 4.490000000000000000e+03
1.547358570000000000e+08 3.260000000000000000e+03 5.040000000000000000e+03 2.150000000000000000e+03 4.490000000000000000e+03
1.547360660000000000e+08 3.270000000000000000e+03 5.050000000000000000e+03 2.150000000000000000e+03 4.500000000000000000e+03
1.547362740000000000e+08 3.270000000000000000e+03 5.050000000000000000e+03 2.160000000000000000e+03 4.500000000000000000e+03
1.547364820000000000e+08 3.270000000000000000e+03 5.060000000000000000e+03 2.160000000000000000e+03 4.500000000000000000e+03
1.547366890000000000e+08 3.270000000000000000e+03 5.060000000000000000e+03 2.160000000000000000e+03 4.500000000000000000e+03
1.547368970000000000e+08 3.270000000000000000e+03 5.060000000000000000e+03 2.170000000000000000e+03 4.500000000000000000e+03
1.547371050000000000e+08 3.250000000000000000e+03 5.070000000000000000e+03 2.180000000000000000e+03 4.500000000000000000e+03
1.547373140000000000e+08 3.250000000000000000e+03 5.070000000000000000e+03 2.180000000000000000e+03 4.510000000000000000e+03
1.547375220000000000e+08 3.260000000000000000e+03 5.060000000000000000e+03 2.170000000000000000e+03 4.510000000000000000e+03
1.547377300000000000e+08 3.260000000000000000e+03 5.060000000000000000e+03 2.160000000000000000e+03 4.500000000000000000e+03
1.547379370000000000e+08 3.260000000000000000e+03 5.060000000000000000e+03 2.170000000000000000e+03 4.500000000000000000e+03
1.547381450000000000e+08 3.250000000000000000e+03 5.060000000000000000e+03 2.170000000000000000e+03 4.490000000000000000e+03
1.547383530000000000e+08 3.250000000000000000e+03 5.060000000000000000e+03 2.170000000000000000e+03 4.490000000000000000e+03
1.547385610000000000e+08 3.250000000000000000e+03 5.050000000000000000e+03 2.170000000000000000e+03 4.500000000000000000e+03
1.547387690000000000e+08 3.250000000000000000e+03 5.040000000000000000e+03 2.160000000000000000e+03 4.500000000000000000e+03
1.547389770000000000e+08 3.250000000000000000e+03 5.050000000000000000e+03 2.160000000000000000e+03 4.500000000000000000e+03
1.547391850000000000e+08 3.250000000000000000e+03 5.060000000000000000e+03 2.160000000000000000e+03 4.500000000000000000e+03
1.547393930000000000e+08 3.250000000000000000e+03 5.060000000000000000e+03 2.170000000000000000e+03 4.500000000000000000e+03
1.547396010000000000e+08 3.260000000000000000e+03 5.060000000000000000e+03 2.160000000000000000e+03 4.500000000000000000e+03
1.547398090000000000e+08 3.260000000000000000e+03 5.040000000000000000e+03 2.170000000000000000e+03 4.490000000000000000e+03
1.547400170000000000e+08 3.270000000000000000e+03 5.040000000000000000e+03 2.170000000000000000e+03 4.490000000000000000e+03
1.547402250000000000e+08 3.270000000000000000e+03 5.050000000000000000e+03 2.160000000000000000e+03 4.490000000000000000e+03
1.547404330000000000e+08 3.270000000000000000e+03 5.050000000000000000e+03 2.160000000000000000e+03 4.490000000000000000e+03
1.547406410000000000e+08 3.250000000000000000e+03 5.060000000000000000e+03 2.160000000000000000e+03 4.500000000000000000e+03
1.547408490000000000e+08 3.250000000000000000e+03 5.060000000000000000e+03 2.160000000000000000e+03 4.500000000000000000e+03
1.547410570000000000e+08 3.270000000000000000e+03 5.060000000000000000e+03 2.160000000000000000e+03 4.500000000000000000e+03
1.547412650000000000e+08 3.260000000000000000e+03 5.060000000000000000e+03 2.160000000000000000e+03 4.500000000000000000e+03
1.547414730000000000e+08 3.260000000000000000e+03 5.060000000000000000e+03 2.160000000000000000e+03 4.500000000000000000e+03
1.547416810000000000e+08 3.260000000000000000e+03 5.050000000000000000e+03 2.160000000000000000e+03 4.500000000000000000e+03
1.547418890000000000e+08 3.250000000000000000e+03 5.040000000000000000e+03 2.160000000000000000e+03 4.500000000000000000e+03
1.547420970000000000e+08 3.250000000000000000e+03 5.050000000000000000e+03 2.160000000000000000e+03 4.500000000000000000e+03
1.547423040000000000e+08 3.250000000000000000e+03 5.050000000000000000e+03 2.160000000000000000e+03 4.500000000000000000e+03
1.547425130000000000e+08 3.230000000000000000e+03 5.060000000000000000e+03 2.160000000000000000e+03 4.500000000000000000e+03
1.547427210000000000e+08 3.240000000000000000e+03 5.060000000000000000e+03 2.160000000000000000e+03 4.500000000000000000e+03
1.547429290000000000e+08 3.250000000000000000e+03 5.060000000000000000e+03 2.160000000000000000e+03 4.500000000000000000e+03
1.547431370000000000e+08 3.250000000000000000e+03 5.050000000000000000e+03 2.170000000000000000e+03 4.500000000000000000e+03
1.547433440000000000e+08 3.250000000000000000e+03 5.060000000000000000e+03 2.170000000000000000e+03 4.500000000000000000e+03
1.547435530000000000e+08 3.250000000000000000e+03 5.060000000000000000e+03 2.160000000000000000e+03 4.500000000000000000e+03
1.547437600000000000e+08 3.250000000000000000e+03 5.060000000000000000e+03 2.160000000000000000e+03 4.500000000000000000e+03
1.547439680000000000e+08 3.260000000000000000e+03 5.050000000000000000e+03 2.160000000000000000e+03 4.510000000000000000e+03
1.547441760000000000e+08 3.260000000000000000e+03 5.050000000000000000e+03 2.160000000000000000e+03 4.500000000000000000e+03
1.547443850000000000e+08 3.240000000000000000e+03 5.050000000000000000e+03 2.160000000000000000e+03 4.500000000000000000e+03
1.547445920000000000e+08 3.240000000000000000e+03 5.050000000000000000e+03 2.160000000000000000e+03 4.500000000000000000e+03
1.547448000000000000e+08 3.260000000000000000e+03 5.050000000000000000e+03 2.160000000000000000e+03 4.500000000000000000e+03
1.547450080000000000e+08 3.260000000000000000e+03 5.060000000000000000e+03 2.160000000000000000e+03 4.510000000000000000e+03
1.547452160000000000e+08 3.260000000000000000e+03 5.060000000000000000e+03 2.160000000000000000e+03 4.500000000000000000e+03
1.547454240000000000e+08 3.260000000000000000e+03 5.060000000000000000e+03 2.150000000000000000e+03 4.500000000000000000e+03
1.547456320000000000e+08 3.260000000000000000e+03 5.050000000000000000e+03 2.150000000000000000e+03 4.500000000000000000e+03
1.547458390000000000e+08 3.260000000000000000e+03 5.050000000000000000e+03 2.150000000000000000e+03 4.500000000000000000e+03
1.547460480000000000e+08 3.260000000000000000e+03 5.060000000000000000e+03 2.150000000000000000e+03 4.500000000000000000e+03
1.547462560000000000e+08 3.260000000000000000e+03 5.060000000000000000e+03 2.160000000000000000e+03 4.500000000000000000e+03
1.547464640000000000e+08 3.260000000000000000e+03 5.060000000000000000e+03 2.170000000000000000e+03 4.510000000000000000e+03
1.547466720000000000e+08 3.260000000000000000e+03 5.060000000000000000e+03 2.170000000000000000e+03 4.510000000000000000e+03
1.547468800000000000e+08 3.260000000000000000e+03 5.060000000000000000e+03 2.160000000000000000e+03 4.510000000000000000e+03
1.547470880000000000e+08 3.270000000000000000e+03 5.050000000000000000e+03 2.170000000000000000e+03 4.510000000000000000e+03
1.547472960000000000e+08 3.270000000000000000e+03 5.060000000000000000e+03 2.170000000000000000e+03 4.500000000000000000e+03
1.547475030000000000e+08 3.260000000000000000e+03 5.060000000000000000e+03 2.170000000000000000e+03 4.500000000000000000e+03
1.547477120000000000e+08 3.260000000000000000e+03 5.060000000000000000e+03 2.170000000000000000e+03 4.490000000000000000e+03
1.547479200000000000e+08 3.270000000000000000e+03 5.060000000000000000e+03 2.170000000000000000e+03 4.500000000000000000e+03
1.547481270000000000e+08 3.270000000000000000e+03 5.060000000000000000e+03 2.160000000000000000e+03 4.510000000000000000e+03
1.547483350000000000e+08 3.270000000000000000e+03 5.050000000000000000e+03 2.150000000000000000e+03 4.500000000000000000e+03
1.547485440000000000e+08 3.270000000000000000e+03 5.060000000000000000e+03 2.150000000000000000e+03 4.510000000000000000e+03
1.547487520000000000e+08 3.270000000000000000e+03 5.060000000000000000e+03 2.150000000000000000e+03 4.510000000000000000e+03
1.547489590000000000e+08 3.260000000000000000e+03 5.050000000000000000e+03 2.150000000000000000e+03 4.510000000000000000e+03
1.547491680000000000e+08 3.250000000000000000e+03 5.050000000000000000e+03 2.150000000000000000e+03 4.500000000000000000e+03
1.547493760000000000e+08 3.240000000000000000e+03 5.050000000000000000e+03 2.150000000000000000e+03 4.500000000000000000e+03
1.547495840000000000e+08 3.240000000000000000e+03 5.050000000000000000e+03 2.160000000000000000e+03 4.500000000000000000e+03
1.547497910000000000e+08 3.250000000000000000e+03 5.050000000000000000e+03 2.160000000000000000e+03 4.500000000000000000e+03
1.547499990000000000e+08 3.240000000000000000e+03 5.050000000000000000e+03 2.160000000000000000e+03 4.500000000000000000e+03
1.547502070000000000e+08 3.240000000000000000e+03 5.050000000000000000e+03 2.160000000000000000e+03 4.500000000000000000e+03
1.547504150000000000e+08 3.240000000000000000e+03 5.050000000000000000e+03 2.160000000000000000e+03 4.500000000000000000e+03
1.547506230000000000e+08 3.240000000000000000e+03 5.040000000000000000e+03 2.160000000000000000e+03 4.490000000000000000e+03
1.547508300000000000e+08 3.240000000000000000e+03 5.040000000000000000e+03 2.170000000000000000e+03 4.500000000000000000e+03
1.547510390000000000e+08 3.250000000000000000e+03 5.040000000000000000e+03 2.160000000000000000e+03 4.500000000000000000e+03
1.547512470000000000e+08 3.260000000000000000e+03 5.050000000000000000e+03 2.160000000000000000e+03 4.500000000000000000e+03
1.547514550000000000e+08 3.240000000000000000e+03 5.040000000000000000e+03 2.170000000000000000e+03 4.500000000000000000e+03
1.547516630000000000e+08 3.250000000000000000e+03 5.060000000000000000e+03 2.170000000000000000e+03 4.500000000000000000e+03
1.547518710000000000e+08 3.250000000000000000e+03 5.060000000000000000e+03 2.170000000000000000e+03 4.500000000000000000e+03
1.547520790000000000e+08 3.250000000000000000e+03 5.060000000000000000e+03 2.170000000000000000e+03 4.500000000000000000e+03
1.547522870000000000e+08 3.250000000000000000e+03 5.060000000000000000e+03 2.170000000000000000e+03 4.500000000000000000e+03
1.547524950000000000e+08 3.250000000000000000e+03 5.060000000000000000e+03 2.170000000000000000e+03 4.500000000000000000e+03
1.547527030000000000e+08 3.250000000000000000e+03 5.070000000000000000e+03 2.160000000000000000e+03 4.500000000000000000e+03
1.547529110000000000e+08 3.260000000000000000e+03 5.070000000000000000e+03 2.170000000000000000e+03 4.500000000000000000e+03
1.547531190000000000e+08 3.260000000000000000e+03 5.060000000000000000e+03 2.170000000000000000e+03 4.490000000000000000e+03
1.547533270000000000e+08 3.260000000000000000e+03 5.050000000000000000e+03 2.170000000000000000e+03 4.490000000000000000e+03
1.547535350000000000e+08 3.260000000000000000e+03 5.040000000000000000e+03 2.160000000000000000e+03 4.490000000000000000e+03
1.547537430000000000e+08 3.260000000000000000e+03 5.040000000000000000e+03 2.160000000000000000e+03 4.490000000000000000e+03
1.547539510000000000e+08 3.260000000000000000e+03 5.050000000000000000e+03 2.160000000000000000e+03 4.490000000000000000e+03
1.547541590000000000e+08 3.250000000000000000e+03 5.050000000000000000e+03 2.160000000000000000e+03 4.500000000000000000e+03
1.547543670000000000e+08 3.260000000000000000e+03 5.060000000000000000e+03 2.170000000000000000e+03 4.500000000000000000e+03
1.547545750000000000e+08 3.270000000000000000e+03 5.050000000000000000e+03 2.170000000000000000e+03 4.500000000000000000e+03
1.547547820000000000e+08 3.260000000000000000e+03 5.060000000000000000e+03 2.180000000000000000e+03 4.500000000000000000e+03
1.547549910000000000e+08 3.260000000000000000e+03 5.070000000000000000e+03 2.180000000000000000e+03 4.510000000000000000e+03
1.547551980000000000e+08 3.260000000000000000e+03 5.070000000000000000e+03 2.170000000000000000e+03 4.510000000000000000e+03
1.547554060000000000e+08 3.260000000000000000e+03 5.070000000000000000e+03 2.170000000000000000e+03 4.510000000000000000e+03
1.547556140000000000e+08 3.260000000000000000e+03 5.070000000000000000e+03 2.170000000000000000e+03 4.500000000000000000e+03
1.547558220000000000e+08 3.260000000000000000e+03 5.070000000000000000e+03 2.160000000000000000e+03 4.500000000000000000e+03
1.547560310000000000e+08 3.260000000000000000e+03 5.050000000000000000e+03 2.160000000000000000e+03 4.490000000000000000e+03
1.547562380000000000e+08 3.260000000000000000e+03 5.050000000000000000e+03 2.160000000000000000e+03 4.490000000000000000e+03
1.547564460000000000e+08 3.260000000000000000e+03 5.040000000000000000e+03 2.160000000000000000e+03 4.500000000000000000e+03
1.547566540000000000e+08 3.260000000000000000e+03 5.050000000000000000e+03 2.170000000000000000e+03 4.500000000000000000e+03
1.547568620000000000e+08 3.260000000000000000e+03 5.050000000000000000e+03 2.170000000000000000e+03 4.490000000000000000e+03
1.547570700000000000e+08 3.260000000000000000e+03 5.060000000000000000e+03 2.170000000000000000e+03 4.500000000000000000e+03
1.547572780000000000e+08 3.260000000000000000e+03 5.050000000000000000e+03 2.160000000000000000e+03 4.490000000000000000e+03
1.547574860000000000e+08 3.260000000000000000e+03 5.050000000000000000e+03 2.170000000000000000e+03 4.500000000000000000e+03
1.547576940000000000e+08 3.260000000000000000e+03 5.050000000000000000e+03 2.170000000000000000e+03 4.500000000000000000e+03
1.547579020000000000e+08 3.260000000000000000e+03 5.060000000000000000e+03 2.170000000000000000e+03 4.500000000000000000e+03
1.547581100000000000e+08 3.260000000000000000e+03 5.060000000000000000e+03 2.170000000000000000e+03 4.500000000000000000e+03
1.547583180000000000e+08 3.260000000000000000e+03 5.060000000000000000e+03 2.170000000000000000e+03 4.490000000000000000e+03
1.547585270000000000e+08 3.260000000000000000e+03 5.050000000000000000e+03 2.170000000000000000e+03 4.490000000000000000e+03
1.547587340000000000e+08 3.250000000000000000e+03 5.050000000000000000e+03 2.170000000000000000e+03 4.490000000000000000e+03
1.547589420000000000e+08 3.250000000000000000e+03 5.050000000000000000e+03 2.170000000000000000e+03 4.490000000000000000e+03
1.547591500000000000e+08 3.250000000000000000e+03 5.060000000000000000e+03 2.160000000000000000e+03 4.480000000000000000e+03
1.547593580000000000e+08 3.250000000000000000e+03 5.070000000000000000e+03 2.160000000000000000e+03 4.480000000000000000e+03
1.547595660000000000e+08 3.250000000000000000e+03 5.060000000000000000e+03 2.150000000000000000e+03 4.480000000000000000e+03
1.547597740000000000e+08 3.250000000000000000e+03 5.060000000000000000e+03 2.150000000000000000e+03 4.490000000000000000e+03
1.547599820000000000e+08 3.250000000000000000e+03 5.060000000000000000e+03 2.160000000000000000e+03 4.490000000000000000e+03
1.548001890000000000e+08 3.260000000000000000e+03 5.040000000000000000e+03 2.160000000000000000e+03 4.490000000000000000e+03
1.548003970000000000e+08 3.260000000000000000e+03 5.050000000000000000e+03 2.170000000000000000e+03 4.490000000000000000e+03
1.548006050000000000e+08 3.260000000000000000e+03 5.060000000000000000e+03 2.170000000000000000e+03 4.480000000000000000e+03
1.548008130000000000e+08 3.260000000000000000e+03 5.060000000000000000e+03 2.160000000000000000e+03 4.500000000000000000e+03
1.548010210000000000e+08 3.270000000000000000e+03 5.040000000000000000e+03 2.160000000000000000e+03 4.500000000000000000e+03
1.548012290000000000e+08 3.280000000000000000e+03 5.050000000000000000e+03 2.160000000000000000e+03 4.490000000000000000e+03
1.548014370000000000e+08 3.290000000000000000e+03 5.060000000000000000e+03 2.160000000000000000e+03 4.490000000000000000e+03
1.548016450000000000e+08 3.280000000000000000e+03 5.060000000000000000e+03 2.160000000000000000e+03 4.500000000000000000e+03
1.548018530000000000e+08 3.280000000000000000e+03 5.050000000000000000e+03 2.160000000000000000e+03 4.500000000000000000e+03
1.548020610000000000e+08 3.280000000000000000e+03 5.060000000000000000e+03 2.160000000000000000e+03 4.500000000000000000e+03
1.548022680000000000e+08 3.270000000000000000e+03 5.060000000000000000e+03 2.170000000000000000e+03 4.500000000000000000e+03
1.548024770000000000e+08 3.260000000000000000e+03 5.050000000000000000e+03 2.170000000000000000e+03 4.510000000000000000e+03
1.548026850000000000e+08 3.270000000000000000e+03 5.040000000000000000e+03 2.160000000000000000e+03 4.500000000000000000e+03
1.548028930000000000e+08 3.270000000000000000e+03 5.040000000000000000e+03 2.160000000000000000e+03 4.500000000000000000e+03
1.548031010000000000e+08 3.260000000000000000e+03 5.050000000000000000e+03 2.160000000000000000e+03 4.490000000000000000e+03
1.548033080000000000e+08 3.270000000000000000e+03 5.050000000000000000e+03 2.160000000000000000e+03 4.500000000000000000e+03
1.548035170000000000e+08 3.270000000000000000e+03 5.060000000000000000e+03 2.160000000000000000e+03 4.500000000000000000e+03
1.548037250000000000e+08 3.270000000000000000e+03 5.060000000000000000e+03 2.160000000000000000e+03 4.500000000000000000e+03
1.548039330000000000e+08 3.270000000000000000e+03 5.060000000000000000e+03 2.160000000000000000e+03 4.510000000000000000e+03
1.548041410000000000e+08 3.270000000000000000e+03 5.060000000000000000e+03 2.160000000000000000e+03 4.510000000000000000e+03
1.548043490000000000e+08 3.270000000000000000e+03 5.050000000000000000e+03 2.160000000000000000e+03 4.510000000000000000e+03
1.548045570000000000e+08 3.280000000000000000e+03 5.050000000000000000e+03 2.160000000000000000e+03 4.510000000000000000e+03
1.548047640000000000e+08 3.270000000000000000e+03 5.050000000000000000e+03 2.160000000000000000e+03 4.510000000000000000e+03
1.548049730000000000e+08 3.270000000000000000e+03 5.060000000000000000e+03 2.160000000000000000e+03 4.500000000000000000e+03
1.548051810000000000e+08 3.270000000000000000e+03 5.060000000000000000e+03 2.170000000000000000e+03 4.490000000000000000e+03
1.548053890000000000e+08 3.280000000000000000e+03 5.060000000000000000e+03 2.170000000000000000e+03 4.500000000000000000e+03
1.548056450000000000e+08 3.270000000000000000e+03 5.060000000000000000e+03 2.170000000000000000e+03 4.500000000000000000e+03
1.548058050000000000e+08 3.260000000000000000e+03 5.070000000000000000e+03 2.170000000000000000e+03 4.500000000000000000e+03
1.548060130000000000e+08 3.260000000000000000e+03 5.060000000000000000e+03 2.170000000000000000e+03 4.500000000000000000e+03
1.548062210000000000e+08 3.270000000000000000e+03 5.060000000000000000e+03 2.170000000000000000e+03 4.510000000000000000e+03
