1.606429860000000000e+08 1.870000000000000000e+03 3.720000000000000000e+03 4.210000000000000000e+03 5.450000000000000000e+03
1.606431940000000000e+08 1.870000000000000000e+03 3.730000000000000000e+03 4.220000000000000000e+03 5.450000000000000000e+03
1.606434020000000000e+08 1.870000000000000000e+03 3.720000000000000000e+03 4.220000000000000000e+03 5.460000000000000000e+03
1.606436100000000000e+08 1.860000000000000000e+03 3.720000000000000000e+03 4.220000000000000000e+03 5.460000000000000000e+03
1.606438180000000000e+08 1.870000000000000000e+03 3.730000000000000000e+03 4.220000000000000000e+03 5.460000000000000000e+03
1.606440260000000000e+08 1.890000000000000000e+03 3.720000000000000000e+03 4.220000000000000000e+03 5.460000000000000000e+03
1.606442330000000000e+08 1.860000000000000000e+03 3.720000000000000000e+03 4.220000000000000000e+03 5.460000000000000000e+03
1.606444410000000000e+08 1.850000000000000000e+03 3.710000000000000000e+03 4.210000000000000000e+03 5.450000000000000000e+03
1.606446500000000000e+08 1.840000000000000000e+03 3.710000000000000000e+03 4.220000000000000000e+03 5.460000000000000000e+03
1.606448580000000000e+08 1.830000000000000000e+03 3.720000000000000000e+03 4.210000000000000000e+03 5.460000000000000000e+03
1.606450660000000000e+08 1.820000000000000000e+03 3.710000000000000000e+03 4.210000000000000000e+03 5.460000000000000000e+03
1.606452740000000000e+08 1.820000000000000000e+03 3.710000000000000000e+03 4.210000000000000000e+03 5.460000000000000000e+03
1.606454810000000000e+08 1.850000000000000000e+03 3.710000000000000000e+03 4.210000000000000000e+03 5.460000000000000000e+03
1.606456900000000000e+08 1.850000000000000000e+03 3.720000000000000000e+03 4.210000000000000000e+03 5.460000000000000000e+03
1.606458970000000000e+08 1.830000000000000000e+03 3.710000000000000000e+03 4.210000000000000000e+03 5.460000000000000000e+03
1.606461060000000000e+08 1.850000000000000000e+03 3.710000000000000000e+03 4.220000000000000000e+03 5.460000000000000000e+03
1.606463130000000000e+08 1.870000000000000000e+03 3.710000000000000000e+03 4.220000000000000000e+03 5.450000000000000000e+03
1.606465220000000000e+08 1.880000000000000000e+03 3.730000000000000000e+03 4.220000000000000000e+03 5.450000000000000000e+03
1.606467290000000000e+08 1.890000000000000000e+03 3.720000000000000000e+03 4.220000000000000000e+03 5.450000000000000000e+03
1.606469380000000000e+08 1.880000000000000000e+03 3.720000000000000000e+03 4.220000000000000000e+03 5.450000000000000000e+03
1.606471450000000000e+08 1.870000000000000000e+03 3.730000000000000000e+03 4.220000000000000000e+03 5.450000000000000000e+03
1.606473380000000000e+08 1.870000000000000000e+03 3.720000000000000000e+03 4.220000000000000000e+03 5.450000000000000000e+03
1.606475450000000000e+08 1.880000000000000000e+03 3.700000000000000000e+03 4.220000000000000000e+03 5.450000000000000000e+03
1.606477540000000000e+08 1.870000000000000000e+03 3.700000000000000000e+03 4.220000000000000000e+03 5.450000000000000000e+03
1.606479610000000000e+08 1.860000000000000000e+03 3.720000000000000000e+03 4.220000000000000000e+03 5.450000000000000000e+03
1.606481690000000000e+08 1.850000000000000000e+03 3.730000000000000000e+03 4.220000000000000000e+03 5.450000000000000000e+03
1.606483820000000000e+08 1.840000000000000000e+03 3.720000000000000000e+03 4.220000000000000000e+03 5.450000000000000000e+03
1.606485850000000000e+08 1.850000000000000000e+03 3.720000000000000000e+03 4.220000000000000000e+03 5.450000000000000000e+03
1.606487930000000000e+08 1.840000000000000000e+03 3.720000000000000000e+03 4.210000000000000000e+03 5.440000000000000000e+03
1.606490010000000000e+08 1.830000000000000000e+03 3.740000000000000000e+03 4.210000000000000000e+03 5.450000000000000000e+03
1.606492090000000000e+08 1.830000000000000000e+03 3.740000000000000000e+03 4.210000000000000000e+03 5.450000000000000000e+03
1.606494170000000000e+08 1.850000000000000000e+03 3.740000000000000000e+03 4.200000000000000000e+03 5.450000000000000000e+03
1.606496250000000000e+08 1.860000000000000000e+03 3.720000000000000000e+03 4.200000000000000000e+03 5.450000000000000000e+03
1.606498330000000000e+08 1.840000000000000000e+03 3.720000000000000000e+03 4.200000000000000000e+03 5.450000000000000000e+03
1.606500400000000000e+08 1.850000000000000000e+03 3.730000000000000000e+03 4.210000000000000000e+03 5.450000000000000000e+03
1.606502490000000000e+08 1.860000000000000000e+03 3.720000000000000000e+03 4.210000000000000000e+03 5.450000000000000000e+03
1.606504570000000000e+08 1.870000000000000000e+03 3.720000000000000000e+03 4.210000000000000000e+03 5.450000000000000000e+03
1.606506640000000000e+08 1.880000000000000000e+03 3.730000000000000000e+03 4.210000000000000000e+03 5.450000000000000000e+03
1.606508730000000000e+08 1.860000000000000000e+03 3.740000000000000000e+03 4.210000000000000000e+03 5.450000000000000000e+03
1.606510810000000000e+08 1.860000000000000000e+03 3.720000000000000000e+03 4.220000000000000000e+03 5.450000000000000000e+03
1.606512890000000000e+08 1.880000000000000000e+03 3.720000000000000000e+03 4.220000000000000000e+03 5.450000000000000000e+03
1.606514970000000000e+08 1.880000000000000000e+03 3.710000000000000000e+03 4.220000000000000000e+03 5.460000000000000000e+03
1.606517050000000000e+08 1.860000000000000000e+03 3.710000000000000000e+03 4.220000000000000000e+03 5.450000000000000000e+03
1.606519120000000000e+08 1.860000000000000000e+03 3.710000000000000000e+03 4.220000000000000000e+03 5.450000000000000000e+03
1.606521210000000000e+08 1.880000000000000000e+03 3.700000000000000000e+03 4.220000000000000000e+03 5.450000000000000000e+03
1.606523280000000000e+08 1.900000000000000000e+03 3.700000000000000000e+03 4.220000000000000000e+03 5.460000000000000000e+03
1.606525370000000000e+08 1.890000000000000000e+03 3.720000000000000000e+03 4.220000000000000000e+03 5.460000000000000000e+03
1.606527450000000000e+08 1.890000000000000000e+03 3.720000000000000000e+03 4.210000000000000000e+03 5.460000000000000000e+03
1.606529530000000000e+08 1.900000000000000000e+03 3.730000000000000000e+03 4.210000000000000000e+03 5.460000000000000000e+03
1.606531610000000000e+08 1.890000000000000000e+03 3.730000000000000000e+03 4.210000000000000000e+03 5.460000000000000000e+03
1.606533690000000000e+08 1.890000000000000000e+03 3.720000000000000000e+03 4.210000000000000000e+03 5.460000000000000000e+03
1.606535770000000000e+08 1.860000000000000000e+03 3.730000000000000000e+03 4.210000000000000000e+03 5.460000000000000000e+03
1.606537840000000000e+08 1.870000000000000000e+03 3.740000000000000000e+03 4.210000000000000000e+03 5.450000000000000000e+03
1.606539920000000000e+08 1.870000000000000000e+03 3.740000000000000000e+03 4.210000000000000000e+03 5.450000000000000000e+03
1.606542010000000000e+08 1.860000000000000000e+03 3.730000000000000000e+03 4.220000000000000000e+03 5.450000000000000000e+03
1.606544080000000000e+08 1.850000000000000000e+03 3.730000000000000000e+03 4.210000000000000000e+03 5.450000000000000000e+03
1.606546160000000000e+08 1.850000000000000000e+03 3.730000000000000000e+03 4.210000000000000000e+03 5.450000000000000000e+03
1.606548240000000000e+08 1.860000000000000000e+03 3.730000000000000000e+03 4.210000000000000000e+03 5.450000000000000000e+03
1.606550320000000000e+08 1.880000000000000000e+03 3.710000000000000000e+03 4.220000000000000000e+03 5.450000000000000000e+03
1.606552400000000000e+08 1.860000000000000000e+03 3.710000000000000000e+03 4.220000000000000000e+03 5.460000000000000000e+03
1.606554480000000000e+08 1.860000000000000000e+03 3.710000000000000000e+03 4.220000000000000000e+03 5.460000000000000000e+03
1.606556560000000000e+08 1.840000000000000000e+03 3.710000000000000000e+03 4.210000000000000000e+03 5.460000000000000000e+03
1.606558630000000000e+08 1.850000000000000000e+03 3.720000000000000000e+03 4.210000000000000000e+03 5.460000000000000000e+03
1.606560720000000000e+08 1.850000000000000000e+03 3.720000000000000000e+03 4.220000000000000000e+03 5.460000000000000000e+03
1.606562800000000000e+08 1.840000000000000000e+03 3.720000000000000000e+03 4.220000000000000000e+03 5.460000000000000000e+03
1.606564870000000000e+08 1.870000000000000000e+03 3.720000000000000000e+03 4.220000000000000000e+03 5.460000000000000000e+03
1.606566960000000000e+08 1.880000000000000000e+03 3.710000000000000000e+03 4.210000000000000000e+03 5.450000000000000000e+03
1.606569030000000000e+08 1.870000000000000000e+03 3.720000000000000000e+03 4.210000000000000000e+03 5.450000000000000000e+03
1.606571110000000000e+08 1.870000000000000000e+03 3.720000000000000000e+03 4.210000000000000000e+03 5.450000000000000000e+03
1.606573200000000000e+08 1.860000000000000000e+03 3.720000000000000000e+03 4.220000000000000000e+03 5.450000000000000000e+03
1.606575280000000000e+08 1.850000000000000000e+03 3.720000000000000000e+03 4.220000000000000000e+03 5.450000000000000000e+03
1.606577360000000000e+08 1.860000000000000000e+03 3.710000000000000000e+03 4.220000000000000000e+03 5.450000000000000000e+03
1.606579440000000000e+08 1.860000000000000000e+03 3.710000000000000000e+03 4.220000000000000000e+03 5.450000000000000000e+03
1.606581510000000000e+08 1.870000000000000000e+03 3.720000000000000000e+03 4.220000000000000000e+03 5.450000000000000000e+03
1.606583590000000000e+08 1.880000000000000000e+03 3.730000000000000000e+03 4.220000000000000000e+03 5.450000000000000000e+03
1.606585520000000000e+08 1.860000000000000000e+03 3.740000000000000000e+03 4.220000000000000000e+03 5.450000000000000000e+03
1.606587610000000000e+08 1.870000000000000000e+03 3.730000000000000000e+03 4.210000000000000000e+03 5.440000000000000000e+03
1.606589670000000000e+08 1.870000000000000000e+03 3.730000000000000000e+03 4.200000000000000000e+03 5.440000000000000000e+03
1.606591760000000000e+08 1.890000000000000000e+03 3.740000000000000000e+03 4.200000000000000000e+03 5.440000000000000000e+03
1.606593840000000000e+08 1.870000000000000000e+03 3.730000000000000000e+03 4.210000000000000000e+03 5.440000000000000000e+03
1.606595910000000000e+08 1.870000000000000000e+03 3.740000000000000000e+03 4.210000000000000000e+03 5.440000000000000000e+03
1.606597990000000000e+08 1.860000000000000000e+03 3.750000000000000000e+03 4.220000000000000000e+03 5.440000000000000000e+03
1.607000060000000000e+08 1.850000000000000000e+03 3.750000000000000000e+03 4.220000000000000000e+03 5.450000000000000000e+03
1.607002150000000000e+08 1.840000000000000000e+03 3.730000000000000000e+03 4.210000000000000000e+03 5.450000000000000000e+03
1.607004230000000000e+08 1.860000000000000000e+03 3.730000000000000000e+03 4.210000000000000000e+03 5.460000000000000000e+03
1.607006310000000000e+08 1.880000000000000000e+03 3.740000000000000000e+03 4.210000000000000000e+03 5.460000000000000000e+03
1.607008400000000000e+08 1.870000000000000000e+03 3.730000000000000000e+03 4.210000000000000000e+03 5.460000000000000000e+03
1.607010480000000000e+08 1.880000000000000000e+03 3.720000000000000000e+03 4.220000000000000000e+03 5.460000000000000000e+03
1.607012550000000000e+08 1.890000000000000000e+03 3.730000000000000000e+03 4.220000000000000000e+03 5.460000000000000000e+03
1.607014630000000000e+08 1.880000000000000000e+03 3.720000000000000000e+03 4.220000000000000000e+03 5.460000000000000000e+03
1.607016710000000000e+08 1.880000000000000000e+03 3.720000000000000000e+03 4.210000000000000000e+03 5.460000000000000000e+03
1.607018790000000000e+08 1.870000000000000000e+03 3.720000000000000000e+03 4.220000000000000000e+03 5.440000000000000000e+03
1.607020870000000000e+08 1.870000000000000000e+03 3.720000000000000000e+03 4.210000000000000000e+03 5.440000000000000000e+03
1.607022950000000000e+08 1.870000000000000000e+03 3.720000000000000000e+03 4.210000000000000000e+03 5.440000000000000000e+03
1.607025030000000000e+08 1.880000000000000000e+03 3.710000000000000000e+03 4.210000000000000000e+03 5.440000000000000000e+03
1.607027110000000000e+08 1.900000000000000000e+03 3.710000000000000000e+03 4.210000000000000000e+03 5.440000000000000000e+03
1.607029190000000000e+08 1.900000000000000000e+03 3.710000000000000000e+03 4.210000000000000000e+03 5.440000000000000000e+03
1.607031100000000000e+08 1.890000000000000000e+03 3.710000000000000000e+03 4.210000000000000000e+03 5.440000000000000000e+03
1.607033190000000000e+08 1.880000000000000000e+03 3.720000000000000000e+03 4.210000000000000000e+03 5.440000000000000000e+03
1.607035280000000000e+08 1.900000000000000000e+03 3.730000000000000000e+03 4.200000000000000000e+03 5.440000000000000000e+03
1.607037350000000000e+08 1.900000000000000000e+03 3.720000000000000000e+03 4.190000000000000000e+03 5.450000000000000000e+03
1.607039430000000000e+08 1.900000000000000000e+03 3.720000000000000000e+03 4.190000000000000000e+03 5.450000000000000000e+03
1.607041510000000000e+08 1.890000000000000000e+03 3.720000000000000000e+03 4.200000000000000000e+03 5.450000000000000000e+03
1.607043590000000000e+08 1.880000000000000000e+03 3.710000000000000000e+03 4.200000000000000000e+03 5.450000000000000000e+03
1.607045660000000000e+08 1.890000000000000000e+03 3.710000000000000000e+03 4.210000000000000000e+03 5.450000000000000000e+03
1.607047750000000000e+08 1.890000000000000000e+03 3.710000000000000000e+03 4.220000000000000000e+03 5.450000000000000000e+03
1.607049820000000000e+08 1.890000000000000000e+03 3.710000000000000000e+03 4.220000000000000000e+03 5.450000000000000000e+03
1.607051900000000000e+08 1.870000000000000000e+03 3.710000000000000000e+03 4.220000000000000000e+03 5.450000000000000000e+03
1.607053980000000000e+08 1.880000000000000000e+03 3.710000000000000000e+03 4.210000000000000000e+03 5.450000000000000000e+03
1.607056060000000000e+08 1.870000000000000000e+03 3.710000000000000000e+03 4.200000000000000000e+03 5.450000000000000000e+03
1.607058140000000000e+08 1.870000000000000000e+03 3.720000000000000000e+03 4.200000000000000000e+03 5.450000000000000000e+03
1.607060220000000000e+08 1.870000000000000000e+03 3.720000000000000000e+03 4.210000000000000000e+03 5.450000000000000000e+03
1.607062300000000000e+08 1.870000000000000000e+03 3.720000000000000000e+03 4.210000000000000000e+03 5.450000000000000000e+03
1.607064380000000000e+08 1.870000000000000000e+03 3.720000000000000000e+03 4.210000000000000000e+03 5.450000000000000000e+03
1.607066460000000000e+08 1.870000000000000000e+03 3.720000000000000000e+03 4.210000000000000000e+03 5.450000000000000000e+03
1.607068540000000000e+08 1.870000000000000000e+03 3.720000000000000000e+03 4.210000000000000000e+03 5.450000000000000000e+03
1.607070620000000000e+08 1.870000000000000000e+03 3.730000000000000000e+03 4.210000000000000000e+03 5.450000000000000000e+03
1.607072700000000000e+08 1.870000000000000000e+03 3.730000000000000000e+03 4.210000000000000000e+03 5.450000000000000000e+03
1.607074780000000000e+08 1.870000000000000000e+03 3.730000000000000000e+03 4.210000000000000000e+03 5.450000000000000000e+03
1.607076860000000000e+08 1.870000000000000000e+03 3.730000000000000000e+03 4.210000000000000000e+03 5.450000000000000000e+03
1.607078940000000000e+08 1.860000000000000000e+03 3.740000000000000000e+03 4.210000000000000000e+03 5.440000000000000000e+03
1.607081020000000000e+08 1.850000000000000000e+03 3.740000000000000000e+03 4.220000000000000000e+03 5.440000000000000000e+03
1.607083100000000000e+08 1.860000000000000000e+03 3.740000000000000000e+03 4.220000000000000000e+03 5.450000000000000000e+03
1.607085180000000000e+08 1.860000000000000000e+03 3.740000000000000000e+03 4.220000000000000000e+03 5.450000000000000000e+03
1.607087260000000000e+08 1.880000000000000000e+03 3.720000000000000000e+03 4.220000000000000000e+03 5.450000000000000000e+03
1.607089340000000000e+08 1.860000000000000000e+03 3.720000000000000000e+03 4.220000000000000000e+03 5.460000000000000000e+03
1.607091420000000000e+08 1.880000000000000000e+03 3.720000000000000000e+03 4.220000000000000000e+03 5.460000000000000000e+03
1.607093340000000000e+08 1.880000000000000000e+03 3.720000000000000000e+03 4.220000000000000000e+03 5.460000000000000000e+03
1.607095420000000000e+08 1.880000000000000000e+03 3.720000000000000000e+03 4.220000000000000000e+03 5.460000000000000000e+03
1.607097500000000000e+08 1.870000000000000000e+03 3.740000000000000000e+03 4.220000000000000000e+03 5.460000000000000000e+03
1.607099580000000000e+08 1.890000000000000000e+03 3.730000000000000000e+03 4.220000000000000000e+03 5.460000000000000000e+03
1.607101650000000000e+08 1.870000000000000000e+03 3.720000000000000000e+03 4.220000000000000000e+03 5.460000000000000000e+03
1.607103740000000000e+08 1.870000000000000000e+03 3.730000000000000000e+03 4.220000000000000000e+03 5.460000000000000000e+03
1.607105820000000000e+08 1.870000000000000000e+03 3.720000000000000000e+03 4.210000000000000000e+03 5.450000000000000000e+03
1.607107900000000000e+08 1.890000000000000000e+03 3.710000000000000000e+03 4.210000000000000000e+03 5.450000000000000000e+03
1.607109970000000000e+08 1.910000000000000000e+03 3.730000000000000000e+03 4.210000000000000000e+03 5.450000000000000000e+03
1.607112050000000000e+08 1.880000000000000000e+03 3.720000000000000000e+03 4.200000000000000000e+03 5.450000000000000000e+03
1.607114130000000000e+08 1.860000000000000000e+03 3.710000000000000000e+03 4.200000000000000000e+03 5.450000000000000000e+03
1.607116210000000000e+08 1.870000000000000000e+03 3.710000000000000000e+03 4.200000000000000000e+03 5.450000000000000000e+03
1.607118290000000000e+08 1.870000000000000000e+03 3.710000000000000000e+03 4.190000000000000000e+03 5.450000000000000000e+03
1.607120380000000000e+08 1.860000000000000000e+03 3.730000000000000000e+03 4.190000000000000000e+03 5.460000000000000000e+03
1.607122450000000000e+08 1.860000000000000000e+03 3.730000000000000000e+03 4.200000000000000000e+03 5.450000000000000000e+03
1.607124530000000000e+08 1.860000000000000000e+03 3.730000000000000000e+03 4.210000000000000000e+03 5.450000000000000000e+03
1.607126610000000000e+08 1.850000000000000000e+03 3.720000000000000000e+03 4.220000000000000000e+03 5.440000000000000000e+03
1.607128690000000000e+08 1.870000000000000000e+03 3.730000000000000000e+03 4.220000000000000000e+03 5.440000000000000000e+03
1.607130770000000000e+08 1.880000000000000000e+03 3.720000000000000000e+03 4.210000000000000000e+03 5.440000000000000000e+03
1.607132850000000000e+08 1.860000000000000000e+03 3.720000000000000000e+03 4.210000000000000000e+03 5.440000000000000000e+03
1.607134930000000000e+08 1.860000000000000000e+03 3.720000000000000000e+03 4.210000000000000000e+03 5.440000000000000000e+03
1.607137010000000000e+08 1.880000000000000000e+03 3.720000000000000000e+03 4.210000000000000000e+03 5.440000000000000000e+03
1.607139090000000000e+08 1.890000000000000000e+03 3.720000000000000000e+03 4.210000000000000000e+03 5.450000000000000000e+03
1.607141170000000000e+08 1.890000000000000000e+03 3.730000000000000000e+03 4.210000000000000000e+03 5.450000000000000000e+03
1.607143250000000000e+08 1.870000000000000000e+03 3.730000000000000000e+03 4.210000000000000000e+03 5.450000000000000000e+03
1.607145330000000000e+08 1.860000000000000000e+03 3.730000000000000000e+03 4.210000000000000000e+03 5.450000000000000000e+03
1.607147410000000000e+08 1.850000000000000000e+03 3.730000000000000000e+03 4.210000000000000000e+03 5.450000000000000000e+03
1.607149480000000000e+08 1.870000000000000000e+03 3.720000000000000000e+03 4.210000000000000000e+03 5.450000000000000000e+03
1.607151570000000000e+08 1.860000000000000000e+03 3.720000000000000000e+03 4.210000000000000000e+03 5.450000000000000000e+03
1.607153650000000000e+08 1.880000000000000000e+03 3.720000000000000000e+03 4.210000000000000000e+03 5.460000000000000000e+03
1.607155730000000000e+08 1.880000000000000000e+03 3.710000000000000000e+03 4.200000000000000000e+03 5.460000000000000000e+03
1.607157810000000000e+08 1.880000000000000000e+03 3.710000000000000000e+03 4.210000000000000000e+03 5.470000000000000000e+03
1.607159890000000000e+08 1.880000000000000000e+03 3.720000000000000000e+03 4.210000000000000000e+03 5.460000000000000000e+03
1.607161960000000000e+08 1.890000000000000000e+03 3.730000000000000000e+03 4.210000000000000000e+03 5.460000000000000000e+03
1.607164040000000000e+08 1.880000000000000000e+03 3.720000000000000000e+03 4.210000000000000000e+03 5.460000000000000000e+03
1.607165960000000000e+08 1.870000000000000000e+03 3.740000000000000000e+03 4.210000000000000000e+03 5.460000000000000000e+03
1.607168040000000000e+08 1.870000000000000000e+03 3.750000000000000000e+03 4.200000000000000000e+03 5.460000000000000000e+03
1.607170120000000000e+08 1.880000000000000000e+03 3.740000000000000000e+03 4.190000000000000000e+03 5.460000000000000000e+03
1.607172200000000000e+08 1.860000000000000000e+03 3.720000000000000000e+03 4.190000000000000000e+03 5.450000000000000000e+03
1.607174280000000000e+08 1.860000000000000000e+03 3.730000000000000000e+03 4.190000000000000000e+03 5.450000000000000000e+03
1.607176360000000000e+08 1.860000000000000000e+03 3.730000000000000000e+03 4.190000000000000000e+03 5.450000000000000000e+03
1.607178440000000000e+08 1.850000000000000000e+03 3.740000000000000000e+03 4.190000000000000000e+03 5.450000000000000000e+03
1.607180520000000000e+08 1.860000000000000000e+03 3.720000000000000000e+03 4.190000000000000000e+03 5.450000000000000000e+03
1.607182600000000000e+08 1.860000000000000000e+03 3.720000000000000000e+03 4.200000000000000000e+03 5.440000000000000000e+03
1.607184680000000000e+08 1.860000000000000000e+03 3.720000000000000000e+03 4.210000000000000000e+03 5.450000000000000000e+03
1.607186760000000000e+08 1.870000000000000000e+03 3.710000000000000000e+03 4.210000000000000000e+03 5.450000000000000000e+03
1.607188850000000000e+08 1.870000000000000000e+03 3.710000000000000000e+03 4.220000000000000000e+03 5.450000000000000000e+03
1.607190920000000000e+08 1.880000000000000000e+03 3.700000000000000000e+03 4.220000000000000000e+03 5.450000000000000000e+03
1.607193000000000000e+08 1.880000000000000000e+03 3.700000000000000000e+03 4.220000000000000000e+03 5.440000000000000000e+03
1.607195080000000000e+08 1.880000000000000000e+03 3.720000000000000000e+03 4.220000000000000000e+03 5.440000000000000000e+03
1.607197160000000000e+08 1.880000000000000000e+03 3.710000000000000000e+03 4.210000000000000000e+03 5.440000000000000000e+03
1.607199240000000000e+08 1.870000000000000000e+03 3.710000000000000000e+03 4.200000000000000000e+03 5.440000000000000000e+03
1.607201310000000000e+08 1.860000000000000000e+03 3.720000000000000000e+03 4.200000000000000000e+03 5.440000000000000000e+03
1.607203400000000000e+08 1.870000000000000000e+03 3.720000000000000000e+03 4.200000000000000000e+03 5.440000000000000000e+03
1.607205480000000000e+08 1.870000000000000000e+03 3.720000000000000000e+03 4.200000000000000000e+03 5.440000000000000000e+03
1.607207550000000000e+08 1.870000000000000000e+03 3.710000000000000000e+03 4.190000000000000000e+03 5.440000000000000000e+03
1.607209640000000000e+08 1.850000000000000000e+03 3.720000000000000000e+03 4.190000000000000000e+03 5.440000000000000000e+03
1.607211720000000000e+08 1.850000000000000000e+03 3.720000000000000000e+03 4.190000000000000000e+03 5.440000000000000000e+03
1.607213800000000000e+08 1.860000000000000000e+03 3.730000000000000000e+03 4.200000000000000000e+03 5.440000000000000000e+03
1.607215880000000000e+08 1.860000000000000000e+03 3.740000000000000000e+03 4.200000000000000000e+03 5.440000000000000000e+03
1.607217960000000000e+08 1.870000000000000000e+03 3.730000000000000000e+03 4.210000000000000000e+03 5.440000000000000000e+03
1.607220040000000000e+08 1.870000000000000000e+03 3.750000000000000000e+03 4.210000000000000000e+03 5.450000000000000000e+03
1.607222110000000000e+08 1.860000000000000000e+03 3.750000000000000000e+03 4.210000000000000000e+03 5.450000000000000000e+03
1.607224190000000000e+08 1.850000000000000000e+03 3.750000000000000000e+03 4.210000000000000000e+03 5.450000000000000000e+03
1.607226280000000000e+08 1.850000000000000000e+03 3.750000000000000000e+03 4.210000000000000000e+03 5.450000000000000000e+03
1.607228370000000000e+08 1.860000000000000000e+03 3.740000000000000000e+03 4.220000000000000000e+03 5.450000000000000000e+03
1.607230430000000000e+08 1.850000000000000000e+03 3.740000000000000000e+03 4.220000000000000000e+03 5.450000000000000000e+03
1.607232510000000000e+08 1.870000000000000000e+03 3.730000000000000000e+03 4.220000000000000000e+03 5.450000000000000000e+03
1.607234590000000000e+08 1.870000000000000000e+03 3.720000000000000000e+03 4.220000000000000000e+03 5.460000000000000000e+03
1.607236670000000000e+08 1.870000000000000000e+03 3.720000000000000000e+03 4.220000000000000000e+03 5.460000000000000000e+03
1.607238750000000000e+08 1.870000000000000000e+03 3.720000000000000000e+03 4.220000000000000000e+03 5.460000000000000000e+03
1.607240830000000000e+08 1.860000000000000000e+03 3.730000000000000000e+03 4.220000000000000000e+03 5.460000000000000000e+03
1.607244830000000000e+08 1.860000000000000000e+03 3.720000000000000000e+03 4.210000000000000000e+03 5.470000000000000000e+03
1.607246910000000000e+08 1.860000000000000000e+03 3.730000000000000000e+03 4.210000000000000000e+03 5.470000000000000000e+03
1.607248990000000000e+08 1.860000000000000000e+03 3.720000000000000000e+03 4.210000000000000000e+03 5.460000000000000000e+03
1.607251070000000000e+08 1.860000000000000000e+03 3.720000000000000000e+03 4.210000000000000000e+03 5.460000000000000000e+03
1.607253150000000000e+08 1.880000000000000000e+03 3.720000000000000000e+03 4.210000000000000000e+03 5.460000000000000000e+03
1.607255230000000000e+08 1.860000000000000000e+03 3.730000000000000000e+03 4.210000000000000000e+03 5.460000000000000000e+03
1.607257310000000000e+08 1.850000000000000000e+03 3.720000000000000000e+03 4.210000000000000000e+03 5.460000000000000000e+03
1.607259390000000000e+08 1.850000000000000000e+03 3.710000000000000000e+03 4.210000000000000000e+03 5.460000000000000000e+03
1.607261470000000000e+08 1.860000000000000000e+03 3.710000000000000000e+03 4.200000000000000000e+03 5.460000000000000000e+03
1.607263540000000000e+08 1.850000000000000000e+03 3.720000000000000000e+03 4.200000000000000000e+03 5.450000000000000000e+03
1.607265630000000000e+08 1.870000000000000000e+03 3.720000000000000000e+03 4.200000000000000000e+03 5.450000000000000000e+03
1.607267710000000000e+08 1.880000000000000000e+03 3.720000000000000000e+03 4.200000000000000000e+03 5.450000000000000000e+03
1.607269790000000000e+08 1.860000000000000000e+03 3.720000000000000000e+03 4.200000000000000000e+03 5.450000000000000000e+03
1.607271870000000000e+08 1.860000000000000000e+03 3.720000000000000000e+03 4.200000000000000000e+03 5.450000000000000000e+03
1.607273950000000000e+08 1.860000000000000000e+03 3.720000000000000000e+03 4.210000000000000000e+03 5.450000000000000000e+03
1.607276030000000000e+08 1.860000000000000000e+03 3.730000000000000000e+03 4.220000000000000000e+03 5.450000000000000000e+03
1.607278110000000000e+08 1.850000000000000000e+03 3.740000000000000000e+03 4.220000000000000000e+03 5.450000000000000000e+03
1.607280190000000000e+08 1.850000000000000000e+03 3.730000000000000000e+03 4.220000000000000000e+03 5.460000000000000000e+03
1.607282260000000000e+08 1.850000000000000000e+03 3.720000000000000000e+03 4.220000000000000000e+03 5.460000000000000000e+03
1.607284340000000000e+08 1.850000000000000000e+03 3.730000000000000000e+03 4.220000000000000000e+03 5.460000000000000000e+03
1.607286420000000000e+08 1.850000000000000000e+03 3.740000000000000000e+03 4.220000000000000000e+03 5.460000000000000000e+03
1.607288500000000000e+08 1.860000000000000000e+03 3.730000000000000000e+03 4.220000000000000000e+03 5.460000000000000000e+03
1.607290580000000000e+08 1.880000000000000000e+03 3.730000000000000000e+03 4.220000000000000000e+03 5.460000000000000000e+03
1.607292660000000000e+08 1.860000000000000000e+03 3.730000000000000000e+03 4.220000000000000000e+03 5.460000000000000000e+03
1.607294740000000000e+08 1.870000000000000000e+03 3.740000000000000000e+03 4.220000000000000000e+03 5.460000000000000000e+03
1.607296830000000000e+08 1.870000000000000000e+03 3.720000000000000000e+03 4.210000000000000000e+03 5.460000000000000000e+03
1.607298900000000000e+08 1.860000000000000000e+03 3.720000000000000000e+03 4.210000000000000000e+03 5.450000000000000000e+03
1.607300980000000000e+08 1.890000000000000000e+03 3.720000000000000000e+03 4.220000000000000000e+03 5.450000000000000000e+03
1.607303060000000000e+08 1.880000000000000000e+03 3.730000000000000000e+03 4.220000000000000000e+03 5.450000000000000000e+03
1.607305140000000000e+08 1.870000000000000000e+03 3.720000000000000000e+03 4.220000000000000000e+03 5.450000000000000000e+03
1.607307220000000000e+08 1.870000000000000000e+03 3.730000000000000000e+03 4.220000000000000000e+03 5.450000000000000000e+03
1.607309140000000000e+08 1.860000000000000000e+03 3.710000000000000000e+03 4.220000000000000000e+03 5.450000000000000000e+03
1.607311220000000000e+08 1.860000000000000000e+03 3.730000000000000000e+03 4.220000000000000000e+03 5.450000000000000000e+03
1.607313300000000000e+08 1.870000000000000000e+03 3.720000000000000000e+03 4.220000000000000000e+03 5.450000000000000000e+03
1.607315380000000000e+08 1.890000000000000000e+03 3.720000000000000000e+03 4.210000000000000000e+03 5.460000000000000000e+03
1.607317450000000000e+08 1.880000000000000000e+03 3.720000000000000000e+03 4.210000000000000000e+03 5.460000000000000000e+03
1.607319540000000000e+08 1.900000000000000000e+03 3.720000000000000000e+03 4.210000000000000000e+03 5.460000000000000000e+03
1.607321620000000000e+08 1.880000000000000000e+03 3.730000000000000000e+03 4.210000000000000000e+03 5.460000000000000000e+03
1.607323690000000000e+08 1.880000000000000000e+03 3.720000000000000000e+03 4.210000000000000000e+03 5.450000000000000000e+03
1.607325780000000000e+08 1.870000000000000000e+03 3.720000000000000000e+03 4.220000000000000000e+03 5.450000000000000000e+03
1.607327850000000000e+08 1.870000000000000000e+03 3.720000000000000000e+03 4.210000000000000000e+03 5.460000000000000000e+03
1.607329930000000000e+08 1.870000000000000000e+03 3.720000000000000000e+03 4.210000000000000000e+03 5.450000000000000000e+03
1.607332020000000000e+08 1.880000000000000000e+03 3.720000000000000000e+03 4.210000000000000000e+03 5.450000000000000000e+03
1.607334100000000000e+08 1.860000000000000000e+03 3.720000000000000000e+03 4.210000000000000000e+03 5.450000000000000000e+03
1.607336180000000000e+08 1.850000000000000000e+03 3.730000000000000000e+03 4.210000000000000000e+03 5.450000000000000000e+03
1.607338250000000000e+08 1.840000000000000000e+03 3.730000000000000000e+03 4.200000000000000000e+03 5.440000000000000000e+03
1.607340330000000000e+08 1.860000000000000000e+03 3.720000000000000000e+03 4.200000000000000000e+03 5.450000000000000000e+03
1.607342410000000000e+08 1.860000000000000000e+03 3.720000000000000000e+03 4.210000000000000000e+03 5.450000000000000000e+03
1.607344500000000000e+08 1.850000000000000000e+03 3.730000000000000000e+03 4.190000000000000000e+03 5.460000000000000000e+03
1.607346570000000000e+08 1.840000000000000000e+03 3.720000000000000000e+03 4.190000000000000000e+03 5.450000000000000000e+03
1.607348650000000000e+08 1.830000000000000000e+03 3.720000000000000000e+03 4.200000000000000000e+03 5.450000000000000000e+03
1.607350730000000000e+08 1.830000000000000000e+03 3.720000000000000000e+03 4.200000000000000000e+03 5.450000000000000000e+03
1.607352810000000000e+08 1.860000000000000000e+03 3.720000000000000000e+03 4.200000000000000000e+03 5.440000000000000000e+03
1.607354890000000000e+08 1.840000000000000000e+03 3.740000000000000000e+03 4.210000000000000000e+03 5.440000000000000000e+03
1.607356970000000000e+08 1.840000000000000000e+03 3.750000000000000000e+03 4.210000000000000000e+03 5.440000000000000000e+03
1.607359050000000000e+08 1.830000000000000000e+03 3.750000000000000000e+03 4.200000000000000000e+03 5.440000000000000000e+03
1.607361130000000000e+08 1.830000000000000000e+03 3.740000000000000000e+03 4.200000000000000000e+03 5.450000000000000000e+03
1.607363210000000000e+08 1.850000000000000000e+03 3.730000000000000000e+03 4.200000000000000000e+03 5.450000000000000000e+03
1.607365290000000000e+08 1.840000000000000000e+03 3.740000000000000000e+03 4.200000000000000000e+03 5.450000000000000000e+03
1.607367370000000000e+08 1.850000000000000000e+03 3.720000000000000000e+03 4.200000000000000000e+03 5.450000000000000000e+03
1.607369440000000000e+08 1.860000000000000000e+03 3.720000000000000000e+03 4.200000000000000000e+03 5.450000000000000000e+03
1.607371530000000000e+08 1.880000000000000000e+03 3.720000000000000000e+03 4.200000000000000000e+03 5.450000000000000000e+03
1.607373610000000000e+08 1.870000000000000000e+03 3.730000000000000000e+03 4.210000000000000000e+03 5.450000000000000000e+03
1.607375690000000000e+08 1.870000000000000000e+03 3.730000000000000000e+03 4.200000000000000000e+03 5.450000000000000000e+03
1.607377770000000000e+08 1.880000000000000000e+03 3.720000000000000000e+03 4.200000000000000000e+03 5.450000000000000000e+03
1.607379850000000000e+08 1.860000000000000000e+03 3.730000000000000000e+03 4.200000000000000000e+03 5.450000000000000000e+03
1.607381920000000000e+08 1.870000000000000000e+03 3.720000000000000000e+03 4.200000000000000000e+03 5.450000000000000000e+03
1.607384010000000000e+08 1.880000000000000000e+03 3.730000000000000000e+03 4.210000000000000000e+03 5.450000000000000000e+03
1.607386080000000000e+08 1.880000000000000000e+03 3.750000000000000000e+03 4.220000000000000000e+03 5.450000000000000000e+03
1.607388170000000000e+08 1.860000000000000000e+03 3.740000000000000000e+03 4.230000000000000000e+03 5.450000000000000000e+03
1.607390290000000000e+08 1.860000000000000000e+03 3.740000000000000000e+03 4.230000000000000000e+03 5.450000000000000000e+03
1.607392320000000000e+08 1.870000000000000000e+03 3.730000000000000000e+03 4.230000000000000000e+03 5.450000000000000000e+03
1.607394410000000000e+08 1.870000000000000000e+03 3.730000000000000000e+03 4.220000000000000000e+03 5.450000000000000000e+03
1.607396490000000000e+08 1.880000000000000000e+03 3.720000000000000000e+03 4.230000000000000000e+03 5.450000000000000000e+03
1.607398400000000000e+08 1.870000000000000000e+03 3.730000000000000000e+03 4.230000000000000000e+03 5.450000000000000000e+03
1.607400480000000000e+08 1.880000000000000000e+03 3.730000000000000000e+03 4.230000000000000000e+03 5.450000000000000000e+03
1.607402560000000000e+08 1.870000000000000000e+03 3.720000000000000000e+03 4.220000000000000000e+03 5.450000000000000000e+03
