1.608512040000000000e+08 2.190000000000000000e+03 3.890000000000000000e+03 3.780000000000000000e+03 5.020000000000000000e+03
1.608514120000000000e+08 2.180000000000000000e+03 3.880000000000000000e+03 3.770000000000000000e+03 5.030000000000000000e+03
1.608516200000000000e+08 2.170000000000000000e+03 3.880000000000000000e+03 3.760000000000000000e+03 5.040000000000000000e+03
1.608518280000000000e+08 2.170000000000000000e+03 3.880000000000000000e+03 3.750000000000000000e+03 5.030000000000000000e+03
1.608520360000000000e+08 2.190000000000000000e+03 3.870000000000000000e+03 3.760000000000000000e+03 5.030000000000000000e+03
1.608522430000000000e+08 2.180000000000000000e+03 3.870000000000000000e+03 3.760000000000000000e+03 5.030000000000000000e+03
1.608524510000000000e+08 2.190000000000000000e+03 3.870000000000000000e+03 3.760000000000000000e+03 5.020000000000000000e+03
1.608526600000000000e+08 2.180000000000000000e+03 3.860000000000000000e+03 3.760000000000000000e+03 5.020000000000000000e+03
1.608528680000000000e+08 2.190000000000000000e+03 3.870000000000000000e+03 3.770000000000000000e+03 5.020000000000000000e+03
1.608530760000000000e+08 2.200000000000000000e+03 3.870000000000000000e+03 3.770000000000000000e+03 5.030000000000000000e+03
1.608532840000000000e+08 2.200000000000000000e+03 3.880000000000000000e+03 3.770000000000000000e+03 5.030000000000000000e+03
1.608534920000000000e+08 2.200000000000000000e+03 3.880000000000000000e+03 3.770000000000000000e+03 5.040000000000000000e+03
1.608537000000000000e+08 2.210000000000000000e+03 3.870000000000000000e+03 3.780000000000000000e+03 5.030000000000000000e+03
1.608539080000000000e+08 2.210000000000000000e+03 3.870000000000000000e+03 3.790000000000000000e+03 5.030000000000000000e+03
1.608541160000000000e+08 2.210000000000000000e+03 3.870000000000000000e+03 3.790000000000000000e+03 5.030000000000000000e+03
1.608543240000000000e+08 2.210000000000000000e+03 3.870000000000000000e+03 3.790000000000000000e+03 5.020000000000000000e+03
1.608545310000000000e+08 2.210000000000000000e+03 3.870000000000000000e+03 3.790000000000000000e+03 5.030000000000000000e+03
1.608547390000000000e+08 2.200000000000000000e+03 3.860000000000000000e+03 3.790000000000000000e+03 5.030000000000000000e+03
1.608549470000000000e+08 2.200000000000000000e+03 3.860000000000000000e+03 3.790000000000000000e+03 5.040000000000000000e+03
1.608551550000000000e+08 2.210000000000000000e+03 3.870000000000000000e+03 3.790000000000000000e+03 5.030000000000000000e+03
1.608553630000000000e+08 2.200000000000000000e+03 3.870000000000000000e+03 3.780000000000000000e+03 5.030000000000000000e+03
1.608555710000000000e+08 2.200000000000000000e+03 3.880000000000000000e+03 3.770000000000000000e+03 5.030000000000000000e+03
1.608557790000000000e+08 2.200000000000000000e+03 3.870000000000000000e+03 3.770000000000000000e+03 5.030000000000000000e+03
1.608559870000000000e+08 2.200000000000000000e+03 3.870000000000000000e+03 3.770000000000000000e+03 5.030000000000000000e+03
1.608561950000000000e+08 2.220000000000000000e+03 3.870000000000000000e+03 3.780000000000000000e+03 5.020000000000000000e+03
1.608564030000000000e+08 2.220000000000000000e+03 3.870000000000000000e+03 3.780000000000000000e+03 5.020000000000000000e+03
1.608566110000000000e+08 2.220000000000000000e+03 3.870000000000000000e+03 3.780000000000000000e+03 5.030000000000000000e+03
1.608568180000000000e+08 2.220000000000000000e+03 3.870000000000000000e+03 3.780000000000000000e+03 5.030000000000000000e+03
1.608570270000000000e+08 2.220000000000000000e+03 3.870000000000000000e+03 3.780000000000000000e+03 5.030000000000000000e+03
1.608572350000000000e+08 2.220000000000000000e+03 3.870000000000000000e+03 3.770000000000000000e+03 5.030000000000000000e+03
1.608574430000000000e+08 2.220000000000000000e+03 3.870000000000000000e+03 3.770000000000000000e+03 5.030000000000000000e+03
1.608576510000000000e+08 2.220000000000000000e+03 3.870000000000000000e+03 3.770000000000000000e+03 5.020000000000000000e+03
1.608578590000000000e+08 2.220000000000000000e+03 3.870000000000000000e+03 3.770000000000000000e+03 5.030000000000000000e+03
1.608580670000000000e+08 2.220000000000000000e+03 3.880000000000000000e+03 3.770000000000000000e+03 5.030000000000000000e+03
1.608582750000000000e+08 2.210000000000000000e+03 3.890000000000000000e+03 3.770000000000000000e+03 5.030000000000000000e+03
1.608584830000000000e+08 2.190000000000000000e+03 3.880000000000000000e+03 3.770000000000000000e+03 5.030000000000000000e+03
1.608586910000000000e+08 2.190000000000000000e+03 3.880000000000000000e+03 3.770000000000000000e+03 5.030000000000000000e+03
1.608588990000000000e+08 2.180000000000000000e+03 3.880000000000000000e+03 3.770000000000000000e+03 5.040000000000000000e+03
1.608591070000000000e+08 2.180000000000000000e+03 3.880000000000000000e+03 3.770000000000000000e+03 5.040000000000000000e+03
1.608593150000000000e+08 2.170000000000000000e+03 3.870000000000000000e+03 3.770000000000000000e+03 5.030000000000000000e+03
1.608595230000000000e+08 2.180000000000000000e+03 3.880000000000000000e+03 3.770000000000000000e+03 5.040000000000000000e+03
1.608597310000000000e+08 2.180000000000000000e+03 3.870000000000000000e+03 3.770000000000000000e+03 5.040000000000000000e+03
1.608599380000000000e+08 2.190000000000000000e+03 3.870000000000000000e+03 3.770000000000000000e+03 5.030000000000000000e+03
1.609001460000000000e+08 2.190000000000000000e+03 3.870000000000000000e+03 3.780000000000000000e+03 5.020000000000000000e+03
1.609003540000000000e+08 2.190000000000000000e+03 3.860000000000000000e+03 3.790000000000000000e+03 5.020000000000000000e+03
1.609005620000000000e+08 2.190000000000000000e+03 3.870000000000000000e+03 3.780000000000000000e+03 5.020000000000000000e+03
1.609007700000000000e+08 2.200000000000000000e+03 3.870000000000000000e+03 3.780000000000000000e+03 5.020000000000000000e+03
1.609009780000000000e+08 2.200000000000000000e+03 3.870000000000000000e+03 3.780000000000000000e+03 5.020000000000000000e+03
1.609011860000000000e+08 2.180000000000000000e+03 3.870000000000000000e+03 3.780000000000000000e+03 5.020000000000000000e+03
1.609013940000000000e+08 2.190000000000000000e+03 3.870000000000000000e+03 3.770000000000000000e+03 5.030000000000000000e+03
1.609016020000000000e+08 2.180000000000000000e+03 3.870000000000000000e+03 3.770000000000000000e+03 5.030000000000000000e+03
1.609018100000000000e+08 2.180000000000000000e+03 3.870000000000000000e+03 3.770000000000000000e+03 5.030000000000000000e+03
1.609020180000000000e+08 2.170000000000000000e+03 3.880000000000000000e+03 3.770000000000000000e+03 5.030000000000000000e+03
1.609022260000000000e+08 2.180000000000000000e+03 3.890000000000000000e+03 3.770000000000000000e+03 5.030000000000000000e+03
1.609024330000000000e+08 2.180000000000000000e+03 3.880000000000000000e+03 3.770000000000000000e+03 5.030000000000000000e+03
1.609026420000000000e+08 2.180000000000000000e+03 3.880000000000000000e+03 3.770000000000000000e+03 5.040000000000000000e+03
1.609028490000000000e+08 2.170000000000000000e+03 3.880000000000000000e+03 3.770000000000000000e+03 5.040000000000000000e+03
1.609030580000000000e+08 2.180000000000000000e+03 3.870000000000000000e+03 3.770000000000000000e+03 5.040000000000000000e+03
1.609032650000000000e+08 2.190000000000000000e+03 3.870000000000000000e+03 3.760000000000000000e+03 5.040000000000000000e+03
1.609034740000000000e+08 2.190000000000000000e+03 3.870000000000000000e+03 3.760000000000000000e+03 5.040000000000000000e+03
1.609036820000000000e+08 2.200000000000000000e+03 3.870000000000000000e+03 3.770000000000000000e+03 5.040000000000000000e+03
1.609038910000000000e+08 2.210000000000000000e+03 3.890000000000000000e+03 3.770000000000000000e+03 5.030000000000000000e+03
1.609040980000000000e+08 2.200000000000000000e+03 3.890000000000000000e+03 3.770000000000000000e+03 5.040000000000000000e+03
1.609043050000000000e+08 2.200000000000000000e+03 3.890000000000000000e+03 3.770000000000000000e+03 5.040000000000000000e+03
1.609044980000000000e+08 2.200000000000000000e+03 3.880000000000000000e+03 3.770000000000000000e+03 5.030000000000000000e+03
1.609047060000000000e+08 2.200000000000000000e+03 3.880000000000000000e+03 3.770000000000000000e+03 5.040000000000000000e+03
1.609049140000000000e+08 2.190000000000000000e+03 3.870000000000000000e+03 3.770000000000000000e+03 5.040000000000000000e+03
1.609051220000000000e+08 2.210000000000000000e+03 3.870000000000000000e+03 3.770000000000000000e+03 5.040000000000000000e+03
1.609053300000000000e+08 2.210000000000000000e+03 3.880000000000000000e+03 3.770000000000000000e+03 5.040000000000000000e+03
1.609055390000000000e+08 2.210000000000000000e+03 3.880000000000000000e+03 3.770000000000000000e+03 5.040000000000000000e+03
1.609057450000000000e+08 2.210000000000000000e+03 3.870000000000000000e+03 3.770000000000000000e+03 5.030000000000000000e+03
1.609059690000000000e+08 2.210000000000000000e+03 3.870000000000000000e+03 3.780000000000000000e+03 5.020000000000000000e+03
1.609061770000000000e+08 2.220000000000000000e+03 3.870000000000000000e+03 3.780000000000000000e+03 5.030000000000000000e+03
1.609063690000000000e+08 2.220000000000000000e+03 3.870000000000000000e+03 3.780000000000000000e+03 5.020000000000000000e+03
1.609065770000000000e+08 2.210000000000000000e+03 3.890000000000000000e+03 3.770000000000000000e+03 5.020000000000000000e+03
1.609067850000000000e+08 2.200000000000000000e+03 3.900000000000000000e+03 3.770000000000000000e+03 5.020000000000000000e+03
1.609069930000000000e+08 2.190000000000000000e+03 3.890000000000000000e+03 3.770000000000000000e+03 5.020000000000000000e+03
1.609072010000000000e+08 2.190000000000000000e+03 3.890000000000000000e+03 3.770000000000000000e+03 5.020000000000000000e+03
1.609074090000000000e+08 2.180000000000000000e+03 3.880000000000000000e+03 3.770000000000000000e+03 5.020000000000000000e+03
1.609076180000000000e+08 2.190000000000000000e+03 3.880000000000000000e+03 3.770000000000000000e+03 5.020000000000000000e+03
1.609078250000000000e+08 2.180000000000000000e+03 3.880000000000000000e+03 3.770000000000000000e+03 5.030000000000000000e+03
1.609080330000000000e+08 2.200000000000000000e+03 3.870000000000000000e+03 3.770000000000000000e+03 5.020000000000000000e+03
1.609082410000000000e+08 2.210000000000000000e+03 3.870000000000000000e+03 3.770000000000000000e+03 5.020000000000000000e+03
1.609084490000000000e+08 2.210000000000000000e+03 3.890000000000000000e+03 3.770000000000000000e+03 5.020000000000000000e+03
1.609086580000000000e+08 2.200000000000000000e+03 3.890000000000000000e+03 3.770000000000000000e+03 5.020000000000000000e+03
1.609088650000000000e+08 2.200000000000000000e+03 3.880000000000000000e+03 3.770000000000000000e+03 5.020000000000000000e+03
1.609090720000000000e+08 2.200000000000000000e+03 3.870000000000000000e+03 3.770000000000000000e+03 5.020000000000000000e+03
1.609092810000000000e+08 2.200000000000000000e+03 3.870000000000000000e+03 3.770000000000000000e+03 5.020000000000000000e+03
1.609094890000000000e+08 2.210000000000000000e+03 3.860000000000000000e+03 3.780000000000000000e+03 5.030000000000000000e+03
1.609096970000000000e+08 2.220000000000000000e+03 3.860000000000000000e+03 3.780000000000000000e+03 5.030000000000000000e+03
1.609099050000000000e+08 2.220000000000000000e+03 3.860000000000000000e+03 3.770000000000000000e+03 5.040000000000000000e+03
1.609101130000000000e+08 2.220000000000000000e+03 3.860000000000000000e+03 3.770000000000000000e+03 5.030000000000000000e+03
1.609103200000000000e+08 2.230000000000000000e+03 3.860000000000000000e+03 3.770000000000000000e+03 5.030000000000000000e+03
1.609105290000000000e+08 2.230000000000000000e+03 3.870000000000000000e+03 3.770000000000000000e+03 5.030000000000000000e+03
1.609107370000000000e+08 2.240000000000000000e+03 3.870000000000000000e+03 3.770000000000000000e+03 5.040000000000000000e+03
1.609109450000000000e+08 2.220000000000000000e+03 3.860000000000000000e+03 3.770000000000000000e+03 5.040000000000000000e+03
1.609111530000000000e+08 2.210000000000000000e+03 3.870000000000000000e+03 3.770000000000000000e+03 5.040000000000000000e+03
1.609113600000000000e+08 2.200000000000000000e+03 3.880000000000000000e+03 3.780000000000000000e+03 5.040000000000000000e+03
1.609115680000000000e+08 2.180000000000000000e+03 3.880000000000000000e+03 3.770000000000000000e+03 5.040000000000000000e+03
1.609117760000000000e+08 2.170000000000000000e+03 3.870000000000000000e+03 3.770000000000000000e+03 5.040000000000000000e+03
1.609119840000000000e+08 2.180000000000000000e+03 3.870000000000000000e+03 3.770000000000000000e+03 5.030000000000000000e+03
1.609121920000000000e+08 2.190000000000000000e+03 3.860000000000000000e+03 3.770000000000000000e+03 5.040000000000000000e+03
1.609124000000000000e+08 2.200000000000000000e+03 3.860000000000000000e+03 3.770000000000000000e+03 5.040000000000000000e+03
1.609126080000000000e+08 2.210000000000000000e+03 3.870000000000000000e+03 3.770000000000000000e+03 5.040000000000000000e+03
1.609128160000000000e+08 2.210000000000000000e+03 3.870000000000000000e+03 3.770000000000000000e+03 5.040000000000000000e+03
1.609130240000000000e+08 2.210000000000000000e+03 3.880000000000000000e+03 3.770000000000000000e+03 5.040000000000000000e+03
1.609132320000000000e+08 2.210000000000000000e+03 3.880000000000000000e+03 3.770000000000000000e+03 5.030000000000000000e+03
1.609134400000000000e+08 2.210000000000000000e+03 3.880000000000000000e+03 3.770000000000000000e+03 5.030000000000000000e+03
1.609136480000000000e+08 2.220000000000000000e+03 3.870000000000000000e+03 3.770000000000000000e+03 5.030000000000000000e+03
1.609138560000000000e+08 2.220000000000000000e+03 3.870000000000000000e+03 3.770000000000000000e+03 5.030000000000000000e+03
1.609140640000000000e+08 2.220000000000000000e+03 3.870000000000000000e+03 3.770000000000000000e+03 5.030000000000000000e+03
1.609142720000000000e+08 2.220000000000000000e+03 3.880000000000000000e+03 3.770000000000000000e+03 5.030000000000000000e+03
1.609144800000000000e+08 2.210000000000000000e+03 3.870000000000000000e+03 3.770000000000000000e+03 5.030000000000000000e+03
1.609146880000000000e+08 2.200000000000000000e+03 3.880000000000000000e+03 3.770000000000000000e+03 5.030000000000000000e+03
1.609148960000000000e+08 2.200000000000000000e+03 3.880000000000000000e+03 3.770000000000000000e+03 5.020000000000000000e+03
1.609151030000000000e+08 2.220000000000000000e+03 3.880000000000000000e+03 3.770000000000000000e+03 5.020000000000000000e+03
1.609153120000000000e+08 2.210000000000000000e+03 3.870000000000000000e+03 3.770000000000000000e+03 5.020000000000000000e+03
1.609155200000000000e+08 2.220000000000000000e+03 3.880000000000000000e+03 3.770000000000000000e+03 5.030000000000000000e+03
1.609157270000000000e+08 2.200000000000000000e+03 3.880000000000000000e+03 3.770000000000000000e+03 5.020000000000000000e+03
1.609159360000000000e+08 2.200000000000000000e+03 3.880000000000000000e+03 3.770000000000000000e+03 5.020000000000000000e+03
1.609161440000000000e+08 2.190000000000000000e+03 3.870000000000000000e+03 3.760000000000000000e+03 5.020000000000000000e+03
1.609163530000000000e+08 2.190000000000000000e+03 3.870000000000000000e+03 3.770000000000000000e+03 5.020000000000000000e+03
1.609165590000000000e+08 2.190000000000000000e+03 3.870000000000000000e+03 3.770000000000000000e+03 5.020000000000000000e+03
1.609167670000000000e+08 2.190000000000000000e+03 3.870000000000000000e+03 3.770000000000000000e+03 5.030000000000000000e+03
1.609169760000000000e+08 2.200000000000000000e+03 3.880000000000000000e+03 3.770000000000000000e+03 5.030000000000000000e+03
1.609171830000000000e+08 2.210000000000000000e+03 3.870000000000000000e+03 3.770000000000000000e+03 5.040000000000000000e+03
1.609173910000000000e+08 2.210000000000000000e+03 3.870000000000000000e+03 3.770000000000000000e+03 5.040000000000000000e+03
1.609175990000000000e+08 2.210000000000000000e+03 3.890000000000000000e+03 3.780000000000000000e+03 5.040000000000000000e+03
1.609178070000000000e+08 2.200000000000000000e+03 3.890000000000000000e+03 3.770000000000000000e+03 5.040000000000000000e+03
1.609180150000000000e+08 2.200000000000000000e+03 3.890000000000000000e+03 3.770000000000000000e+03 5.030000000000000000e+03
1.609182230000000000e+08 2.210000000000000000e+03 3.900000000000000000e+03 3.770000000000000000e+03 5.030000000000000000e+03
1.609184310000000000e+08 2.200000000000000000e+03 3.900000000000000000e+03 3.780000000000000000e+03 5.020000000000000000e+03
1.609186390000000000e+08 2.200000000000000000e+03 3.900000000000000000e+03 3.770000000000000000e+03 5.030000000000000000e+03
1.609188310000000000e+08 2.200000000000000000e+03 3.900000000000000000e+03 3.770000000000000000e+03 5.040000000000000000e+03
1.609192470000000000e+08 2.170000000000000000e+03 3.900000000000000000e+03 3.780000000000000000e+03 5.050000000000000000e+03
1.609194550000000000e+08 2.160000000000000000e+03 3.900000000000000000e+03 3.780000000000000000e+03 5.050000000000000000e+03
1.609196620000000000e+08 2.180000000000000000e+03 3.900000000000000000e+03 3.770000000000000000e+03 5.050000000000000000e+03
1.609198700000000000e+08 2.170000000000000000e+03 3.890000000000000000e+03 3.770000000000000000e+03 5.050000000000000000e+03
1.609200780000000000e+08 2.160000000000000000e+03 3.880000000000000000e+03 3.770000000000000000e+03 5.050000000000000000e+03
1.609202860000000000e+08 2.160000000000000000e+03 3.890000000000000000e+03 3.770000000000000000e+03 5.040000000000000000e+03
1.609204950000000000e+08 2.160000000000000000e+03 3.890000000000000000e+03 3.770000000000000000e+03 5.030000000000000000e+03
1.609207030000000000e+08 2.180000000000000000e+03 3.880000000000000000e+03 3.770000000000000000e+03 5.030000000000000000e+03
1.609209110000000000e+08 2.180000000000000000e+03 3.880000000000000000e+03 3.780000000000000000e+03 5.040000000000000000e+03
1.609211190000000000e+08 2.180000000000000000e+03 3.890000000000000000e+03 3.780000000000000000e+03 5.030000000000000000e+03
1.609213270000000000e+08 2.190000000000000000e+03 3.890000000000000000e+03 3.780000000000000000e+03 5.020000000000000000e+03
1.609215340000000000e+08 2.200000000000000000e+03 3.890000000000000000e+03 3.780000000000000000e+03 5.030000000000000000e+03
1.609217430000000000e+08 2.210000000000000000e+03 3.880000000000000000e+03 3.780000000000000000e+03 5.040000000000000000e+03
1.609219510000000000e+08 2.200000000000000000e+03 3.880000000000000000e+03 3.790000000000000000e+03 5.040000000000000000e+03
1.609221580000000000e+08 2.190000000000000000e+03 3.880000000000000000e+03 3.780000000000000000e+03 5.040000000000000000e+03
1.609223670000000000e+08 2.200000000000000000e+03 3.890000000000000000e+03 3.770000000000000000e+03 5.030000000000000000e+03
1.609225740000000000e+08 2.200000000000000000e+03 3.880000000000000000e+03 3.770000000000000000e+03 5.020000000000000000e+03
1.609227830000000000e+08 2.200000000000000000e+03 3.880000000000000000e+03 3.770000000000000000e+03 5.030000000000000000e+03
1.609229910000000000e+08 2.210000000000000000e+03 3.890000000000000000e+03 3.770000000000000000e+03 5.030000000000000000e+03
1.609231980000000000e+08 2.220000000000000000e+03 3.880000000000000000e+03 3.770000000000000000e+03 5.020000000000000000e+03
1.609234060000000000e+08 2.200000000000000000e+03 3.870000000000000000e+03 3.780000000000000000e+03 5.020000000000000000e+03
1.609236140000000000e+08 2.210000000000000000e+03 3.870000000000000000e+03 3.780000000000000000e+03 5.020000000000000000e+03
1.609238220000000000e+08 2.210000000000000000e+03 3.870000000000000000e+03 3.770000000000000000e+03 5.020000000000000000e+03
1.609240300000000000e+08 2.200000000000000000e+03 3.870000000000000000e+03 3.770000000000000000e+03 5.030000000000000000e+03
1.609242380000000000e+08 2.200000000000000000e+03 3.870000000000000000e+03 3.770000000000000000e+03 5.020000000000000000e+03
1.609244460000000000e+08 2.210000000000000000e+03 3.870000000000000000e+03 3.770000000000000000e+03 5.020000000000000000e+03
1.609246550000000000e+08 2.210000000000000000e+03 3.880000000000000000e+03 3.770000000000000000e+03 5.020000000000000000e+03
1.609248620000000000e+08 2.200000000000000000e+03 3.870000000000000000e+03 3.770000000000000000e+03 5.030000000000000000e+03
1.609250700000000000e+08 2.200000000000000000e+03 3.870000000000000000e+03 3.770000000000000000e+03 5.030000000000000000e+03
1.609252780000000000e+08 2.200000000000000000e+03 3.860000000000000000e+03 3.770000000000000000e+03 5.030000000000000000e+03
1.609254860000000000e+08 2.190000000000000000e+03 3.860000000000000000e+03 3.780000000000000000e+03 5.030000000000000000e+03
1.609256940000000000e+08 2.200000000000000000e+03 3.860000000000000000e+03 3.780000000000000000e+03 5.040000000000000000e+03
1.609259020000000000e+08 2.200000000000000000e+03 3.870000000000000000e+03 3.780000000000000000e+03 5.040000000000000000e+03
1.609261100000000000e+08 2.200000000000000000e+03 3.870000000000000000e+03 3.770000000000000000e+03 5.040000000000000000e+03
1.609263190000000000e+08 2.200000000000000000e+03 3.870000000000000000e+03 3.760000000000000000e+03 5.040000000000000000e+03
1.609265260000000000e+08 2.200000000000000000e+03 3.880000000000000000e+03 3.770000000000000000e+03 5.040000000000000000e+03
1.609267340000000000e+08 2.200000000000000000e+03 3.880000000000000000e+03 3.770000000000000000e+03 5.040000000000000000e+03
1.609269420000000000e+08 2.200000000000000000e+03 3.880000000000000000e+03 3.770000000000000000e+03 5.040000000000000000e+03
1.609271500000000000e+08 2.200000000000000000e+03 3.880000000000000000e+03 3.770000000000000000e+03 5.040000000000000000e+03
1.609273580000000000e+08 2.200000000000000000e+03 3.870000000000000000e+03 3.770000000000000000e+03 5.040000000000000000e+03
1.609275660000000000e+08 2.180000000000000000e+03 3.880000000000000000e+03 3.780000000000000000e+03 5.040000000000000000e+03
1.609277740000000000e+08 2.180000000000000000e+03 3.890000000000000000e+03 3.780000000000000000e+03 5.030000000000000000e+03
1.609279820000000000e+08 2.180000000000000000e+03 3.880000000000000000e+03 3.770000000000000000e+03 5.030000000000000000e+03
1.609281900000000000e+08 2.180000000000000000e+03 3.880000000000000000e+03 3.770000000000000000e+03 5.020000000000000000e+03
1.609283980000000000e+08 2.170000000000000000e+03 3.870000000000000000e+03 3.770000000000000000e+03 5.030000000000000000e+03
1.609286060000000000e+08 2.180000000000000000e+03 3.870000000000000000e+03 3.770000000000000000e+03 5.030000000000000000e+03
1.609288130000000000e+08 2.200000000000000000e+03 3.870000000000000000e+03 3.770000000000000000e+03 5.020000000000000000e+03
1.609290210000000000e+08 2.200000000000000000e+03 3.870000000000000000e+03 3.760000000000000000e+03 5.020000000000000000e+03
1.609292290000000000e+08 2.200000000000000000e+03 3.870000000000000000e+03 3.760000000000000000e+03 5.030000000000000000e+03
1.609294380000000000e+08 2.190000000000000000e+03 3.870000000000000000e+03 3.760000000000000000e+03 5.030000000000000000e+03
1.609296440000000000e+08 2.170000000000000000e+03 3.870000000000000000e+03 3.760000000000000000e+03 5.030000000000000000e+03
1.609298530000000000e+08 2.170000000000000000e+03 3.880000000000000000e+03 3.770000000000000000e+03 5.040000000000000000e+03
1.609300600000000000e+08 2.170000000000000000e+03 3.880000000000000000e+03 3.770000000000000000e+03 5.040000000000000000e+03
1.609302690000000000e+08 2.180000000000000000e+03 3.870000000000000000e+03 3.770000000000000000e+03 5.040000000000000000e+03
1.609304770000000000e+08 2.170000000000000000e+03 3.880000000000000000e+03 3.780000000000000000e+03 5.040000000000000000e+03
1.609306850000000000e+08 2.190000000000000000e+03 3.870000000000000000e+03 3.780000000000000000e+03 5.040000000000000000e+03
1.609308930000000000e+08 2.210000000000000000e+03 3.870000000000000000e+03 3.780000000000000000e+03 5.040000000000000000e+03
1.609311000000000000e+08 2.210000000000000000e+03 3.870000000000000000e+03 3.780000000000000000e+03 5.040000000000000000e+03
1.609313090000000000e+08 2.190000000000000000e+03 3.870000000000000000e+03 3.770000000000000000e+03 5.040000000000000000e+03
1.609315170000000000e+08 2.200000000000000000e+03 3.870000000000000000e+03 3.770000000000000000e+03 5.040000000000000000e+03
1.609317250000000000e+08 2.200000000000000000e+03 3.870000000000000000e+03 3.770000000000000000e+03 5.040000000000000000e+03
1.609319330000000000e+08 2.200000000000000000e+03 3.870000000000000000e+03 3.770000000000000000e+03 5.030000000000000000e+03
1.609321410000000000e+08 2.210000000000000000e+03 3.870000000000000000e+03 3.770000000000000000e+03 5.020000000000000000e+03
1.609323490000000000e+08 2.200000000000000000e+03 3.870000000000000000e+03 3.770000000000000000e+03 5.020000000000000000e+03
1.609325570000000000e+08 2.180000000000000000e+03 3.870000000000000000e+03 3.770000000000000000e+03 5.030000000000000000e+03
1.609327650000000000e+08 2.200000000000000000e+03 3.870000000000000000e+03 3.770000000000000000e+03 5.040000000000000000e+03
1.609329720000000000e+08 2.180000000000000000e+03 3.870000000000000000e+03 3.770000000000000000e+03 5.040000000000000000e+03
1.609331810000000000e+08 2.190000000000000000e+03 3.870000000000000000e+03 3.770000000000000000e+03 5.050000000000000000e+03
1.609333890000000000e+08 2.180000000000000000e+03 3.870000000000000000e+03 3.770000000000000000e+03 5.050000000000000000e+03
1.609335970000000000e+08 2.200000000000000000e+03 3.870000000000000000e+03 3.770000000000000000e+03 5.040000000000000000e+03
1.609338050000000000e+08 2.190000000000000000e+03 3.870000000000000000e+03 3.770000000000000000e+03 5.040000000000000000e+03
1.609340120000000000e+08 2.190000000000000000e+03 3.870000000000000000e+03 3.770000000000000000e+03 5.040000000000000000e+03
1.609342210000000000e+08 2.210000000000000000e+03 3.880000000000000000e+03 3.770000000000000000e+03 5.040000000000000000e+03
1.609344880000000000e+08 2.210000000000000000e+03 3.880000000000000000e+03 3.770000000000000000e+03 5.040000000000000000e+03
1.609346360000000000e+08 2.210000000000000000e+03 3.870000000000000000e+03 3.770000000000000000e+03 5.040000000000000000e+03
1.609348450000000000e+08 2.200000000000000000e+03 3.870000000000000000e+03 3.780000000000000000e+03 5.040000000000000000e+03
1.609350520000000000e+08 2.180000000000000000e+03 3.870000000000000000e+03 3.770000000000000000e+03 5.040000000000000000e+03
1.609352600000000000e+08 2.190000000000000000e+03 3.870000000000000000e+03 3.780000000000000000e+03 5.030000000000000000e+03
1.609354680000000000e+08 2.190000000000000000e+03 3.870000000000000000e+03 3.780000000000000000e+03 5.030000000000000000e+03
1.609356760000000000e+08 2.170000000000000000e+03 3.890000000000000000e+03 3.780000000000000000e+03 5.020000000000000000e+03
1.609358840000000000e+08 2.180000000000000000e+03 3.890000000000000000e+03 3.770000000000000000e+03 5.030000000000000000e+03
1.609360920000000000e+08 2.180000000000000000e+03 3.900000000000000000e+03 3.770000000000000000e+03 5.030000000000000000e+03
