1.615084820000000000e+08 3.430000000000000000e+03 4.620000000000000000e+03 2.370000000000000000e+03 4.080000000000000000e+03
1.615086910000000000e+08 3.450000000000000000e+03 4.620000000000000000e+03 2.360000000000000000e+03 4.080000000000000000e+03
1.615088980000000000e+08 3.470000000000000000e+03 4.610000000000000000e+03 2.360000000000000000e+03 4.080000000000000000e+03
1.615091060000000000e+08 3.470000000000000000e+03 4.610000000000000000e+03 2.380000000000000000e+03 4.080000000000000000e+03
1.615093140000000000e+08 3.460000000000000000e+03 4.610000000000000000e+03 2.370000000000000000e+03 4.080000000000000000e+03
1.615095220000000000e+08 3.450000000000000000e+03 4.620000000000000000e+03 2.380000000000000000e+03 4.080000000000000000e+03
1.615097300000000000e+08 3.440000000000000000e+03 4.610000000000000000e+03 2.380000000000000000e+03 4.080000000000000000e+03
1.615099380000000000e+08 3.430000000000000000e+03 4.620000000000000000e+03 2.380000000000000000e+03 4.090000000000000000e+03
1.615101460000000000e+08 3.440000000000000000e+03 4.610000000000000000e+03 2.390000000000000000e+03 4.090000000000000000e+03
1.615103540000000000e+08 3.450000000000000000e+03 4.600000000000000000e+03 2.380000000000000000e+03 4.090000000000000000e+03
1.615105620000000000e+08 3.450000000000000000e+03 4.610000000000000000e+03 2.380000000000000000e+03 4.090000000000000000e+03
1.615107700000000000e+08 3.440000000000000000e+03 4.620000000000000000e+03 2.370000000000000000e+03 4.090000000000000000e+03
1.615109780000000000e+08 3.450000000000000000e+03 4.620000000000000000e+03 2.380000000000000000e+03 4.090000000000000000e+03
1.615111860000000000e+08 3.450000000000000000e+03 4.610000000000000000e+03 2.390000000000000000e+03 4.080000000000000000e+03
1.615113940000000000e+08 3.440000000000000000e+03 4.610000000000000000e+03 2.400000000000000000e+03 4.070000000000000000e+03
1.615122260000000000e+08 3.430000000000000000e+03 4.610000000000000000e+03 2.400000000000000000e+03 4.070000000000000000e+03
1.615124340000000000e+08 3.450000000000000000e+03 4.610000000000000000e+03 2.380000000000000000e+03 4.080000000000000000e+03
1.615126420000000000e+08 3.450000000000000000e+03 4.610000000000000000e+03 2.380000000000000000e+03 4.080000000000000000e+03
1.615128500000000000e+08 3.440000000000000000e+03 4.610000000000000000e+03 2.390000000000000000e+03 4.080000000000000000e+03
1.615130590000000000e+08 3.460000000000000000e+03 4.620000000000000000e+03 2.370000000000000000e+03 4.080000000000000000e+03
1.615132660000000000e+08 3.460000000000000000e+03 4.620000000000000000e+03 2.380000000000000000e+03 4.080000000000000000e+03
1.615134730000000000e+08 3.460000000000000000e+03 4.620000000000000000e+03 2.390000000000000000e+03 4.090000000000000000e+03
1.615136820000000000e+08 3.450000000000000000e+03 4.630000000000000000e+03 2.380000000000000000e+03 4.080000000000000000e+03
1.615138900000000000e+08 3.450000000000000000e+03 4.620000000000000000e+03 2.380000000000000000e+03 4.080000000000000000e+03
1.615140970000000000e+08 3.440000000000000000e+03 4.620000000000000000e+03 2.380000000000000000e+03 4.080000000000000000e+03
1.615143050000000000e+08 3.450000000000000000e+03 4.610000000000000000e+03 2.380000000000000000e+03 4.080000000000000000e+03
1.615145130000000000e+08 3.450000000000000000e+03 4.610000000000000000e+03 2.370000000000000000e+03 4.080000000000000000e+03
1.615147210000000000e+08 3.460000000000000000e+03 4.610000000000000000e+03 2.380000000000000000e+03 4.090000000000000000e+03
1.615149290000000000e+08 3.450000000000000000e+03 4.610000000000000000e+03 2.370000000000000000e+03 4.090000000000000000e+03
1.615151370000000000e+08 3.440000000000000000e+03 4.610000000000000000e+03 2.370000000000000000e+03 4.090000000000000000e+03
1.615153450000000000e+08 3.440000000000000000e+03 4.620000000000000000e+03 2.360000000000000000e+03 4.100000000000000000e+03
1.615155530000000000e+08 3.440000000000000000e+03 4.610000000000000000e+03 2.380000000000000000e+03 4.100000000000000000e+03
1.615157610000000000e+08 3.440000000000000000e+03 4.610000000000000000e+03 2.370000000000000000e+03 4.090000000000000000e+03
1.615159690000000000e+08 3.440000000000000000e+03 4.610000000000000000e+03 2.370000000000000000e+03 4.090000000000000000e+03
1.615161760000000000e+08 3.440000000000000000e+03 4.610000000000000000e+03 2.370000000000000000e+03 4.090000000000000000e+03
1.615163850000000000e+08 3.440000000000000000e+03 4.610000000000000000e+03 2.370000000000000000e+03 4.090000000000000000e+03
1.615165930000000000e+08 3.440000000000000000e+03 4.600000000000000000e+03 2.370000000000000000e+03 4.100000000000000000e+03
1.615170090000000000e+08 3.450000000000000000e+03 4.610000000000000000e+03 2.390000000000000000e+03 4.100000000000000000e+03
1.615172170000000000e+08 3.450000000000000000e+03 4.610000000000000000e+03 2.380000000000000000e+03 4.100000000000000000e+03
1.615174250000000000e+08 3.460000000000000000e+03 4.610000000000000000e+03 2.390000000000000000e+03 4.100000000000000000e+03
1.615176330000000000e+08 3.450000000000000000e+03 4.610000000000000000e+03 2.380000000000000000e+03 4.090000000000000000e+03
1.615178410000000000e+08 3.460000000000000000e+03 4.620000000000000000e+03 2.390000000000000000e+03 4.080000000000000000e+03
1.615180490000000000e+08 3.460000000000000000e+03 4.620000000000000000e+03 2.380000000000000000e+03 4.080000000000000000e+03
1.615182570000000000e+08 3.460000000000000000e+03 4.620000000000000000e+03 2.380000000000000000e+03 4.080000000000000000e+03
1.615184650000000000e+08 3.460000000000000000e+03 4.630000000000000000e+03 2.380000000000000000e+03 4.080000000000000000e+03
1.615186720000000000e+08 3.460000000000000000e+03 4.630000000000000000e+03 2.380000000000000000e+03 4.090000000000000000e+03
1.615188810000000000e+08 3.450000000000000000e+03 4.630000000000000000e+03 2.390000000000000000e+03 4.090000000000000000e+03
1.615190880000000000e+08 3.440000000000000000e+03 4.620000000000000000e+03 2.390000000000000000e+03 4.080000000000000000e+03
1.615192960000000000e+08 3.430000000000000000e+03 4.610000000000000000e+03 2.380000000000000000e+03 4.080000000000000000e+03
1.615195040000000000e+08 3.430000000000000000e+03 4.630000000000000000e+03 2.380000000000000000e+03 4.080000000000000000e+03
1.615197120000000000e+08 3.430000000000000000e+03 4.620000000000000000e+03 2.370000000000000000e+03 4.080000000000000000e+03
1.615199200000000000e+08 3.430000000000000000e+03 4.620000000000000000e+03 2.370000000000000000e+03 4.090000000000000000e+03
1.615201280000000000e+08 3.440000000000000000e+03 4.620000000000000000e+03 2.380000000000000000e+03 4.090000000000000000e+03
1.615203360000000000e+08 3.440000000000000000e+03 4.610000000000000000e+03 2.380000000000000000e+03 4.080000000000000000e+03
1.615205650000000000e+08 3.430000000000000000e+03 4.610000000000000000e+03 2.370000000000000000e+03 4.080000000000000000e+03
1.615207520000000000e+08 3.430000000000000000e+03 4.610000000000000000e+03 2.380000000000000000e+03 4.080000000000000000e+03
1.615209600000000000e+08 3.420000000000000000e+03 4.610000000000000000e+03 2.370000000000000000e+03 4.080000000000000000e+03
1.615211680000000000e+08 3.420000000000000000e+03 4.620000000000000000e+03 2.370000000000000000e+03 4.090000000000000000e+03
1.615213760000000000e+08 3.420000000000000000e+03 4.610000000000000000e+03 2.370000000000000000e+03 4.090000000000000000e+03
1.615215840000000000e+08 3.440000000000000000e+03 4.610000000000000000e+03 2.390000000000000000e+03 4.100000000000000000e+03
1.615217920000000000e+08 3.450000000000000000e+03 4.610000000000000000e+03 2.380000000000000000e+03 4.090000000000000000e+03
1.615220000000000000e+08 3.440000000000000000e+03 4.600000000000000000e+03 2.390000000000000000e+03 4.090000000000000000e+03
1.615222130000000000e+08 3.440000000000000000e+03 4.600000000000000000e+03 2.370000000000000000e+03 4.090000000000000000e+03
1.615224160000000000e+08 3.440000000000000000e+03 4.610000000000000000e+03 2.390000000000000000e+03 4.080000000000000000e+03
1.615226240000000000e+08 3.440000000000000000e+03 4.600000000000000000e+03 2.390000000000000000e+03 4.080000000000000000e+03
1.615228320000000000e+08 3.450000000000000000e+03 4.600000000000000000e+03 2.380000000000000000e+03 4.080000000000000000e+03
1.615230390000000000e+08 3.430000000000000000e+03 4.600000000000000000e+03 2.390000000000000000e+03 4.070000000000000000e+03
1.615232480000000000e+08 3.430000000000000000e+03 4.600000000000000000e+03 2.390000000000000000e+03 4.080000000000000000e+03
1.615234560000000000e+08 3.430000000000000000e+03 4.600000000000000000e+03 2.390000000000000000e+03 4.080000000000000000e+03
1.615236640000000000e+08 3.420000000000000000e+03 4.610000000000000000e+03 2.380000000000000000e+03 4.080000000000000000e+03
1.615238710000000000e+08 3.430000000000000000e+03 4.610000000000000000e+03 2.400000000000000000e+03 4.080000000000000000e+03
1.615240800000000000e+08 3.440000000000000000e+03 4.610000000000000000e+03 2.390000000000000000e+03 4.080000000000000000e+03
1.615242880000000000e+08 3.440000000000000000e+03 4.610000000000000000e+03 2.400000000000000000e+03 4.080000000000000000e+03
1.615244950000000000e+08 3.440000000000000000e+03 4.610000000000000000e+03 2.390000000000000000e+03 4.080000000000000000e+03
1.615247030000000000e+08 3.440000000000000000e+03 4.610000000000000000e+03 2.390000000000000000e+03 4.080000000000000000e+03
1.615249120000000000e+08 3.440000000000000000e+03 4.610000000000000000e+03 2.380000000000000000e+03 4.090000000000000000e+03
1.615251190000000000e+08 3.440000000000000000e+03 4.610000000000000000e+03 2.370000000000000000e+03 4.100000000000000000e+03
1.615253270000000000e+08 3.440000000000000000e+03 4.610000000000000000e+03 2.360000000000000000e+03 4.100000000000000000e+03
1.615255350000000000e+08 3.450000000000000000e+03 4.610000000000000000e+03 2.360000000000000000e+03 4.100000000000000000e+03
1.615257440000000000e+08 3.460000000000000000e+03 4.610000000000000000e+03 2.370000000000000000e+03 4.100000000000000000e+03
1.615259510000000000e+08 3.460000000000000000e+03 4.610000000000000000e+03 2.380000000000000000e+03 4.090000000000000000e+03
1.615261590000000000e+08 3.460000000000000000e+03 4.610000000000000000e+03 2.370000000000000000e+03 4.090000000000000000e+03
1.615263670000000000e+08 3.460000000000000000e+03 4.610000000000000000e+03 2.380000000000000000e+03 4.080000000000000000e+03
1.615265750000000000e+08 3.450000000000000000e+03 4.620000000000000000e+03 2.380000000000000000e+03 4.080000000000000000e+03
1.615267830000000000e+08 3.450000000000000000e+03 4.610000000000000000e+03 2.370000000000000000e+03 4.080000000000000000e+03
1.615269910000000000e+08 3.440000000000000000e+03 4.610000000000000000e+03 2.390000000000000000e+03 4.090000000000000000e+03
1.615271990000000000e+08 3.430000000000000000e+03 4.610000000000000000e+03 2.370000000000000000e+03 4.090000000000000000e+03
1.615274070000000000e+08 3.440000000000000000e+03 4.610000000000000000e+03 2.380000000000000000e+03 4.090000000000000000e+03
1.615276150000000000e+08 3.440000000000000000e+03 4.610000000000000000e+03 2.390000000000000000e+03 4.080000000000000000e+03
1.615278230000000000e+08 3.440000000000000000e+03 4.610000000000000000e+03 2.390000000000000000e+03 4.080000000000000000e+03
1.615280300000000000e+08 3.440000000000000000e+03 4.600000000000000000e+03 2.400000000000000000e+03 4.080000000000000000e+03
1.615286550000000000e+08 3.420000000000000000e+03 4.610000000000000000e+03 2.400000000000000000e+03 4.090000000000000000e+03
1.615288630000000000e+08 3.420000000000000000e+03 4.610000000000000000e+03 2.380000000000000000e+03 4.090000000000000000e+03
1.615290710000000000e+08 3.430000000000000000e+03 4.610000000000000000e+03 2.370000000000000000e+03 4.080000000000000000e+03
1.615292780000000000e+08 3.430000000000000000e+03 4.610000000000000000e+03 2.370000000000000000e+03 4.090000000000000000e+03
1.615294860000000000e+08 3.430000000000000000e+03 4.610000000000000000e+03 2.370000000000000000e+03 4.080000000000000000e+03
1.615296950000000000e+08 3.440000000000000000e+03 4.610000000000000000e+03 2.380000000000000000e+03 4.080000000000000000e+03
1.615299030000000000e+08 3.430000000000000000e+03 4.610000000000000000e+03 2.380000000000000000e+03 4.080000000000000000e+03
1.615301110000000000e+08 3.440000000000000000e+03 4.610000000000000000e+03 2.370000000000000000e+03 4.080000000000000000e+03
1.615303190000000000e+08 3.430000000000000000e+03 4.610000000000000000e+03 2.360000000000000000e+03 4.080000000000000000e+03
1.615305270000000000e+08 3.430000000000000000e+03 4.610000000000000000e+03 2.360000000000000000e+03 4.080000000000000000e+03
1.615307340000000000e+08 3.440000000000000000e+03 4.610000000000000000e+03 2.380000000000000000e+03 4.080000000000000000e+03
1.615309420000000000e+08 3.440000000000000000e+03 4.610000000000000000e+03 2.370000000000000000e+03 4.080000000000000000e+03
1.615311500000000000e+08 3.440000000000000000e+03 4.610000000000000000e+03 2.370000000000000000e+03 4.080000000000000000e+03
1.615313580000000000e+08 3.450000000000000000e+03 4.610000000000000000e+03 2.380000000000000000e+03 4.080000000000000000e+03
1.615315660000000000e+08 3.450000000000000000e+03 4.610000000000000000e+03 2.380000000000000000e+03 4.080000000000000000e+03
1.615317740000000000e+08 3.440000000000000000e+03 4.610000000000000000e+03 2.400000000000000000e+03 4.090000000000000000e+03
1.615319820000000000e+08 3.440000000000000000e+03 4.600000000000000000e+03 2.390000000000000000e+03 4.080000000000000000e+03
1.615321900000000000e+08 3.440000000000000000e+03 4.600000000000000000e+03 2.370000000000000000e+03 4.080000000000000000e+03
1.615323980000000000e+08 3.450000000000000000e+03 4.600000000000000000e+03 2.370000000000000000e+03 4.080000000000000000e+03
1.615326060000000000e+08 3.450000000000000000e+03 4.600000000000000000e+03 2.380000000000000000e+03 4.080000000000000000e+03
1.615328140000000000e+08 3.460000000000000000e+03 4.610000000000000000e+03 2.370000000000000000e+03 4.080000000000000000e+03
1.615330220000000000e+08 3.460000000000000000e+03 4.610000000000000000e+03 2.370000000000000000e+03 4.080000000000000000e+03
1.615332300000000000e+08 3.450000000000000000e+03 4.600000000000000000e+03 2.360000000000000000e+03 4.080000000000000000e+03
1.615334380000000000e+08 3.460000000000000000e+03 4.600000000000000000e+03 2.350000000000000000e+03 4.090000000000000000e+03
1.615336460000000000e+08 3.460000000000000000e+03 4.580000000000000000e+03 2.350000000000000000e+03 4.080000000000000000e+03
1.615338540000000000e+08 3.460000000000000000e+03 4.600000000000000000e+03 2.370000000000000000e+03 4.090000000000000000e+03
1.615340620000000000e+08 3.450000000000000000e+03 4.600000000000000000e+03 2.360000000000000000e+03 4.090000000000000000e+03
1.615342700000000000e+08 3.440000000000000000e+03 4.600000000000000000e+03 2.360000000000000000e+03 4.080000000000000000e+03
1.615344770000000000e+08 3.430000000000000000e+03 4.610000000000000000e+03 2.370000000000000000e+03 4.080000000000000000e+03
1.615346860000000000e+08 3.440000000000000000e+03 4.610000000000000000e+03 2.360000000000000000e+03 4.080000000000000000e+03
1.615348940000000000e+08 3.430000000000000000e+03 4.610000000000000000e+03 2.360000000000000000e+03 4.090000000000000000e+03
1.615351010000000000e+08 3.430000000000000000e+03 4.610000000000000000e+03 2.360000000000000000e+03 4.090000000000000000e+03
1.615353100000000000e+08 3.420000000000000000e+03 4.610000000000000000e+03 2.360000000000000000e+03 4.100000000000000000e+03
1.615355170000000000e+08 3.420000000000000000e+03 4.610000000000000000e+03 2.380000000000000000e+03 4.080000000000000000e+03
1.615357260000000000e+08 3.430000000000000000e+03 4.600000000000000000e+03 2.390000000000000000e+03 4.080000000000000000e+03
1.615359340000000000e+08 3.440000000000000000e+03 4.600000000000000000e+03 2.390000000000000000e+03 4.080000000000000000e+03
1.615361420000000000e+08 3.440000000000000000e+03 4.600000000000000000e+03 2.390000000000000000e+03 4.090000000000000000e+03
1.615363490000000000e+08 3.440000000000000000e+03 4.600000000000000000e+03 2.400000000000000000e+03 4.090000000000000000e+03
1.615365580000000000e+08 3.450000000000000000e+03 4.600000000000000000e+03 2.400000000000000000e+03 4.090000000000000000e+03
1.615367650000000000e+08 3.450000000000000000e+03 4.620000000000000000e+03 2.390000000000000000e+03 4.090000000000000000e+03
1.615369730000000000e+08 3.440000000000000000e+03 4.610000000000000000e+03 2.400000000000000000e+03 4.090000000000000000e+03
1.615371810000000000e+08 3.430000000000000000e+03 4.610000000000000000e+03 2.390000000000000000e+03 4.080000000000000000e+03
1.615373890000000000e+08 3.440000000000000000e+03 4.610000000000000000e+03 2.390000000000000000e+03 4.080000000000000000e+03
1.615375970000000000e+08 3.440000000000000000e+03 4.600000000000000000e+03 2.390000000000000000e+03 4.090000000000000000e+03
1.615378050000000000e+08 3.450000000000000000e+03 4.610000000000000000e+03 2.380000000000000000e+03 4.090000000000000000e+03
1.615380130000000000e+08 3.450000000000000000e+03 4.620000000000000000e+03 2.390000000000000000e+03 4.090000000000000000e+03
1.615382210000000000e+08 3.450000000000000000e+03 4.620000000000000000e+03 2.390000000000000000e+03 4.090000000000000000e+03
1.615384290000000000e+08 3.450000000000000000e+03 4.620000000000000000e+03 2.380000000000000000e+03 4.090000000000000000e+03
1.615386370000000000e+08 3.450000000000000000e+03 4.620000000000000000e+03 2.390000000000000000e+03 4.090000000000000000e+03
1.615388450000000000e+08 3.450000000000000000e+03 4.620000000000000000e+03 2.380000000000000000e+03 4.080000000000000000e+03
1.615390530000000000e+08 3.450000000000000000e+03 4.610000000000000000e+03 2.380000000000000000e+03 4.090000000000000000e+03
1.615392610000000000e+08 3.440000000000000000e+03 4.610000000000000000e+03 2.380000000000000000e+03 4.090000000000000000e+03
1.615394690000000000e+08 3.430000000000000000e+03 4.610000000000000000e+03 2.380000000000000000e+03 4.080000000000000000e+03
1.615396770000000000e+08 3.420000000000000000e+03 4.610000000000000000e+03 2.370000000000000000e+03 4.080000000000000000e+03
1.615398850000000000e+08 3.420000000000000000e+03 4.610000000000000000e+03 2.370000000000000000e+03 4.090000000000000000e+03
1.615400930000000000e+08 3.420000000000000000e+03 4.600000000000000000e+03 2.360000000000000000e+03 4.080000000000000000e+03
1.615403010000000000e+08 3.420000000000000000e+03 4.600000000000000000e+03 2.360000000000000000e+03 4.080000000000000000e+03
1.615405090000000000e+08 3.430000000000000000e+03 4.600000000000000000e+03 2.370000000000000000e+03 4.090000000000000000e+03
1.615407170000000000e+08 3.430000000000000000e+03 4.600000000000000000e+03 2.370000000000000000e+03 4.090000000000000000e+03
1.615409250000000000e+08 3.430000000000000000e+03 4.600000000000000000e+03 2.370000000000000000e+03 4.090000000000000000e+03
1.615411330000000000e+08 3.430000000000000000e+03 4.600000000000000000e+03 2.380000000000000000e+03 4.090000000000000000e+03
1.615413410000000000e+08 3.430000000000000000e+03 4.600000000000000000e+03 2.380000000000000000e+03 4.090000000000000000e+03
1.615415490000000000e+08 3.440000000000000000e+03 4.600000000000000000e+03 2.380000000000000000e+03 4.080000000000000000e+03
1.615417570000000000e+08 3.440000000000000000e+03 4.620000000000000000e+03 2.370000000000000000e+03 4.080000000000000000e+03
1.615419650000000000e+08 3.440000000000000000e+03 4.620000000000000000e+03 2.370000000000000000e+03 4.080000000000000000e+03
1.615421730000000000e+08 3.430000000000000000e+03 4.610000000000000000e+03 2.380000000000000000e+03 4.080000000000000000e+03
1.615423810000000000e+08 3.420000000000000000e+03 4.610000000000000000e+03 2.380000000000000000e+03 4.080000000000000000e+03
1.615425880000000000e+08 3.430000000000000000e+03 4.610000000000000000e+03 2.390000000000000000e+03 4.080000000000000000e+03
1.615427960000000000e+08 3.430000000000000000e+03 4.610000000000000000e+03 2.400000000000000000e+03 4.090000000000000000e+03
1.615430040000000000e+08 3.430000000000000000e+03 4.610000000000000000e+03 2.400000000000000000e+03 4.090000000000000000e+03
1.615432120000000000e+08 3.440000000000000000e+03 4.610000000000000000e+03 2.390000000000000000e+03 4.090000000000000000e+03
1.615434200000000000e+08 3.440000000000000000e+03 4.620000000000000000e+03 2.370000000000000000e+03 4.090000000000000000e+03
1.615436280000000000e+08 3.430000000000000000e+03 4.620000000000000000e+03 2.360000000000000000e+03 4.100000000000000000e+03
1.615438360000000000e+08 3.450000000000000000e+03 4.610000000000000000e+03 2.370000000000000000e+03 4.100000000000000000e+03
1.615440440000000000e+08 3.440000000000000000e+03 4.610000000000000000e+03 2.380000000000000000e+03 4.100000000000000000e+03
1.615442520000000000e+08 3.440000000000000000e+03 4.610000000000000000e+03 2.380000000000000000e+03 4.100000000000000000e+03
1.615444600000000000e+08 3.450000000000000000e+03 4.610000000000000000e+03 2.380000000000000000e+03 4.090000000000000000e+03
1.615446680000000000e+08 3.440000000000000000e+03 4.610000000000000000e+03 2.390000000000000000e+03 4.090000000000000000e+03
1.615448760000000000e+08 3.440000000000000000e+03 4.610000000000000000e+03 2.380000000000000000e+03 4.080000000000000000e+03
1.615450840000000000e+08 3.440000000000000000e+03 4.610000000000000000e+03 2.370000000000000000e+03 4.080000000000000000e+03
1.615452920000000000e+08 3.430000000000000000e+03 4.610000000000000000e+03 2.370000000000000000e+03 4.080000000000000000e+03
1.615455000000000000e+08 3.440000000000000000e+03 4.610000000000000000e+03 2.370000000000000000e+03 4.090000000000000000e+03
1.615457080000000000e+08 3.440000000000000000e+03 4.610000000000000000e+03 2.380000000000000000e+03 4.100000000000000000e+03
1.615459160000000000e+08 3.440000000000000000e+03 4.610000000000000000e+03 2.390000000000000000e+03 4.100000000000000000e+03
1.615461240000000000e+08 3.450000000000000000e+03 4.610000000000000000e+03 2.380000000000000000e+03 4.090000000000000000e+03
1.615463320000000000e+08 3.440000000000000000e+03 4.610000000000000000e+03 2.390000000000000000e+03 4.090000000000000000e+03
1.615465400000000000e+08 3.440000000000000000e+03 4.610000000000000000e+03 2.390000000000000000e+03 4.090000000000000000e+03
1.615467490000000000e+08 3.440000000000000000e+03 4.610000000000000000e+03 2.380000000000000000e+03 4.090000000000000000e+03
1.615469560000000000e+08 3.430000000000000000e+03 4.620000000000000000e+03 2.380000000000000000e+03 4.080000000000000000e+03
1.615471640000000000e+08 3.440000000000000000e+03 4.620000000000000000e+03 2.380000000000000000e+03 4.080000000000000000e+03
1.615473720000000000e+08 3.450000000000000000e+03 4.620000000000000000e+03 2.380000000000000000e+03 4.090000000000000000e+03
1.615475800000000000e+08 3.440000000000000000e+03 4.620000000000000000e+03 2.380000000000000000e+03 4.090000000000000000e+03
1.615477870000000000e+08 3.450000000000000000e+03 4.630000000000000000e+03 2.390000000000000000e+03 4.090000000000000000e+03
1.615479960000000000e+08 3.450000000000000000e+03 4.620000000000000000e+03 2.390000000000000000e+03 4.090000000000000000e+03
1.615482030000000000e+08 3.450000000000000000e+03 4.610000000000000000e+03 2.380000000000000000e+03 4.100000000000000000e+03
1.615484110000000000e+08 3.450000000000000000e+03 4.610000000000000000e+03 2.380000000000000000e+03 4.100000000000000000e+03
1.615486190000000000e+08 3.440000000000000000e+03 4.600000000000000000e+03 2.380000000000000000e+03 4.090000000000000000e+03
1.615488270000000000e+08 3.450000000000000000e+03 4.620000000000000000e+03 2.370000000000000000e+03 4.090000000000000000e+03
1.615490350000000000e+08 3.450000000000000000e+03 4.630000000000000000e+03 2.370000000000000000e+03 4.090000000000000000e+03
1.615492430000000000e+08 3.460000000000000000e+03 4.630000000000000000e+03 2.370000000000000000e+03 4.080000000000000000e+03
1.615494510000000000e+08 3.460000000000000000e+03 4.620000000000000000e+03 2.380000000000000000e+03 4.080000000000000000e+03
1.615496590000000000e+08 3.460000000000000000e+03 4.620000000000000000e+03 2.370000000000000000e+03 4.080000000000000000e+03
1.615498670000000000e+08 3.460000000000000000e+03 4.620000000000000000e+03 2.370000000000000000e+03 4.080000000000000000e+03
1.615500740000000000e+08 3.460000000000000000e+03 4.620000000000000000e+03 2.390000000000000000e+03 4.080000000000000000e+03
1.615502830000000000e+08 3.450000000000000000e+03 4.610000000000000000e+03 2.370000000000000000e+03 4.080000000000000000e+03
1.615504910000000000e+08 3.450000000000000000e+03 4.610000000000000000e+03 2.370000000000000000e+03 4.080000000000000000e+03
1.615506990000000000e+08 3.440000000000000000e+03 4.620000000000000000e+03 2.380000000000000000e+03 4.080000000000000000e+03
1.615509070000000000e+08 3.450000000000000000e+03 4.620000000000000000e+03 2.370000000000000000e+03 4.080000000000000000e+03
1.615511150000000000e+08 3.450000000000000000e+03 4.620000000000000000e+03 2.370000000000000000e+03 4.080000000000000000e+03
1.615513230000000000e+08 3.450000000000000000e+03 4.620000000000000000e+03 2.390000000000000000e+03 4.080000000000000000e+03
1.615515310000000000e+08 3.450000000000000000e+03 4.620000000000000000e+03 2.380000000000000000e+03 4.080000000000000000e+03
1.615517390000000000e+08 3.440000000000000000e+03 4.610000000000000000e+03 2.380000000000000000e+03 4.080000000000000000e+03
1.615519470000000000e+08 3.440000000000000000e+03 4.610000000000000000e+03 2.390000000000000000e+03 4.080000000000000000e+03
1.615521550000000000e+08 3.440000000000000000e+03 4.610000000000000000e+03 2.390000000000000000e+03 4.080000000000000000e+03
1.615523630000000000e+08 3.440000000000000000e+03 4.610000000000000000e+03 2.370000000000000000e+03 4.090000000000000000e+03
1.615526470000000000e+08 3.440000000000000000e+03 4.610000000000000000e+03 2.370000000000000000e+03 4.090000000000000000e+03
1.615527790000000000e+08 3.440000000000000000e+03 4.620000000000000000e+03 2.380000000000000000e+03 4.080000000000000000e+03
1.615529870000000000e+08 3.430000000000000000e+03 4.610000000000000000e+03 2.370000000000000000e+03 4.080000000000000000e+03
1.615531950000000000e+08 3.430000000000000000e+03 4.620000000000000000e+03 2.380000000000000000e+03 4.080000000000000000e+03
