1.628488510000000000e+08 4.080000000000000000e+03 4.620000000000000000e+03 2.390000000000000000e+03 3.380000000000000000e+03
1.628490590000000000e+08 4.080000000000000000e+03 4.620000000000000000e+03 2.390000000000000000e+03 3.380000000000000000e+03
1.628492660000000000e+08 4.090000000000000000e+03 4.620000000000000000e+03 2.400000000000000000e+03 3.370000000000000000e+03
1.628494750000000000e+08 4.090000000000000000e+03 4.610000000000000000e+03 2.400000000000000000e+03 3.370000000000000000e+03
1.628496830000000000e+08 4.090000000000000000e+03 4.620000000000000000e+03 2.420000000000000000e+03 3.370000000000000000e+03
1.628498910000000000e+08 4.100000000000000000e+03 4.610000000000000000e+03 2.400000000000000000e+03 3.360000000000000000e+03
1.628500990000000000e+08 4.090000000000000000e+03 4.610000000000000000e+03 2.390000000000000000e+03 3.370000000000000000e+03
1.628503060000000000e+08 4.080000000000000000e+03 4.610000000000000000e+03 2.400000000000000000e+03 3.370000000000000000e+03
1.628505150000000000e+08 4.090000000000000000e+03 4.610000000000000000e+03 2.400000000000000000e+03 3.370000000000000000e+03
1.628507230000000000e+08 4.100000000000000000e+03 4.620000000000000000e+03 2.400000000000000000e+03 3.370000000000000000e+03
1.628509330000000000e+08 4.100000000000000000e+03 4.610000000000000000e+03 2.390000000000000000e+03 3.370000000000000000e+03
1.628511390000000000e+08 4.100000000000000000e+03 4.620000000000000000e+03 2.390000000000000000e+03 3.380000000000000000e+03
1.628513470000000000e+08 4.110000000000000000e+03 4.620000000000000000e+03 2.390000000000000000e+03 3.380000000000000000e+03
1.628515550000000000e+08 4.110000000000000000e+03 4.620000000000000000e+03 2.390000000000000000e+03 3.380000000000000000e+03
1.628517630000000000e+08 4.100000000000000000e+03 4.610000000000000000e+03 2.380000000000000000e+03 3.380000000000000000e+03
1.628519710000000000e+08 4.110000000000000000e+03 4.620000000000000000e+03 2.380000000000000000e+03 3.380000000000000000e+03
1.628521780000000000e+08 4.100000000000000000e+03 4.620000000000000000e+03 2.390000000000000000e+03 3.370000000000000000e+03
1.628523860000000000e+08 4.090000000000000000e+03 4.620000000000000000e+03 2.390000000000000000e+03 3.380000000000000000e+03
1.628525950000000000e+08 4.080000000000000000e+03 4.620000000000000000e+03 2.390000000000000000e+03 3.380000000000000000e+03
1.628528030000000000e+08 4.080000000000000000e+03 4.620000000000000000e+03 2.390000000000000000e+03 3.380000000000000000e+03
1.628530110000000000e+08 4.080000000000000000e+03 4.620000000000000000e+03 2.390000000000000000e+03 3.380000000000000000e+03
1.628532190000000000e+08 4.080000000000000000e+03 4.610000000000000000e+03 2.390000000000000000e+03 3.380000000000000000e+03
1.628534260000000000e+08 4.100000000000000000e+03 4.630000000000000000e+03 2.400000000000000000e+03 3.380000000000000000e+03
1.628536350000000000e+08 4.090000000000000000e+03 4.630000000000000000e+03 2.390000000000000000e+03 3.380000000000000000e+03
1.628538430000000000e+08 4.090000000000000000e+03 4.630000000000000000e+03 2.400000000000000000e+03 3.390000000000000000e+03
1.628540500000000000e+08 4.110000000000000000e+03 4.630000000000000000e+03 2.400000000000000000e+03 3.390000000000000000e+03
1.628542580000000000e+08 4.120000000000000000e+03 4.630000000000000000e+03 2.400000000000000000e+03 3.390000000000000000e+03
1.628544660000000000e+08 4.120000000000000000e+03 4.620000000000000000e+03 2.400000000000000000e+03 3.390000000000000000e+03
1.628546740000000000e+08 4.120000000000000000e+03 4.610000000000000000e+03 2.400000000000000000e+03 3.390000000000000000e+03
1.628548820000000000e+08 4.120000000000000000e+03 4.610000000000000000e+03 2.400000000000000000e+03 3.390000000000000000e+03
1.628550900000000000e+08 4.120000000000000000e+03 4.610000000000000000e+03 2.420000000000000000e+03 3.380000000000000000e+03
1.628552980000000000e+08 4.130000000000000000e+03 4.610000000000000000e+03 2.400000000000000000e+03 3.370000000000000000e+03
1.628555070000000000e+08 4.120000000000000000e+03 4.610000000000000000e+03 2.400000000000000000e+03 3.370000000000000000e+03
1.628557140000000000e+08 4.110000000000000000e+03 4.620000000000000000e+03 2.400000000000000000e+03 3.370000000000000000e+03
1.628559220000000000e+08 4.100000000000000000e+03 4.630000000000000000e+03 2.390000000000000000e+03 3.370000000000000000e+03
1.628561300000000000e+08 4.090000000000000000e+03 4.620000000000000000e+03 2.390000000000000000e+03 3.380000000000000000e+03
1.628563380000000000e+08 4.080000000000000000e+03 4.610000000000000000e+03 2.390000000000000000e+03 3.380000000000000000e+03
1.628565460000000000e+08 4.090000000000000000e+03 4.610000000000000000e+03 2.380000000000000000e+03 3.380000000000000000e+03
1.628567540000000000e+08 4.100000000000000000e+03 4.610000000000000000e+03 2.390000000000000000e+03 3.380000000000000000e+03
1.628569620000000000e+08 4.100000000000000000e+03 4.610000000000000000e+03 2.400000000000000000e+03 3.380000000000000000e+03
1.628571700000000000e+08 4.100000000000000000e+03 4.610000000000000000e+03 2.400000000000000000e+03 3.380000000000000000e+03
1.628573780000000000e+08 4.100000000000000000e+03 4.610000000000000000e+03 2.420000000000000000e+03 3.380000000000000000e+03
1.628575860000000000e+08 4.090000000000000000e+03 4.620000000000000000e+03 2.400000000000000000e+03 3.380000000000000000e+03
1.628577940000000000e+08 4.110000000000000000e+03 4.620000000000000000e+03 2.390000000000000000e+03 3.380000000000000000e+03
1.628580020000000000e+08 4.110000000000000000e+03 4.620000000000000000e+03 2.380000000000000000e+03 3.380000000000000000e+03
1.628582100000000000e+08 4.100000000000000000e+03 4.610000000000000000e+03 2.390000000000000000e+03 3.370000000000000000e+03
1.628584180000000000e+08 4.090000000000000000e+03 4.610000000000000000e+03 2.390000000000000000e+03 3.380000000000000000e+03
1.628586260000000000e+08 4.090000000000000000e+03 4.610000000000000000e+03 2.390000000000000000e+03 3.370000000000000000e+03
1.628588340000000000e+08 4.080000000000000000e+03 4.610000000000000000e+03 2.390000000000000000e+03 3.370000000000000000e+03
1.628590420000000000e+08 4.070000000000000000e+03 4.610000000000000000e+03 2.390000000000000000e+03 3.370000000000000000e+03
1.628592500000000000e+08 4.090000000000000000e+03 4.610000000000000000e+03 2.390000000000000000e+03 3.370000000000000000e+03
1.628594580000000000e+08 4.100000000000000000e+03 4.610000000000000000e+03 2.380000000000000000e+03 3.380000000000000000e+03
1.628596660000000000e+08 4.090000000000000000e+03 4.610000000000000000e+03 2.390000000000000000e+03 3.380000000000000000e+03
1.628598740000000000e+08 4.090000000000000000e+03 4.610000000000000000e+03 2.390000000000000000e+03 3.380000000000000000e+03
1.629000810000000000e+08 4.100000000000000000e+03 4.610000000000000000e+03 2.390000000000000000e+03 3.370000000000000000e+03
1.629002890000000000e+08 4.090000000000000000e+03 4.610000000000000000e+03 2.390000000000000000e+03 3.370000000000000000e+03
1.629004980000000000e+08 4.110000000000000000e+03 4.620000000000000000e+03 2.390000000000000000e+03 3.380000000000000000e+03
1.629007050000000000e+08 4.110000000000000000e+03 4.620000000000000000e+03 2.390000000000000000e+03 3.380000000000000000e+03
1.629009130000000000e+08 4.110000000000000000e+03 4.620000000000000000e+03 2.390000000000000000e+03 3.380000000000000000e+03
1.629011210000000000e+08 4.110000000000000000e+03 4.620000000000000000e+03 2.400000000000000000e+03 3.380000000000000000e+03
1.629013290000000000e+08 4.110000000000000000e+03 4.620000000000000000e+03 2.390000000000000000e+03 3.370000000000000000e+03
1.629015370000000000e+08 4.120000000000000000e+03 4.620000000000000000e+03 2.380000000000000000e+03 3.380000000000000000e+03
1.629017450000000000e+08 4.120000000000000000e+03 4.620000000000000000e+03 2.390000000000000000e+03 3.370000000000000000e+03
1.629019530000000000e+08 4.120000000000000000e+03 4.610000000000000000e+03 2.390000000000000000e+03 3.370000000000000000e+03
1.629021610000000000e+08 4.100000000000000000e+03 4.610000000000000000e+03 2.380000000000000000e+03 3.370000000000000000e+03
1.629023700000000000e+08 4.120000000000000000e+03 4.610000000000000000e+03 2.380000000000000000e+03 3.370000000000000000e+03
1.629025770000000000e+08 4.110000000000000000e+03 4.620000000000000000e+03 2.390000000000000000e+03 3.370000000000000000e+03
1.629027850000000000e+08 4.110000000000000000e+03 4.620000000000000000e+03 2.390000000000000000e+03 3.370000000000000000e+03
1.629029930000000000e+08 4.100000000000000000e+03 4.620000000000000000e+03 2.390000000000000000e+03 3.370000000000000000e+03
1.629032010000000000e+08 4.110000000000000000e+03 4.610000000000000000e+03 2.400000000000000000e+03 3.380000000000000000e+03
1.629034090000000000e+08 4.100000000000000000e+03 4.610000000000000000e+03 2.420000000000000000e+03 3.380000000000000000e+03
1.629036170000000000e+08 4.090000000000000000e+03 4.610000000000000000e+03 2.400000000000000000e+03 3.380000000000000000e+03
1.629038240000000000e+08 4.080000000000000000e+03 4.610000000000000000e+03 2.390000000000000000e+03 3.380000000000000000e+03
1.629040330000000000e+08 4.080000000000000000e+03 4.610000000000000000e+03 2.390000000000000000e+03 3.390000000000000000e+03
1.629042410000000000e+08 4.080000000000000000e+03 4.610000000000000000e+03 2.390000000000000000e+03 3.390000000000000000e+03
1.629044490000000000e+08 4.070000000000000000e+03 4.620000000000000000e+03 2.400000000000000000e+03 3.390000000000000000e+03
1.629046570000000000e+08 4.070000000000000000e+03 4.610000000000000000e+03 2.400000000000000000e+03 3.390000000000000000e+03
1.629048650000000000e+08 4.070000000000000000e+03 4.610000000000000000e+03 2.400000000000000000e+03 3.390000000000000000e+03
1.629050730000000000e+08 4.080000000000000000e+03 4.610000000000000000e+03 2.420000000000000000e+03 3.390000000000000000e+03
1.629052810000000000e+08 4.080000000000000000e+03 4.610000000000000000e+03 2.420000000000000000e+03 3.390000000000000000e+03
1.629054890000000000e+08 4.090000000000000000e+03 4.610000000000000000e+03 2.420000000000000000e+03 3.390000000000000000e+03
1.629056960000000000e+08 4.090000000000000000e+03 4.610000000000000000e+03 2.400000000000000000e+03 3.380000000000000000e+03
1.629059040000000000e+08 4.080000000000000000e+03 4.610000000000000000e+03 2.400000000000000000e+03 3.380000000000000000e+03
1.629061110000000000e+08 4.090000000000000000e+03 4.610000000000000000e+03 2.400000000000000000e+03 3.380000000000000000e+03
1.629063200000000000e+08 4.080000000000000000e+03 4.620000000000000000e+03 2.390000000000000000e+03 3.390000000000000000e+03
1.629065280000000000e+08 4.080000000000000000e+03 4.620000000000000000e+03 2.390000000000000000e+03 3.370000000000000000e+03
1.629067360000000000e+08 4.100000000000000000e+03 4.620000000000000000e+03 2.390000000000000000e+03 3.370000000000000000e+03
1.629069440000000000e+08 4.100000000000000000e+03 4.620000000000000000e+03 2.390000000000000000e+03 3.380000000000000000e+03
1.629071520000000000e+08 4.100000000000000000e+03 4.610000000000000000e+03 2.390000000000000000e+03 3.380000000000000000e+03
1.629073600000000000e+08 4.090000000000000000e+03 4.610000000000000000e+03 2.390000000000000000e+03 3.380000000000000000e+03
1.629075680000000000e+08 4.080000000000000000e+03 4.620000000000000000e+03 2.390000000000000000e+03 3.370000000000000000e+03
1.629077760000000000e+08 4.080000000000000000e+03 4.610000000000000000e+03 2.380000000000000000e+03 3.370000000000000000e+03
1.629079840000000000e+08 4.080000000000000000e+03 4.610000000000000000e+03 2.380000000000000000e+03 3.380000000000000000e+03
1.629081910000000000e+08 4.070000000000000000e+03 4.610000000000000000e+03 2.390000000000000000e+03 3.380000000000000000e+03
1.629084000000000000e+08 4.090000000000000000e+03 4.610000000000000000e+03 2.390000000000000000e+03 3.380000000000000000e+03
1.629086080000000000e+08 4.100000000000000000e+03 4.620000000000000000e+03 2.390000000000000000e+03 3.380000000000000000e+03
1.629088160000000000e+08 4.110000000000000000e+03 4.620000000000000000e+03 2.390000000000000000e+03 3.370000000000000000e+03
1.629090240000000000e+08 4.110000000000000000e+03 4.620000000000000000e+03 2.380000000000000000e+03 3.370000000000000000e+03
1.629092320000000000e+08 4.100000000000000000e+03 4.630000000000000000e+03 2.390000000000000000e+03 3.380000000000000000e+03
1.629094400000000000e+08 4.090000000000000000e+03 4.620000000000000000e+03 2.390000000000000000e+03 3.380000000000000000e+03
1.629096470000000000e+08 4.090000000000000000e+03 4.630000000000000000e+03 2.390000000000000000e+03 3.380000000000000000e+03
1.629098560000000000e+08 4.100000000000000000e+03 4.630000000000000000e+03 2.390000000000000000e+03 3.370000000000000000e+03
1.629100640000000000e+08 4.100000000000000000e+03 4.620000000000000000e+03 2.390000000000000000e+03 3.380000000000000000e+03
1.629102720000000000e+08 4.110000000000000000e+03 4.630000000000000000e+03 2.390000000000000000e+03 3.360000000000000000e+03
1.629104800000000000e+08 4.110000000000000000e+03 4.620000000000000000e+03 2.400000000000000000e+03 3.370000000000000000e+03
1.629106880000000000e+08 4.130000000000000000e+03 4.620000000000000000e+03 2.400000000000000000e+03 3.370000000000000000e+03
1.629108960000000000e+08 4.130000000000000000e+03 4.620000000000000000e+03 2.390000000000000000e+03 3.370000000000000000e+03
1.629111040000000000e+08 4.130000000000000000e+03 4.620000000000000000e+03 2.400000000000000000e+03 3.370000000000000000e+03
1.629113110000000000e+08 4.120000000000000000e+03 4.610000000000000000e+03 2.400000000000000000e+03 3.370000000000000000e+03
1.629115190000000000e+08 4.100000000000000000e+03 4.610000000000000000e+03 2.400000000000000000e+03 3.370000000000000000e+03
1.629117270000000000e+08 4.090000000000000000e+03 4.620000000000000000e+03 2.420000000000000000e+03 3.370000000000000000e+03
1.629119350000000000e+08 4.090000000000000000e+03 4.610000000000000000e+03 2.430000000000000000e+03 3.370000000000000000e+03
1.629121430000000000e+08 4.090000000000000000e+03 4.610000000000000000e+03 2.420000000000000000e+03 3.370000000000000000e+03
1.629123510000000000e+08 4.100000000000000000e+03 4.610000000000000000e+03 2.400000000000000000e+03 3.380000000000000000e+03
1.629125590000000000e+08 4.100000000000000000e+03 4.610000000000000000e+03 2.420000000000000000e+03 3.390000000000000000e+03
1.629127670000000000e+08 4.090000000000000000e+03 4.620000000000000000e+03 2.420000000000000000e+03 3.370000000000000000e+03
1.629129750000000000e+08 4.080000000000000000e+03 4.620000000000000000e+03 2.430000000000000000e+03 3.370000000000000000e+03
1.629131830000000000e+08 4.070000000000000000e+03 4.620000000000000000e+03 2.420000000000000000e+03 3.380000000000000000e+03
1.629133910000000000e+08 4.090000000000000000e+03 4.620000000000000000e+03 2.420000000000000000e+03 3.380000000000000000e+03
1.629135990000000000e+08 4.080000000000000000e+03 4.610000000000000000e+03 2.420000000000000000e+03 3.380000000000000000e+03
1.629138070000000000e+08 4.090000000000000000e+03 4.610000000000000000e+03 2.420000000000000000e+03 3.380000000000000000e+03
1.629140150000000000e+08 4.100000000000000000e+03 4.610000000000000000e+03 2.420000000000000000e+03 3.380000000000000000e+03
1.629142230000000000e+08 4.100000000000000000e+03 4.610000000000000000e+03 2.430000000000000000e+03 3.380000000000000000e+03
1.629144320000000000e+08 4.090000000000000000e+03 4.610000000000000000e+03 2.430000000000000000e+03 3.370000000000000000e+03
1.629146390000000000e+08 4.080000000000000000e+03 4.610000000000000000e+03 2.430000000000000000e+03 3.370000000000000000e+03
1.629148470000000000e+08 4.080000000000000000e+03 4.610000000000000000e+03 2.420000000000000000e+03 3.370000000000000000e+03
1.629150550000000000e+08 4.080000000000000000e+03 4.610000000000000000e+03 2.400000000000000000e+03 3.370000000000000000e+03
1.629152630000000000e+08 4.080000000000000000e+03 4.600000000000000000e+03 2.400000000000000000e+03 3.370000000000000000e+03
1.629154710000000000e+08 4.100000000000000000e+03 4.600000000000000000e+03 2.400000000000000000e+03 3.370000000000000000e+03
1.629156790000000000e+08 4.100000000000000000e+03 4.600000000000000000e+03 2.400000000000000000e+03 3.370000000000000000e+03
1.629158870000000000e+08 4.090000000000000000e+03 4.600000000000000000e+03 2.400000000000000000e+03 3.380000000000000000e+03
1.629160950000000000e+08 4.090000000000000000e+03 4.610000000000000000e+03 2.400000000000000000e+03 3.380000000000000000e+03
1.629163030000000000e+08 4.090000000000000000e+03 4.610000000000000000e+03 2.420000000000000000e+03 3.380000000000000000e+03
1.629165100000000000e+08 4.080000000000000000e+03 4.610000000000000000e+03 2.420000000000000000e+03 3.380000000000000000e+03
1.629167180000000000e+08 4.080000000000000000e+03 4.620000000000000000e+03 2.430000000000000000e+03 3.380000000000000000e+03
1.629169260000000000e+08 4.090000000000000000e+03 4.610000000000000000e+03 2.430000000000000000e+03 3.380000000000000000e+03
1.629173420000000000e+08 4.090000000000000000e+03 4.610000000000000000e+03 2.430000000000000000e+03 3.380000000000000000e+03
1.629175500000000000e+08 4.100000000000000000e+03 4.610000000000000000e+03 2.430000000000000000e+03 3.380000000000000000e+03
1.629177580000000000e+08 4.100000000000000000e+03 4.610000000000000000e+03 2.420000000000000000e+03 3.380000000000000000e+03
1.629179680000000000e+08 4.090000000000000000e+03 4.610000000000000000e+03 2.420000000000000000e+03 3.380000000000000000e+03
1.629181740000000000e+08 4.100000000000000000e+03 4.620000000000000000e+03 2.420000000000000000e+03 3.380000000000000000e+03
1.629183820000000000e+08 4.100000000000000000e+03 4.610000000000000000e+03 2.400000000000000000e+03 3.380000000000000000e+03
1.629185900000000000e+08 4.100000000000000000e+03 4.610000000000000000e+03 2.400000000000000000e+03 3.390000000000000000e+03
1.629187980000000000e+08 4.110000000000000000e+03 4.610000000000000000e+03 2.390000000000000000e+03 3.390000000000000000e+03
1.629190060000000000e+08 4.110000000000000000e+03 4.610000000000000000e+03 2.380000000000000000e+03 3.380000000000000000e+03
1.629192140000000000e+08 4.100000000000000000e+03 4.610000000000000000e+03 2.390000000000000000e+03 3.380000000000000000e+03
1.629194220000000000e+08 4.110000000000000000e+03 4.610000000000000000e+03 2.400000000000000000e+03 3.380000000000000000e+03
1.629196290000000000e+08 4.120000000000000000e+03 4.620000000000000000e+03 2.400000000000000000e+03 3.380000000000000000e+03
1.629198380000000000e+08 4.110000000000000000e+03 4.610000000000000000e+03 2.400000000000000000e+03 3.370000000000000000e+03
1.629200460000000000e+08 4.110000000000000000e+03 4.610000000000000000e+03 2.390000000000000000e+03 3.370000000000000000e+03
1.629202540000000000e+08 4.100000000000000000e+03 4.620000000000000000e+03 2.390000000000000000e+03 3.380000000000000000e+03
1.629204620000000000e+08 4.100000000000000000e+03 4.610000000000000000e+03 2.390000000000000000e+03 3.380000000000000000e+03
1.629206700000000000e+08 4.090000000000000000e+03 4.610000000000000000e+03 2.390000000000000000e+03 3.380000000000000000e+03
1.629208780000000000e+08 4.080000000000000000e+03 4.610000000000000000e+03 2.390000000000000000e+03 3.380000000000000000e+03
1.629210860000000000e+08 4.070000000000000000e+03 4.610000000000000000e+03 2.390000000000000000e+03 3.380000000000000000e+03
1.629212940000000000e+08 4.070000000000000000e+03 4.610000000000000000e+03 2.390000000000000000e+03 3.380000000000000000e+03
1.629215020000000000e+08 4.080000000000000000e+03 4.610000000000000000e+03 2.390000000000000000e+03 3.380000000000000000e+03
1.629217100000000000e+08 4.090000000000000000e+03 4.620000000000000000e+03 2.390000000000000000e+03 3.380000000000000000e+03
1.629219180000000000e+08 4.100000000000000000e+03 4.620000000000000000e+03 2.390000000000000000e+03 3.380000000000000000e+03
1.629221260000000000e+08 4.090000000000000000e+03 4.630000000000000000e+03 2.390000000000000000e+03 3.380000000000000000e+03
1.629223330000000000e+08 4.080000000000000000e+03 4.620000000000000000e+03 2.390000000000000000e+03 3.380000000000000000e+03
1.629225420000000000e+08 4.100000000000000000e+03 4.610000000000000000e+03 2.390000000000000000e+03 3.370000000000000000e+03
1.629227500000000000e+08 4.110000000000000000e+03 4.610000000000000000e+03 2.390000000000000000e+03 3.370000000000000000e+03
1.629229570000000000e+08 4.100000000000000000e+03 4.620000000000000000e+03 2.390000000000000000e+03 3.360000000000000000e+03
1.629231650000000000e+08 4.090000000000000000e+03 4.610000000000000000e+03 2.390000000000000000e+03 3.370000000000000000e+03
1.629233730000000000e+08 4.080000000000000000e+03 4.610000000000000000e+03 2.400000000000000000e+03 3.380000000000000000e+03
1.629235820000000000e+08 4.090000000000000000e+03 4.610000000000000000e+03 2.400000000000000000e+03 3.380000000000000000e+03
1.629237890000000000e+08 4.090000000000000000e+03 4.610000000000000000e+03 2.400000000000000000e+03 3.380000000000000000e+03
1.629239970000000000e+08 4.090000000000000000e+03 4.610000000000000000e+03 2.400000000000000000e+03 3.390000000000000000e+03
1.629242050000000000e+08 4.080000000000000000e+03 4.610000000000000000e+03 2.400000000000000000e+03 3.390000000000000000e+03
1.629244130000000000e+08 4.080000000000000000e+03 4.610000000000000000e+03 2.390000000000000000e+03 3.380000000000000000e+03
1.629246210000000000e+08 4.080000000000000000e+03 4.610000000000000000e+03 2.400000000000000000e+03 3.380000000000000000e+03
1.629248290000000000e+08 4.080000000000000000e+03 4.620000000000000000e+03 2.390000000000000000e+03 3.370000000000000000e+03
1.629250370000000000e+08 4.090000000000000000e+03 4.620000000000000000e+03 2.390000000000000000e+03 3.370000000000000000e+03
1.629252450000000000e+08 4.100000000000000000e+03 4.610000000000000000e+03 2.380000000000000000e+03 3.370000000000000000e+03
1.629254530000000000e+08 4.100000000000000000e+03 4.610000000000000000e+03 2.380000000000000000e+03 3.380000000000000000e+03
1.629256610000000000e+08 4.100000000000000000e+03 4.610000000000000000e+03 2.380000000000000000e+03 3.380000000000000000e+03
1.629258690000000000e+08 4.100000000000000000e+03 4.620000000000000000e+03 2.380000000000000000e+03 3.380000000000000000e+03
1.629260770000000000e+08 4.090000000000000000e+03 4.630000000000000000e+03 2.380000000000000000e+03 3.370000000000000000e+03
1.629262850000000000e+08 4.100000000000000000e+03 4.620000000000000000e+03 2.380000000000000000e+03 3.380000000000000000e+03
1.629264930000000000e+08 4.090000000000000000e+03 4.620000000000000000e+03 2.380000000000000000e+03 3.390000000000000000e+03
1.629267010000000000e+08 4.100000000000000000e+03 4.620000000000000000e+03 2.390000000000000000e+03 3.390000000000000000e+03
1.629269090000000000e+08 4.090000000000000000e+03 4.610000000000000000e+03 2.400000000000000000e+03 3.390000000000000000e+03
1.629271170000000000e+08 4.080000000000000000e+03 4.610000000000000000e+03 2.400000000000000000e+03 3.390000000000000000e+03
1.629273250000000000e+08 4.080000000000000000e+03 4.610000000000000000e+03 2.400000000000000000e+03 3.390000000000000000e+03
1.629275330000000000e+08 4.080000000000000000e+03 4.610000000000000000e+03 2.390000000000000000e+03 3.390000000000000000e+03
1.629277410000000000e+08 4.080000000000000000e+03 4.610000000000000000e+03 2.390000000000000000e+03 3.380000000000000000e+03
1.629279490000000000e+08 4.090000000000000000e+03 4.610000000000000000e+03 2.400000000000000000e+03 3.380000000000000000e+03
1.629281580000000000e+08 4.100000000000000000e+03 4.610000000000000000e+03 2.400000000000000000e+03 3.380000000000000000e+03
1.629283650000000000e+08 4.090000000000000000e+03 4.610000000000000000e+03 2.400000000000000000e+03 3.370000000000000000e+03
1.629285720000000000e+08 4.080000000000000000e+03 4.610000000000000000e+03 2.400000000000000000e+03 3.380000000000000000e+03
1.629287800000000000e+08 4.100000000000000000e+03 4.610000000000000000e+03 2.400000000000000000e+03 3.370000000000000000e+03
1.629289880000000000e+08 4.110000000000000000e+03 4.610000000000000000e+03 2.390000000000000000e+03 3.360000000000000000e+03
1.629291960000000000e+08 4.100000000000000000e+03 4.610000000000000000e+03 2.390000000000000000e+03 3.370000000000000000e+03
1.629294040000000000e+08 4.090000000000000000e+03 4.610000000000000000e+03 2.390000000000000000e+03 3.360000000000000000e+03
1.629296120000000000e+08 4.100000000000000000e+03 4.610000000000000000e+03 2.400000000000000000e+03 3.360000000000000000e+03
1.629298200000000000e+08 4.100000000000000000e+03 4.600000000000000000e+03 2.400000000000000000e+03 3.360000000000000000e+03
1.629300280000000000e+08 4.090000000000000000e+03 4.600000000000000000e+03 2.400000000000000000e+03 3.370000000000000000e+03
1.629302370000000000e+08 4.100000000000000000e+03 4.600000000000000000e+03 2.390000000000000000e+03 3.360000000000000000e+03
1.629304440000000000e+08 4.090000000000000000e+03 4.600000000000000000e+03 2.400000000000000000e+03 3.370000000000000000e+03
1.629306520000000000e+08 4.090000000000000000e+03 4.600000000000000000e+03 2.390000000000000000e+03 3.370000000000000000e+03
1.629308600000000000e+08 4.080000000000000000e+03 4.600000000000000000e+03 2.400000000000000000e+03 3.380000000000000000e+03
1.629310680000000000e+08 4.080000000000000000e+03 4.600000000000000000e+03 2.400000000000000000e+03 3.380000000000000000e+03
1.629312760000000000e+08 4.080000000000000000e+03 4.610000000000000000e+03 2.420000000000000000e+03 3.380000000000000000e+03
1.629314840000000000e+08 4.090000000000000000e+03 4.610000000000000000e+03 2.420000000000000000e+03 3.370000000000000000e+03
1.629316920000000000e+08 4.100000000000000000e+03 4.610000000000000000e+03 2.420000000000000000e+03 3.380000000000000000e+03
1.629319000000000000e+08 4.090000000000000000e+03 4.610000000000000000e+03 2.400000000000000000e+03 3.380000000000000000e+03
1.629321080000000000e+08 4.090000000000000000e+03 4.610000000000000000e+03 2.400000000000000000e+03 3.380000000000000000e+03
1.629323170000000000e+08 4.090000000000000000e+03 4.610000000000000000e+03 2.400000000000000000e+03 3.380000000000000000e+03
1.629325230000000000e+08 4.100000000000000000e+03 4.610000000000000000e+03 2.390000000000000000e+03 3.370000000000000000e+03
1.629327320000000000e+08 4.090000000000000000e+03 4.610000000000000000e+03 2.390000000000000000e+03 3.370000000000000000e+03
1.629329400000000000e+08 4.080000000000000000e+03 4.620000000000000000e+03 2.400000000000000000e+03 3.380000000000000000e+03
1.629331480000000000e+08 4.090000000000000000e+03 4.610000000000000000e+03 2.400000000000000000e+03 3.380000000000000000e+03
1.629333650000000000e+08 4.100000000000000000e+03 4.610000000000000000e+03 2.400000000000000000e+03 3.390000000000000000e+03
1.629335630000000000e+08 4.090000000000000000e+03 4.610000000000000000e+03 2.390000000000000000e+03 3.390000000000000000e+03
1.629337720000000000e+08 4.100000000000000000e+03 4.610000000000000000e+03 2.400000000000000000e+03 3.400000000000000000e+03
1.629340220000000000e+08 4.110000000000000000e+03 4.610000000000000000e+03 2.400000000000000000e+03 3.400000000000000000e+03
1.629341870000000000e+08 4.100000000000000000e+03 4.610000000000000000e+03 2.400000000000000000e+03 3.400000000000000000e+03
1.629343950000000000e+08 4.090000000000000000e+03 4.630000000000000000e+03 2.400000000000000000e+03 3.390000000000000000e+03
1.629346030000000000e+08 4.090000000000000000e+03 4.630000000000000000e+03 2.420000000000000000e+03 3.380000000000000000e+03
1.629348110000000000e+08 4.080000000000000000e+03 4.630000000000000000e+03 2.400000000000000000e+03 3.380000000000000000e+03
