1.635056810000000000e+08 2.880000000000000000e+03 3.590000000000000000e+03 3.550000000000000000e+03 4.340000000000000000e+03
1.635058900000000000e+08 2.880000000000000000e+03 3.590000000000000000e+03 3.540000000000000000e+03 4.350000000000000000e+03
1.635060980000000000e+08 2.890000000000000000e+03 3.580000000000000000e+03 3.540000000000000000e+03 4.360000000000000000e+03
1.635063060000000000e+08 2.890000000000000000e+03 3.580000000000000000e+03 3.540000000000000000e+03 4.360000000000000000e+03
1.635065130000000000e+08 2.870000000000000000e+03 3.580000000000000000e+03 3.540000000000000000e+03 4.360000000000000000e+03
1.635067220000000000e+08 2.860000000000000000e+03 3.580000000000000000e+03 3.540000000000000000e+03 4.350000000000000000e+03
1.635069300000000000e+08 2.850000000000000000e+03 3.580000000000000000e+03 3.550000000000000000e+03 4.340000000000000000e+03
1.635071380000000000e+08 2.860000000000000000e+03 3.590000000000000000e+03 3.560000000000000000e+03 4.340000000000000000e+03
1.635073460000000000e+08 2.860000000000000000e+03 3.580000000000000000e+03 3.560000000000000000e+03 4.340000000000000000e+03
1.635075530000000000e+08 2.860000000000000000e+03 3.580000000000000000e+03 3.560000000000000000e+03 4.340000000000000000e+03
1.635077610000000000e+08 2.860000000000000000e+03 3.590000000000000000e+03 3.560000000000000000e+03 4.340000000000000000e+03
1.635079690000000000e+08 2.860000000000000000e+03 3.580000000000000000e+03 3.560000000000000000e+03 4.350000000000000000e+03
1.635081770000000000e+08 2.870000000000000000e+03 3.580000000000000000e+03 3.550000000000000000e+03 4.340000000000000000e+03
1.635083850000000000e+08 2.860000000000000000e+03 3.570000000000000000e+03 3.550000000000000000e+03 4.340000000000000000e+03
1.635085930000000000e+08 2.880000000000000000e+03 3.570000000000000000e+03 3.540000000000000000e+03 4.350000000000000000e+03
1.635088010000000000e+08 2.890000000000000000e+03 3.570000000000000000e+03 3.550000000000000000e+03 4.360000000000000000e+03
1.635090090000000000e+08 2.870000000000000000e+03 3.570000000000000000e+03 3.550000000000000000e+03 4.360000000000000000e+03
1.635092170000000000e+08 2.860000000000000000e+03 3.570000000000000000e+03 3.540000000000000000e+03 4.350000000000000000e+03
1.635094250000000000e+08 2.850000000000000000e+03 3.580000000000000000e+03 3.540000000000000000e+03 4.360000000000000000e+03
1.635096320000000000e+08 2.860000000000000000e+03 3.570000000000000000e+03 3.540000000000000000e+03 4.350000000000000000e+03
1.635098410000000000e+08 2.880000000000000000e+03 3.580000000000000000e+03 3.540000000000000000e+03 4.350000000000000000e+03
1.635100490000000000e+08 2.860000000000000000e+03 3.570000000000000000e+03 3.540000000000000000e+03 4.350000000000000000e+03
1.635102570000000000e+08 2.870000000000000000e+03 3.570000000000000000e+03 3.540000000000000000e+03 4.350000000000000000e+03
1.635104650000000000e+08 2.870000000000000000e+03 3.570000000000000000e+03 3.550000000000000000e+03 4.350000000000000000e+03
1.635106720000000000e+08 2.860000000000000000e+03 3.570000000000000000e+03 3.540000000000000000e+03 4.340000000000000000e+03
1.635108810000000000e+08 2.880000000000000000e+03 3.570000000000000000e+03 3.530000000000000000e+03 4.340000000000000000e+03
1.635110890000000000e+08 2.870000000000000000e+03 3.580000000000000000e+03 3.530000000000000000e+03 4.340000000000000000e+03
1.635112970000000000e+08 2.880000000000000000e+03 3.580000000000000000e+03 3.530000000000000000e+03 4.350000000000000000e+03
1.635115050000000000e+08 2.890000000000000000e+03 3.580000000000000000e+03 3.530000000000000000e+03 4.340000000000000000e+03
1.635117120000000000e+08 2.880000000000000000e+03 3.590000000000000000e+03 3.530000000000000000e+03 4.340000000000000000e+03
1.635119210000000000e+08 2.880000000000000000e+03 3.600000000000000000e+03 3.540000000000000000e+03 4.340000000000000000e+03
1.635121290000000000e+08 2.870000000000000000e+03 3.600000000000000000e+03 3.540000000000000000e+03 4.340000000000000000e+03
1.635123370000000000e+08 2.870000000000000000e+03 3.590000000000000000e+03 3.540000000000000000e+03 4.340000000000000000e+03
1.635125450000000000e+08 2.870000000000000000e+03 3.580000000000000000e+03 3.540000000000000000e+03 4.340000000000000000e+03
1.635127530000000000e+08 2.870000000000000000e+03 3.590000000000000000e+03 3.540000000000000000e+03 4.350000000000000000e+03
1.635129610000000000e+08 2.880000000000000000e+03 3.590000000000000000e+03 3.540000000000000000e+03 4.340000000000000000e+03
1.635131680000000000e+08 2.860000000000000000e+03 3.580000000000000000e+03 3.540000000000000000e+03 4.340000000000000000e+03
1.635133760000000000e+08 2.860000000000000000e+03 3.580000000000000000e+03 3.530000000000000000e+03 4.340000000000000000e+03
1.635135840000000000e+08 2.870000000000000000e+03 3.590000000000000000e+03 3.540000000000000000e+03 4.350000000000000000e+03
1.635137920000000000e+08 2.870000000000000000e+03 3.590000000000000000e+03 3.540000000000000000e+03 4.350000000000000000e+03
1.635140000000000000e+08 2.860000000000000000e+03 3.580000000000000000e+03 3.540000000000000000e+03 4.340000000000000000e+03
1.635142080000000000e+08 2.870000000000000000e+03 3.590000000000000000e+03 3.540000000000000000e+03 4.340000000000000000e+03
1.635144160000000000e+08 2.880000000000000000e+03 3.590000000000000000e+03 3.550000000000000000e+03 4.340000000000000000e+03
1.635146240000000000e+08 2.880000000000000000e+03 3.590000000000000000e+03 3.550000000000000000e+03 4.340000000000000000e+03
1.635148320000000000e+08 2.880000000000000000e+03 3.580000000000000000e+03 3.550000000000000000e+03 4.340000000000000000e+03
1.635150400000000000e+08 2.880000000000000000e+03 3.590000000000000000e+03 3.540000000000000000e+03 4.340000000000000000e+03
1.635152480000000000e+08 2.890000000000000000e+03 3.580000000000000000e+03 3.540000000000000000e+03 4.350000000000000000e+03
1.635154560000000000e+08 2.880000000000000000e+03 3.580000000000000000e+03 3.540000000000000000e+03 4.340000000000000000e+03
1.635156640000000000e+08 2.870000000000000000e+03 3.590000000000000000e+03 3.550000000000000000e+03 4.340000000000000000e+03
1.635158720000000000e+08 2.870000000000000000e+03 3.580000000000000000e+03 3.550000000000000000e+03 4.340000000000000000e+03
1.635160800000000000e+08 2.870000000000000000e+03 3.580000000000000000e+03 3.550000000000000000e+03 4.340000000000000000e+03
1.635162890000000000e+08 2.870000000000000000e+03 3.600000000000000000e+03 3.550000000000000000e+03 4.350000000000000000e+03
1.635164960000000000e+08 2.860000000000000000e+03 3.590000000000000000e+03 3.550000000000000000e+03 4.350000000000000000e+03
1.635167040000000000e+08 2.850000000000000000e+03 3.590000000000000000e+03 3.550000000000000000e+03 4.350000000000000000e+03
1.635169120000000000e+08 2.850000000000000000e+03 3.600000000000000000e+03 3.550000000000000000e+03 4.340000000000000000e+03
1.635171200000000000e+08 2.860000000000000000e+03 3.600000000000000000e+03 3.550000000000000000e+03 4.340000000000000000e+03
1.635173280000000000e+08 2.870000000000000000e+03 3.590000000000000000e+03 3.540000000000000000e+03 4.340000000000000000e+03
1.635175360000000000e+08 2.860000000000000000e+03 3.590000000000000000e+03 3.550000000000000000e+03 7.000000000000000000e+01
1.635177440000000000e+08 2.860000000000000000e+03 3.580000000000000000e+03 3.550000000000000000e+03 4.340000000000000000e+03
1.635179520000000000e+08 2.870000000000000000e+03 3.600000000000000000e+03 3.540000000000000000e+03 4.340000000000000000e+03
1.635181590000000000e+08 2.880000000000000000e+03 3.590000000000000000e+03 3.540000000000000000e+03 4.350000000000000000e+03
1.635183670000000000e+08 2.880000000000000000e+03 3.580000000000000000e+03 3.540000000000000000e+03 4.340000000000000000e+03
1.635185760000000000e+08 2.870000000000000000e+03 3.580000000000000000e+03 3.540000000000000000e+03 4.350000000000000000e+03
1.635187830000000000e+08 2.870000000000000000e+03 3.590000000000000000e+03 3.540000000000000000e+03 4.350000000000000000e+03
1.635189910000000000e+08 2.870000000000000000e+03 3.580000000000000000e+03 3.550000000000000000e+03 4.350000000000000000e+03
1.635191990000000000e+08 2.870000000000000000e+03 3.570000000000000000e+03 3.540000000000000000e+03 4.340000000000000000e+03
1.635194070000000000e+08 2.870000000000000000e+03 3.580000000000000000e+03 3.540000000000000000e+03 4.340000000000000000e+03
1.635196150000000000e+08 2.880000000000000000e+03 3.570000000000000000e+03 3.540000000000000000e+03 4.340000000000000000e+03
1.635198230000000000e+08 2.880000000000000000e+03 3.580000000000000000e+03 3.540000000000000000e+03 4.350000000000000000e+03
1.635200310000000000e+08 2.870000000000000000e+03 3.580000000000000000e+03 3.540000000000000000e+03 4.340000000000000000e+03
1.635202390000000000e+08 2.870000000000000000e+03 3.580000000000000000e+03 3.540000000000000000e+03 4.340000000000000000e+03
1.635204470000000000e+08 2.870000000000000000e+03 3.590000000000000000e+03 3.540000000000000000e+03 4.340000000000000000e+03
1.635206550000000000e+08 2.880000000000000000e+03 3.580000000000000000e+03 3.540000000000000000e+03 4.340000000000000000e+03
1.635208630000000000e+08 2.890000000000000000e+03 3.580000000000000000e+03 3.540000000000000000e+03 4.340000000000000000e+03
1.635210710000000000e+08 2.890000000000000000e+03 3.580000000000000000e+03 3.540000000000000000e+03 4.340000000000000000e+03
1.635212790000000000e+08 2.890000000000000000e+03 3.580000000000000000e+03 3.530000000000000000e+03 4.360000000000000000e+03
1.635214870000000000e+08 2.890000000000000000e+03 3.590000000000000000e+03 3.540000000000000000e+03 4.360000000000000000e+03
1.635216950000000000e+08 2.890000000000000000e+03 3.580000000000000000e+03 3.540000000000000000e+03 4.350000000000000000e+03
1.635219030000000000e+08 2.880000000000000000e+03 3.580000000000000000e+03 3.540000000000000000e+03 4.350000000000000000e+03
1.635221110000000000e+08 2.860000000000000000e+03 3.570000000000000000e+03 3.540000000000000000e+03 4.350000000000000000e+03
1.635223190000000000e+08 2.880000000000000000e+03 3.580000000000000000e+03 3.540000000000000000e+03 4.350000000000000000e+03
1.635225270000000000e+08 2.880000000000000000e+03 3.570000000000000000e+03 3.540000000000000000e+03 4.350000000000000000e+03
1.635227350000000000e+08 2.880000000000000000e+03 3.580000000000000000e+03 3.540000000000000000e+03 4.350000000000000000e+03
1.635229430000000000e+08 2.880000000000000000e+03 3.580000000000000000e+03 3.550000000000000000e+03 4.340000000000000000e+03
1.635231510000000000e+08 2.880000000000000000e+03 3.580000000000000000e+03 3.550000000000000000e+03 4.350000000000000000e+03
1.635233590000000000e+08 2.870000000000000000e+03 3.580000000000000000e+03 3.540000000000000000e+03 4.350000000000000000e+03
1.635235670000000000e+08 2.870000000000000000e+03 3.570000000000000000e+03 3.540000000000000000e+03 4.360000000000000000e+03
1.635237750000000000e+08 2.880000000000000000e+03 3.570000000000000000e+03 3.540000000000000000e+03 4.360000000000000000e+03
1.635239830000000000e+08 2.880000000000000000e+03 3.570000000000000000e+03 3.540000000000000000e+03 4.360000000000000000e+03
1.635241910000000000e+08 2.870000000000000000e+03 3.570000000000000000e+03 3.540000000000000000e+03 4.350000000000000000e+03
1.635243980000000000e+08 2.870000000000000000e+03 3.570000000000000000e+03 3.540000000000000000e+03 4.350000000000000000e+03
1.635246060000000000e+08 2.860000000000000000e+03 3.580000000000000000e+03 3.540000000000000000e+03 4.350000000000000000e+03
1.635248140000000000e+08 2.850000000000000000e+03 3.570000000000000000e+03 3.540000000000000000e+03 4.350000000000000000e+03
1.635250220000000000e+08 2.850000000000000000e+03 3.570000000000000000e+03 3.530000000000000000e+03 4.340000000000000000e+03
1.635252300000000000e+08 2.860000000000000000e+03 3.570000000000000000e+03 3.530000000000000000e+03 4.360000000000000000e+03
1.635254380000000000e+08 2.860000000000000000e+03 3.570000000000000000e+03 3.530000000000000000e+03 4.360000000000000000e+03
1.635256470000000000e+08 2.870000000000000000e+03 3.570000000000000000e+03 3.530000000000000000e+03 4.370000000000000000e+03
1.635258540000000000e+08 2.870000000000000000e+03 3.570000000000000000e+03 3.530000000000000000e+03 4.360000000000000000e+03
1.635260620000000000e+08 2.870000000000000000e+03 3.580000000000000000e+03 3.530000000000000000e+03 4.350000000000000000e+03
1.635262700000000000e+08 2.870000000000000000e+03 3.580000000000000000e+03 3.530000000000000000e+03 4.350000000000000000e+03
1.635264780000000000e+08 2.870000000000000000e+03 3.580000000000000000e+03 3.530000000000000000e+03 4.350000000000000000e+03
1.635266860000000000e+08 2.850000000000000000e+03 3.570000000000000000e+03 3.540000000000000000e+03 4.350000000000000000e+03
1.635268940000000000e+08 2.850000000000000000e+03 3.570000000000000000e+03 3.540000000000000000e+03 4.350000000000000000e+03
1.635271020000000000e+08 2.860000000000000000e+03 3.570000000000000000e+03 3.540000000000000000e+03 4.360000000000000000e+03
1.635273100000000000e+08 2.870000000000000000e+03 3.590000000000000000e+03 3.550000000000000000e+03 4.370000000000000000e+03
1.635275180000000000e+08 2.870000000000000000e+03 3.580000000000000000e+03 3.550000000000000000e+03 4.370000000000000000e+03
1.635277250000000000e+08 2.870000000000000000e+03 3.580000000000000000e+03 3.550000000000000000e+03 4.370000000000000000e+03
1.635279340000000000e+08 2.870000000000000000e+03 3.580000000000000000e+03 3.550000000000000000e+03 4.360000000000000000e+03
1.635281420000000000e+08 2.870000000000000000e+03 3.580000000000000000e+03 3.550000000000000000e+03 4.350000000000000000e+03
1.635283500000000000e+08 2.880000000000000000e+03 3.580000000000000000e+03 3.550000000000000000e+03 4.340000000000000000e+03
1.635285580000000000e+08 2.870000000000000000e+03 3.580000000000000000e+03 3.550000000000000000e+03 4.340000000000000000e+03
1.635287660000000000e+08 2.870000000000000000e+03 3.590000000000000000e+03 3.560000000000000000e+03 4.350000000000000000e+03
1.635289740000000000e+08 2.870000000000000000e+03 3.590000000000000000e+03 3.560000000000000000e+03 4.350000000000000000e+03
1.635291820000000000e+08 2.880000000000000000e+03 3.600000000000000000e+03 3.560000000000000000e+03 4.340000000000000000e+03
1.635293900000000000e+08 2.890000000000000000e+03 3.590000000000000000e+03 3.560000000000000000e+03 4.340000000000000000e+03
1.635295980000000000e+08 2.890000000000000000e+03 3.600000000000000000e+03 3.560000000000000000e+03 4.350000000000000000e+03
1.635298050000000000e+08 2.870000000000000000e+03 3.600000000000000000e+03 3.560000000000000000e+03 4.360000000000000000e+03
1.635300140000000000e+08 2.870000000000000000e+03 3.590000000000000000e+03 3.560000000000000000e+03 4.360000000000000000e+03
1.635302210000000000e+08 2.860000000000000000e+03 3.600000000000000000e+03 3.560000000000000000e+03 4.360000000000000000e+03
1.635304290000000000e+08 2.860000000000000000e+03 3.600000000000000000e+03 3.560000000000000000e+03 4.360000000000000000e+03
1.635306370000000000e+08 2.860000000000000000e+03 3.610000000000000000e+03 3.560000000000000000e+03 4.360000000000000000e+03
1.635308450000000000e+08 2.860000000000000000e+03 3.600000000000000000e+03 3.550000000000000000e+03 4.370000000000000000e+03
1.635310530000000000e+08 2.870000000000000000e+03 3.590000000000000000e+03 3.550000000000000000e+03 4.370000000000000000e+03
1.635312610000000000e+08 2.870000000000000000e+03 3.590000000000000000e+03 3.550000000000000000e+03 4.370000000000000000e+03
1.635314690000000000e+08 2.880000000000000000e+03 3.580000000000000000e+03 3.550000000000000000e+03 4.370000000000000000e+03
1.635316770000000000e+08 2.870000000000000000e+03 3.580000000000000000e+03 3.550000000000000000e+03 4.360000000000000000e+03
1.635318860000000000e+08 2.870000000000000000e+03 3.570000000000000000e+03 3.550000000000000000e+03 4.360000000000000000e+03
1.635320930000000000e+08 2.860000000000000000e+03 3.570000000000000000e+03 3.550000000000000000e+03 4.350000000000000000e+03
1.635323010000000000e+08 2.870000000000000000e+03 3.580000000000000000e+03 3.550000000000000000e+03 4.350000000000000000e+03
1.635325080000000000e+08 2.880000000000000000e+03 3.580000000000000000e+03 3.530000000000000000e+03 4.350000000000000000e+03
1.635327170000000000e+08 2.860000000000000000e+03 3.580000000000000000e+03 3.540000000000000000e+03 4.360000000000000000e+03
1.635329250000000000e+08 2.850000000000000000e+03 3.570000000000000000e+03 3.540000000000000000e+03 4.350000000000000000e+03
1.635331330000000000e+08 2.860000000000000000e+03 3.580000000000000000e+03 3.540000000000000000e+03 4.350000000000000000e+03
1.635333400000000000e+08 2.870000000000000000e+03 3.580000000000000000e+03 3.540000000000000000e+03 4.360000000000000000e+03
1.635335490000000000e+08 2.870000000000000000e+03 3.580000000000000000e+03 3.540000000000000000e+03 4.350000000000000000e+03
1.635337560000000000e+08 2.870000000000000000e+03 3.570000000000000000e+03 3.540000000000000000e+03 4.350000000000000000e+03
1.635339650000000000e+08 2.880000000000000000e+03 3.570000000000000000e+03 3.550000000000000000e+03 4.350000000000000000e+03
1.635341730000000000e+08 2.870000000000000000e+03 3.570000000000000000e+03 3.550000000000000000e+03 4.350000000000000000e+03
1.635343810000000000e+08 2.860000000000000000e+03 3.570000000000000000e+03 3.550000000000000000e+03 4.350000000000000000e+03
1.635345890000000000e+08 2.860000000000000000e+03 3.580000000000000000e+03 3.550000000000000000e+03 4.340000000000000000e+03
1.635347970000000000e+08 2.870000000000000000e+03 3.570000000000000000e+03 3.550000000000000000e+03 4.360000000000000000e+03
1.635350040000000000e+08 2.860000000000000000e+03 3.590000000000000000e+03 3.550000000000000000e+03 4.360000000000000000e+03
1.635352120000000000e+08 2.860000000000000000e+03 3.600000000000000000e+03 3.550000000000000000e+03 4.370000000000000000e+03
1.635354210000000000e+08 2.860000000000000000e+03 3.590000000000000000e+03 3.550000000000000000e+03 4.370000000000000000e+03
1.635356290000000000e+08 2.860000000000000000e+03 3.590000000000000000e+03 3.550000000000000000e+03 4.360000000000000000e+03
1.635358360000000000e+08 2.860000000000000000e+03 3.600000000000000000e+03 3.550000000000000000e+03 4.350000000000000000e+03
1.635360440000000000e+08 2.860000000000000000e+03 3.590000000000000000e+03 3.550000000000000000e+03 4.350000000000000000e+03
1.635362520000000000e+08 2.870000000000000000e+03 3.600000000000000000e+03 3.540000000000000000e+03 4.350000000000000000e+03
1.635364600000000000e+08 2.880000000000000000e+03 3.590000000000000000e+03 3.540000000000000000e+03 4.350000000000000000e+03
1.635366680000000000e+08 2.880000000000000000e+03 3.580000000000000000e+03 3.550000000000000000e+03 4.340000000000000000e+03
1.635368770000000000e+08 2.860000000000000000e+03 3.570000000000000000e+03 3.550000000000000000e+03 4.350000000000000000e+03
1.635370850000000000e+08 2.870000000000000000e+03 3.570000000000000000e+03 3.550000000000000000e+03 4.350000000000000000e+03
1.635372920000000000e+08 2.880000000000000000e+03 3.590000000000000000e+03 3.550000000000000000e+03 4.350000000000000000e+03
1.635375000000000000e+08 2.880000000000000000e+03 3.580000000000000000e+03 3.550000000000000000e+03 4.350000000000000000e+03
1.635377080000000000e+08 2.860000000000000000e+03 3.590000000000000000e+03 3.540000000000000000e+03 4.340000000000000000e+03
1.635379160000000000e+08 2.860000000000000000e+03 3.580000000000000000e+03 3.550000000000000000e+03 4.340000000000000000e+03
1.635381240000000000e+08 2.860000000000000000e+03 3.590000000000000000e+03 3.540000000000000000e+03 4.340000000000000000e+03
1.635383320000000000e+08 2.870000000000000000e+03 3.590000000000000000e+03 3.540000000000000000e+03 4.340000000000000000e+03
1.635385400000000000e+08 2.870000000000000000e+03 3.590000000000000000e+03 3.550000000000000000e+03 4.340000000000000000e+03
1.635387480000000000e+08 2.880000000000000000e+03 3.580000000000000000e+03 3.540000000000000000e+03 4.340000000000000000e+03
1.635389560000000000e+08 2.890000000000000000e+03 3.580000000000000000e+03 3.530000000000000000e+03 4.340000000000000000e+03
1.635391640000000000e+08 2.890000000000000000e+03 3.570000000000000000e+03 3.540000000000000000e+03 4.350000000000000000e+03
1.635393720000000000e+08 2.890000000000000000e+03 3.570000000000000000e+03 3.550000000000000000e+03 4.350000000000000000e+03
1.635395800000000000e+08 2.870000000000000000e+03 3.570000000000000000e+03 3.550000000000000000e+03 4.350000000000000000e+03
1.635397880000000000e+08 2.870000000000000000e+03 3.570000000000000000e+03 3.550000000000000000e+03 4.360000000000000000e+03
1.635399950000000000e+08 2.880000000000000000e+03 3.580000000000000000e+03 3.550000000000000000e+03 4.360000000000000000e+03
1.635402040000000000e+08 2.890000000000000000e+03 3.590000000000000000e+03 3.550000000000000000e+03 4.350000000000000000e+03
1.635404120000000000e+08 2.880000000000000000e+03 3.590000000000000000e+03 3.550000000000000000e+03 4.340000000000000000e+03
1.635406200000000000e+08 2.880000000000000000e+03 3.580000000000000000e+03 3.550000000000000000e+03 4.340000000000000000e+03
1.635408280000000000e+08 2.880000000000000000e+03 3.580000000000000000e+03 3.550000000000000000e+03 4.350000000000000000e+03
1.635410360000000000e+08 2.860000000000000000e+03 3.590000000000000000e+03 3.550000000000000000e+03 4.350000000000000000e+03
1.635412440000000000e+08 2.860000000000000000e+03 3.600000000000000000e+03 3.540000000000000000e+03 4.350000000000000000e+03
1.635414520000000000e+08 2.860000000000000000e+03 3.600000000000000000e+03 3.540000000000000000e+03 4.350000000000000000e+03
1.635416590000000000e+08 2.860000000000000000e+03 3.590000000000000000e+03 3.540000000000000000e+03 4.350000000000000000e+03
1.635418670000000000e+08 2.860000000000000000e+03 3.580000000000000000e+03 3.550000000000000000e+03 4.360000000000000000e+03
1.635420750000000000e+08 2.860000000000000000e+03 3.590000000000000000e+03 3.550000000000000000e+03 4.350000000000000000e+03
1.635422830000000000e+08 2.860000000000000000e+03 3.580000000000000000e+03 3.540000000000000000e+03 4.340000000000000000e+03
1.635424910000000000e+08 2.860000000000000000e+03 3.580000000000000000e+03 3.540000000000000000e+03 4.340000000000000000e+03
1.635426990000000000e+08 2.870000000000000000e+03 3.580000000000000000e+03 3.540000000000000000e+03 4.340000000000000000e+03
1.635429070000000000e+08 2.860000000000000000e+03 3.580000000000000000e+03 3.540000000000000000e+03 4.340000000000000000e+03
1.635431150000000000e+08 2.860000000000000000e+03 3.580000000000000000e+03 3.540000000000000000e+03 4.340000000000000000e+03
1.635433230000000000e+08 2.860000000000000000e+03 3.600000000000000000e+03 3.540000000000000000e+03 4.350000000000000000e+03
1.635435310000000000e+08 2.850000000000000000e+03 3.590000000000000000e+03 3.530000000000000000e+03 4.340000000000000000e+03
1.635437390000000000e+08 2.860000000000000000e+03 3.590000000000000000e+03 3.540000000000000000e+03 4.360000000000000000e+03
1.635439470000000000e+08 2.860000000000000000e+03 3.600000000000000000e+03 3.540000000000000000e+03 4.350000000000000000e+03
1.635441550000000000e+08 2.860000000000000000e+03 3.600000000000000000e+03 3.550000000000000000e+03 4.340000000000000000e+03
1.635443630000000000e+08 2.870000000000000000e+03 3.600000000000000000e+03 3.550000000000000000e+03 4.340000000000000000e+03
1.635445710000000000e+08 2.870000000000000000e+03 3.610000000000000000e+03 3.550000000000000000e+03 4.340000000000000000e+03
1.635447790000000000e+08 2.870000000000000000e+03 3.610000000000000000e+03 3.550000000000000000e+03 4.340000000000000000e+03
1.635449870000000000e+08 2.870000000000000000e+03 3.600000000000000000e+03 3.550000000000000000e+03 4.350000000000000000e+03
1.635451950000000000e+08 2.870000000000000000e+03 3.600000000000000000e+03 3.550000000000000000e+03 4.360000000000000000e+03
1.635454020000000000e+08 2.880000000000000000e+03 3.600000000000000000e+03 3.550000000000000000e+03 4.360000000000000000e+03
1.635456110000000000e+08 2.880000000000000000e+03 3.600000000000000000e+03 3.550000000000000000e+03 4.350000000000000000e+03
1.635458190000000000e+08 2.870000000000000000e+03 3.590000000000000000e+03 3.550000000000000000e+03 4.350000000000000000e+03
1.635460260000000000e+08 2.870000000000000000e+03 3.590000000000000000e+03 3.550000000000000000e+03 4.350000000000000000e+03
1.635462340000000000e+08 2.870000000000000000e+03 3.580000000000000000e+03 3.550000000000000000e+03 4.350000000000000000e+03
1.635464430000000000e+08 2.870000000000000000e+03 3.580000000000000000e+03 3.550000000000000000e+03 4.350000000000000000e+03
1.635466510000000000e+08 2.880000000000000000e+03 3.580000000000000000e+03 3.540000000000000000e+03 4.350000000000000000e+03
1.635468590000000000e+08 2.860000000000000000e+03 3.580000000000000000e+03 3.540000000000000000e+03 4.350000000000000000e+03
1.635470660000000000e+08 2.860000000000000000e+03 3.580000000000000000e+03 3.550000000000000000e+03 4.350000000000000000e+03
1.635472740000000000e+08 2.870000000000000000e+03 3.580000000000000000e+03 3.550000000000000000e+03 4.350000000000000000e+03
1.635474820000000000e+08 2.880000000000000000e+03 3.580000000000000000e+03 3.550000000000000000e+03 4.360000000000000000e+03
1.635476900000000000e+08 2.880000000000000000e+03 3.580000000000000000e+03 3.550000000000000000e+03 4.360000000000000000e+03
1.635478980000000000e+08 2.870000000000000000e+03 3.570000000000000000e+03 3.550000000000000000e+03 4.350000000000000000e+03
1.635481060000000000e+08 2.860000000000000000e+03 3.570000000000000000e+03 3.550000000000000000e+03 4.350000000000000000e+03
1.635483140000000000e+08 2.850000000000000000e+03 3.570000000000000000e+03 3.540000000000000000e+03 4.350000000000000000e+03
1.635485220000000000e+08 2.870000000000000000e+03 3.580000000000000000e+03 3.550000000000000000e+03 4.340000000000000000e+03
1.635487300000000000e+08 2.850000000000000000e+03 3.580000000000000000e+03 3.550000000000000000e+03 4.350000000000000000e+03
1.635489380000000000e+08 2.860000000000000000e+03 3.580000000000000000e+03 3.550000000000000000e+03 4.340000000000000000e+03
1.635491460000000000e+08 2.850000000000000000e+03 3.580000000000000000e+03 3.550000000000000000e+03 4.340000000000000000e+03
1.635493540000000000e+08 2.850000000000000000e+03 3.590000000000000000e+03 3.540000000000000000e+03 4.340000000000000000e+03
1.635495620000000000e+08 2.850000000000000000e+03 3.580000000000000000e+03 3.540000000000000000e+03 4.350000000000000000e+03
1.635497700000000000e+08 2.870000000000000000e+03 3.580000000000000000e+03 3.530000000000000000e+03 4.350000000000000000e+03
1.635499780000000000e+08 2.870000000000000000e+03 3.580000000000000000e+03 3.530000000000000000e+03 4.350000000000000000e+03
1.635501850000000000e+08 2.870000000000000000e+03 3.580000000000000000e+03 3.530000000000000000e+03 4.350000000000000000e+03
1.635503940000000000e+08 2.880000000000000000e+03 3.570000000000000000e+03 3.540000000000000000e+03 4.350000000000000000e+03
1.635506020000000000e+08 2.880000000000000000e+03 3.570000000000000000e+03 3.540000000000000000e+03 4.360000000000000000e+03
1.635508100000000000e+08 2.890000000000000000e+03 3.570000000000000000e+03 3.540000000000000000e+03 4.370000000000000000e+03
1.635510180000000000e+08 2.880000000000000000e+03 3.580000000000000000e+03 3.540000000000000000e+03 4.370000000000000000e+03
1.635512260000000000e+08 2.880000000000000000e+03 3.590000000000000000e+03 3.540000000000000000e+03 4.360000000000000000e+03
1.635514360000000000e+08 2.880000000000000000e+03 3.590000000000000000e+03 3.540000000000000000e+03 4.350000000000000000e+03
1.635516420000000000e+08 2.860000000000000000e+03 3.580000000000000000e+03 3.550000000000000000e+03 4.340000000000000000e+03
1.635518500000000000e+08 2.860000000000000000e+03 3.580000000000000000e+03 3.550000000000000000e+03 4.340000000000000000e+03
1.635520580000000000e+08 2.870000000000000000e+03 3.580000000000000000e+03 3.540000000000000000e+03 4.350000000000000000e+03
1.635522660000000000e+08 2.870000000000000000e+03 3.580000000000000000e+03 3.540000000000000000e+03 4.340000000000000000e+03
1.635524750000000000e+08 2.870000000000000000e+03 3.580000000000000000e+03 3.540000000000000000e+03 4.340000000000000000e+03
1.635526820000000000e+08 2.880000000000000000e+03 3.580000000000000000e+03 3.540000000000000000e+03 4.340000000000000000e+03
1.635528900000000000e+08 2.890000000000000000e+03 3.580000000000000000e+03 3.540000000000000000e+03 4.340000000000000000e+03
1.635530980000000000e+08 2.880000000000000000e+03 3.580000000000000000e+03 3.530000000000000000e+03 4.340000000000000000e+03
1.635533050000000000e+08 2.870000000000000000e+03 3.580000000000000000e+03 3.540000000000000000e+03 4.340000000000000000e+03
1.635535130000000000e+08 2.880000000000000000e+03 3.580000000000000000e+03 3.540000000000000000e+03 4.340000000000000000e+03
1.635537210000000000e+08 2.870000000000000000e+03 3.580000000000000000e+03 3.540000000000000000e+03 4.350000000000000000e+03
1.635539290000000000e+08 2.870000000000000000e+03 3.580000000000000000e+03 3.540000000000000000e+03 4.350000000000000000e+03
1.635541370000000000e+08 2.870000000000000000e+03 3.580000000000000000e+03 3.540000000000000000e+03 4.350000000000000000e+03
1.635543460000000000e+08 2.870000000000000000e+03 3.580000000000000000e+03 3.540000000000000000e+03 4.350000000000000000e+03
