3.173339600000000000e+07 2.650000000000000000e+03 2.540000000000000000e+03 5.140000000000000000e+03 5.250000000000000000e+03
3.173360500000000000e+07 2.650000000000000000e+03 2.540000000000000000e+03 5.140000000000000000e+03 5.250000000000000000e+03
3.173381300000000000e+07 2.650000000000000000e+03 2.550000000000000000e+03 5.140000000000000000e+03 5.250000000000000000e+03
3.173402100000000000e+07 2.650000000000000000e+03 2.550000000000000000e+03 5.140000000000000000e+03 5.250000000000000000e+03
3.173420300000000000e+07 2.650000000000000000e+03 2.550000000000000000e+03 5.150000000000000000e+03 5.250000000000000000e+03
3.173441800000000000e+07 2.650000000000000000e+03 2.550000000000000000e+03 5.150000000000000000e+03 5.260000000000000000e+03
3.173464400000000000e+07 2.650000000000000000e+03 2.550000000000000000e+03 5.160000000000000000e+03 5.260000000000000000e+03
3.173483700000000000e+07 2.640000000000000000e+03 2.550000000000000000e+03 5.160000000000000000e+03 5.260000000000000000e+03
3.173503300000000000e+07 2.640000000000000000e+03 2.550000000000000000e+03 5.150000000000000000e+03 5.260000000000000000e+03
3.173525300000000000e+07 2.640000000000000000e+03 2.550000000000000000e+03 5.140000000000000000e+03 5.260000000000000000e+03
3.173544900000000000e+07 2.630000000000000000e+03 2.550000000000000000e+03 5.150000000000000000e+03 5.270000000000000000e+03
3.173566900000000000e+07 2.630000000000000000e+03 2.550000000000000000e+03 5.150000000000000000e+03 5.270000000000000000e+03
3.173587700000000000e+07 2.640000000000000000e+03 2.550000000000000000e+03 5.150000000000000000e+03 5.260000000000000000e+03
3.173608600000000000e+07 2.640000000000000000e+03 2.550000000000000000e+03 5.150000000000000000e+03 5.260000000000000000e+03
3.173628600000000000e+07 2.640000000000000000e+03 2.550000000000000000e+03 5.150000000000000000e+03 5.270000000000000000e+03
3.173650100000000000e+07 2.640000000000000000e+03 2.550000000000000000e+03 5.150000000000000000e+03 5.270000000000000000e+03
3.173670300000000000e+07 2.640000000000000000e+03 2.550000000000000000e+03 5.150000000000000000e+03 5.270000000000000000e+03
3.173691400000000000e+07 2.640000000000000000e+03 2.550000000000000000e+03 5.150000000000000000e+03 5.260000000000000000e+03
3.173712400000000000e+07 2.630000000000000000e+03 2.550000000000000000e+03 5.160000000000000000e+03 5.260000000000000000e+03
3.173733200000000000e+07 2.640000000000000000e+03 2.550000000000000000e+03 5.160000000000000000e+03 5.280000000000000000e+03
3.173753900000000000e+07 2.640000000000000000e+03 2.550000000000000000e+03 5.160000000000000000e+03 5.270000000000000000e+03
3.173771900000000000e+07 2.640000000000000000e+03 2.540000000000000000e+03 5.160000000000000000e+03 5.270000000000000000e+03
3.173793700000000000e+07 2.640000000000000000e+03 2.540000000000000000e+03 5.160000000000000000e+03 5.280000000000000000e+03
3.173814400000000000e+07 2.630000000000000000e+03 2.540000000000000000e+03 5.160000000000000000e+03 5.270000000000000000e+03
3.173835500000000000e+07 2.640000000000000000e+03 2.550000000000000000e+03 5.160000000000000000e+03 5.270000000000000000e+03
3.173855500000000000e+07 2.640000000000000000e+03 2.550000000000000000e+03 5.160000000000000000e+03 5.270000000000000000e+03
3.173877100000000000e+07 2.640000000000000000e+03 2.550000000000000000e+03 5.160000000000000000e+03 5.270000000000000000e+03
3.173897000000000000e+07 2.640000000000000000e+03 2.550000000000000000e+03 5.160000000000000000e+03 5.260000000000000000e+03
3.173918100000000000e+07 2.640000000000000000e+03 2.550000000000000000e+03 5.160000000000000000e+03 5.260000000000000000e+03
3.173939300000000000e+07 2.640000000000000000e+03 2.550000000000000000e+03 5.160000000000000000e+03 5.270000000000000000e+03
3.173959300000000000e+07 2.640000000000000000e+03 2.550000000000000000e+03 5.160000000000000000e+03 5.270000000000000000e+03
3.173981200000000000e+07 2.650000000000000000e+03 2.550000000000000000e+03 5.160000000000000000e+03 5.270000000000000000e+03
3.174002000000000000e+07 2.640000000000000000e+03 2.550000000000000000e+03 5.160000000000000000e+03 5.270000000000000000e+03
3.174021600000000000e+07 2.640000000000000000e+03 2.550000000000000000e+03 5.170000000000000000e+03 5.270000000000000000e+03
3.174043500000000000e+07 2.650000000000000000e+03 2.550000000000000000e+03 5.170000000000000000e+03 5.260000000000000000e+03
3.174064400000000000e+07 2.650000000000000000e+03 2.550000000000000000e+03 5.170000000000000000e+03 5.260000000000000000e+03
3.174084100000000000e+07 2.660000000000000000e+03 2.560000000000000000e+03 5.160000000000000000e+03 5.260000000000000000e+03
3.174103200000000000e+07 2.650000000000000000e+03 2.560000000000000000e+03 5.160000000000000000e+03 5.260000000000000000e+03
3.174125000000000000e+07 2.650000000000000000e+03 2.560000000000000000e+03 5.160000000000000000e+03 5.260000000000000000e+03
3.174145900000000000e+07 2.650000000000000000e+03 2.560000000000000000e+03 5.160000000000000000e+03 5.260000000000000000e+03
3.174166700000000000e+07 2.650000000000000000e+03 2.560000000000000000e+03 5.160000000000000000e+03 5.260000000000000000e+03
3.174187400000000000e+07 2.650000000000000000e+03 2.560000000000000000e+03 5.160000000000000000e+03 5.270000000000000000e+03
3.174208300000000000e+07 2.650000000000000000e+03 2.560000000000000000e+03 5.160000000000000000e+03 5.270000000000000000e+03
3.174229100000000000e+07 2.650000000000000000e+03 2.560000000000000000e+03 5.160000000000000000e+03 5.260000000000000000e+03
3.174249900000000000e+07 2.650000000000000000e+03 2.550000000000000000e+03 5.160000000000000000e+03 5.270000000000000000e+03
3.174269900000000000e+07 2.650000000000000000e+03 2.550000000000000000e+03 5.150000000000000000e+03 5.280000000000000000e+03
3.174291400000000000e+07 2.660000000000000000e+03 2.550000000000000000e+03 5.150000000000000000e+03 5.270000000000000000e+03
3.174312300000000000e+07 2.650000000000000000e+03 2.550000000000000000e+03 5.160000000000000000e+03 5.270000000000000000e+03
3.174332600000000000e+07 2.650000000000000000e+03 2.550000000000000000e+03 5.160000000000000000e+03 5.270000000000000000e+03
3.174353200000000000e+07 2.650000000000000000e+03 2.550000000000000000e+03 5.160000000000000000e+03 5.270000000000000000e+03
3.174374700000000000e+07 2.650000000000000000e+03 2.550000000000000000e+03 5.150000000000000000e+03 5.270000000000000000e+03
3.174395200000000000e+07 2.640000000000000000e+03 2.560000000000000000e+03 5.150000000000000000e+03 5.270000000000000000e+03
3.174416300000000000e+07 2.640000000000000000e+03 2.560000000000000000e+03 5.160000000000000000e+03 5.270000000000000000e+03
3.174437000000000000e+07 2.640000000000000000e+03 2.560000000000000000e+03 5.160000000000000000e+03 5.270000000000000000e+03
3.174455000000000000e+07 2.640000000000000000e+03 2.560000000000000000e+03 5.160000000000000000e+03 5.260000000000000000e+03
3.174477000000000000e+07 2.640000000000000000e+03 2.560000000000000000e+03 5.160000000000000000e+03 5.250000000000000000e+03
3.174497800000000000e+07 2.640000000000000000e+03 2.560000000000000000e+03 5.160000000000000000e+03 5.250000000000000000e+03
3.174518100000000000e+07 2.640000000000000000e+03 2.560000000000000000e+03 5.160000000000000000e+03 5.250000000000000000e+03
3.174539500000000000e+07 2.640000000000000000e+03 2.560000000000000000e+03 5.150000000000000000e+03 5.240000000000000000e+03
3.174560200000000000e+07 2.640000000000000000e+03 2.560000000000000000e+03 5.150000000000000000e+03 5.250000000000000000e+03
3.174580200000000000e+07 2.640000000000000000e+03 2.560000000000000000e+03 5.150000000000000000e+03 5.250000000000000000e+03
3.174600900000000000e+07 2.640000000000000000e+03 2.560000000000000000e+03 5.160000000000000000e+03 5.250000000000000000e+03
3.174622300000000000e+07 2.640000000000000000e+03 2.560000000000000000e+03 5.150000000000000000e+03 5.260000000000000000e+03
3.174643000000000000e+07 2.640000000000000000e+03 2.560000000000000000e+03 5.150000000000000000e+03 5.260000000000000000e+03
3.174664200000000000e+07 2.640000000000000000e+03 2.570000000000000000e+03 5.150000000000000000e+03 5.250000000000000000e+03
3.174685000000000000e+07 2.650000000000000000e+03 2.570000000000000000e+03 5.150000000000000000e+03 5.250000000000000000e+03
3.174705500000000000e+07 2.650000000000000000e+03 2.570000000000000000e+03 5.150000000000000000e+03 5.260000000000000000e+03
3.174725100000000000e+07 2.650000000000000000e+03 2.580000000000000000e+03 5.150000000000000000e+03 5.260000000000000000e+03
3.174746600000000000e+07 2.650000000000000000e+03 2.570000000000000000e+03 5.150000000000000000e+03 5.260000000000000000e+03
3.174766700000000000e+07 2.650000000000000000e+03 2.570000000000000000e+03 5.150000000000000000e+03 5.260000000000000000e+03
3.174786700000000000e+07 2.650000000000000000e+03 2.570000000000000000e+03 5.150000000000000000e+03 5.260000000000000000e+03
3.174808300000000000e+07 2.650000000000000000e+03 2.570000000000000000e+03 5.150000000000000000e+03 5.260000000000000000e+03
3.174828300000000000e+07 2.650000000000000000e+03 2.570000000000000000e+03 5.150000000000000000e+03 5.260000000000000000e+03
3.174849800000000000e+07 2.650000000000000000e+03 2.570000000000000000e+03 5.150000000000000000e+03 5.260000000000000000e+03
3.174869200000000000e+07 2.650000000000000000e+03 2.570000000000000000e+03 5.150000000000000000e+03 5.260000000000000000e+03
3.174891300000000000e+07 2.650000000000000000e+03 2.570000000000000000e+03 5.150000000000000000e+03 5.260000000000000000e+03
3.174911600000000000e+07 2.650000000000000000e+03 2.570000000000000000e+03 5.160000000000000000e+03 5.260000000000000000e+03
3.174932900000000000e+07 2.650000000000000000e+03 2.560000000000000000e+03 5.160000000000000000e+03 5.260000000000000000e+03
3.174953700000000000e+07 2.650000000000000000e+03 2.560000000000000000e+03 5.160000000000000000e+03 5.260000000000000000e+03
3.174973800000000000e+07 2.640000000000000000e+03 2.560000000000000000e+03 5.160000000000000000e+03 5.260000000000000000e+03
3.174994700000000000e+07 2.640000000000000000e+03 2.560000000000000000e+03 5.150000000000000000e+03 5.260000000000000000e+03
3.175014800000000000e+07 2.640000000000000000e+03 2.570000000000000000e+03 5.150000000000000000e+03 5.260000000000000000e+03
3.175035800000000000e+07 2.640000000000000000e+03 2.570000000000000000e+03 5.160000000000000000e+03 5.270000000000000000e+03
3.175056500000000000e+07 2.640000000000000000e+03 2.570000000000000000e+03 5.160000000000000000e+03 5.270000000000000000e+03
3.175077500000000000e+07 2.640000000000000000e+03 2.570000000000000000e+03 5.160000000000000000e+03 5.270000000000000000e+03
3.175098700000000000e+07 2.640000000000000000e+03 2.570000000000000000e+03 5.160000000000000000e+03 5.270000000000000000e+03
3.175118800000000000e+07 2.640000000000000000e+03 2.570000000000000000e+03 5.160000000000000000e+03 5.270000000000000000e+03
3.175139200000000000e+07 2.640000000000000000e+03 2.570000000000000000e+03 5.160000000000000000e+03 5.260000000000000000e+03
3.175160100000000000e+07 2.650000000000000000e+03 2.570000000000000000e+03 5.160000000000000000e+03 5.260000000000000000e+03
3.175179900000000000e+07 2.650000000000000000e+03 2.570000000000000000e+03 5.160000000000000000e+03 5.250000000000000000e+03
3.175200400000000000e+07 2.650000000000000000e+03 2.570000000000000000e+03 5.160000000000000000e+03 5.260000000000000000e+03
3.175222400000000000e+07 2.650000000000000000e+03 2.570000000000000000e+03 5.170000000000000000e+03 5.260000000000000000e+03
3.175243100000000000e+07 2.660000000000000000e+03 2.570000000000000000e+03 5.160000000000000000e+03 5.260000000000000000e+03
3.175263500000000000e+07 2.660000000000000000e+03 2.570000000000000000e+03 5.160000000000000000e+03 5.260000000000000000e+03
3.175284900000000000e+07 2.650000000000000000e+03 2.570000000000000000e+03 5.170000000000000000e+03 5.260000000000000000e+03
3.175305700000000000e+07 2.650000000000000000e+03 2.570000000000000000e+03 5.160000000000000000e+03 5.260000000000000000e+03
3.175326500000000000e+07 2.650000000000000000e+03 2.570000000000000000e+03 5.160000000000000000e+03 5.260000000000000000e+03
3.175347200000000000e+07 2.650000000000000000e+03 2.570000000000000000e+03 5.160000000000000000e+03 5.270000000000000000e+03
3.175368100000000000e+07 2.650000000000000000e+03 2.570000000000000000e+03 5.160000000000000000e+03 5.280000000000000000e+03
3.175388900000000000e+07 2.650000000000000000e+03 2.570000000000000000e+03 5.160000000000000000e+03 5.270000000000000000e+03
3.175408600000000000e+07 2.660000000000000000e+03 2.570000000000000000e+03 5.160000000000000000e+03 5.270000000000000000e+03
3.175430400000000000e+07 2.660000000000000000e+03 2.570000000000000000e+03 5.150000000000000000e+03 5.270000000000000000e+03
3.175451200000000000e+07 2.650000000000000000e+03 2.570000000000000000e+03 5.150000000000000000e+03 5.270000000000000000e+03
3.175470400000000000e+07 2.650000000000000000e+03 2.570000000000000000e+03 5.150000000000000000e+03 5.270000000000000000e+03
3.175491300000000000e+07 2.640000000000000000e+03 2.570000000000000000e+03 5.150000000000000000e+03 5.270000000000000000e+03
3.175512000000000000e+07 2.640000000000000000e+03 2.570000000000000000e+03 5.160000000000000000e+03 5.280000000000000000e+03
3.175532800000000000e+07 2.640000000000000000e+03 2.580000000000000000e+03 5.160000000000000000e+03 5.280000000000000000e+03
3.175553700000000000e+07 2.650000000000000000e+03 2.580000000000000000e+03 5.160000000000000000e+03 5.280000000000000000e+03
3.175574500000000000e+07 2.650000000000000000e+03 2.570000000000000000e+03 5.160000000000000000e+03 5.280000000000000000e+03
3.175595300000000000e+07 2.650000000000000000e+03 2.570000000000000000e+03 5.150000000000000000e+03 5.270000000000000000e+03
3.175616000000000000e+07 2.650000000000000000e+03 2.570000000000000000e+03 5.150000000000000000e+03 5.260000000000000000e+03
3.175636800000000000e+07 2.650000000000000000e+03 2.570000000000000000e+03 5.160000000000000000e+03 5.260000000000000000e+03
3.175656300000000000e+07 2.640000000000000000e+03 2.560000000000000000e+03 5.160000000000000000e+03 5.260000000000000000e+03
3.175678500000000000e+07 2.640000000000000000e+03 2.560000000000000000e+03 5.150000000000000000e+03 5.260000000000000000e+03
3.175699300000000000e+07 2.640000000000000000e+03 2.560000000000000000e+03 5.150000000000000000e+03 5.250000000000000000e+03
3.175719700000000000e+07 2.640000000000000000e+03 2.560000000000000000e+03 5.150000000000000000e+03 5.270000000000000000e+03
3.175740600000000000e+07 2.640000000000000000e+03 2.560000000000000000e+03 5.150000000000000000e+03 5.270000000000000000e+03
3.175761600000000000e+07 2.640000000000000000e+03 2.560000000000000000e+03 5.150000000000000000e+03 5.270000000000000000e+03
3.175782300000000000e+07 2.640000000000000000e+03 2.570000000000000000e+03 5.150000000000000000e+03 5.260000000000000000e+03
3.175803200000000000e+07 2.650000000000000000e+03 2.560000000000000000e+03 5.150000000000000000e+03 5.270000000000000000e+03
3.175822200000000000e+07 2.650000000000000000e+03 2.560000000000000000e+03 5.150000000000000000e+03 5.270000000000000000e+03
3.175843000000000000e+07 2.650000000000000000e+03 2.560000000000000000e+03 5.160000000000000000e+03 5.270000000000000000e+03
3.175864000000000000e+07 2.650000000000000000e+03 2.570000000000000000e+03 5.160000000000000000e+03 5.270000000000000000e+03
3.175884700000000000e+07 2.650000000000000000e+03 2.570000000000000000e+03 5.150000000000000000e+03 5.270000000000000000e+03
3.175905400000000000e+07 2.650000000000000000e+03 2.560000000000000000e+03 5.150000000000000000e+03 5.280000000000000000e+03
3.175926400000000000e+07 2.650000000000000000e+03 2.560000000000000000e+03 5.140000000000000000e+03 5.280000000000000000e+03
3.175947000000000000e+07 2.650000000000000000e+03 2.560000000000000000e+03 5.140000000000000000e+03 5.280000000000000000e+03
3.175967900000000000e+07 2.650000000000000000e+03 2.560000000000000000e+03 5.150000000000000000e+03 5.280000000000000000e+03
3.175988700000000000e+07 2.650000000000000000e+03 2.560000000000000000e+03 5.150000000000000000e+03 5.280000000000000000e+03
3.180009500000000000e+07 2.650000000000000000e+03 2.560000000000000000e+03 5.140000000000000000e+03 5.270000000000000000e+03
3.180030300000000000e+07 2.650000000000000000e+03 2.550000000000000000e+03 5.150000000000000000e+03 5.260000000000000000e+03
3.180051100000000000e+07 2.650000000000000000e+03 2.560000000000000000e+03 5.150000000000000000e+03 5.250000000000000000e+03
3.180071900000000000e+07 2.650000000000000000e+03 2.560000000000000000e+03 5.160000000000000000e+03 5.260000000000000000e+03
3.180092400000000000e+07 2.640000000000000000e+03 2.560000000000000000e+03 5.170000000000000000e+03 5.270000000000000000e+03
3.180113200000000000e+07 2.650000000000000000e+03 2.560000000000000000e+03 5.170000000000000000e+03 5.280000000000000000e+03
3.180133700000000000e+07 2.650000000000000000e+03 2.560000000000000000e+03 5.160000000000000000e+03 5.280000000000000000e+03
3.180153500000000000e+07 2.650000000000000000e+03 2.560000000000000000e+03 5.160000000000000000e+03 5.270000000000000000e+03
3.180174300000000000e+07 2.660000000000000000e+03 2.560000000000000000e+03 5.160000000000000000e+03 5.260000000000000000e+03
3.180194400000000000e+07 2.660000000000000000e+03 2.560000000000000000e+03 5.160000000000000000e+03 5.260000000000000000e+03
3.180215800000000000e+07 2.660000000000000000e+03 2.560000000000000000e+03 5.160000000000000000e+03 5.260000000000000000e+03
3.180236600000000000e+07 2.660000000000000000e+03 2.560000000000000000e+03 5.160000000000000000e+03 5.260000000000000000e+03
3.180256500000000000e+07 2.660000000000000000e+03 2.560000000000000000e+03 5.160000000000000000e+03 5.270000000000000000e+03
3.180278200000000000e+07 2.660000000000000000e+03 2.560000000000000000e+03 5.160000000000000000e+03 5.270000000000000000e+03
3.180299000000000000e+07 2.660000000000000000e+03 2.560000000000000000e+03 5.160000000000000000e+03 5.270000000000000000e+03
3.180319800000000000e+07 2.660000000000000000e+03 2.560000000000000000e+03 5.160000000000000000e+03 5.270000000000000000e+03
3.180340700000000000e+07 2.650000000000000000e+03 2.560000000000000000e+03 5.160000000000000000e+03 5.270000000000000000e+03
3.180360500000000000e+07 2.650000000000000000e+03 2.560000000000000000e+03 5.160000000000000000e+03 5.260000000000000000e+03
3.180380800000000000e+07 2.650000000000000000e+03 2.560000000000000000e+03 5.160000000000000000e+03 5.270000000000000000e+03
3.180403100000000000e+07 2.660000000000000000e+03 2.560000000000000000e+03 5.170000000000000000e+03 5.270000000000000000e+03
3.180423600000000000e+07 2.660000000000000000e+03 2.550000000000000000e+03 5.160000000000000000e+03 5.260000000000000000e+03
3.180444600000000000e+07 2.660000000000000000e+03 2.550000000000000000e+03 5.170000000000000000e+03 5.260000000000000000e+03
3.180464600000000000e+07 2.660000000000000000e+03 2.560000000000000000e+03 5.170000000000000000e+03 5.270000000000000000e+03
3.180486200000000000e+07 2.650000000000000000e+03 2.560000000000000000e+03 5.160000000000000000e+03 5.270000000000000000e+03
3.180526200000000000e+07 2.650000000000000000e+03 2.560000000000000000e+03 5.170000000000000000e+03 5.280000000000000000e+03
3.180545700000000000e+07 2.650000000000000000e+03 2.570000000000000000e+03 5.160000000000000000e+03 5.280000000000000000e+03
3.180566400000000000e+07 2.650000000000000000e+03 2.570000000000000000e+03 5.160000000000000000e+03 5.270000000000000000e+03
3.180588200000000000e+07 2.650000000000000000e+03 2.570000000000000000e+03 5.160000000000000000e+03 5.260000000000000000e+03
3.180609400000000000e+07 2.650000000000000000e+03 2.570000000000000000e+03 5.170000000000000000e+03 5.260000000000000000e+03
3.180630200000000000e+07 2.640000000000000000e+03 2.570000000000000000e+03 5.160000000000000000e+03 5.260000000000000000e+03
3.180651000000000000e+07 2.640000000000000000e+03 2.570000000000000000e+03 5.160000000000000000e+03 5.250000000000000000e+03
3.180671300000000000e+07 2.650000000000000000e+03 2.570000000000000000e+03 5.170000000000000000e+03 5.250000000000000000e+03
3.180692500000000000e+07 2.650000000000000000e+03 2.570000000000000000e+03 5.170000000000000000e+03 5.250000000000000000e+03
3.180713400000000000e+07 2.650000000000000000e+03 2.570000000000000000e+03 5.160000000000000000e+03 5.250000000000000000e+03
3.180734200000000000e+07 2.650000000000000000e+03 2.570000000000000000e+03 5.160000000000000000e+03 5.260000000000000000e+03
3.180754900000000000e+07 2.630000000000000000e+03 2.570000000000000000e+03 5.160000000000000000e+03 5.260000000000000000e+03
3.180775800000000000e+07 2.630000000000000000e+03 2.560000000000000000e+03 5.150000000000000000e+03 5.260000000000000000e+03
3.180796200000000000e+07 2.630000000000000000e+03 2.570000000000000000e+03 5.150000000000000000e+03 5.260000000000000000e+03
3.180816100000000000e+07 2.640000000000000000e+03 2.570000000000000000e+03 5.150000000000000000e+03 5.260000000000000000e+03
3.180836100000000000e+07 2.640000000000000000e+03 2.570000000000000000e+03 5.150000000000000000e+03 5.260000000000000000e+03
3.180856500000000000e+07 2.650000000000000000e+03 2.580000000000000000e+03 5.150000000000000000e+03 5.260000000000000000e+03
3.180877800000000000e+07 2.650000000000000000e+03 2.580000000000000000e+03 5.150000000000000000e+03 5.260000000000000000e+03
3.180897900000000000e+07 2.660000000000000000e+03 2.580000000000000000e+03 5.150000000000000000e+03 5.260000000000000000e+03
3.180919700000000000e+07 2.650000000000000000e+03 2.570000000000000000e+03 5.150000000000000000e+03 5.260000000000000000e+03
3.180940500000000000e+07 2.650000000000000000e+03 2.570000000000000000e+03 5.150000000000000000e+03 5.250000000000000000e+03
3.180961400000000000e+07 2.650000000000000000e+03 2.570000000000000000e+03 5.150000000000000000e+03 5.260000000000000000e+03
3.180981300000000000e+07 2.650000000000000000e+03 2.570000000000000000e+03 5.150000000000000000e+03 5.260000000000000000e+03
3.181002700000000000e+07 2.650000000000000000e+03 2.570000000000000000e+03 5.150000000000000000e+03 5.260000000000000000e+03
3.181022900000000000e+07 2.650000000000000000e+03 2.570000000000000000e+03 5.140000000000000000e+03 5.260000000000000000e+03
3.181044500000000000e+07 2.650000000000000000e+03 2.560000000000000000e+03 5.140000000000000000e+03 5.260000000000000000e+03
3.181064500000000000e+07 2.650000000000000000e+03 2.560000000000000000e+03 5.150000000000000000e+03 5.270000000000000000e+03
3.181086100000000000e+07 2.650000000000000000e+03 2.560000000000000000e+03 5.150000000000000000e+03 5.270000000000000000e+03
3.181106900000000000e+07 2.640000000000000000e+03 2.560000000000000000e+03 5.150000000000000000e+03 5.260000000000000000e+03
3.181127600000000000e+07 2.640000000000000000e+03 2.560000000000000000e+03 5.150000000000000000e+03 5.260000000000000000e+03
3.181148500000000000e+07 2.640000000000000000e+03 2.560000000000000000e+03 5.150000000000000000e+03 5.260000000000000000e+03
3.181169300000000000e+07 2.630000000000000000e+03 2.560000000000000000e+03 5.150000000000000000e+03 5.260000000000000000e+03
3.181187800000000000e+07 2.630000000000000000e+03 2.550000000000000000e+03 5.160000000000000000e+03 5.260000000000000000e+03
3.181209200000000000e+07 2.640000000000000000e+03 2.550000000000000000e+03 5.160000000000000000e+03 5.250000000000000000e+03
3.181229400000000000e+07 2.640000000000000000e+03 2.550000000000000000e+03 5.160000000000000000e+03 5.250000000000000000e+03
3.181250900000000000e+07 2.640000000000000000e+03 2.560000000000000000e+03 5.150000000000000000e+03 5.250000000000000000e+03
3.181271100000000000e+07 2.640000000000000000e+03 2.560000000000000000e+03 5.150000000000000000e+03 5.250000000000000000e+03
3.181292400000000000e+07 2.640000000000000000e+03 2.560000000000000000e+03 5.150000000000000000e+03 5.250000000000000000e+03
3.181312700000000000e+07 2.640000000000000000e+03 2.560000000000000000e+03 5.150000000000000000e+03 5.250000000000000000e+03
3.181334100000000000e+07 2.640000000000000000e+03 2.560000000000000000e+03 5.150000000000000000e+03 5.250000000000000000e+03
3.181354400000000000e+07 2.640000000000000000e+03 2.560000000000000000e+03 5.160000000000000000e+03 5.250000000000000000e+03
3.181375700000000000e+07 2.640000000000000000e+03 2.560000000000000000e+03 5.160000000000000000e+03 5.250000000000000000e+03
3.181396300000000000e+07 2.640000000000000000e+03 2.560000000000000000e+03 5.160000000000000000e+03 5.250000000000000000e+03
3.181417100000000000e+07 2.650000000000000000e+03 2.560000000000000000e+03 5.170000000000000000e+03 5.250000000000000000e+03
3.181437800000000000e+07 2.640000000000000000e+03 2.560000000000000000e+03 5.170000000000000000e+03 5.250000000000000000e+03
3.181458800000000000e+07 2.640000000000000000e+03 2.560000000000000000e+03 5.170000000000000000e+03 5.260000000000000000e+03
3.181479600000000000e+07 2.640000000000000000e+03 2.560000000000000000e+03 5.170000000000000000e+03 5.260000000000000000e+03
3.181499300000000000e+07 2.640000000000000000e+03 2.560000000000000000e+03 5.160000000000000000e+03 5.260000000000000000e+03
3.181519400000000000e+07 2.640000000000000000e+03 2.560000000000000000e+03 5.160000000000000000e+03 5.260000000000000000e+03
3.181539300000000000e+07 2.640000000000000000e+03 2.560000000000000000e+03 5.160000000000000000e+03 5.250000000000000000e+03
3.181560100000000000e+07 2.640000000000000000e+03 2.560000000000000000e+03 5.160000000000000000e+03 5.260000000000000000e+03
3.181581000000000000e+07 2.640000000000000000e+03 2.560000000000000000e+03 5.150000000000000000e+03 5.270000000000000000e+03
3.181602800000000000e+07 2.650000000000000000e+03 2.560000000000000000e+03 5.150000000000000000e+03 5.270000000000000000e+03
3.181622900000000000e+07 2.650000000000000000e+03 2.560000000000000000e+03 5.150000000000000000e+03 5.260000000000000000e+03
3.181644400000000000e+07 2.650000000000000000e+03 2.560000000000000000e+03 5.160000000000000000e+03 5.260000000000000000e+03
3.181664400000000000e+07 2.650000000000000000e+03 2.560000000000000000e+03 5.160000000000000000e+03 5.260000000000000000e+03
3.181686000000000000e+07 2.650000000000000000e+03 2.550000000000000000e+03 5.160000000000000000e+03 5.270000000000000000e+03
3.181706400000000000e+07 2.650000000000000000e+03 2.550000000000000000e+03 5.160000000000000000e+03 5.270000000000000000e+03
3.181727600000000000e+07 2.660000000000000000e+03 2.550000000000000000e+03 5.160000000000000000e+03 5.270000000000000000e+03
3.181747700000000000e+07 2.660000000000000000e+03 2.550000000000000000e+03 5.160000000000000000e+03 5.270000000000000000e+03
3.181768900000000000e+07 2.660000000000000000e+03 2.540000000000000000e+03 5.160000000000000000e+03 5.260000000000000000e+03
3.181789300000000000e+07 2.660000000000000000e+03 2.540000000000000000e+03 5.160000000000000000e+03 5.260000000000000000e+03
3.181809500000000000e+07 2.650000000000000000e+03 2.540000000000000000e+03 5.160000000000000000e+03 5.250000000000000000e+03
3.181831600000000000e+07 2.650000000000000000e+03 2.550000000000000000e+03 5.150000000000000000e+03 5.260000000000000000e+03
3.181850900000000000e+07 2.650000000000000000e+03 2.550000000000000000e+03 5.150000000000000000e+03 5.260000000000000000e+03
3.181871100000000000e+07 2.650000000000000000e+03 2.550000000000000000e+03 5.150000000000000000e+03 5.270000000000000000e+03
3.181892400000000000e+07 2.650000000000000000e+03 2.550000000000000000e+03 5.150000000000000000e+03 5.270000000000000000e+03
3.181913100000000000e+07 2.640000000000000000e+03 2.550000000000000000e+03 5.150000000000000000e+03 5.270000000000000000e+03
3.181932700000000000e+07 2.650000000000000000e+03 2.550000000000000000e+03 5.150000000000000000e+03 5.270000000000000000e+03
3.181954300000000000e+07 2.650000000000000000e+03 2.550000000000000000e+03 5.150000000000000000e+03 5.270000000000000000e+03
3.181996500000000000e+07 2.650000000000000000e+03 2.550000000000000000e+03 5.150000000000000000e+03 5.270000000000000000e+03
3.182017000000000000e+07 2.650000000000000000e+03 2.560000000000000000e+03 5.150000000000000000e+03 5.260000000000000000e+03
3.182037600000000000e+07 2.660000000000000000e+03 2.560000000000000000e+03 5.150000000000000000e+03 5.250000000000000000e+03
3.182058000000000000e+07 2.650000000000000000e+03 2.560000000000000000e+03 5.160000000000000000e+03 5.250000000000000000e+03
3.182079200000000000e+07 2.650000000000000000e+03 2.560000000000000000e+03 5.160000000000000000e+03 5.250000000000000000e+03
3.182099300000000000e+07 2.650000000000000000e+03 2.560000000000000000e+03 5.170000000000000000e+03 5.250000000000000000e+03
3.182119500000000000e+07 2.640000000000000000e+03 2.560000000000000000e+03 5.170000000000000000e+03 5.250000000000000000e+03
3.182140300000000000e+07 2.640000000000000000e+03 2.550000000000000000e+03 5.160000000000000000e+03 5.250000000000000000e+03
3.182161100000000000e+07 2.640000000000000000e+03 2.550000000000000000e+03 5.160000000000000000e+03 5.250000000000000000e+03
3.182181800000000000e+07 2.650000000000000000e+03 2.550000000000000000e+03 5.160000000000000000e+03 5.250000000000000000e+03
3.182202700000000000e+07 2.650000000000000000e+03 2.560000000000000000e+03 5.150000000000000000e+03 5.250000000000000000e+03
3.182223100000000000e+07 2.650000000000000000e+03 2.560000000000000000e+03 5.150000000000000000e+03 5.260000000000000000e+03
3.182244300000000000e+07 2.650000000000000000e+03 2.560000000000000000e+03 5.160000000000000000e+03 5.260000000000000000e+03
3.182264300000000000e+07 2.640000000000000000e+03 2.560000000000000000e+03 5.160000000000000000e+03 5.250000000000000000e+03
3.182285800000000000e+07 2.640000000000000000e+03 2.560000000000000000e+03 5.160000000000000000e+03 5.250000000000000000e+03
3.182306000000000000e+07 2.640000000000000000e+03 2.560000000000000000e+03 5.160000000000000000e+03 5.260000000000000000e+03
3.182327400000000000e+07 2.640000000000000000e+03 2.560000000000000000e+03 5.160000000000000000e+03 5.260000000000000000e+03
3.182347400000000000e+07 2.650000000000000000e+03 2.560000000000000000e+03 5.170000000000000000e+03 5.260000000000000000e+03
3.182369300000000000e+07 2.650000000000000000e+03 2.560000000000000000e+03 5.170000000000000000e+03 5.270000000000000000e+03
3.182389800000000000e+07 2.650000000000000000e+03 2.560000000000000000e+03 5.160000000000000000e+03 5.270000000000000000e+03
3.182410600000000000e+07 2.650000000000000000e+03 2.570000000000000000e+03 5.150000000000000000e+03 5.270000000000000000e+03
3.182431500000000000e+07 2.650000000000000000e+03 2.570000000000000000e+03 5.150000000000000000e+03 5.270000000000000000e+03
3.182452200000000000e+07 2.650000000000000000e+03 2.570000000000000000e+03 5.150000000000000000e+03 5.270000000000000000e+03
3.182490800000000000e+07 2.660000000000000000e+03 2.570000000000000000e+03 5.150000000000000000e+03 5.270000000000000000e+03
3.182512700000000000e+07 2.650000000000000000e+03 2.560000000000000000e+03 5.160000000000000000e+03 5.270000000000000000e+03
3.182533800000000000e+07 2.640000000000000000e+03 2.560000000000000000e+03 5.160000000000000000e+03 5.270000000000000000e+03
3.182554600000000000e+07 2.630000000000000000e+03 2.560000000000000000e+03 5.160000000000000000e+03 5.270000000000000000e+03
3.182575000000000000e+07 2.630000000000000000e+03 2.560000000000000000e+03 5.160000000000000000e+03 5.260000000000000000e+03
3.182596200000000000e+07 2.630000000000000000e+03 2.560000000000000000e+03 5.160000000000000000e+03 5.260000000000000000e+03
3.182615900000000000e+07 2.630000000000000000e+03 2.560000000000000000e+03 5.150000000000000000e+03 5.260000000000000000e+03
3.182644300000000000e+07 2.630000000000000000e+03 2.560000000000000000e+03 5.150000000000000000e+03 5.260000000000000000e+03
3.182658600000000000e+07 2.640000000000000000e+03 2.560000000000000000e+03 5.150000000000000000e+03 5.270000000000000000e+03
3.182679400000000000e+07 2.640000000000000000e+03 2.550000000000000000e+03 5.150000000000000000e+03 5.270000000000000000e+03
3.182698700000000000e+07 2.640000000000000000e+03 2.540000000000000000e+03 5.160000000000000000e+03 5.260000000000000000e+03
3.182719400000000000e+07 2.640000000000000000e+03 2.550000000000000000e+03 5.160000000000000000e+03 5.260000000000000000e+03
