3.441243700000000000e+07 4.670000000000000000e+03 3.950000000000000000e+03 3.340000000000000000e+03 2.570000000000000000e+03
3.441264500000000000e+07 4.670000000000000000e+03 3.950000000000000000e+03 3.330000000000000000e+03 2.570000000000000000e+03
3.441285400000000000e+07 4.670000000000000000e+03 3.960000000000000000e+03 3.330000000000000000e+03 2.570000000000000000e+03
3.441305900000000000e+07 4.670000000000000000e+03 3.960000000000000000e+03 3.340000000000000000e+03 2.580000000000000000e+03
3.441326900000000000e+07 4.670000000000000000e+03 3.950000000000000000e+03 3.360000000000000000e+03 2.580000000000000000e+03
3.441347600000000000e+07 4.680000000000000000e+03 3.950000000000000000e+03 3.370000000000000000e+03 2.570000000000000000e+03
3.441367700000000000e+07 4.680000000000000000e+03 3.950000000000000000e+03 3.370000000000000000e+03 2.550000000000000000e+03
3.441389200000000000e+07 4.680000000000000000e+03 3.950000000000000000e+03 3.360000000000000000e+03 2.550000000000000000e+03
3.441410100000000000e+07 4.680000000000000000e+03 3.960000000000000000e+03 3.340000000000000000e+03 2.550000000000000000e+03
3.441430700000000000e+07 4.680000000000000000e+03 3.960000000000000000e+03 3.360000000000000000e+03 2.560000000000000000e+03
3.441450500000000000e+07 4.680000000000000000e+03 3.960000000000000000e+03 3.360000000000000000e+03 2.560000000000000000e+03
3.441471400000000000e+07 4.670000000000000000e+03 3.960000000000000000e+03 3.340000000000000000e+03 2.560000000000000000e+03
3.441492700000000000e+07 4.670000000000000000e+03 3.960000000000000000e+03 3.340000000000000000e+03 2.560000000000000000e+03
3.441513700000000000e+07 4.680000000000000000e+03 3.960000000000000000e+03 3.340000000000000000e+03 2.570000000000000000e+03
3.441534500000000000e+07 4.680000000000000000e+03 3.960000000000000000e+03 3.360000000000000000e+03 2.570000000000000000e+03
3.441555100000000000e+07 4.680000000000000000e+03 3.960000000000000000e+03 3.360000000000000000e+03 2.570000000000000000e+03
3.441576000000000000e+07 4.690000000000000000e+03 3.980000000000000000e+03 3.340000000000000000e+03 2.570000000000000000e+03
3.441595900000000000e+07 4.690000000000000000e+03 3.960000000000000000e+03 3.360000000000000000e+03 2.580000000000000000e+03
3.441617700000000000e+07 4.690000000000000000e+03 3.960000000000000000e+03 3.360000000000000000e+03 2.580000000000000000e+03
3.441637700000000000e+07 4.680000000000000000e+03 3.980000000000000000e+03 3.340000000000000000e+03 2.580000000000000000e+03
3.441659600000000000e+07 4.680000000000000000e+03 3.980000000000000000e+03 3.340000000000000000e+03 2.580000000000000000e+03
3.441679600000000000e+07 4.680000000000000000e+03 3.980000000000000000e+03 3.330000000000000000e+03 2.580000000000000000e+03
3.441700500000000000e+07 4.680000000000000000e+03 3.980000000000000000e+03 3.330000000000000000e+03 2.580000000000000000e+03
3.441722000000000000e+07 4.680000000000000000e+03 3.980000000000000000e+03 3.330000000000000000e+03 2.580000000000000000e+03
3.441742100000000000e+07 4.680000000000000000e+03 3.980000000000000000e+03 3.330000000000000000e+03 2.580000000000000000e+03
3.441762800000000000e+07 4.680000000000000000e+03 3.980000000000000000e+03 3.330000000000000000e+03 2.580000000000000000e+03
3.441783400000000000e+07 4.680000000000000000e+03 3.980000000000000000e+03 3.330000000000000000e+03 2.580000000000000000e+03
3.441804100000000000e+07 4.680000000000000000e+03 3.980000000000000000e+03 3.360000000000000000e+03 2.580000000000000000e+03
3.441825800000000000e+07 4.680000000000000000e+03 3.980000000000000000e+03 3.340000000000000000e+03 2.580000000000000000e+03
3.441845700000000000e+07 4.670000000000000000e+03 3.980000000000000000e+03 3.370000000000000000e+03 2.580000000000000000e+03
3.441867100000000000e+07 4.680000000000000000e+03 3.960000000000000000e+03 3.360000000000000000e+03 2.560000000000000000e+03
3.441888300000000000e+07 4.680000000000000000e+03 3.960000000000000000e+03 3.370000000000000000e+03 2.560000000000000000e+03
3.441908500000000000e+07 4.670000000000000000e+03 3.960000000000000000e+03 3.370000000000000000e+03 2.570000000000000000e+03
3.441928700000000000e+07 4.680000000000000000e+03 3.960000000000000000e+03 3.360000000000000000e+03 2.570000000000000000e+03
3.441950000000000000e+07 4.680000000000000000e+03 3.950000000000000000e+03 3.340000000000000000e+03 2.570000000000000000e+03
3.441970500000000000e+07 4.680000000000000000e+03 3.960000000000000000e+03 3.340000000000000000e+03 2.570000000000000000e+03
3.441992000000000000e+07 4.680000000000000000e+03 3.960000000000000000e+03 3.330000000000000000e+03 2.570000000000000000e+03
3.442012400000000000e+07 4.670000000000000000e+03 3.960000000000000000e+03 3.330000000000000000e+03 2.570000000000000000e+03
3.442033800000000000e+07 4.670000000000000000e+03 3.960000000000000000e+03 3.330000000000000000e+03 2.570000000000000000e+03
3.442054000000000000e+07 4.680000000000000000e+03 3.960000000000000000e+03 3.340000000000000000e+03 2.570000000000000000e+03
3.442075200000000000e+07 4.670000000000000000e+03 3.960000000000000000e+03 3.360000000000000000e+03 2.560000000000000000e+03
3.442095300000000000e+07 4.680000000000000000e+03 3.980000000000000000e+03 3.360000000000000000e+03 2.560000000000000000e+03
3.442115700000000000e+07 4.680000000000000000e+03 3.980000000000000000e+03 3.340000000000000000e+03 2.560000000000000000e+03
3.442136800000000000e+07 4.680000000000000000e+03 3.960000000000000000e+03 3.340000000000000000e+03 2.560000000000000000e+03
3.442158800000000000e+07 4.680000000000000000e+03 3.960000000000000000e+03 3.340000000000000000e+03 2.560000000000000000e+03
3.442179100000000000e+07 4.680000000000000000e+03 3.960000000000000000e+03 3.340000000000000000e+03 2.570000000000000000e+03
3.442198800000000000e+07 4.680000000000000000e+03 3.960000000000000000e+03 3.340000000000000000e+03 2.570000000000000000e+03
3.442220300000000000e+07 4.670000000000000000e+03 3.960000000000000000e+03 3.360000000000000000e+03 2.560000000000000000e+03
3.442241800000000000e+07 4.670000000000000000e+03 3.960000000000000000e+03 3.340000000000000000e+03 2.560000000000000000e+03
3.442262400000000000e+07 4.670000000000000000e+03 3.960000000000000000e+03 3.340000000000000000e+03 2.560000000000000000e+03
3.442282800000000000e+07 4.680000000000000000e+03 3.960000000000000000e+03 3.360000000000000000e+03 2.560000000000000000e+03
3.442304300000000000e+07 4.690000000000000000e+03 3.960000000000000000e+03 3.360000000000000000e+03 2.550000000000000000e+03
3.442325100000000000e+07 4.690000000000000000e+03 3.960000000000000000e+03 3.370000000000000000e+03 2.550000000000000000e+03
3.442345500000000000e+07 4.700000000000000000e+03 3.950000000000000000e+03 3.370000000000000000e+03 2.560000000000000000e+03
3.442366600000000000e+07 4.700000000000000000e+03 3.940000000000000000e+03 3.370000000000000000e+03 2.570000000000000000e+03
3.442386700000000000e+07 4.690000000000000000e+03 3.940000000000000000e+03 3.360000000000000000e+03 2.570000000000000000e+03
3.442407000000000000e+07 4.680000000000000000e+03 3.940000000000000000e+03 3.370000000000000000e+03 2.570000000000000000e+03
3.442427700000000000e+07 4.680000000000000000e+03 3.950000000000000000e+03 3.360000000000000000e+03 2.570000000000000000e+03
3.442449800000000000e+07 4.690000000000000000e+03 3.950000000000000000e+03 3.370000000000000000e+03 2.570000000000000000e+03
3.442470600000000000e+07 4.690000000000000000e+03 3.950000000000000000e+03 3.360000000000000000e+03 2.570000000000000000e+03
3.442491400000000000e+07 4.690000000000000000e+03 3.960000000000000000e+03 3.360000000000000000e+03 2.570000000000000000e+03
3.442512300000000000e+07 4.690000000000000000e+03 3.960000000000000000e+03 3.360000000000000000e+03 2.570000000000000000e+03
3.442532900000000000e+07 4.690000000000000000e+03 3.960000000000000000e+03 3.360000000000000000e+03 2.560000000000000000e+03
3.442553800000000000e+07 4.690000000000000000e+03 3.960000000000000000e+03 3.370000000000000000e+03 2.560000000000000000e+03
3.442574600000000000e+07 4.690000000000000000e+03 3.960000000000000000e+03 3.360000000000000000e+03 2.560000000000000000e+03
3.442595400000000000e+07 4.690000000000000000e+03 3.960000000000000000e+03 3.360000000000000000e+03 2.560000000000000000e+03
3.442616200000000000e+07 4.680000000000000000e+03 3.960000000000000000e+03 3.340000000000000000e+03 2.550000000000000000e+03
3.442635800000000000e+07 4.680000000000000000e+03 3.980000000000000000e+03 3.360000000000000000e+03 2.550000000000000000e+03
3.442657000000000000e+07 4.680000000000000000e+03 3.980000000000000000e+03 3.370000000000000000e+03 2.550000000000000000e+03
3.442677300000000000e+07 4.680000000000000000e+03 3.980000000000000000e+03 3.370000000000000000e+03 2.550000000000000000e+03
3.442698000000000000e+07 4.680000000000000000e+03 3.960000000000000000e+03 3.370000000000000000e+03 2.560000000000000000e+03
3.442719400000000000e+07 4.670000000000000000e+03 3.960000000000000000e+03 3.370000000000000000e+03 2.550000000000000000e+03
3.442740300000000000e+07 4.670000000000000000e+03 3.960000000000000000e+03 3.370000000000000000e+03 2.560000000000000000e+03
3.442761900000000000e+07 4.670000000000000000e+03 3.960000000000000000e+03 3.360000000000000000e+03 2.570000000000000000e+03
3.442781500000000000e+07 4.670000000000000000e+03 3.960000000000000000e+03 3.360000000000000000e+03 2.570000000000000000e+03
3.442802100000000000e+07 4.670000000000000000e+03 3.950000000000000000e+03 3.360000000000000000e+03 2.570000000000000000e+03
3.442823300000000000e+07 4.670000000000000000e+03 3.950000000000000000e+03 3.370000000000000000e+03 2.570000000000000000e+03
3.442844200000000000e+07 4.680000000000000000e+03 3.950000000000000000e+03 3.370000000000000000e+03 2.560000000000000000e+03
3.442865300000000000e+07 4.680000000000000000e+03 3.960000000000000000e+03 3.370000000000000000e+03 2.560000000000000000e+03
3.442885500000000000e+07 4.690000000000000000e+03 3.960000000000000000e+03 3.360000000000000000e+03 2.570000000000000000e+03
3.442906000000000000e+07 4.690000000000000000e+03 3.960000000000000000e+03 3.370000000000000000e+03 2.570000000000000000e+03
3.442927500000000000e+07 4.690000000000000000e+03 3.960000000000000000e+03 3.360000000000000000e+03 2.550000000000000000e+03
3.442948000000000000e+07 4.690000000000000000e+03 3.960000000000000000e+03 3.360000000000000000e+03 2.550000000000000000e+03
3.442968200000000000e+07 4.690000000000000000e+03 3.950000000000000000e+03 3.340000000000000000e+03 2.560000000000000000e+03
3.442990300000000000e+07 4.690000000000000000e+03 3.950000000000000000e+03 3.340000000000000000e+03 2.570000000000000000e+03
3.443010400000000000e+07 4.690000000000000000e+03 3.960000000000000000e+03 3.360000000000000000e+03 2.570000000000000000e+03
3.443031800000000000e+07 4.690000000000000000e+03 3.950000000000000000e+03 3.370000000000000000e+03 2.570000000000000000e+03
3.443052900000000000e+07 4.690000000000000000e+03 3.950000000000000000e+03 3.370000000000000000e+03 2.570000000000000000e+03
3.443072800000000000e+07 4.690000000000000000e+03 3.960000000000000000e+03 3.370000000000000000e+03 2.560000000000000000e+03
3.443093500000000000e+07 4.690000000000000000e+03 3.960000000000000000e+03 3.360000000000000000e+03 2.570000000000000000e+03
3.443114200000000000e+07 4.680000000000000000e+03 3.960000000000000000e+03 3.360000000000000000e+03 2.570000000000000000e+03
3.443135200000000000e+07 4.680000000000000000e+03 3.950000000000000000e+03 3.360000000000000000e+03 2.580000000000000000e+03
3.443155400000000000e+07 4.690000000000000000e+03 3.950000000000000000e+03 3.360000000000000000e+03 2.580000000000000000e+03
3.443176600000000000e+07 4.690000000000000000e+03 3.950000000000000000e+03 3.360000000000000000e+03 2.580000000000000000e+03
3.443197500000000000e+07 4.690000000000000000e+03 3.950000000000000000e+03 3.360000000000000000e+03 2.580000000000000000e+03
3.443219300000000000e+07 4.690000000000000000e+03 3.960000000000000000e+03 3.360000000000000000e+03 2.580000000000000000e+03
3.443240000000000000e+07 4.690000000000000000e+03 3.960000000000000000e+03 3.340000000000000000e+03 2.560000000000000000e+03
3.443260900000000000e+07 4.680000000000000000e+03 3.960000000000000000e+03 3.340000000000000000e+03 2.570000000000000000e+03
3.443281700000000000e+07 4.680000000000000000e+03 3.960000000000000000e+03 3.340000000000000000e+03 2.570000000000000000e+03
3.443302100000000000e+07 4.680000000000000000e+03 3.980000000000000000e+03 3.360000000000000000e+03 2.570000000000000000e+03
3.443323100000000000e+07 4.680000000000000000e+03 3.980000000000000000e+03 3.370000000000000000e+03 2.570000000000000000e+03
3.443343600000000000e+07 4.680000000000000000e+03 3.960000000000000000e+03 3.370000000000000000e+03 2.570000000000000000e+03
3.443364900000000000e+07 4.680000000000000000e+03 3.960000000000000000e+03 3.370000000000000000e+03 2.570000000000000000e+03
3.443385100000000000e+07 4.680000000000000000e+03 3.960000000000000000e+03 3.370000000000000000e+03 2.570000000000000000e+03
3.443405400000000000e+07 4.680000000000000000e+03 3.960000000000000000e+03 3.360000000000000000e+03 2.560000000000000000e+03
3.443427000000000000e+07 4.680000000000000000e+03 3.960000000000000000e+03 3.370000000000000000e+03 2.560000000000000000e+03
3.443446500000000000e+07 4.680000000000000000e+03 3.980000000000000000e+03 3.360000000000000000e+03 2.560000000000000000e+03
3.443468800000000000e+07 4.680000000000000000e+03 3.980000000000000000e+03 3.370000000000000000e+03 2.570000000000000000e+03
3.443489100000000000e+07 4.680000000000000000e+03 3.960000000000000000e+03 3.370000000000000000e+03 2.560000000000000000e+03
3.443510200000000000e+07 4.680000000000000000e+03 3.960000000000000000e+03 3.370000000000000000e+03 2.570000000000000000e+03
3.443529800000000000e+07 4.680000000000000000e+03 3.960000000000000000e+03 3.370000000000000000e+03 2.570000000000000000e+03
3.443553000000000000e+07 4.680000000000000000e+03 3.960000000000000000e+03 3.360000000000000000e+03 2.570000000000000000e+03
3.443574200000000000e+07 4.680000000000000000e+03 3.980000000000000000e+03 3.370000000000000000e+03 2.570000000000000000e+03
3.443594400000000000e+07 4.680000000000000000e+03 3.950000000000000000e+03 3.360000000000000000e+03 2.560000000000000000e+03
3.443616000000000000e+07 4.680000000000000000e+03 3.950000000000000000e+03 3.340000000000000000e+03 2.560000000000000000e+03
3.443635400000000000e+07 4.680000000000000000e+03 3.950000000000000000e+03 3.340000000000000000e+03 2.570000000000000000e+03
3.443656800000000000e+07 4.680000000000000000e+03 3.950000000000000000e+03 3.330000000000000000e+03 2.580000000000000000e+03
3.443677400000000000e+07 4.680000000000000000e+03 3.950000000000000000e+03 3.330000000000000000e+03 2.580000000000000000e+03
3.443698800000000000e+07 4.680000000000000000e+03 3.950000000000000000e+03 3.340000000000000000e+03 2.580000000000000000e+03
3.443719100000000000e+07 4.680000000000000000e+03 3.960000000000000000e+03 3.360000000000000000e+03 2.580000000000000000e+03
3.443739400000000000e+07 4.680000000000000000e+03 3.960000000000000000e+03 3.360000000000000000e+03 2.570000000000000000e+03
3.443761600000000000e+07 4.680000000000000000e+03 3.980000000000000000e+03 3.360000000000000000e+03 2.570000000000000000e+03
3.443782100000000000e+07 4.680000000000000000e+03 3.980000000000000000e+03 3.360000000000000000e+03 2.560000000000000000e+03
3.443802300000000000e+07 4.680000000000000000e+03 3.960000000000000000e+03 3.360000000000000000e+03 2.570000000000000000e+03
3.443822600000000000e+07 4.680000000000000000e+03 3.950000000000000000e+03 3.340000000000000000e+03 2.570000000000000000e+03
3.443844000000000000e+07 4.680000000000000000e+03 3.950000000000000000e+03 3.340000000000000000e+03 2.570000000000000000e+03
3.443865300000000000e+07 4.680000000000000000e+03 3.950000000000000000e+03 3.340000000000000000e+03 2.570000000000000000e+03
3.443885100000000000e+07 4.680000000000000000e+03 3.960000000000000000e+03 3.330000000000000000e+03 2.560000000000000000e+03
3.443906000000000000e+07 4.670000000000000000e+03 3.960000000000000000e+03 3.340000000000000000e+03 2.550000000000000000e+03
3.443926500000000000e+07 4.670000000000000000e+03 3.950000000000000000e+03 3.340000000000000000e+03 2.560000000000000000e+03
3.443947600000000000e+07 4.670000000000000000e+03 3.950000000000000000e+03 3.330000000000000000e+03 2.560000000000000000e+03
3.443968900000000000e+07 4.680000000000000000e+03 3.960000000000000000e+03 3.340000000000000000e+03 2.560000000000000000e+03
3.443990100000000000e+07 4.690000000000000000e+03 3.960000000000000000e+03 3.370000000000000000e+03 2.560000000000000000e+03
3.444009700000000000e+07 4.680000000000000000e+03 3.960000000000000000e+03 3.370000000000000000e+03 2.570000000000000000e+03
3.444031600000000000e+07 4.680000000000000000e+03 3.960000000000000000e+03 3.360000000000000000e+03 2.570000000000000000e+03
3.444051600000000000e+07 4.690000000000000000e+03 3.960000000000000000e+03 3.360000000000000000e+03 2.570000000000000000e+03
3.444073200000000000e+07 4.690000000000000000e+03 3.960000000000000000e+03 3.360000000000000000e+03 2.550000000000000000e+03
3.444094300000000000e+07 4.690000000000000000e+03 3.960000000000000000e+03 3.340000000000000000e+03 2.560000000000000000e+03
3.444113900000000000e+07 4.690000000000000000e+03 3.960000000000000000e+03 3.340000000000000000e+03 2.560000000000000000e+03
3.444135800000000000e+07 4.690000000000000000e+03 3.950000000000000000e+03 3.340000000000000000e+03 2.560000000000000000e+03
3.444156700000000000e+07 4.690000000000000000e+03 3.950000000000000000e+03 3.340000000000000000e+03 2.560000000000000000e+03
3.444176600000000000e+07 4.690000000000000000e+03 3.950000000000000000e+03 3.340000000000000000e+03 2.560000000000000000e+03
3.444197100000000000e+07 4.680000000000000000e+03 3.950000000000000000e+03 3.360000000000000000e+03 2.560000000000000000e+03
3.444218100000000000e+07 4.680000000000000000e+03 3.950000000000000000e+03 3.370000000000000000e+03 2.560000000000000000e+03
3.444239700000000000e+07 4.680000000000000000e+03 3.960000000000000000e+03 3.370000000000000000e+03 2.560000000000000000e+03
3.444260500000000000e+07 4.680000000000000000e+03 3.960000000000000000e+03 3.360000000000000000e+03 2.560000000000000000e+03
3.444281500000000000e+07 4.680000000000000000e+03 3.950000000000000000e+03 3.360000000000000000e+03 2.560000000000000000e+03
3.444302200000000000e+07 4.690000000000000000e+03 3.950000000000000000e+03 3.370000000000000000e+03 2.570000000000000000e+03
3.444322900000000000e+07 4.690000000000000000e+03 3.950000000000000000e+03 3.360000000000000000e+03 2.570000000000000000e+03
3.444343800000000000e+07 4.690000000000000000e+03 3.950000000000000000e+03 3.360000000000000000e+03 2.570000000000000000e+03
3.444364600000000000e+07 4.680000000000000000e+03 3.950000000000000000e+03 3.360000000000000000e+03 2.570000000000000000e+03
3.444385500000000000e+07 4.680000000000000000e+03 3.950000000000000000e+03 3.360000000000000000e+03 2.560000000000000000e+03
3.444406200000000000e+07 4.680000000000000000e+03 3.950000000000000000e+03 3.370000000000000000e+03 2.560000000000000000e+03
3.444427000000000000e+07 4.670000000000000000e+03 3.950000000000000000e+03 3.370000000000000000e+03 2.570000000000000000e+03
3.444447800000000000e+07 4.670000000000000000e+03 3.950000000000000000e+03 3.360000000000000000e+03 2.560000000000000000e+03
3.444468700000000000e+07 4.660000000000000000e+03 3.950000000000000000e+03 3.360000000000000000e+03 2.560000000000000000e+03
3.444489300000000000e+07 4.670000000000000000e+03 3.950000000000000000e+03 3.370000000000000000e+03 2.570000000000000000e+03
3.444510100000000000e+07 4.670000000000000000e+03 3.950000000000000000e+03 3.370000000000000000e+03 2.570000000000000000e+03
3.444530100000000000e+07 4.670000000000000000e+03 3.960000000000000000e+03 3.360000000000000000e+03 2.560000000000000000e+03
3.444550700000000000e+07 4.680000000000000000e+03 3.950000000000000000e+03 3.370000000000000000e+03 2.560000000000000000e+03
3.444571100000000000e+07 4.680000000000000000e+03 3.950000000000000000e+03 3.360000000000000000e+03 2.560000000000000000e+03
3.444592000000000000e+07 4.680000000000000000e+03 3.960000000000000000e+03 3.370000000000000000e+03 2.560000000000000000e+03
3.444614200000000000e+07 4.680000000000000000e+03 3.960000000000000000e+03 3.360000000000000000e+03 2.570000000000000000e+03
3.444634700000000000e+07 4.670000000000000000e+03 3.960000000000000000e+03 3.360000000000000000e+03 2.560000000000000000e+03
3.444655600000000000e+07 4.680000000000000000e+03 3.960000000000000000e+03 3.370000000000000000e+03 2.550000000000000000e+03
3.444675500000000000e+07 4.680000000000000000e+03 3.950000000000000000e+03 3.370000000000000000e+03 2.560000000000000000e+03
3.444696100000000000e+07 4.680000000000000000e+03 3.950000000000000000e+03 3.370000000000000000e+03 2.550000000000000000e+03
3.444716800000000000e+07 4.680000000000000000e+03 3.950000000000000000e+03 3.360000000000000000e+03 2.550000000000000000e+03
3.444739100000000000e+07 4.680000000000000000e+03 3.950000000000000000e+03 3.370000000000000000e+03 2.560000000000000000e+03
3.444758800000000000e+07 4.670000000000000000e+03 3.950000000000000000e+03 3.370000000000000000e+03 2.550000000000000000e+03
3.444780300000000000e+07 4.670000000000000000e+03 3.960000000000000000e+03 3.360000000000000000e+03 2.560000000000000000e+03
3.444801100000000000e+07 4.680000000000000000e+03 3.960000000000000000e+03 3.360000000000000000e+03 2.560000000000000000e+03
3.444821000000000000e+07 4.680000000000000000e+03 3.960000000000000000e+03 3.340000000000000000e+03 2.560000000000000000e+03
3.444841500000000000e+07 4.680000000000000000e+03 3.950000000000000000e+03 3.340000000000000000e+03 2.570000000000000000e+03
3.444863000000000000e+07 4.680000000000000000e+03 3.950000000000000000e+03 3.340000000000000000e+03 2.570000000000000000e+03
3.444884000000000000e+07 4.680000000000000000e+03 3.950000000000000000e+03 3.340000000000000000e+03 2.580000000000000000e+03
3.444903900000000000e+07 4.680000000000000000e+03 3.950000000000000000e+03 3.340000000000000000e+03 2.570000000000000000e+03
3.444926200000000000e+07 4.680000000000000000e+03 3.960000000000000000e+03 3.340000000000000000e+03 2.570000000000000000e+03
3.444945800000000000e+07 4.680000000000000000e+03 3.960000000000000000e+03 3.340000000000000000e+03 2.570000000000000000e+03
3.444966300000000000e+07 4.680000000000000000e+03 3.950000000000000000e+03 3.340000000000000000e+03 2.560000000000000000e+03
3.444987100000000000e+07 4.690000000000000000e+03 3.950000000000000000e+03 3.340000000000000000e+03 2.560000000000000000e+03
3.445008600000000000e+07 4.690000000000000000e+03 3.960000000000000000e+03 3.340000000000000000e+03 2.560000000000000000e+03
3.445030000000000000e+07 4.690000000000000000e+03 3.960000000000000000e+03 3.360000000000000000e+03 2.550000000000000000e+03
3.445051000000000000e+07 4.690000000000000000e+03 3.960000000000000000e+03 3.360000000000000000e+03 2.550000000000000000e+03
3.445070600000000000e+07 4.690000000000000000e+03 3.950000000000000000e+03 3.360000000000000000e+03 2.550000000000000000e+03
3.445091800000000000e+07 4.680000000000000000e+03 3.950000000000000000e+03 3.360000000000000000e+03 2.550000000000000000e+03
3.445113300000000000e+07 4.680000000000000000e+03 3.950000000000000000e+03 3.360000000000000000e+03 2.550000000000000000e+03
3.445133100000000000e+07 4.680000000000000000e+03 3.950000000000000000e+03 3.370000000000000000e+03 2.550000000000000000e+03
3.445154900000000000e+07 4.670000000000000000e+03 3.950000000000000000e+03 3.370000000000000000e+03 2.550000000000000000e+03
3.445175600000000000e+07 4.670000000000000000e+03 3.960000000000000000e+03 3.370000000000000000e+03 2.560000000000000000e+03
3.445196500000000000e+07 4.680000000000000000e+03 3.950000000000000000e+03 3.370000000000000000e+03 2.560000000000000000e+03
3.445216500000000000e+07 4.680000000000000000e+03 3.960000000000000000e+03 3.360000000000000000e+03 2.560000000000000000e+03
3.445238100000000000e+07 4.670000000000000000e+03 3.980000000000000000e+03 3.360000000000000000e+03 2.560000000000000000e+03
3.445257900000000000e+07 4.680000000000000000e+03 3.980000000000000000e+03 3.370000000000000000e+03 2.570000000000000000e+03
3.445278900000000000e+07 4.680000000000000000e+03 3.980000000000000000e+03 3.360000000000000000e+03 2.570000000000000000e+03
3.445300000000000000e+07 4.680000000000000000e+03 3.980000000000000000e+03 3.360000000000000000e+03 2.570000000000000000e+03
3.445320000000000000e+07 4.680000000000000000e+03 3.980000000000000000e+03 3.370000000000000000e+03 2.570000000000000000e+03
3.445340700000000000e+07 4.680000000000000000e+03 3.960000000000000000e+03 3.370000000000000000e+03 2.570000000000000000e+03
3.445361300000000000e+07 4.670000000000000000e+03 3.960000000000000000e+03 3.370000000000000000e+03 2.570000000000000000e+03
3.445383000000000000e+07 4.670000000000000000e+03 3.950000000000000000e+03 3.360000000000000000e+03 2.570000000000000000e+03
3.445403400000000000e+07 4.670000000000000000e+03 3.950000000000000000e+03 3.370000000000000000e+03 2.570000000000000000e+03
3.445424800000000000e+07 4.670000000000000000e+03 3.950000000000000000e+03 3.360000000000000000e+03 2.570000000000000000e+03
3.445445300000000000e+07 4.660000000000000000e+03 3.950000000000000000e+03 3.360000000000000000e+03 2.570000000000000000e+03
3.445466800000000000e+07 4.660000000000000000e+03 3.950000000000000000e+03 3.360000000000000000e+03 2.560000000000000000e+03
3.445486200000000000e+07 4.670000000000000000e+03 3.950000000000000000e+03 3.370000000000000000e+03 2.560000000000000000e+03
3.445507500000000000e+07 4.670000000000000000e+03 3.960000000000000000e+03 3.370000000000000000e+03 2.560000000000000000e+03
3.445529100000000000e+07 4.680000000000000000e+03 3.960000000000000000e+03 3.360000000000000000e+03 2.560000000000000000e+03
3.445550100000000000e+07 4.680000000000000000e+03 3.960000000000000000e+03 3.360000000000000000e+03 2.560000000000000000e+03
3.445569800000000000e+07 4.680000000000000000e+03 3.960000000000000000e+03 3.370000000000000000e+03 2.560000000000000000e+03
3.445591600000000000e+07 4.680000000000000000e+03 3.960000000000000000e+03 3.370000000000000000e+03 2.550000000000000000e+03
3.445611900000000000e+07 4.680000000000000000e+03 3.960000000000000000e+03 3.370000000000000000e+03 2.560000000000000000e+03
3.445632600000000000e+07 4.680000000000000000e+03 3.960000000000000000e+03 3.360000000000000000e+03 2.560000000000000000e+03
3.445652600000000000e+07 4.680000000000000000e+03 3.960000000000000000e+03 3.360000000000000000e+03 2.560000000000000000e+03
3.445695500000000000e+07 4.680000000000000000e+03 3.960000000000000000e+03 3.360000000000000000e+03 2.560000000000000000e+03
3.445716300000000000e+07 4.680000000000000000e+03 3.960000000000000000e+03 3.360000000000000000e+03 2.560000000000000000e+03
3.445737100000000000e+07 4.680000000000000000e+03 3.960000000000000000e+03 3.360000000000000000e+03 2.560000000000000000e+03
3.445758200000000000e+07 4.680000000000000000e+03 3.960000000000000000e+03 3.370000000000000000e+03 2.560000000000000000e+03
3.445778700000000000e+07 4.680000000000000000e+03 3.960000000000000000e+03 3.360000000000000000e+03 2.560000000000000000e+03
3.445801100000000000e+07 4.680000000000000000e+03 3.960000000000000000e+03 3.360000000000000000e+03 2.560000000000000000e+03
3.445820600000000000e+07 4.680000000000000000e+03 3.950000000000000000e+03 3.360000000000000000e+03 2.560000000000000000e+03
3.445841100000000000e+07 4.670000000000000000e+03 3.950000000000000000e+03 3.360000000000000000e+03 2.560000000000000000e+03
3.445862200000000000e+07 4.680000000000000000e+03 3.960000000000000000e+03 3.340000000000000000e+03 2.550000000000000000e+03
