3.524666500000000000e+07 3.480000000000000000e+03 2.370000000000000000e+03 4.600000000000000000e+03 4.130000000000000000e+03
3.524687600000000000e+07 3.490000000000000000e+03 2.370000000000000000e+03 4.600000000000000000e+03 4.130000000000000000e+03
3.524708100000000000e+07 3.490000000000000000e+03 2.380000000000000000e+03 4.580000000000000000e+03 4.130000000000000000e+03
3.524727600000000000e+07 3.490000000000000000e+03 2.380000000000000000e+03 4.580000000000000000e+03 4.140000000000000000e+03
3.524748400000000000e+07 3.490000000000000000e+03 2.370000000000000000e+03 4.580000000000000000e+03 4.130000000000000000e+03
3.524770200000000000e+07 3.500000000000000000e+03 2.360000000000000000e+03 4.580000000000000000e+03 4.120000000000000000e+03
3.524791300000000000e+07 3.490000000000000000e+03 2.350000000000000000e+03 4.580000000000000000e+03 4.120000000000000000e+03
3.524811800000000000e+07 3.480000000000000000e+03 2.360000000000000000e+03 4.580000000000000000e+03 4.120000000000000000e+03
3.524831800000000000e+07 3.490000000000000000e+03 2.370000000000000000e+03 4.580000000000000000e+03 4.130000000000000000e+03
3.524853600000000000e+07 3.490000000000000000e+03 2.370000000000000000e+03 4.580000000000000000e+03 4.120000000000000000e+03
3.524874400000000000e+07 3.490000000000000000e+03 2.360000000000000000e+03 4.580000000000000000e+03 4.120000000000000000e+03
3.524895000000000000e+07 3.490000000000000000e+03 2.360000000000000000e+03 4.580000000000000000e+03 4.120000000000000000e+03
3.524935700000000000e+07 3.480000000000000000e+03 2.360000000000000000e+03 4.580000000000000000e+03 4.120000000000000000e+03
3.524956500000000000e+07 3.480000000000000000e+03 2.380000000000000000e+03 4.580000000000000000e+03 4.120000000000000000e+03
3.524977200000000000e+07 3.480000000000000000e+03 2.390000000000000000e+03 4.580000000000000000e+03 4.120000000000000000e+03
3.524998400000000000e+07 3.490000000000000000e+03 2.370000000000000000e+03 4.580000000000000000e+03 4.120000000000000000e+03
3.525019300000000000e+07 3.490000000000000000e+03 2.390000000000000000e+03 4.580000000000000000e+03 4.110000000000000000e+03
3.525040000000000000e+07 3.490000000000000000e+03 2.390000000000000000e+03 4.580000000000000000e+03 4.110000000000000000e+03
3.525060200000000000e+07 3.490000000000000000e+03 2.400000000000000000e+03 4.580000000000000000e+03 4.110000000000000000e+03
3.525081800000000000e+07 3.490000000000000000e+03 2.380000000000000000e+03 4.580000000000000000e+03 4.110000000000000000e+03
3.525102900000000000e+07 3.490000000000000000e+03 2.380000000000000000e+03 4.580000000000000000e+03 4.110000000000000000e+03
3.525123200000000000e+07 3.490000000000000000e+03 2.380000000000000000e+03 4.580000000000000000e+03 4.110000000000000000e+03
3.525144100000000000e+07 3.490000000000000000e+03 2.380000000000000000e+03 4.580000000000000000e+03 4.100000000000000000e+03
3.525164600000000000e+07 3.490000000000000000e+03 2.380000000000000000e+03 4.600000000000000000e+03 4.100000000000000000e+03
3.525185700000000000e+07 3.490000000000000000e+03 2.370000000000000000e+03 4.600000000000000000e+03 4.120000000000000000e+03
3.525207100000000000e+07 3.490000000000000000e+03 2.360000000000000000e+03 4.600000000000000000e+03 4.120000000000000000e+03
3.525227900000000000e+07 3.480000000000000000e+03 2.380000000000000000e+03 4.600000000000000000e+03 4.130000000000000000e+03
3.525247500000000000e+07 3.480000000000000000e+03 2.380000000000000000e+03 4.600000000000000000e+03 4.130000000000000000e+03
3.525268900000000000e+07 3.480000000000000000e+03 2.390000000000000000e+03 4.580000000000000000e+03 4.120000000000000000e+03
3.525290100000000000e+07 3.480000000000000000e+03 2.390000000000000000e+03 4.580000000000000000e+03 4.120000000000000000e+03
3.525310400000000000e+07 3.480000000000000000e+03 2.380000000000000000e+03 4.580000000000000000e+03 4.120000000000000000e+03
3.525331600000000000e+07 3.480000000000000000e+03 2.390000000000000000e+03 4.580000000000000000e+03 4.120000000000000000e+03
3.525352100000000000e+07 3.480000000000000000e+03 2.370000000000000000e+03 4.580000000000000000e+03 4.120000000000000000e+03
3.525372600000000000e+07 3.480000000000000000e+03 2.380000000000000000e+03 4.580000000000000000e+03 4.120000000000000000e+03
3.525393300000000000e+07 3.490000000000000000e+03 2.400000000000000000e+03 4.580000000000000000e+03 4.130000000000000000e+03
3.525414800000000000e+07 3.480000000000000000e+03 2.400000000000000000e+03 4.580000000000000000e+03 4.140000000000000000e+03
3.525455600000000000e+07 3.480000000000000000e+03 2.400000000000000000e+03 4.580000000000000000e+03 4.140000000000000000e+03
3.525477400000000000e+07 3.480000000000000000e+03 2.380000000000000000e+03 4.580000000000000000e+03 4.130000000000000000e+03
3.525497600000000000e+07 3.480000000000000000e+03 2.390000000000000000e+03 4.580000000000000000e+03 4.120000000000000000e+03
3.525519100000000000e+07 3.480000000000000000e+03 2.390000000000000000e+03 4.580000000000000000e+03 4.120000000000000000e+03
3.525544900000000000e+07 3.480000000000000000e+03 2.390000000000000000e+03 4.580000000000000000e+03 4.120000000000000000e+03
3.525559900000000000e+07 3.480000000000000000e+03 2.380000000000000000e+03 4.580000000000000000e+03 4.130000000000000000e+03
3.525580600000000000e+07 3.480000000000000000e+03 2.390000000000000000e+03 4.580000000000000000e+03 4.130000000000000000e+03
3.525600800000000000e+07 3.480000000000000000e+03 2.390000000000000000e+03 4.570000000000000000e+03 4.130000000000000000e+03
3.525622400000000000e+07 3.480000000000000000e+03 2.400000000000000000e+03 4.570000000000000000e+03 4.130000000000000000e+03
3.525643300000000000e+07 3.480000000000000000e+03 2.390000000000000000e+03 4.580000000000000000e+03 4.130000000000000000e+03
3.525664700000000000e+07 3.480000000000000000e+03 2.390000000000000000e+03 4.580000000000000000e+03 4.130000000000000000e+03
3.525685400000000000e+07 3.480000000000000000e+03 2.380000000000000000e+03 4.580000000000000000e+03 4.130000000000000000e+03
3.525705400000000000e+07 3.480000000000000000e+03 2.370000000000000000e+03 4.580000000000000000e+03 4.120000000000000000e+03
3.525727000000000000e+07 3.480000000000000000e+03 2.360000000000000000e+03 4.580000000000000000e+03 4.120000000000000000e+03
3.525747800000000000e+07 3.480000000000000000e+03 2.380000000000000000e+03 4.600000000000000000e+03 4.120000000000000000e+03
3.525768600000000000e+07 3.480000000000000000e+03 2.370000000000000000e+03 4.600000000000000000e+03 4.120000000000000000e+03
3.525789400000000000e+07 3.480000000000000000e+03 2.380000000000000000e+03 4.580000000000000000e+03 4.120000000000000000e+03
3.525810200000000000e+07 3.480000000000000000e+03 2.370000000000000000e+03 4.570000000000000000e+03 4.130000000000000000e+03
3.525829900000000000e+07 3.480000000000000000e+03 2.380000000000000000e+03 4.580000000000000000e+03 4.130000000000000000e+03
3.525851800000000000e+07 3.480000000000000000e+03 2.380000000000000000e+03 4.600000000000000000e+03 4.120000000000000000e+03
3.525872300000000000e+07 3.480000000000000000e+03 2.380000000000000000e+03 4.580000000000000000e+03 4.120000000000000000e+03
3.525891900000000000e+07 3.480000000000000000e+03 2.380000000000000000e+03 4.580000000000000000e+03 4.130000000000000000e+03
3.525914100000000000e+07 3.480000000000000000e+03 2.390000000000000000e+03 4.580000000000000000e+03 4.130000000000000000e+03
3.525934900000000000e+07 3.470000000000000000e+03 2.380000000000000000e+03 4.580000000000000000e+03 4.130000000000000000e+03
3.525955700000000000e+07 3.470000000000000000e+03 2.380000000000000000e+03 4.580000000000000000e+03 4.130000000000000000e+03
3.525976500000000000e+07 3.480000000000000000e+03 2.370000000000000000e+03 4.570000000000000000e+03 4.130000000000000000e+03
3.525997300000000000e+07 3.480000000000000000e+03 2.380000000000000000e+03 4.570000000000000000e+03 4.120000000000000000e+03
3.530018200000000000e+07 3.490000000000000000e+03 2.390000000000000000e+03 4.580000000000000000e+03 4.120000000000000000e+03
3.530038300000000000e+07 3.480000000000000000e+03 2.380000000000000000e+03 4.580000000000000000e+03 4.120000000000000000e+03
3.530059700000000000e+07 3.490000000000000000e+03 2.380000000000000000e+03 4.580000000000000000e+03 4.120000000000000000e+03
3.530079400000000000e+07 3.480000000000000000e+03 2.400000000000000000e+03 4.580000000000000000e+03 4.120000000000000000e+03
3.530101100000000000e+07 3.480000000000000000e+03 2.380000000000000000e+03 4.580000000000000000e+03 4.120000000000000000e+03
3.530120800000000000e+07 3.480000000000000000e+03 2.390000000000000000e+03 4.580000000000000000e+03 4.120000000000000000e+03
3.530142000000000000e+07 3.480000000000000000e+03 2.390000000000000000e+03 4.570000000000000000e+03 4.120000000000000000e+03
3.530163800000000000e+07 3.480000000000000000e+03 2.370000000000000000e+03 4.570000000000000000e+03 4.120000000000000000e+03
3.530183300000000000e+07 3.480000000000000000e+03 2.380000000000000000e+03 4.570000000000000000e+03 4.120000000000000000e+03
3.530204900000000000e+07 3.470000000000000000e+03 2.390000000000000000e+03 4.570000000000000000e+03 4.120000000000000000e+03
3.530225700000000000e+07 3.470000000000000000e+03 2.370000000000000000e+03 4.570000000000000000e+03 4.120000000000000000e+03
3.530245500000000000e+07 3.470000000000000000e+03 2.380000000000000000e+03 4.580000000000000000e+03 4.120000000000000000e+03
3.530267800000000000e+07 3.470000000000000000e+03 2.370000000000000000e+03 4.580000000000000000e+03 4.130000000000000000e+03
3.530287200000000000e+07 3.470000000000000000e+03 2.370000000000000000e+03 4.580000000000000000e+03 4.130000000000000000e+03
3.530308500000000000e+07 3.470000000000000000e+03 2.390000000000000000e+03 4.580000000000000000e+03 4.120000000000000000e+03
3.530330100000000000e+07 3.470000000000000000e+03 2.390000000000000000e+03 4.580000000000000000e+03 4.120000000000000000e+03
3.530350900000000000e+07 3.470000000000000000e+03 2.370000000000000000e+03 4.580000000000000000e+03 4.120000000000000000e+03
3.530371700000000000e+07 3.470000000000000000e+03 2.360000000000000000e+03 4.580000000000000000e+03 4.120000000000000000e+03
3.530392500000000000e+07 3.470000000000000000e+03 2.370000000000000000e+03 4.580000000000000000e+03 4.120000000000000000e+03
3.530413300000000000e+07 3.470000000000000000e+03 2.380000000000000000e+03 4.580000000000000000e+03 4.120000000000000000e+03
3.530433100000000000e+07 3.470000000000000000e+03 2.370000000000000000e+03 4.580000000000000000e+03 4.130000000000000000e+03
3.530454900000000000e+07 3.470000000000000000e+03 2.380000000000000000e+03 4.570000000000000000e+03 4.130000000000000000e+03
3.530474700000000000e+07 3.480000000000000000e+03 2.380000000000000000e+03 4.580000000000000000e+03 4.130000000000000000e+03
3.530496500000000000e+07 3.480000000000000000e+03 2.370000000000000000e+03 4.570000000000000000e+03 4.130000000000000000e+03
3.530516300000000000e+07 3.480000000000000000e+03 2.370000000000000000e+03 4.570000000000000000e+03 4.130000000000000000e+03
3.530536800000000000e+07 3.490000000000000000e+03 2.360000000000000000e+03 4.570000000000000000e+03 4.120000000000000000e+03
3.530558900000000000e+07 3.490000000000000000e+03 2.360000000000000000e+03 4.560000000000000000e+03 4.130000000000000000e+03
3.530578800000000000e+07 3.490000000000000000e+03 2.350000000000000000e+03 4.560000000000000000e+03 4.130000000000000000e+03
3.530600100000000000e+07 3.490000000000000000e+03 2.370000000000000000e+03 4.560000000000000000e+03 4.140000000000000000e+03
3.530620100000000000e+07 3.490000000000000000e+03 2.360000000000000000e+03 4.570000000000000000e+03 4.130000000000000000e+03
3.530641700000000000e+07 3.490000000000000000e+03 2.360000000000000000e+03 4.570000000000000000e+03 4.130000000000000000e+03
3.530662700000000000e+07 3.480000000000000000e+03 2.360000000000000000e+03 4.570000000000000000e+03 4.120000000000000000e+03
3.530683600000000000e+07 3.480000000000000000e+03 2.380000000000000000e+03 4.570000000000000000e+03 4.120000000000000000e+03
3.530704500000000000e+07 3.480000000000000000e+03 2.400000000000000000e+03 4.570000000000000000e+03 4.120000000000000000e+03
3.530724600000000000e+07 3.480000000000000000e+03 2.390000000000000000e+03 4.580000000000000000e+03 4.120000000000000000e+03
3.530745800000000000e+07 3.480000000000000000e+03 2.370000000000000000e+03 4.580000000000000000e+03 4.120000000000000000e+03
3.530766400000000000e+07 3.480000000000000000e+03 2.370000000000000000e+03 4.600000000000000000e+03 4.120000000000000000e+03
3.530786300000000000e+07 3.480000000000000000e+03 2.360000000000000000e+03 4.580000000000000000e+03 4.120000000000000000e+03
3.530808400000000000e+07 3.480000000000000000e+03 2.370000000000000000e+03 4.580000000000000000e+03 4.120000000000000000e+03
3.530828100000000000e+07 3.480000000000000000e+03 2.390000000000000000e+03 4.580000000000000000e+03 4.110000000000000000e+03
3.530850000000000000e+07 3.480000000000000000e+03 2.400000000000000000e+03 4.580000000000000000e+03 4.110000000000000000e+03
3.530870500000000000e+07 3.480000000000000000e+03 2.420000000000000000e+03 4.580000000000000000e+03 4.120000000000000000e+03
3.530890200000000000e+07 3.470000000000000000e+03 2.420000000000000000e+03 4.580000000000000000e+03 4.110000000000000000e+03
3.530912400000000000e+07 3.470000000000000000e+03 2.420000000000000000e+03 4.580000000000000000e+03 4.110000000000000000e+03
3.530933100000000000e+07 3.480000000000000000e+03 2.420000000000000000e+03 4.580000000000000000e+03 4.110000000000000000e+03
3.530953100000000000e+07 3.480000000000000000e+03 2.400000000000000000e+03 4.580000000000000000e+03 4.110000000000000000e+03
3.530973900000000000e+07 3.470000000000000000e+03 2.380000000000000000e+03 4.580000000000000000e+03 4.110000000000000000e+03
3.530994700000000000e+07 3.460000000000000000e+03 2.380000000000000000e+03 4.580000000000000000e+03 4.110000000000000000e+03
3.531015300000000000e+07 3.460000000000000000e+03 2.390000000000000000e+03 4.580000000000000000e+03 4.120000000000000000e+03
3.531036300000000000e+07 3.470000000000000000e+03 2.380000000000000000e+03 4.580000000000000000e+03 4.120000000000000000e+03
3.531057900000000000e+07 3.470000000000000000e+03 2.390000000000000000e+03 4.580000000000000000e+03 4.120000000000000000e+03
3.531078300000000000e+07 3.480000000000000000e+03 2.400000000000000000e+03 4.580000000000000000e+03 4.120000000000000000e+03
3.531098100000000000e+07 3.480000000000000000e+03 2.380000000000000000e+03 4.580000000000000000e+03 4.120000000000000000e+03
3.531119400000000000e+07 3.480000000000000000e+03 2.360000000000000000e+03 4.580000000000000000e+03 4.120000000000000000e+03
3.531140000000000000e+07 3.480000000000000000e+03 2.360000000000000000e+03 4.580000000000000000e+03 4.120000000000000000e+03
3.531161200000000000e+07 3.480000000000000000e+03 2.380000000000000000e+03 4.580000000000000000e+03 4.120000000000000000e+03
3.531181200000000000e+07 3.480000000000000000e+03 2.370000000000000000e+03 4.570000000000000000e+03 4.120000000000000000e+03
3.531202600000000000e+07 3.480000000000000000e+03 2.380000000000000000e+03 4.570000000000000000e+03 4.120000000000000000e+03
3.531223600000000000e+07 3.480000000000000000e+03 2.390000000000000000e+03 4.570000000000000000e+03 4.110000000000000000e+03
3.531244000000000000e+07 3.470000000000000000e+03 2.390000000000000000e+03 4.570000000000000000e+03 4.120000000000000000e+03
3.531265000000000000e+07 3.470000000000000000e+03 2.400000000000000000e+03 4.570000000000000000e+03 4.110000000000000000e+03
3.531285500000000000e+07 3.470000000000000000e+03 2.420000000000000000e+03 4.570000000000000000e+03 4.110000000000000000e+03
3.531307600000000000e+07 3.470000000000000000e+03 2.400000000000000000e+03 4.570000000000000000e+03 4.120000000000000000e+03
3.531327400000000000e+07 3.470000000000000000e+03 2.400000000000000000e+03 4.570000000000000000e+03 4.110000000000000000e+03
3.531349100000000000e+07 3.470000000000000000e+03 2.400000000000000000e+03 4.560000000000000000e+03 4.110000000000000000e+03
3.531369900000000000e+07 3.470000000000000000e+03 2.400000000000000000e+03 4.570000000000000000e+03 4.110000000000000000e+03
3.531390500000000000e+07 3.480000000000000000e+03 2.400000000000000000e+03 4.570000000000000000e+03 4.110000000000000000e+03
3.531410200000000000e+07 3.480000000000000000e+03 2.400000000000000000e+03 4.580000000000000000e+03 4.120000000000000000e+03
3.531432400000000000e+07 3.480000000000000000e+03 2.400000000000000000e+03 4.580000000000000000e+03 4.120000000000000000e+03
3.531452900000000000e+07 3.480000000000000000e+03 2.420000000000000000e+03 4.570000000000000000e+03 4.120000000000000000e+03
3.531473000000000000e+07 3.480000000000000000e+03 2.390000000000000000e+03 4.570000000000000000e+03 4.120000000000000000e+03
3.531494400000000000e+07 3.480000000000000000e+03 2.380000000000000000e+03 4.570000000000000000e+03 4.120000000000000000e+03
3.531514400000000000e+07 3.480000000000000000e+03 2.370000000000000000e+03 4.570000000000000000e+03 4.120000000000000000e+03
3.531535400000000000e+07 3.480000000000000000e+03 2.380000000000000000e+03 4.580000000000000000e+03 4.120000000000000000e+03
3.531555900000000000e+07 3.480000000000000000e+03 2.370000000000000000e+03 4.580000000000000000e+03 4.120000000000000000e+03
3.531576700000000000e+07 3.480000000000000000e+03 2.390000000000000000e+03 4.570000000000000000e+03 4.130000000000000000e+03
3.531597200000000000e+07 3.480000000000000000e+03 2.390000000000000000e+03 4.570000000000000000e+03 4.130000000000000000e+03
3.531618700000000000e+07 3.480000000000000000e+03 2.380000000000000000e+03 4.570000000000000000e+03 4.140000000000000000e+03
3.531639600000000000e+07 3.470000000000000000e+03 2.400000000000000000e+03 4.570000000000000000e+03 4.130000000000000000e+03
3.531660100000000000e+07 3.470000000000000000e+03 2.420000000000000000e+03 4.570000000000000000e+03 4.130000000000000000e+03
3.531681800000000000e+07 3.470000000000000000e+03 2.420000000000000000e+03 4.570000000000000000e+03 4.130000000000000000e+03
3.531701600000000000e+07 3.480000000000000000e+03 2.400000000000000000e+03 4.570000000000000000e+03 4.120000000000000000e+03
3.531723000000000000e+07 3.480000000000000000e+03 2.400000000000000000e+03 4.570000000000000000e+03 4.120000000000000000e+03
3.531744200000000000e+07 3.480000000000000000e+03 2.420000000000000000e+03 4.580000000000000000e+03 4.130000000000000000e+03
3.531763700000000000e+07 3.470000000000000000e+03 2.420000000000000000e+03 4.580000000000000000e+03 4.120000000000000000e+03
3.531785600000000000e+07 3.480000000000000000e+03 2.420000000000000000e+03 4.600000000000000000e+03 4.130000000000000000e+03
3.531806500000000000e+07 3.490000000000000000e+03 2.420000000000000000e+03 4.600000000000000000e+03 4.120000000000000000e+03
3.531826800000000000e+07 3.480000000000000000e+03 2.390000000000000000e+03 4.600000000000000000e+03 4.120000000000000000e+03
3.531847800000000000e+07 3.480000000000000000e+03 2.380000000000000000e+03 4.580000000000000000e+03 4.120000000000000000e+03
3.531868900000000000e+07 3.480000000000000000e+03 2.390000000000000000e+03 4.580000000000000000e+03 4.120000000000000000e+03
3.531888700000000000e+07 3.480000000000000000e+03 2.390000000000000000e+03 4.580000000000000000e+03 4.110000000000000000e+03
3.531910500000000000e+07 3.480000000000000000e+03 2.380000000000000000e+03 4.580000000000000000e+03 4.110000000000000000e+03
3.531931300000000000e+07 3.480000000000000000e+03 2.380000000000000000e+03 4.580000000000000000e+03 4.120000000000000000e+03
3.531952200000000000e+07 3.480000000000000000e+03 2.390000000000000000e+03 4.580000000000000000e+03 4.130000000000000000e+03
3.531972800000000000e+07 3.480000000000000000e+03 2.380000000000000000e+03 4.600000000000000000e+03 4.120000000000000000e+03
3.531993800000000000e+07 3.480000000000000000e+03 2.370000000000000000e+03 4.600000000000000000e+03 4.130000000000000000e+03
3.532014500000000000e+07 3.480000000000000000e+03 2.380000000000000000e+03 4.600000000000000000e+03 4.120000000000000000e+03
3.532035300000000000e+07 3.480000000000000000e+03 2.380000000000000000e+03 4.600000000000000000e+03 4.120000000000000000e+03
3.532056100000000000e+07 3.480000000000000000e+03 2.380000000000000000e+03 4.600000000000000000e+03 4.120000000000000000e+03
3.532075500000000000e+07 3.470000000000000000e+03 2.390000000000000000e+03 4.580000000000000000e+03 4.120000000000000000e+03
3.532097800000000000e+07 3.480000000000000000e+03 2.380000000000000000e+03 4.580000000000000000e+03 4.120000000000000000e+03
3.532118700000000000e+07 3.480000000000000000e+03 2.370000000000000000e+03 4.580000000000000000e+03 4.120000000000000000e+03
3.532139300000000000e+07 3.480000000000000000e+03 2.380000000000000000e+03 4.580000000000000000e+03 4.120000000000000000e+03
3.532160200000000000e+07 3.490000000000000000e+03 2.390000000000000000e+03 4.600000000000000000e+03 4.120000000000000000e+03
3.532180900000000000e+07 3.490000000000000000e+03 2.380000000000000000e+03 4.580000000000000000e+03 4.130000000000000000e+03
3.532201300000000000e+07 3.490000000000000000e+03 2.390000000000000000e+03 4.580000000000000000e+03 4.110000000000000000e+03
3.532221400000000000e+07 3.490000000000000000e+03 2.390000000000000000e+03 4.580000000000000000e+03 4.110000000000000000e+03
3.532243400000000000e+07 3.490000000000000000e+03 2.400000000000000000e+03 4.580000000000000000e+03 4.110000000000000000e+03
3.532264100000000000e+07 3.490000000000000000e+03 2.400000000000000000e+03 4.580000000000000000e+03 4.100000000000000000e+03
3.532284900000000000e+07 3.490000000000000000e+03 2.380000000000000000e+03 4.580000000000000000e+03 4.110000000000000000e+03
3.532304400000000000e+07 3.480000000000000000e+03 2.390000000000000000e+03 4.580000000000000000e+03 4.110000000000000000e+03
3.532326400000000000e+07 3.480000000000000000e+03 2.420000000000000000e+03 4.580000000000000000e+03 4.120000000000000000e+03
3.532346800000000000e+07 3.460000000000000000e+03 2.390000000000000000e+03 4.580000000000000000e+03 4.120000000000000000e+03
3.532366600000000000e+07 3.480000000000000000e+03 2.390000000000000000e+03 4.580000000000000000e+03 4.130000000000000000e+03
3.532387900000000000e+07 3.480000000000000000e+03 2.390000000000000000e+03 4.580000000000000000e+03 4.130000000000000000e+03
3.532409600000000000e+07 3.480000000000000000e+03 2.380000000000000000e+03 4.580000000000000000e+03 4.130000000000000000e+03
3.532430500000000000e+07 3.480000000000000000e+03 2.370000000000000000e+03 4.600000000000000000e+03 4.130000000000000000e+03
3.532451000000000000e+07 3.490000000000000000e+03 2.370000000000000000e+03 4.600000000000000000e+03 4.140000000000000000e+03
3.532470900000000000e+07 3.500000000000000000e+03 2.380000000000000000e+03 4.600000000000000000e+03 4.130000000000000000e+03
3.532491400000000000e+07 3.500000000000000000e+03 2.400000000000000000e+03 4.600000000000000000e+03 4.130000000000000000e+03
3.532512800000000000e+07 3.490000000000000000e+03 2.380000000000000000e+03 4.580000000000000000e+03 4.130000000000000000e+03
3.532534500000000000e+07 3.490000000000000000e+03 2.380000000000000000e+03 4.580000000000000000e+03 4.120000000000000000e+03
3.532555300000000000e+07 3.480000000000000000e+03 2.390000000000000000e+03 4.580000000000000000e+03 4.120000000000000000e+03
3.532576100000000000e+07 3.480000000000000000e+03 2.380000000000000000e+03 4.580000000000000000e+03 4.120000000000000000e+03
3.532596800000000000e+07 3.470000000000000000e+03 2.390000000000000000e+03 4.580000000000000000e+03 4.110000000000000000e+03
3.532617600000000000e+07 3.470000000000000000e+03 2.390000000000000000e+03 4.580000000000000000e+03 4.110000000000000000e+03
3.532638400000000000e+07 3.470000000000000000e+03 2.380000000000000000e+03 4.580000000000000000e+03 4.110000000000000000e+03
3.532659200000000000e+07 3.460000000000000000e+03 2.370000000000000000e+03 4.580000000000000000e+03 4.110000000000000000e+03
3.532680000000000000e+07 3.470000000000000000e+03 2.360000000000000000e+03 4.580000000000000000e+03 4.120000000000000000e+03
3.532700100000000000e+07 3.480000000000000000e+03 2.380000000000000000e+03 4.580000000000000000e+03 4.130000000000000000e+03
3.532720700000000000e+07 3.480000000000000000e+03 2.380000000000000000e+03 4.600000000000000000e+03 4.130000000000000000e+03
3.532741900000000000e+07 3.480000000000000000e+03 2.370000000000000000e+03 4.570000000000000000e+03 4.120000000000000000e+03
3.532762400000000000e+07 3.480000000000000000e+03 2.390000000000000000e+03 4.570000000000000000e+03 4.120000000000000000e+03
3.532784000000000000e+07 3.480000000000000000e+03 2.390000000000000000e+03 4.580000000000000000e+03 4.120000000000000000e+03
3.532804800000000000e+07 3.480000000000000000e+03 2.390000000000000000e+03 4.580000000000000000e+03 4.120000000000000000e+03
3.532825200000000000e+07 3.480000000000000000e+03 2.390000000000000000e+03 4.580000000000000000e+03 4.130000000000000000e+03
3.532846400000000000e+07 3.480000000000000000e+03 2.390000000000000000e+03 4.570000000000000000e+03 4.130000000000000000e+03
3.532866200000000000e+07 3.480000000000000000e+03 2.380000000000000000e+03 4.570000000000000000e+03 4.130000000000000000e+03
3.532887500000000000e+07 3.480000000000000000e+03 2.370000000000000000e+03 4.570000000000000000e+03 4.130000000000000000e+03
3.532908100000000000e+07 3.480000000000000000e+03 2.390000000000000000e+03 4.570000000000000000e+03 4.130000000000000000e+03
3.532928200000000000e+07 3.480000000000000000e+03 2.390000000000000000e+03 4.570000000000000000e+03 4.130000000000000000e+03
3.532950300000000000e+07 3.490000000000000000e+03 2.380000000000000000e+03 4.570000000000000000e+03 4.140000000000000000e+03
3.532971100000000000e+07 3.490000000000000000e+03 2.390000000000000000e+03 4.580000000000000000e+03 4.130000000000000000e+03
3.532992000000000000e+07 3.480000000000000000e+03 2.380000000000000000e+03 4.580000000000000000e+03 4.130000000000000000e+03
3.533012700000000000e+07 3.480000000000000000e+03 2.400000000000000000e+03 4.600000000000000000e+03 4.130000000000000000e+03
3.533033600000000000e+07 3.470000000000000000e+03 2.390000000000000000e+03 4.600000000000000000e+03 4.130000000000000000e+03
3.533054400000000000e+07 3.480000000000000000e+03 2.400000000000000000e+03 4.580000000000000000e+03 4.120000000000000000e+03
3.533075200000000000e+07 3.480000000000000000e+03 2.400000000000000000e+03 4.580000000000000000e+03 4.120000000000000000e+03
3.533096000000000000e+07 3.480000000000000000e+03 2.400000000000000000e+03 4.580000000000000000e+03 4.130000000000000000e+03
3.533115300000000000e+07 3.480000000000000000e+03 2.390000000000000000e+03 4.580000000000000000e+03 4.130000000000000000e+03
3.533136800000000000e+07 3.480000000000000000e+03 2.380000000000000000e+03 4.580000000000000000e+03 4.130000000000000000e+03
3.533158200000000000e+07 3.480000000000000000e+03 2.370000000000000000e+03 4.570000000000000000e+03 4.130000000000000000e+03
3.533178200000000000e+07 3.480000000000000000e+03 2.370000000000000000e+03 4.570000000000000000e+03 4.130000000000000000e+03
3.533199300000000000e+07 3.480000000000000000e+03 2.370000000000000000e+03 4.560000000000000000e+03 4.130000000000000000e+03
3.533219200000000000e+07 3.470000000000000000e+03 2.360000000000000000e+03 4.560000000000000000e+03 4.130000000000000000e+03
3.533241300000000000e+07 3.470000000000000000e+03 2.370000000000000000e+03 4.560000000000000000e+03 4.130000000000000000e+03
3.533261000000000000e+07 3.470000000000000000e+03 2.390000000000000000e+03 4.570000000000000000e+03 4.130000000000000000e+03
