3.574756200000000000e+07 3.200000000000000000e+03 1.970000000000000000e+03 5.480000000000000000e+03 4.990000000000000000e+03
3.574776900000000000e+07 3.200000000000000000e+03 1.980000000000000000e+03 5.480000000000000000e+03 4.990000000000000000e+03
3.574797600000000000e+07 3.200000000000000000e+03 1.970000000000000000e+03 5.480000000000000000e+03 4.990000000000000000e+03
3.574817400000000000e+07 3.190000000000000000e+03 1.980000000000000000e+03 5.480000000000000000e+03 4.990000000000000000e+03
3.574839300000000000e+07 3.190000000000000000e+03 1.990000000000000000e+03 5.480000000000000000e+03 4.990000000000000000e+03
3.574860100000000000e+07 3.200000000000000000e+03 2.000000000000000000e+03 5.480000000000000000e+03 4.990000000000000000e+03
3.574878100000000000e+07 3.190000000000000000e+03 1.980000000000000000e+03 5.480000000000000000e+03 4.990000000000000000e+03
3.574899000000000000e+07 3.190000000000000000e+03 1.990000000000000000e+03 5.480000000000000000e+03 4.980000000000000000e+03
3.574920900000000000e+07 3.190000000000000000e+03 1.980000000000000000e+03 5.480000000000000000e+03 4.980000000000000000e+03
3.574941200000000000e+07 3.180000000000000000e+03 1.990000000000000000e+03 5.470000000000000000e+03 4.970000000000000000e+03
3.574962400000000000e+07 3.180000000000000000e+03 1.990000000000000000e+03 5.470000000000000000e+03 4.980000000000000000e+03
3.574983300000000000e+07 3.190000000000000000e+03 1.990000000000000000e+03 5.470000000000000000e+03 4.990000000000000000e+03
3.575002800000000000e+07 3.200000000000000000e+03 1.980000000000000000e+03 5.470000000000000000e+03 4.990000000000000000e+03
3.575023400000000000e+07 3.200000000000000000e+03 1.970000000000000000e+03 5.470000000000000000e+03 4.990000000000000000e+03
3.575045700000000000e+07 3.190000000000000000e+03 1.980000000000000000e+03 5.470000000000000000e+03 4.990000000000000000e+03
3.575066100000000000e+07 3.180000000000000000e+03 1.990000000000000000e+03 5.470000000000000000e+03 4.980000000000000000e+03
3.575087100000000000e+07 3.180000000000000000e+03 1.970000000000000000e+03 5.470000000000000000e+03 4.980000000000000000e+03
3.575107600000000000e+07 3.180000000000000000e+03 1.980000000000000000e+03 5.480000000000000000e+03 4.980000000000000000e+03
3.575127700000000000e+07 3.190000000000000000e+03 1.980000000000000000e+03 5.480000000000000000e+03 4.990000000000000000e+03
3.575149700000000000e+07 3.190000000000000000e+03 1.970000000000000000e+03 5.480000000000000000e+03 4.990000000000000000e+03
3.575170400000000000e+07 3.180000000000000000e+03 1.970000000000000000e+03 5.480000000000000000e+03 4.980000000000000000e+03
3.575191100000000000e+07 3.190000000000000000e+03 1.970000000000000000e+03 5.480000000000000000e+03 4.980000000000000000e+03
3.575210900000000000e+07 3.190000000000000000e+03 1.970000000000000000e+03 5.480000000000000000e+03 4.980000000000000000e+03
3.575232400000000000e+07 3.200000000000000000e+03 1.990000000000000000e+03 5.480000000000000000e+03 4.980000000000000000e+03
3.575254000000000000e+07 3.200000000000000000e+03 1.990000000000000000e+03 5.480000000000000000e+03 4.970000000000000000e+03
3.575274400000000000e+07 3.200000000000000000e+03 1.990000000000000000e+03 5.480000000000000000e+03 4.980000000000000000e+03
3.575295000000000000e+07 3.200000000000000000e+03 2.000000000000000000e+03 5.480000000000000000e+03 4.990000000000000000e+03
3.575315900000000000e+07 3.200000000000000000e+03 1.990000000000000000e+03 5.480000000000000000e+03 4.990000000000000000e+03
3.575336000000000000e+07 3.200000000000000000e+03 1.980000000000000000e+03 5.490000000000000000e+03 4.970000000000000000e+03
3.575357400000000000e+07 3.200000000000000000e+03 1.990000000000000000e+03 5.480000000000000000e+03 4.970000000000000000e+03
3.575377500000000000e+07 3.200000000000000000e+03 1.980000000000000000e+03 5.490000000000000000e+03 4.970000000000000000e+03
3.575399200000000000e+07 3.210000000000000000e+03 1.980000000000000000e+03 5.480000000000000000e+03 4.980000000000000000e+03
3.575419500000000000e+07 3.190000000000000000e+03 1.980000000000000000e+03 5.480000000000000000e+03 4.970000000000000000e+03
3.575440600000000000e+07 3.200000000000000000e+03 1.990000000000000000e+03 5.480000000000000000e+03 4.980000000000000000e+03
3.575461500000000000e+07 3.200000000000000000e+03 1.980000000000000000e+03 5.470000000000000000e+03 4.970000000000000000e+03
3.575481100000000000e+07 3.200000000000000000e+03 1.990000000000000000e+03 5.470000000000000000e+03 4.970000000000000000e+03
3.575503200000000000e+07 3.190000000000000000e+03 1.980000000000000000e+03 5.470000000000000000e+03 4.970000000000000000e+03
3.575522600000000000e+07 3.200000000000000000e+03 1.980000000000000000e+03 5.470000000000000000e+03 4.970000000000000000e+03
3.575544500000000000e+07 3.210000000000000000e+03 1.990000000000000000e+03 5.470000000000000000e+03 4.980000000000000000e+03
3.575565700000000000e+07 3.210000000000000000e+03 1.980000000000000000e+03 5.480000000000000000e+03 4.980000000000000000e+03
3.575586000000000000e+07 3.210000000000000000e+03 1.970000000000000000e+03 5.470000000000000000e+03 4.980000000000000000e+03
3.575607300000000000e+07 3.190000000000000000e+03 1.980000000000000000e+03 5.470000000000000000e+03 4.980000000000000000e+03
3.575626500000000000e+07 3.190000000000000000e+03 1.970000000000000000e+03 5.470000000000000000e+03 4.960000000000000000e+03
3.575649000000000000e+07 3.200000000000000000e+03 1.980000000000000000e+03 5.470000000000000000e+03 4.960000000000000000e+03
3.575669600000000000e+07 3.200000000000000000e+03 1.980000000000000000e+03 5.470000000000000000e+03 4.970000000000000000e+03
3.575689800000000000e+07 3.200000000000000000e+03 1.980000000000000000e+03 5.470000000000000000e+03 4.970000000000000000e+03
3.575710400000000000e+07 3.200000000000000000e+03 1.990000000000000000e+03 5.480000000000000000e+03 4.970000000000000000e+03
3.575730900000000000e+07 3.200000000000000000e+03 2.000000000000000000e+03 5.470000000000000000e+03 4.970000000000000000e+03
3.575751200000000000e+07 3.190000000000000000e+03 1.980000000000000000e+03 5.480000000000000000e+03 4.980000000000000000e+03
3.575771200000000000e+07 3.190000000000000000e+03 1.970000000000000000e+03 5.480000000000000000e+03 4.990000000000000000e+03
3.575792300000000000e+07 3.180000000000000000e+03 1.980000000000000000e+03 5.480000000000000000e+03 4.980000000000000000e+03
3.575812700000000000e+07 3.180000000000000000e+03 1.970000000000000000e+03 5.480000000000000000e+03 4.980000000000000000e+03
3.575834000000000000e+07 3.180000000000000000e+03 1.960000000000000000e+03 5.480000000000000000e+03 4.970000000000000000e+03
3.575854000000000000e+07 3.190000000000000000e+03 1.980000000000000000e+03 5.480000000000000000e+03 4.980000000000000000e+03
3.575876000000000000e+07 3.190000000000000000e+03 1.970000000000000000e+03 5.470000000000000000e+03 4.970000000000000000e+03
3.575896500000000000e+07 3.190000000000000000e+03 1.960000000000000000e+03 5.480000000000000000e+03 4.960000000000000000e+03
3.575917300000000000e+07 3.190000000000000000e+03 1.950000000000000000e+03 5.470000000000000000e+03 4.970000000000000000e+03
3.575937400000000000e+07 3.200000000000000000e+03 1.950000000000000000e+03 5.470000000000000000e+03 4.970000000000000000e+03
3.575958000000000000e+07 3.200000000000000000e+03 1.970000000000000000e+03 5.460000000000000000e+03 4.980000000000000000e+03
3.575980600000000000e+07 3.190000000000000000e+03 1.970000000000000000e+03 5.470000000000000000e+03 4.970000000000000000e+03
3.575999300000000000e+07 3.180000000000000000e+03 1.980000000000000000e+03 5.470000000000000000e+03 4.980000000000000000e+03
3.580021500000000000e+07 3.180000000000000000e+03 1.980000000000000000e+03 5.490000000000000000e+03 4.980000000000000000e+03
3.580042300000000000e+07 3.180000000000000000e+03 1.970000000000000000e+03 5.490000000000000000e+03 4.990000000000000000e+03
3.580062800000000000e+07 3.200000000000000000e+03 1.970000000000000000e+03 5.490000000000000000e+03 4.990000000000000000e+03
3.580083800000000000e+07 3.180000000000000000e+03 1.970000000000000000e+03 5.480000000000000000e+03 4.980000000000000000e+03
3.580103600000000000e+07 3.180000000000000000e+03 1.990000000000000000e+03 5.470000000000000000e+03 4.980000000000000000e+03
3.580125500000000000e+07 3.180000000000000000e+03 2.000000000000000000e+03 5.470000000000000000e+03 4.970000000000000000e+03
3.580146300000000000e+07 3.190000000000000000e+03 2.000000000000000000e+03 5.470000000000000000e+03 4.970000000000000000e+03
3.580167100000000000e+07 3.190000000000000000e+03 2.010000000000000000e+03 5.470000000000000000e+03 4.980000000000000000e+03
3.580187600000000000e+07 3.190000000000000000e+03 2.010000000000000000e+03 5.480000000000000000e+03 4.980000000000000000e+03
3.580207600000000000e+07 3.200000000000000000e+03 1.990000000000000000e+03 5.480000000000000000e+03 4.970000000000000000e+03
3.580229300000000000e+07 3.200000000000000000e+03 1.990000000000000000e+03 5.490000000000000000e+03 4.980000000000000000e+03
3.580248900000000000e+07 3.210000000000000000e+03 1.970000000000000000e+03 5.490000000000000000e+03 4.990000000000000000e+03
3.580271000000000000e+07 3.210000000000000000e+03 1.970000000000000000e+03 5.480000000000000000e+03 4.980000000000000000e+03
3.580290500000000000e+07 3.200000000000000000e+03 1.970000000000000000e+03 5.480000000000000000e+03 4.980000000000000000e+03
3.580312600000000000e+07 3.190000000000000000e+03 1.970000000000000000e+03 5.480000000000000000e+03 4.980000000000000000e+03
3.580332200000000000e+07 3.210000000000000000e+03 1.980000000000000000e+03 5.480000000000000000e+03 4.990000000000000000e+03
3.580353200000000000e+07 3.200000000000000000e+03 1.970000000000000000e+03 5.470000000000000000e+03 4.990000000000000000e+03
3.580374700000000000e+07 3.200000000000000000e+03 1.980000000000000000e+03 5.470000000000000000e+03 4.990000000000000000e+03
3.580395200000000000e+07 3.210000000000000000e+03 1.990000000000000000e+03 5.470000000000000000e+03 4.990000000000000000e+03
3.580415100000000000e+07 3.200000000000000000e+03 1.990000000000000000e+03 5.470000000000000000e+03 4.990000000000000000e+03
3.580435900000000000e+07 3.200000000000000000e+03 2.000000000000000000e+03 5.470000000000000000e+03 4.990000000000000000e+03
3.580457900000000000e+07 3.200000000000000000e+03 1.990000000000000000e+03 5.480000000000000000e+03 5.000000000000000000e+03
3.580479000000000000e+07 3.200000000000000000e+03 1.990000000000000000e+03 5.480000000000000000e+03 5.000000000000000000e+03
3.580499100000000000e+07 3.200000000000000000e+03 1.980000000000000000e+03 5.480000000000000000e+03 5.000000000000000000e+03
3.580520700000000000e+07 3.200000000000000000e+03 1.980000000000000000e+03 5.480000000000000000e+03 5.000000000000000000e+03
3.580538700000000000e+07 3.190000000000000000e+03 2.000000000000000000e+03 5.480000000000000000e+03 5.000000000000000000e+03
3.580560200000000000e+07 3.180000000000000000e+03 1.990000000000000000e+03 5.490000000000000000e+03 4.990000000000000000e+03
3.580581400000000000e+07 3.170000000000000000e+03 1.980000000000000000e+03 5.490000000000000000e+03 4.990000000000000000e+03
3.580602100000000000e+07 3.170000000000000000e+03 1.980000000000000000e+03 5.490000000000000000e+03 5.000000000000000000e+03
3.580622900000000000e+07 3.170000000000000000e+03 1.980000000000000000e+03 5.490000000000000000e+03 5.000000000000000000e+03
3.580643700000000000e+07 3.190000000000000000e+03 1.990000000000000000e+03 5.480000000000000000e+03 5.000000000000000000e+03
3.580664500000000000e+07 3.200000000000000000e+03 1.980000000000000000e+03 5.480000000000000000e+03 4.990000000000000000e+03
3.580684700000000000e+07 3.200000000000000000e+03 1.970000000000000000e+03 5.480000000000000000e+03 4.990000000000000000e+03
3.580705700000000000e+07 3.210000000000000000e+03 1.970000000000000000e+03 5.480000000000000000e+03 5.000000000000000000e+03
3.580726300000000000e+07 3.190000000000000000e+03 1.990000000000000000e+03 5.480000000000000000e+03 5.000000000000000000e+03
3.580748400000000000e+07 3.180000000000000000e+03 1.990000000000000000e+03 5.480000000000000000e+03 5.000000000000000000e+03
3.580768500000000000e+07 3.190000000000000000e+03 1.990000000000000000e+03 5.480000000000000000e+03 5.000000000000000000e+03
3.580789200000000000e+07 3.200000000000000000e+03 2.000000000000000000e+03 5.480000000000000000e+03 5.000000000000000000e+03
3.580809100000000000e+07 3.190000000000000000e+03 1.990000000000000000e+03 5.480000000000000000e+03 5.000000000000000000e+03
3.580830200000000000e+07 3.190000000000000000e+03 2.000000000000000000e+03 5.480000000000000000e+03 4.990000000000000000e+03
3.580851700000000000e+07 3.180000000000000000e+03 2.000000000000000000e+03 5.490000000000000000e+03 4.990000000000000000e+03
3.580872200000000000e+07 3.200000000000000000e+03 2.000000000000000000e+03 5.490000000000000000e+03 4.990000000000000000e+03
3.580893300000000000e+07 3.200000000000000000e+03 2.000000000000000000e+03 5.490000000000000000e+03 4.990000000000000000e+03
3.580912500000000000e+07 3.200000000000000000e+03 1.980000000000000000e+03 5.490000000000000000e+03 5.000000000000000000e+03
3.580934600000000000e+07 3.200000000000000000e+03 1.980000000000000000e+03 5.480000000000000000e+03 5.000000000000000000e+03
3.580955600000000000e+07 3.190000000000000000e+03 1.980000000000000000e+03 5.480000000000000000e+03 5.000000000000000000e+03
3.580977400000000000e+07 3.190000000000000000e+03 1.970000000000000000e+03 5.470000000000000000e+03 4.980000000000000000e+03
3.580997000000000000e+07 3.190000000000000000e+03 1.970000000000000000e+03 5.470000000000000000e+03 4.970000000000000000e+03
3.581017200000000000e+07 3.200000000000000000e+03 1.970000000000000000e+03 5.470000000000000000e+03 4.980000000000000000e+03
3.581038600000000000e+07 3.210000000000000000e+03 1.980000000000000000e+03 5.480000000000000000e+03 4.990000000000000000e+03
3.581058000000000000e+07 3.200000000000000000e+03 1.970000000000000000e+03 5.470000000000000000e+03 4.980000000000000000e+03
3.581078500000000000e+07 3.210000000000000000e+03 1.970000000000000000e+03 5.470000000000000000e+03 4.990000000000000000e+03
3.581099300000000000e+07 3.210000000000000000e+03 1.990000000000000000e+03 5.470000000000000000e+03 4.990000000000000000e+03
3.581120400000000000e+07 3.210000000000000000e+03 2.000000000000000000e+03 5.470000000000000000e+03 4.990000000000000000e+03
3.581140800000000000e+07 3.200000000000000000e+03 1.990000000000000000e+03 5.470000000000000000e+03 4.990000000000000000e+03
3.581162000000000000e+07 3.200000000000000000e+03 1.970000000000000000e+03 5.480000000000000000e+03 4.990000000000000000e+03
3.581182200000000000e+07 3.200000000000000000e+03 1.990000000000000000e+03 5.480000000000000000e+03 4.980000000000000000e+03
3.581202200000000000e+07 3.200000000000000000e+03 2.000000000000000000e+03 5.470000000000000000e+03 4.990000000000000000e+03
3.581224400000000000e+07 3.200000000000000000e+03 1.990000000000000000e+03 5.470000000000000000e+03 4.990000000000000000e+03
3.581245200000000000e+07 3.200000000000000000e+03 1.980000000000000000e+03 5.470000000000000000e+03 4.990000000000000000e+03
3.581264900000000000e+07 3.200000000000000000e+03 1.980000000000000000e+03 5.470000000000000000e+03 5.000000000000000000e+03
3.581286000000000000e+07 3.190000000000000000e+03 1.980000000000000000e+03 5.480000000000000000e+03 4.990000000000000000e+03
3.581307400000000000e+07 3.190000000000000000e+03 1.990000000000000000e+03 5.480000000000000000e+03 4.980000000000000000e+03
3.581326900000000000e+07 3.200000000000000000e+03 1.990000000000000000e+03 5.480000000000000000e+03 4.980000000000000000e+03
3.581349100000000000e+07 3.200000000000000000e+03 2.000000000000000000e+03 5.480000000000000000e+03 4.980000000000000000e+03
3.581370100000000000e+07 3.200000000000000000e+03 1.990000000000000000e+03 5.480000000000000000e+03 4.980000000000000000e+03
3.581390300000000000e+07 3.200000000000000000e+03 1.980000000000000000e+03 5.480000000000000000e+03 4.990000000000000000e+03
3.581411800000000000e+07 3.200000000000000000e+03 1.990000000000000000e+03 5.480000000000000000e+03 4.990000000000000000e+03
3.581432300000000000e+07 3.190000000000000000e+03 1.990000000000000000e+03 5.480000000000000000e+03 5.000000000000000000e+03
3.581452900000000000e+07 3.190000000000000000e+03 2.000000000000000000e+03 5.480000000000000000e+03 5.010000000000000000e+03
3.581475100000000000e+07 3.200000000000000000e+03 1.990000000000000000e+03 5.480000000000000000e+03 5.010000000000000000e+03
3.581493800000000000e+07 3.200000000000000000e+03 1.980000000000000000e+03 5.480000000000000000e+03 5.000000000000000000e+03
3.581515500000000000e+07 3.200000000000000000e+03 1.980000000000000000e+03 5.490000000000000000e+03 5.000000000000000000e+03
3.581534700000000000e+07 3.200000000000000000e+03 1.990000000000000000e+03 5.490000000000000000e+03 4.980000000000000000e+03
3.581555400000000000e+07 3.200000000000000000e+03 2.000000000000000000e+03 5.490000000000000000e+03 4.970000000000000000e+03
3.581575900000000000e+07 3.210000000000000000e+03 2.010000000000000000e+03 5.490000000000000000e+03 4.970000000000000000e+03
3.581597200000000000e+07 3.220000000000000000e+03 2.010000000000000000e+03 5.480000000000000000e+03 4.980000000000000000e+03
3.581617800000000000e+07 3.210000000000000000e+03 2.000000000000000000e+03 5.480000000000000000e+03 4.980000000000000000e+03
3.581638700000000000e+07 3.210000000000000000e+03 1.980000000000000000e+03 5.490000000000000000e+03 4.990000000000000000e+03
3.581658700000000000e+07 3.210000000000000000e+03 1.990000000000000000e+03 5.490000000000000000e+03 4.980000000000000000e+03
3.581680300000000000e+07 3.210000000000000000e+03 1.990000000000000000e+03 5.480000000000000000e+03 4.980000000000000000e+03
3.581701100000000000e+07 3.210000000000000000e+03 1.980000000000000000e+03 5.470000000000000000e+03 4.980000000000000000e+03
3.581721800000000000e+07 3.200000000000000000e+03 1.990000000000000000e+03 5.470000000000000000e+03 4.980000000000000000e+03
3.581741900000000000e+07 3.190000000000000000e+03 1.980000000000000000e+03 5.470000000000000000e+03 4.990000000000000000e+03
3.581763500000000000e+07 3.200000000000000000e+03 1.990000000000000000e+03 5.460000000000000000e+03 4.990000000000000000e+03
3.581784500000000000e+07 3.200000000000000000e+03 1.990000000000000000e+03 5.470000000000000000e+03 4.990000000000000000e+03
3.581805100000000000e+07 3.190000000000000000e+03 1.990000000000000000e+03 5.470000000000000000e+03 4.990000000000000000e+03
3.581837100000000000e+07 3.190000000000000000e+03 1.990000000000000000e+03 5.480000000000000000e+03 4.990000000000000000e+03
3.581846800000000000e+07 3.190000000000000000e+03 1.980000000000000000e+03 5.480000000000000000e+03 4.990000000000000000e+03
3.581867500000000000e+07 3.190000000000000000e+03 1.970000000000000000e+03 5.480000000000000000e+03 4.980000000000000000e+03
3.581888300000000000e+07 3.200000000000000000e+03 1.990000000000000000e+03 5.480000000000000000e+03 4.990000000000000000e+03
3.581909100000000000e+07 3.190000000000000000e+03 1.990000000000000000e+03 5.480000000000000000e+03 4.980000000000000000e+03
3.581928400000000000e+07 3.190000000000000000e+03 2.000000000000000000e+03 5.480000000000000000e+03 4.970000000000000000e+03
3.581949100000000000e+07 3.190000000000000000e+03 1.990000000000000000e+03 5.480000000000000000e+03 4.970000000000000000e+03
3.581969600000000000e+07 3.190000000000000000e+03 1.980000000000000000e+03 5.480000000000000000e+03 4.970000000000000000e+03
3.581990500000000000e+07 3.200000000000000000e+03 1.990000000000000000e+03 5.480000000000000000e+03 4.970000000000000000e+03
3.582011100000000000e+07 3.190000000000000000e+03 1.990000000000000000e+03 5.480000000000000000e+03 4.970000000000000000e+03
3.582032200000000000e+07 3.190000000000000000e+03 1.990000000000000000e+03 5.480000000000000000e+03 4.970000000000000000e+03
3.582052800000000000e+07 3.190000000000000000e+03 2.000000000000000000e+03 5.480000000000000000e+03 4.970000000000000000e+03
3.582072900000000000e+07 3.190000000000000000e+03 2.010000000000000000e+03 5.480000000000000000e+03 4.980000000000000000e+03
3.582094600000000000e+07 3.190000000000000000e+03 2.000000000000000000e+03 5.480000000000000000e+03 4.980000000000000000e+03
3.582115000000000000e+07 3.200000000000000000e+03 2.000000000000000000e+03 5.480000000000000000e+03 4.980000000000000000e+03
3.582135100000000000e+07 3.200000000000000000e+03 2.000000000000000000e+03 5.470000000000000000e+03 4.980000000000000000e+03
3.582156200000000000e+07 3.200000000000000000e+03 1.980000000000000000e+03 5.470000000000000000e+03 4.970000000000000000e+03
3.582176500000000000e+07 3.200000000000000000e+03 1.970000000000000000e+03 5.470000000000000000e+03 4.980000000000000000e+03
3.582198200000000000e+07 3.210000000000000000e+03 1.970000000000000000e+03 5.470000000000000000e+03 4.980000000000000000e+03
3.582219400000000000e+07 3.200000000000000000e+03 1.970000000000000000e+03 5.470000000000000000e+03 4.980000000000000000e+03
3.582240200000000000e+07 3.190000000000000000e+03 1.970000000000000000e+03 5.480000000000000000e+03 4.980000000000000000e+03
3.582260700000000000e+07 3.190000000000000000e+03 1.980000000000000000e+03 5.470000000000000000e+03 4.980000000000000000e+03
3.582281800000000000e+07 3.190000000000000000e+03 1.980000000000000000e+03 5.470000000000000000e+03 4.970000000000000000e+03
3.582302500000000000e+07 3.190000000000000000e+03 1.990000000000000000e+03 5.470000000000000000e+03 4.960000000000000000e+03
3.582323400000000000e+07 3.200000000000000000e+03 1.990000000000000000e+03 5.470000000000000000e+03 4.970000000000000000e+03
3.582343600000000000e+07 3.190000000000000000e+03 1.980000000000000000e+03 5.470000000000000000e+03 4.970000000000000000e+03
3.582365000000000000e+07 3.190000000000000000e+03 1.990000000000000000e+03 5.470000000000000000e+03 4.980000000000000000e+03
3.582385800000000000e+07 3.200000000000000000e+03 2.000000000000000000e+03 5.470000000000000000e+03 4.980000000000000000e+03
3.582406700000000000e+07 3.190000000000000000e+03 1.990000000000000000e+03 5.480000000000000000e+03 4.980000000000000000e+03
3.582426700000000000e+07 3.200000000000000000e+03 1.990000000000000000e+03 5.470000000000000000e+03 4.970000000000000000e+03
3.582448200000000000e+07 3.200000000000000000e+03 1.980000000000000000e+03 5.470000000000000000e+03 4.980000000000000000e+03
3.582468900000000000e+07 3.200000000000000000e+03 1.970000000000000000e+03 5.470000000000000000e+03 4.970000000000000000e+03
3.582489800000000000e+07 3.200000000000000000e+03 1.980000000000000000e+03 5.470000000000000000e+03 4.980000000000000000e+03
3.582510600000000000e+07 3.200000000000000000e+03 1.970000000000000000e+03 5.470000000000000000e+03 4.970000000000000000e+03
3.582531300000000000e+07 3.200000000000000000e+03 1.980000000000000000e+03 5.470000000000000000e+03 4.980000000000000000e+03
3.582551800000000000e+07 3.190000000000000000e+03 1.980000000000000000e+03 5.470000000000000000e+03 4.980000000000000000e+03
3.582571900000000000e+07 3.200000000000000000e+03 1.980000000000000000e+03 5.470000000000000000e+03 4.990000000000000000e+03
3.582593400000000000e+07 3.190000000000000000e+03 1.990000000000000000e+03 5.470000000000000000e+03 4.990000000000000000e+03
3.582613000000000000e+07 3.180000000000000000e+03 1.980000000000000000e+03 5.470000000000000000e+03 4.980000000000000000e+03
3.582633700000000000e+07 3.190000000000000000e+03 1.970000000000000000e+03 5.470000000000000000e+03 4.980000000000000000e+03
3.582653600000000000e+07 3.190000000000000000e+03 1.980000000000000000e+03 5.470000000000000000e+03 4.990000000000000000e+03
3.582675300000000000e+07 3.190000000000000000e+03 1.980000000000000000e+03 5.470000000000000000e+03 4.990000000000000000e+03
3.582696300000000000e+07 3.190000000000000000e+03 1.980000000000000000e+03 5.470000000000000000e+03 4.980000000000000000e+03
3.582716600000000000e+07 3.190000000000000000e+03 1.970000000000000000e+03 5.470000000000000000e+03 4.980000000000000000e+03
3.582737100000000000e+07 3.190000000000000000e+03 1.980000000000000000e+03 5.470000000000000000e+03 4.990000000000000000e+03
3.582758400000000000e+07 3.190000000000000000e+03 1.990000000000000000e+03 5.470000000000000000e+03 4.980000000000000000e+03
3.582777800000000000e+07 3.190000000000000000e+03 1.980000000000000000e+03 5.470000000000000000e+03 4.980000000000000000e+03
3.582800100000000000e+07 3.190000000000000000e+03 1.990000000000000000e+03 5.480000000000000000e+03 4.990000000000000000e+03
3.582820000000000000e+07 3.190000000000000000e+03 1.990000000000000000e+03 5.480000000000000000e+03 4.980000000000000000e+03
3.582841700000000000e+07 3.190000000000000000e+03 2.000000000000000000e+03 5.480000000000000000e+03 4.970000000000000000e+03
3.582861800000000000e+07 3.180000000000000000e+03 1.990000000000000000e+03 5.470000000000000000e+03 4.980000000000000000e+03
3.582883300000000000e+07 3.180000000000000000e+03 2.000000000000000000e+03 5.470000000000000000e+03 4.980000000000000000e+03
3.582905000000000000e+07 3.180000000000000000e+03 2.000000000000000000e+03 5.470000000000000000e+03 4.970000000000000000e+03
3.582924000000000000e+07 3.180000000000000000e+03 2.000000000000000000e+03 5.470000000000000000e+03 4.970000000000000000e+03
3.582945000000000000e+07 3.180000000000000000e+03 2.000000000000000000e+03 5.470000000000000000e+03 4.970000000000000000e+03
3.582965100000000000e+07 3.180000000000000000e+03 2.000000000000000000e+03 5.470000000000000000e+03 4.970000000000000000e+03
3.582987300000000000e+07 3.180000000000000000e+03 2.000000000000000000e+03 5.470000000000000000e+03 4.970000000000000000e+03
3.583008300000000000e+07 3.170000000000000000e+03 2.000000000000000000e+03 5.470000000000000000e+03 4.980000000000000000e+03
3.583028500000000000e+07 3.170000000000000000e+03 1.990000000000000000e+03 5.470000000000000000e+03 4.970000000000000000e+03
3.583048700000000000e+07 3.180000000000000000e+03 2.000000000000000000e+03 5.470000000000000000e+03 4.970000000000000000e+03
3.583069200000000000e+07 3.190000000000000000e+03 1.990000000000000000e+03 5.470000000000000000e+03 4.970000000000000000e+03
3.583091600000000000e+07 3.190000000000000000e+03 1.980000000000000000e+03 5.470000000000000000e+03 4.980000000000000000e+03
3.583112000000000000e+07 3.190000000000000000e+03 1.980000000000000000e+03 5.470000000000000000e+03 4.990000000000000000e+03
3.583132400000000000e+07 3.190000000000000000e+03 1.990000000000000000e+03 5.470000000000000000e+03 4.980000000000000000e+03
3.583153500000000000e+07 3.190000000000000000e+03 2.000000000000000000e+03 5.470000000000000000e+03 4.980000000000000000e+03
3.583173400000000000e+07 3.190000000000000000e+03 1.990000000000000000e+03 5.480000000000000000e+03 4.970000000000000000e+03
3.583195200000000000e+07 3.190000000000000000e+03 1.990000000000000000e+03 5.470000000000000000e+03 4.980000000000000000e+03
3.583214900000000000e+07 3.190000000000000000e+03 2.000000000000000000e+03 5.470000000000000000e+03 4.990000000000000000e+03
3.583235100000000000e+07 3.190000000000000000e+03 2.000000000000000000e+03 5.470000000000000000e+03 4.990000000000000000e+03
3.583255500000000000e+07 3.190000000000000000e+03 1.980000000000000000e+03 5.470000000000000000e+03 4.990000000000000000e+03
3.583276000000000000e+07 3.200000000000000000e+03 1.990000000000000000e+03 5.470000000000000000e+03 4.970000000000000000e+03
3.583296700000000000e+07 3.210000000000000000e+03 1.990000000000000000e+03 5.480000000000000000e+03 4.980000000000000000e+03
3.583318400000000000e+07 3.210000000000000000e+03 1.990000000000000000e+03 5.480000000000000000e+03 4.990000000000000000e+03
3.583338200000000000e+07 3.210000000000000000e+03 1.990000000000000000e+03 5.480000000000000000e+03 4.990000000000000000e+03
3.583360000000000000e+07 3.210000000000000000e+03 1.980000000000000000e+03 5.480000000000000000e+03 4.990000000000000000e+03
3.583381600000000000e+07 3.200000000000000000e+03 1.970000000000000000e+03 5.480000000000000000e+03 4.990000000000000000e+03
3.583400700000000000e+07 3.200000000000000000e+03 1.970000000000000000e+03 5.480000000000000000e+03 4.990000000000000000e+03
3.583423300000000000e+07 3.200000000000000000e+03 1.980000000000000000e+03 5.480000000000000000e+03 4.980000000000000000e+03
3.583443200000000000e+07 3.200000000000000000e+03 1.980000000000000000e+03 5.480000000000000000e+03 4.980000000000000000e+03
3.583464100000000000e+07 3.190000000000000000e+03 1.970000000000000000e+03 5.480000000000000000e+03 4.980000000000000000e+03
3.583483400000000000e+07 3.190000000000000000e+03 1.970000000000000000e+03 5.480000000000000000e+03 4.990000000000000000e+03
3.583505300000000000e+07 3.180000000000000000e+03 1.970000000000000000e+03 5.480000000000000000e+03 4.990000000000000000e+03
3.583526500000000000e+07 3.180000000000000000e+03 1.990000000000000000e+03 5.490000000000000000e+03 4.990000000000000000e+03
3.583546700000000000e+07 3.180000000000000000e+03 1.980000000000000000e+03 5.490000000000000000e+03 4.990000000000000000e+03
3.583568100000000000e+07 3.180000000000000000e+03 1.980000000000000000e+03 5.490000000000000000e+03 4.990000000000000000e+03
3.583588200000000000e+07 3.200000000000000000e+03 1.990000000000000000e+03 5.490000000000000000e+03 4.990000000000000000e+03
3.583609900000000000e+07 3.200000000000000000e+03 1.980000000000000000e+03 5.490000000000000000e+03 4.980000000000000000e+03
3.583629900000000000e+07 3.200000000000000000e+03 1.970000000000000000e+03 5.490000000000000000e+03 4.980000000000000000e+03
3.583650300000000000e+07 3.190000000000000000e+03 1.970000000000000000e+03 5.490000000000000000e+03 4.980000000000000000e+03
3.583671600000000000e+07 3.190000000000000000e+03 1.990000000000000000e+03 5.490000000000000000e+03 4.970000000000000000e+03
3.583691800000000000e+07 3.190000000000000000e+03 1.990000000000000000e+03 5.490000000000000000e+03 4.980000000000000000e+03
3.583713400000000000e+07 3.180000000000000000e+03 1.990000000000000000e+03 5.490000000000000000e+03 4.980000000000000000e+03
3.583733300000000000e+07 3.190000000000000000e+03 1.990000000000000000e+03 5.490000000000000000e+03 4.990000000000000000e+03
3.583755000000000000e+07 3.190000000000000000e+03 1.990000000000000000e+03 5.490000000000000000e+03 4.980000000000000000e+03
3.583773400000000000e+07 3.210000000000000000e+03 1.990000000000000000e+03 5.490000000000000000e+03 4.970000000000000000e+03
3.583795000000000000e+07 3.210000000000000000e+03 2.000000000000000000e+03 5.490000000000000000e+03 4.980000000000000000e+03
3.583814900000000000e+07 3.200000000000000000e+03 1.990000000000000000e+03 5.480000000000000000e+03 4.980000000000000000e+03
3.583836700000000000e+07 3.190000000000000000e+03 1.980000000000000000e+03 5.480000000000000000e+03 4.980000000000000000e+03
3.583858100000000000e+07 3.200000000000000000e+03 1.970000000000000000e+03 5.480000000000000000e+03 4.980000000000000000e+03
3.583878300000000000e+07 3.190000000000000000e+03 1.970000000000000000e+03 5.480000000000000000e+03 4.990000000000000000e+03
3.583898600000000000e+07 3.190000000000000000e+03 1.970000000000000000e+03 5.480000000000000000e+03 4.990000000000000000e+03
3.583918500000000000e+07 3.190000000000000000e+03 1.980000000000000000e+03 5.480000000000000000e+03 4.980000000000000000e+03
3.583940600000000000e+07 3.190000000000000000e+03 1.980000000000000000e+03 5.480000000000000000e+03 4.970000000000000000e+03
3.583960900000000000e+07 3.190000000000000000e+03 1.980000000000000000e+03 5.480000000000000000e+03 4.980000000000000000e+03
3.583982200000000000e+07 3.190000000000000000e+03 1.970000000000000000e+03 5.480000000000000000e+03 4.980000000000000000e+03
3.584003000000000000e+07 3.190000000000000000e+03 1.970000000000000000e+03 5.480000000000000000e+03 4.980000000000000000e+03
3.584023200000000000e+07 3.190000000000000000e+03 1.970000000000000000e+03 5.480000000000000000e+03 4.980000000000000000e+03
3.584043400000000000e+07 3.190000000000000000e+03 1.970000000000000000e+03 5.480000000000000000e+03 4.970000000000000000e+03
3.584065300000000000e+07 3.190000000000000000e+03 1.980000000000000000e+03 5.480000000000000000e+03 4.980000000000000000e+03
3.584086200000000000e+07 3.190000000000000000e+03 1.990000000000000000e+03 5.480000000000000000e+03 4.970000000000000000e+03
3.584106500000000000e+07 3.200000000000000000e+03 1.990000000000000000e+03 5.480000000000000000e+03 4.970000000000000000e+03
3.584127100000000000e+07 3.190000000000000000e+03 2.000000000000000000e+03 5.480000000000000000e+03 4.980000000000000000e+03
3.584148200000000000e+07 3.200000000000000000e+03 2.000000000000000000e+03 5.480000000000000000e+03 4.980000000000000000e+03
3.584168400000000000e+07 3.200000000000000000e+03 1.990000000000000000e+03 5.480000000000000000e+03 4.970000000000000000e+03
3.584210900000000000e+07 3.200000000000000000e+03 1.980000000000000000e+03 5.480000000000000000e+03 4.980000000000000000e+03
3.584230900000000000e+07 3.200000000000000000e+03 1.990000000000000000e+03 5.480000000000000000e+03 4.980000000000000000e+03
3.584252600000000000e+07 3.200000000000000000e+03 1.980000000000000000e+03 5.480000000000000000e+03 4.980000000000000000e+03
3.584273300000000000e+07 3.190000000000000000e+03 1.970000000000000000e+03 5.480000000000000000e+03 4.980000000000000000e+03
