3.595771000000000000e+07 3.730000000000000000e+03 1.510000000000000000e+03 5.750000000000000000e+03 4.780000000000000000e+03
3.595791700000000000e+07 3.730000000000000000e+03 1.510000000000000000e+03 5.750000000000000000e+03 4.780000000000000000e+03
3.595812000000000000e+07 3.730000000000000000e+03 1.470000000000000000e+03 5.750000000000000000e+03 4.770000000000000000e+03
3.595832500000000000e+07 3.720000000000000000e+03 1.470000000000000000e+03 5.750000000000000000e+03 4.770000000000000000e+03
3.595853400000000000e+07 3.710000000000000000e+03 1.450000000000000000e+03 5.760000000000000000e+03 4.780000000000000000e+03
3.595874600000000000e+07 3.710000000000000000e+03 1.450000000000000000e+03 5.760000000000000000e+03 4.780000000000000000e+03
3.595895100000000000e+07 3.710000000000000000e+03 1.460000000000000000e+03 5.760000000000000000e+03 4.780000000000000000e+03
3.595916400000000000e+07 3.710000000000000000e+03 1.460000000000000000e+03 5.760000000000000000e+03 4.770000000000000000e+03
3.595936600000000000e+07 3.700000000000000000e+03 1.470000000000000000e+03 5.760000000000000000e+03 4.770000000000000000e+03
3.595958200000000000e+07 3.710000000000000000e+03 1.470000000000000000e+03 5.760000000000000000e+03 4.780000000000000000e+03
3.595979000000000000e+07 3.710000000000000000e+03 1.470000000000000000e+03 5.760000000000000000e+03 4.780000000000000000e+03
3.595998300000000000e+07 3.710000000000000000e+03 1.470000000000000000e+03 5.760000000000000000e+03 4.770000000000000000e+03
4.000019100000000000e+07 3.710000000000000000e+03 1.460000000000000000e+03 5.760000000000000000e+03 4.760000000000000000e+03
4.000040300000000000e+07 3.710000000000000000e+03 1.460000000000000000e+03 5.760000000000000000e+03 4.760000000000000000e+03
4.000062100000000000e+07 3.710000000000000000e+03 1.490000000000000000e+03 5.750000000000000000e+03 4.770000000000000000e+03
4.000082900000000000e+07 3.720000000000000000e+03 1.490000000000000000e+03 5.750000000000000000e+03 4.770000000000000000e+03
4.000103200000000000e+07 3.720000000000000000e+03 1.460000000000000000e+03 5.750000000000000000e+03 4.770000000000000000e+03
4.000123600000000000e+07 3.720000000000000000e+03 1.470000000000000000e+03 5.750000000000000000e+03 4.780000000000000000e+03
4.000144100000000000e+07 3.730000000000000000e+03 1.470000000000000000e+03 5.750000000000000000e+03 4.780000000000000000e+03
4.000165300000000000e+07 3.720000000000000000e+03 1.490000000000000000e+03 5.750000000000000000e+03 4.780000000000000000e+03
4.000186900000000000e+07 3.710000000000000000e+03 1.490000000000000000e+03 5.740000000000000000e+03 4.790000000000000000e+03
4.000207700000000000e+07 3.720000000000000000e+03 1.470000000000000000e+03 5.750000000000000000e+03 4.790000000000000000e+03
4.000228500000000000e+07 3.710000000000000000e+03 1.470000000000000000e+03 5.750000000000000000e+03 4.780000000000000000e+03
4.000248200000000000e+07 3.710000000000000000e+03 1.460000000000000000e+03 5.750000000000000000e+03 4.780000000000000000e+03
4.000269900000000000e+07 3.710000000000000000e+03 1.460000000000000000e+03 5.760000000000000000e+03 4.780000000000000000e+03
4.000290400000000000e+07 3.720000000000000000e+03 1.470000000000000000e+03 5.760000000000000000e+03 4.790000000000000000e+03
4.000311100000000000e+07 3.720000000000000000e+03 1.470000000000000000e+03 5.740000000000000000e+03 4.790000000000000000e+03
4.000332300000000000e+07 3.710000000000000000e+03 1.470000000000000000e+03 5.740000000000000000e+03 4.790000000000000000e+03
4.000353200000000000e+07 3.710000000000000000e+03 1.460000000000000000e+03 5.750000000000000000e+03 4.780000000000000000e+03
4.000374100000000000e+07 3.720000000000000000e+03 1.460000000000000000e+03 5.750000000000000000e+03 4.780000000000000000e+03
4.000394900000000000e+07 3.720000000000000000e+03 1.460000000000000000e+03 5.750000000000000000e+03 4.790000000000000000e+03
4.000415200000000000e+07 3.730000000000000000e+03 1.490000000000000000e+03 5.760000000000000000e+03 4.790000000000000000e+03
4.000435500000000000e+07 3.730000000000000000e+03 1.490000000000000000e+03 5.750000000000000000e+03 4.790000000000000000e+03
4.000456700000000000e+07 3.720000000000000000e+03 1.500000000000000000e+03 5.750000000000000000e+03 4.790000000000000000e+03
4.000476900000000000e+07 3.720000000000000000e+03 1.490000000000000000e+03 5.750000000000000000e+03 4.790000000000000000e+03
4.000498900000000000e+07 3.720000000000000000e+03 1.500000000000000000e+03 5.760000000000000000e+03 4.780000000000000000e+03
4.000518900000000000e+07 3.710000000000000000e+03 1.490000000000000000e+03 5.760000000000000000e+03 4.780000000000000000e+03
4.000561300000000000e+07 3.700000000000000000e+03 1.500000000000000000e+03 5.760000000000000000e+03 4.780000000000000000e+03
4.000580600000000000e+07 3.700000000000000000e+03 1.500000000000000000e+03 5.760000000000000000e+03 4.780000000000000000e+03
4.000601700000000000e+07 3.710000000000000000e+03 1.510000000000000000e+03 5.760000000000000000e+03 4.780000000000000000e+03
4.000622800000000000e+07 3.720000000000000000e+03 1.510000000000000000e+03 5.760000000000000000e+03 4.780000000000000000e+03
4.000644400000000000e+07 3.720000000000000000e+03 1.490000000000000000e+03 5.750000000000000000e+03 4.780000000000000000e+03
4.000664800000000000e+07 3.720000000000000000e+03 1.470000000000000000e+03 5.750000000000000000e+03 4.780000000000000000e+03
4.000686000000000000e+07 3.720000000000000000e+03 1.470000000000000000e+03 5.750000000000000000e+03 4.780000000000000000e+03
4.000706000000000000e+07 3.710000000000000000e+03 1.460000000000000000e+03 5.750000000000000000e+03 4.780000000000000000e+03
4.000731500000000000e+07 3.710000000000000000e+03 1.470000000000000000e+03 5.760000000000000000e+03 4.780000000000000000e+03
4.000746900000000000e+07 3.710000000000000000e+03 1.470000000000000000e+03 5.760000000000000000e+03 4.780000000000000000e+03
4.000768200000000000e+07 3.700000000000000000e+03 1.490000000000000000e+03 5.760000000000000000e+03 4.790000000000000000e+03
4.000789600000000000e+07 3.710000000000000000e+03 1.500000000000000000e+03 5.760000000000000000e+03 4.790000000000000000e+03
4.000809500000000000e+07 3.710000000000000000e+03 1.490000000000000000e+03 5.750000000000000000e+03 4.780000000000000000e+03
4.000830300000000000e+07 3.720000000000000000e+03 1.470000000000000000e+03 5.760000000000000000e+03 4.790000000000000000e+03
4.000852400000000000e+07 3.720000000000000000e+03 1.460000000000000000e+03 5.760000000000000000e+03 4.790000000000000000e+03
4.000872000000000000e+07 3.730000000000000000e+03 1.450000000000000000e+03 5.760000000000000000e+03 4.790000000000000000e+03
4.000892900000000000e+07 3.730000000000000000e+03 1.460000000000000000e+03 5.760000000000000000e+03 4.780000000000000000e+03
4.000913800000000000e+07 3.730000000000000000e+03 1.460000000000000000e+03 5.760000000000000000e+03 4.770000000000000000e+03
4.000935600000000000e+07 3.720000000000000000e+03 1.450000000000000000e+03 5.760000000000000000e+03 4.770000000000000000e+03
4.000955100000000000e+07 3.720000000000000000e+03 1.470000000000000000e+03 5.760000000000000000e+03 4.770000000000000000e+03
4.000976600000000000e+07 3.720000000000000000e+03 1.460000000000000000e+03 5.750000000000000000e+03 4.780000000000000000e+03
4.000997500000000000e+07 3.710000000000000000e+03 1.470000000000000000e+03 5.750000000000000000e+03 4.780000000000000000e+03
4.001018100000000000e+07 3.710000000000000000e+03 1.470000000000000000e+03 5.750000000000000000e+03 4.780000000000000000e+03
4.001038600000000000e+07 3.720000000000000000e+03 1.470000000000000000e+03 5.750000000000000000e+03 4.780000000000000000e+03
4.001059600000000000e+07 3.710000000000000000e+03 1.460000000000000000e+03 5.750000000000000000e+03 4.780000000000000000e+03
4.001081100000000000e+07 3.700000000000000000e+03 1.470000000000000000e+03 5.750000000000000000e+03 4.780000000000000000e+03
4.001100700000000000e+07 3.710000000000000000e+03 1.470000000000000000e+03 5.750000000000000000e+03 4.770000000000000000e+03
4.001122600000000000e+07 3.710000000000000000e+03 1.460000000000000000e+03 5.760000000000000000e+03 4.770000000000000000e+03
4.001142500000000000e+07 3.710000000000000000e+03 1.460000000000000000e+03 5.760000000000000000e+03 4.760000000000000000e+03
4.001163900000000000e+07 3.710000000000000000e+03 1.460000000000000000e+03 5.760000000000000000e+03 4.760000000000000000e+03
4.001184500000000000e+07 3.720000000000000000e+03 1.490000000000000000e+03 5.760000000000000000e+03 4.760000000000000000e+03
4.001204900000000000e+07 3.710000000000000000e+03 1.490000000000000000e+03 5.760000000000000000e+03 4.770000000000000000e+03
4.001226300000000000e+07 3.720000000000000000e+03 1.490000000000000000e+03 5.750000000000000000e+03 4.770000000000000000e+03
4.001246600000000000e+07 3.730000000000000000e+03 1.490000000000000000e+03 5.750000000000000000e+03 4.770000000000000000e+03
4.001267900000000000e+07 3.730000000000000000e+03 1.490000000000000000e+03 5.750000000000000000e+03 4.760000000000000000e+03
4.001288600000000000e+07 3.720000000000000000e+03 1.490000000000000000e+03 5.750000000000000000e+03 4.770000000000000000e+03
4.001308800000000000e+07 3.720000000000000000e+03 1.470000000000000000e+03 5.750000000000000000e+03 4.770000000000000000e+03
4.001330600000000000e+07 3.730000000000000000e+03 1.490000000000000000e+03 5.750000000000000000e+03 4.770000000000000000e+03
4.001351100000000000e+07 3.710000000000000000e+03 1.490000000000000000e+03 5.750000000000000000e+03 4.760000000000000000e+03
4.001372000000000000e+07 3.720000000000000000e+03 1.490000000000000000e+03 5.750000000000000000e+03 4.770000000000000000e+03
4.001391700000000000e+07 3.720000000000000000e+03 1.470000000000000000e+03 5.760000000000000000e+03 4.770000000000000000e+03
4.001413900000000000e+07 3.710000000000000000e+03 1.470000000000000000e+03 5.760000000000000000e+03 4.770000000000000000e+03
4.001433200000000000e+07 3.710000000000000000e+03 1.490000000000000000e+03 5.760000000000000000e+03 4.770000000000000000e+03
4.001454900000000000e+07 3.710000000000000000e+03 1.490000000000000000e+03 5.750000000000000000e+03 4.770000000000000000e+03
4.001476000000000000e+07 3.720000000000000000e+03 1.500000000000000000e+03 5.750000000000000000e+03 4.760000000000000000e+03
4.001496400000000000e+07 3.720000000000000000e+03 1.500000000000000000e+03 5.750000000000000000e+03 4.760000000000000000e+03
4.001517000000000000e+07 3.730000000000000000e+03 1.490000000000000000e+03 5.750000000000000000e+03 4.760000000000000000e+03
4.001537500000000000e+07 3.720000000000000000e+03 1.490000000000000000e+03 5.760000000000000000e+03 4.770000000000000000e+03
4.001558300000000000e+07 3.700000000000000000e+03 1.490000000000000000e+03 5.760000000000000000e+03 4.770000000000000000e+03
4.001579200000000000e+07 3.700000000000000000e+03 1.490000000000000000e+03 5.760000000000000000e+03 4.770000000000000000e+03
4.001600100000000000e+07 3.710000000000000000e+03 1.470000000000000000e+03 5.750000000000000000e+03 4.770000000000000000e+03
4.001621800000000000e+07 3.720000000000000000e+03 1.460000000000000000e+03 5.750000000000000000e+03 4.780000000000000000e+03
4.001641600000000000e+07 3.710000000000000000e+03 1.470000000000000000e+03 5.740000000000000000e+03 4.780000000000000000e+03
4.001663000000000000e+07 3.710000000000000000e+03 1.470000000000000000e+03 5.750000000000000000e+03 4.780000000000000000e+03
4.001683700000000000e+07 3.720000000000000000e+03 1.490000000000000000e+03 5.750000000000000000e+03 4.780000000000000000e+03
4.001704500000000000e+07 3.720000000000000000e+03 1.490000000000000000e+03 5.750000000000000000e+03 4.770000000000000000e+03
4.001725600000000000e+07 3.730000000000000000e+03 1.470000000000000000e+03 5.750000000000000000e+03 4.760000000000000000e+03
4.001746200000000000e+07 3.720000000000000000e+03 1.490000000000000000e+03 5.750000000000000000e+03 4.770000000000000000e+03
4.001766100000000000e+07 3.730000000000000000e+03 1.500000000000000000e+03 5.750000000000000000e+03 4.760000000000000000e+03
4.001787500000000000e+07 3.740000000000000000e+03 1.490000000000000000e+03 5.750000000000000000e+03 4.780000000000000000e+03
4.001808700000000000e+07 3.740000000000000000e+03 1.500000000000000000e+03 5.740000000000000000e+03 4.780000000000000000e+03
4.001829200000000000e+07 3.740000000000000000e+03 1.490000000000000000e+03 5.750000000000000000e+03 4.780000000000000000e+03
4.001850600000000000e+07 3.740000000000000000e+03 1.490000000000000000e+03 5.750000000000000000e+03 4.780000000000000000e+03
4.001870800000000000e+07 3.740000000000000000e+03 1.490000000000000000e+03 5.750000000000000000e+03 4.770000000000000000e+03
4.001891800000000000e+07 3.730000000000000000e+03 1.470000000000000000e+03 5.750000000000000000e+03 4.770000000000000000e+03
4.001912300000000000e+07 3.720000000000000000e+03 1.470000000000000000e+03 5.750000000000000000e+03 4.760000000000000000e+03
4.001933400000000000e+07 3.720000000000000000e+03 1.460000000000000000e+03 5.750000000000000000e+03 4.760000000000000000e+03
4.001953600000000000e+07 3.710000000000000000e+03 1.460000000000000000e+03 5.750000000000000000e+03 4.760000000000000000e+03
4.001974600000000000e+07 3.720000000000000000e+03 1.460000000000000000e+03 5.750000000000000000e+03 4.760000000000000000e+03
4.001994700000000000e+07 3.710000000000000000e+03 1.450000000000000000e+03 5.750000000000000000e+03 4.750000000000000000e+03
4.002016900000000000e+07 3.710000000000000000e+03 1.470000000000000000e+03 5.750000000000000000e+03 4.760000000000000000e+03
4.002036900000000000e+07 3.710000000000000000e+03 1.470000000000000000e+03 5.750000000000000000e+03 4.760000000000000000e+03
4.002057800000000000e+07 3.720000000000000000e+03 1.490000000000000000e+03 5.750000000000000000e+03 4.760000000000000000e+03
4.002078400000000000e+07 3.720000000000000000e+03 1.500000000000000000e+03 5.750000000000000000e+03 4.750000000000000000e+03
4.002099000000000000e+07 3.720000000000000000e+03 1.490000000000000000e+03 5.760000000000000000e+03 4.760000000000000000e+03
4.002119800000000000e+07 3.720000000000000000e+03 1.470000000000000000e+03 5.760000000000000000e+03 4.760000000000000000e+03
4.002140900000000000e+07 3.720000000000000000e+03 1.470000000000000000e+03 5.750000000000000000e+03 4.760000000000000000e+03
4.002161600000000000e+07 3.720000000000000000e+03 1.470000000000000000e+03 5.760000000000000000e+03 4.760000000000000000e+03
4.002183100000000000e+07 3.730000000000000000e+03 1.460000000000000000e+03 5.760000000000000000e+03 4.760000000000000000e+03
4.002203000000000000e+07 3.720000000000000000e+03 1.460000000000000000e+03 5.750000000000000000e+03 4.770000000000000000e+03
4.002224200000000000e+07 3.720000000000000000e+03 1.470000000000000000e+03 5.750000000000000000e+03 4.770000000000000000e+03
4.002244300000000000e+07 3.720000000000000000e+03 1.460000000000000000e+03 5.750000000000000000e+03 4.770000000000000000e+03
4.002265900000000000e+07 3.710000000000000000e+03 1.490000000000000000e+03 5.750000000000000000e+03 4.770000000000000000e+03
4.002285900000000000e+07 3.710000000000000000e+03 1.490000000000000000e+03 5.750000000000000000e+03 4.780000000000000000e+03
4.002307400000000000e+07 3.710000000000000000e+03 1.490000000000000000e+03 5.750000000000000000e+03 4.780000000000000000e+03
4.002328700000000000e+07 3.710000000000000000e+03 1.490000000000000000e+03 5.750000000000000000e+03 4.780000000000000000e+03
4.002348400000000000e+07 3.720000000000000000e+03 1.490000000000000000e+03 5.750000000000000000e+03 4.780000000000000000e+03
4.002370700000000000e+07 3.720000000000000000e+03 1.470000000000000000e+03 5.750000000000000000e+03 4.790000000000000000e+03
4.002391200000000000e+07 3.720000000000000000e+03 1.460000000000000000e+03 5.750000000000000000e+03 4.790000000000000000e+03
4.002417100000000000e+07 3.720000000000000000e+03 1.470000000000000000e+03 5.750000000000000000e+03 4.790000000000000000e+03
4.002432800000000000e+07 3.730000000000000000e+03 1.470000000000000000e+03 5.750000000000000000e+03 4.770000000000000000e+03
4.002452800000000000e+07 3.720000000000000000e+03 1.470000000000000000e+03 5.750000000000000000e+03 4.770000000000000000e+03
4.002473100000000000e+07 3.720000000000000000e+03 1.470000000000000000e+03 5.750000000000000000e+03 4.760000000000000000e+03
4.002495300000000000e+07 3.720000000000000000e+03 1.470000000000000000e+03 5.750000000000000000e+03 4.750000000000000000e+03
4.002516100000000000e+07 3.720000000000000000e+03 1.460000000000000000e+03 5.750000000000000000e+03 4.750000000000000000e+03
4.002536800000000000e+07 3.720000000000000000e+03 1.470000000000000000e+03 5.740000000000000000e+03 4.760000000000000000e+03
4.002557700000000000e+07 3.720000000000000000e+03 1.470000000000000000e+03 5.750000000000000000e+03 4.770000000000000000e+03
4.002578300000000000e+07 3.720000000000000000e+03 1.470000000000000000e+03 5.750000000000000000e+03 4.770000000000000000e+03
4.002599200000000000e+07 3.710000000000000000e+03 1.460000000000000000e+03 5.750000000000000000e+03 4.760000000000000000e+03
4.002618500000000000e+07 3.710000000000000000e+03 1.460000000000000000e+03 5.750000000000000000e+03 4.760000000000000000e+03
4.002640800000000000e+07 3.710000000000000000e+03 1.460000000000000000e+03 5.740000000000000000e+03 4.760000000000000000e+03
4.002661900000000000e+07 3.710000000000000000e+03 1.460000000000000000e+03 5.740000000000000000e+03 4.770000000000000000e+03
4.002682300000000000e+07 3.710000000000000000e+03 1.470000000000000000e+03 5.750000000000000000e+03 4.770000000000000000e+03
4.002703200000000000e+07 3.710000000000000000e+03 1.470000000000000000e+03 5.750000000000000000e+03 4.770000000000000000e+03
4.002730300000000000e+07 3.710000000000000000e+03 1.470000000000000000e+03 5.750000000000000000e+03 4.780000000000000000e+03
4.002744700000000000e+07 3.730000000000000000e+03 1.470000000000000000e+03 5.750000000000000000e+03 4.780000000000000000e+03
4.002765300000000000e+07 3.720000000000000000e+03 1.470000000000000000e+03 5.750000000000000000e+03 4.770000000000000000e+03
4.002786400000000000e+07 3.720000000000000000e+03 1.460000000000000000e+03 5.750000000000000000e+03 4.770000000000000000e+03
4.002807200000000000e+07 3.720000000000000000e+03 1.470000000000000000e+03 5.740000000000000000e+03 4.770000000000000000e+03
4.002827000000000000e+07 3.720000000000000000e+03 1.470000000000000000e+03 5.740000000000000000e+03 4.770000000000000000e+03
4.002848800000000000e+07 3.720000000000000000e+03 1.460000000000000000e+03 5.750000000000000000e+03 4.770000000000000000e+03
4.002868100000000000e+07 3.720000000000000000e+03 1.460000000000000000e+03 5.750000000000000000e+03 4.760000000000000000e+03
4.002890300000000000e+07 3.710000000000000000e+03 1.460000000000000000e+03 5.740000000000000000e+03 4.780000000000000000e+03
4.002911100000000000e+07 3.720000000000000000e+03 1.470000000000000000e+03 5.750000000000000000e+03 4.770000000000000000e+03
4.002931900000000000e+07 3.720000000000000000e+03 1.470000000000000000e+03 5.750000000000000000e+03 4.770000000000000000e+03
4.002952400000000000e+07 3.720000000000000000e+03 1.490000000000000000e+03 5.760000000000000000e+03 4.770000000000000000e+03
4.002973500000000000e+07 3.720000000000000000e+03 1.470000000000000000e+03 5.760000000000000000e+03 4.770000000000000000e+03
4.002994400000000000e+07 3.720000000000000000e+03 1.470000000000000000e+03 5.760000000000000000e+03 4.770000000000000000e+03
4.003014600000000000e+07 3.720000000000000000e+03 1.470000000000000000e+03 5.750000000000000000e+03 4.770000000000000000e+03
4.003036000000000000e+07 3.720000000000000000e+03 1.460000000000000000e+03 5.750000000000000000e+03 4.770000000000000000e+03
4.003056400000000000e+07 3.720000000000000000e+03 1.470000000000000000e+03 5.740000000000000000e+03 4.770000000000000000e+03
4.003077600000000000e+07 3.710000000000000000e+03 1.460000000000000000e+03 5.740000000000000000e+03 4.760000000000000000e+03
4.003097800000000000e+07 3.710000000000000000e+03 1.460000000000000000e+03 5.750000000000000000e+03 4.770000000000000000e+03
4.003119100000000000e+07 3.710000000000000000e+03 1.470000000000000000e+03 5.750000000000000000e+03 4.770000000000000000e+03
4.003139900000000000e+07 3.710000000000000000e+03 1.490000000000000000e+03 5.750000000000000000e+03 4.770000000000000000e+03
4.003160600000000000e+07 3.710000000000000000e+03 1.490000000000000000e+03 5.750000000000000000e+03 4.770000000000000000e+03
4.003181000000000000e+07 3.710000000000000000e+03 1.490000000000000000e+03 5.750000000000000000e+03 4.770000000000000000e+03
4.003202200000000000e+07 3.710000000000000000e+03 1.500000000000000000e+03 5.750000000000000000e+03 4.770000000000000000e+03
4.003223000000000000e+07 3.700000000000000000e+03 1.490000000000000000e+03 5.750000000000000000e+03 4.760000000000000000e+03
4.003243800000000000e+07 3.700000000000000000e+03 1.460000000000000000e+03 5.750000000000000000e+03 4.750000000000000000e+03
4.003284600000000000e+07 3.710000000000000000e+03 1.470000000000000000e+03 5.760000000000000000e+03 4.750000000000000000e+03
4.003311800000000000e+07 3.710000000000000000e+03 1.460000000000000000e+03 5.760000000000000000e+03 4.760000000000000000e+03
4.003327100000000000e+07 3.710000000000000000e+03 1.450000000000000000e+03 5.760000000000000000e+03 4.760000000000000000e+03
4.003347900000000000e+07 3.710000000000000000e+03 1.470000000000000000e+03 5.760000000000000000e+03 4.770000000000000000e+03
4.003367400000000000e+07 3.710000000000000000e+03 1.470000000000000000e+03 5.760000000000000000e+03 4.770000000000000000e+03
4.003388100000000000e+07 3.710000000000000000e+03 1.460000000000000000e+03 5.760000000000000000e+03 4.770000000000000000e+03
4.003410100000000000e+07 3.720000000000000000e+03 1.460000000000000000e+03 5.760000000000000000e+03 4.760000000000000000e+03
4.003431000000000000e+07 3.700000000000000000e+03 1.450000000000000000e+03 5.760000000000000000e+03 4.760000000000000000e+03
4.003452600000000000e+07 3.700000000000000000e+03 1.490000000000000000e+03 5.760000000000000000e+03 4.760000000000000000e+03
4.003472600000000000e+07 3.700000000000000000e+03 1.490000000000000000e+03 5.760000000000000000e+03 4.760000000000000000e+03
4.003492600000000000e+07 3.710000000000000000e+03 1.460000000000000000e+03 5.750000000000000000e+03 4.770000000000000000e+03
4.003513100000000000e+07 3.720000000000000000e+03 1.470000000000000000e+03 5.750000000000000000e+03 4.760000000000000000e+03
4.003533900000000000e+07 3.720000000000000000e+03 1.460000000000000000e+03 5.750000000000000000e+03 4.760000000000000000e+03
4.003554800000000000e+07 3.720000000000000000e+03 1.470000000000000000e+03 5.750000000000000000e+03 4.760000000000000000e+03
4.003575800000000000e+07 3.730000000000000000e+03 1.470000000000000000e+03 5.750000000000000000e+03 4.750000000000000000e+03
4.003597400000000000e+07 3.720000000000000000e+03 1.470000000000000000e+03 5.750000000000000000e+03 4.760000000000000000e+03
4.003617600000000000e+07 3.720000000000000000e+03 1.470000000000000000e+03 5.750000000000000000e+03 4.760000000000000000e+03
4.003639100000000000e+07 3.720000000000000000e+03 1.490000000000000000e+03 5.750000000000000000e+03 4.750000000000000000e+03
4.003659600000000000e+07 3.730000000000000000e+03 1.470000000000000000e+03 5.750000000000000000e+03 4.750000000000000000e+03
4.003680600000000000e+07 3.730000000000000000e+03 1.470000000000000000e+03 5.750000000000000000e+03 4.750000000000000000e+03
4.003700900000000000e+07 3.720000000000000000e+03 1.490000000000000000e+03 5.750000000000000000e+03 4.760000000000000000e+03
4.003722200000000000e+07 3.710000000000000000e+03 1.470000000000000000e+03 5.750000000000000000e+03 4.760000000000000000e+03
4.003743000000000000e+07 3.730000000000000000e+03 1.460000000000000000e+03 5.760000000000000000e+03 4.760000000000000000e+03
4.003763100000000000e+07 3.720000000000000000e+03 1.470000000000000000e+03 5.750000000000000000e+03 4.770000000000000000e+03
4.003784500000000000e+07 3.720000000000000000e+03 1.470000000000000000e+03 5.750000000000000000e+03 4.760000000000000000e+03
4.003805100000000000e+07 3.720000000000000000e+03 1.490000000000000000e+03 5.750000000000000000e+03 4.770000000000000000e+03
4.003826100000000000e+07 3.730000000000000000e+03 1.490000000000000000e+03 5.750000000000000000e+03 4.770000000000000000e+03
4.003847300000000000e+07 3.730000000000000000e+03 1.470000000000000000e+03 5.750000000000000000e+03 4.770000000000000000e+03
4.003873300000000000e+07 3.730000000000000000e+03 1.450000000000000000e+03 5.750000000000000000e+03 4.760000000000000000e+03
4.003888700000000000e+07 3.720000000000000000e+03 1.450000000000000000e+03 5.750000000000000000e+03 4.760000000000000000e+03
4.003909300000000000e+07 3.730000000000000000e+03 1.460000000000000000e+03 5.750000000000000000e+03 4.770000000000000000e+03
4.003930100000000000e+07 3.730000000000000000e+03 1.460000000000000000e+03 5.750000000000000000e+03 4.760000000000000000e+03
4.003950900000000000e+07 3.720000000000000000e+03 1.460000000000000000e+03 5.750000000000000000e+03 4.770000000000000000e+03
4.003971800000000000e+07 3.720000000000000000e+03 1.470000000000000000e+03 5.750000000000000000e+03 4.770000000000000000e+03
4.003991900000000000e+07 3.720000000000000000e+03 1.470000000000000000e+03 5.740000000000000000e+03 4.770000000000000000e+03
4.004012900000000000e+07 3.730000000000000000e+03 1.450000000000000000e+03 5.750000000000000000e+03 4.770000000000000000e+03
4.004032900000000000e+07 3.730000000000000000e+03 1.450000000000000000e+03 5.760000000000000000e+03 4.770000000000000000e+03
4.004054400000000000e+07 3.730000000000000000e+03 1.450000000000000000e+03 5.760000000000000000e+03 4.780000000000000000e+03
4.004075100000000000e+07 3.720000000000000000e+03 1.460000000000000000e+03 5.760000000000000000e+03 4.770000000000000000e+03
4.004096000000000000e+07 3.720000000000000000e+03 1.450000000000000000e+03 5.750000000000000000e+03 4.770000000000000000e+03
4.004117400000000000e+07 3.720000000000000000e+03 1.460000000000000000e+03 5.760000000000000000e+03 4.770000000000000000e+03
4.004137400000000000e+07 3.720000000000000000e+03 1.450000000000000000e+03 5.760000000000000000e+03 4.760000000000000000e+03
4.004157600000000000e+07 3.720000000000000000e+03 1.460000000000000000e+03 5.760000000000000000e+03 4.760000000000000000e+03
