4.040746500000000000e+07 3.980000000000000000e+03 2.010000000000000000e+03 4.970000000000000000e+03 3.880000000000000000e+03
4.040767400000000000e+07 3.980000000000000000e+03 2.010000000000000000e+03 4.970000000000000000e+03 3.870000000000000000e+03
4.040788100000000000e+07 3.980000000000000000e+03 2.010000000000000000e+03 4.970000000000000000e+03 3.870000000000000000e+03
4.040811100000000000e+07 3.990000000000000000e+03 2.000000000000000000e+03 4.960000000000000000e+03 3.870000000000000000e+03
4.040829100000000000e+07 3.990000000000000000e+03 1.990000000000000000e+03 4.960000000000000000e+03 3.870000000000000000e+03
4.040850500000000000e+07 3.990000000000000000e+03 1.990000000000000000e+03 4.970000000000000000e+03 3.870000000000000000e+03
4.040871300000000000e+07 3.990000000000000000e+03 1.990000000000000000e+03 4.970000000000000000e+03 3.880000000000000000e+03
4.040892100000000000e+07 3.980000000000000000e+03 1.990000000000000000e+03 4.970000000000000000e+03 3.870000000000000000e+03
4.040912000000000000e+07 3.990000000000000000e+03 2.000000000000000000e+03 4.970000000000000000e+03 3.880000000000000000e+03
4.040933200000000000e+07 3.980000000000000000e+03 1.990000000000000000e+03 4.970000000000000000e+03 3.870000000000000000e+03
4.040953600000000000e+07 3.960000000000000000e+03 2.000000000000000000e+03 4.980000000000000000e+03 3.870000000000000000e+03
4.040975300000000000e+07 3.960000000000000000e+03 2.000000000000000000e+03 4.970000000000000000e+03 3.870000000000000000e+03
4.040995600000000000e+07 3.980000000000000000e+03 1.980000000000000000e+03 4.970000000000000000e+03 3.880000000000000000e+03
4.041015600000000000e+07 3.980000000000000000e+03 1.970000000000000000e+03 4.970000000000000000e+03 3.870000000000000000e+03
4.041036900000000000e+07 3.960000000000000000e+03 1.980000000000000000e+03 4.970000000000000000e+03 3.880000000000000000e+03
4.041058400000000000e+07 3.960000000000000000e+03 1.980000000000000000e+03 4.970000000000000000e+03 3.870000000000000000e+03
4.041078800000000000e+07 3.960000000000000000e+03 1.980000000000000000e+03 4.970000000000000000e+03 3.860000000000000000e+03
4.041098600000000000e+07 3.960000000000000000e+03 1.980000000000000000e+03 4.980000000000000000e+03 3.860000000000000000e+03
4.041120800000000000e+07 3.950000000000000000e+03 1.990000000000000000e+03 4.970000000000000000e+03 3.860000000000000000e+03
4.041141300000000000e+07 3.950000000000000000e+03 1.990000000000000000e+03 4.980000000000000000e+03 3.860000000000000000e+03
4.041162000000000000e+07 3.950000000000000000e+03 1.990000000000000000e+03 4.970000000000000000e+03 3.860000000000000000e+03
4.041182300000000000e+07 3.960000000000000000e+03 2.000000000000000000e+03 4.970000000000000000e+03 3.860000000000000000e+03
4.041203900000000000e+07 3.960000000000000000e+03 2.000000000000000000e+03 4.980000000000000000e+03 3.870000000000000000e+03
4.041224900000000000e+07 3.980000000000000000e+03 2.000000000000000000e+03 4.980000000000000000e+03 3.870000000000000000e+03
4.041245000000000000e+07 3.980000000000000000e+03 1.990000000000000000e+03 4.970000000000000000e+03 3.870000000000000000e+03
4.041266200000000000e+07 3.980000000000000000e+03 1.990000000000000000e+03 4.970000000000000000e+03 3.870000000000000000e+03
4.041286900000000000e+07 3.960000000000000000e+03 1.980000000000000000e+03 4.970000000000000000e+03 3.870000000000000000e+03
4.041307000000000000e+07 3.950000000000000000e+03 1.990000000000000000e+03 4.980000000000000000e+03 3.870000000000000000e+03
4.041328400000000000e+07 3.950000000000000000e+03 1.980000000000000000e+03 4.970000000000000000e+03 3.870000000000000000e+03
4.041349600000000000e+07 3.950000000000000000e+03 1.980000000000000000e+03 4.970000000000000000e+03 3.880000000000000000e+03
4.041369900000000000e+07 3.950000000000000000e+03 1.980000000000000000e+03 4.970000000000000000e+03 3.870000000000000000e+03
4.041390200000000000e+07 3.950000000000000000e+03 1.980000000000000000e+03 4.970000000000000000e+03 3.870000000000000000e+03
4.041411000000000000e+07 3.950000000000000000e+03 1.980000000000000000e+03 4.980000000000000000e+03 3.880000000000000000e+03
4.041431500000000000e+07 3.950000000000000000e+03 1.970000000000000000e+03 4.970000000000000000e+03 3.870000000000000000e+03
4.041452900000000000e+07 3.960000000000000000e+03 1.970000000000000000e+03 4.970000000000000000e+03 3.870000000000000000e+03
4.041473300000000000e+07 3.960000000000000000e+03 1.980000000000000000e+03 4.960000000000000000e+03 3.870000000000000000e+03
4.041495000000000000e+07 3.960000000000000000e+03 1.970000000000000000e+03 4.960000000000000000e+03 3.870000000000000000e+03
4.041516000000000000e+07 3.960000000000000000e+03 1.970000000000000000e+03 4.960000000000000000e+03 3.870000000000000000e+03
4.041536800000000000e+07 3.960000000000000000e+03 1.970000000000000000e+03 4.970000000000000000e+03 3.870000000000000000e+03
4.041556500000000000e+07 3.960000000000000000e+03 1.970000000000000000e+03 4.970000000000000000e+03 3.870000000000000000e+03
4.041578100000000000e+07 3.980000000000000000e+03 1.970000000000000000e+03 4.970000000000000000e+03 3.860000000000000000e+03
4.041598300000000000e+07 3.980000000000000000e+03 1.980000000000000000e+03 4.980000000000000000e+03 3.870000000000000000e+03
4.041618800000000000e+07 3.960000000000000000e+03 1.970000000000000000e+03 4.990000000000000000e+03 3.870000000000000000e+03
4.041640800000000000e+07 3.960000000000000000e+03 1.970000000000000000e+03 4.990000000000000000e+03 3.870000000000000000e+03
4.041660500000000000e+07 3.960000000000000000e+03 1.970000000000000000e+03 4.990000000000000000e+03 3.880000000000000000e+03
4.041682300000000000e+07 3.960000000000000000e+03 1.980000000000000000e+03 4.980000000000000000e+03 3.880000000000000000e+03
4.041702400000000000e+07 3.980000000000000000e+03 1.980000000000000000e+03 4.980000000000000000e+03 3.870000000000000000e+03
4.041722700000000000e+07 3.980000000000000000e+03 1.980000000000000000e+03 4.970000000000000000e+03 3.870000000000000000e+03
4.041744500000000000e+07 3.980000000000000000e+03 1.990000000000000000e+03 4.980000000000000000e+03 3.870000000000000000e+03
4.041765100000000000e+07 3.980000000000000000e+03 1.990000000000000000e+03 4.980000000000000000e+03 3.870000000000000000e+03
4.041786200000000000e+07 3.980000000000000000e+03 1.990000000000000000e+03 4.980000000000000000e+03 3.870000000000000000e+03
4.041807100000000000e+07 3.960000000000000000e+03 1.990000000000000000e+03 4.970000000000000000e+03 3.860000000000000000e+03
4.041826600000000000e+07 3.960000000000000000e+03 1.990000000000000000e+03 4.970000000000000000e+03 3.870000000000000000e+03
4.041848100000000000e+07 3.980000000000000000e+03 1.990000000000000000e+03 4.980000000000000000e+03 3.870000000000000000e+03
4.041868700000000000e+07 3.980000000000000000e+03 1.980000000000000000e+03 4.980000000000000000e+03 3.880000000000000000e+03
4.041890300000000000e+07 3.980000000000000000e+03 1.980000000000000000e+03 4.970000000000000000e+03 3.870000000000000000e+03
4.041911100000000000e+07 3.990000000000000000e+03 1.980000000000000000e+03 4.970000000000000000e+03 3.870000000000000000e+03
4.041931900000000000e+07 3.980000000000000000e+03 1.980000000000000000e+03 4.970000000000000000e+03 3.870000000000000000e+03
4.041952800000000000e+07 3.980000000000000000e+03 1.980000000000000000e+03 4.960000000000000000e+03 3.870000000000000000e+03
4.041972500000000000e+07 3.990000000000000000e+03 1.990000000000000000e+03 4.980000000000000000e+03 3.870000000000000000e+03
4.041993800000000000e+07 3.990000000000000000e+03 1.990000000000000000e+03 4.980000000000000000e+03 3.870000000000000000e+03
4.042015000000000000e+07 4.000000000000000000e+03 1.990000000000000000e+03 4.980000000000000000e+03 3.870000000000000000e+03
4.042035900000000000e+07 3.990000000000000000e+03 2.000000000000000000e+03 4.980000000000000000e+03 3.880000000000000000e+03
4.042056800000000000e+07 3.990000000000000000e+03 1.990000000000000000e+03 4.980000000000000000e+03 3.880000000000000000e+03
4.042076400000000000e+07 3.980000000000000000e+03 1.980000000000000000e+03 4.970000000000000000e+03 3.870000000000000000e+03
4.042098300000000000e+07 3.990000000000000000e+03 1.990000000000000000e+03 4.970000000000000000e+03 3.870000000000000000e+03
4.042118300000000000e+07 3.980000000000000000e+03 1.980000000000000000e+03 4.960000000000000000e+03 3.860000000000000000e+03
4.042139900000000000e+07 3.980000000000000000e+03 1.990000000000000000e+03 4.970000000000000000e+03 3.860000000000000000e+03
4.042160600000000000e+07 3.980000000000000000e+03 1.980000000000000000e+03 4.960000000000000000e+03 3.860000000000000000e+03
4.042181400000000000e+07 3.980000000000000000e+03 1.980000000000000000e+03 4.960000000000000000e+03 3.860000000000000000e+03
4.042201100000000000e+07 3.980000000000000000e+03 1.970000000000000000e+03 4.970000000000000000e+03 3.860000000000000000e+03
4.042223000000000000e+07 3.990000000000000000e+03 1.990000000000000000e+03 4.970000000000000000e+03 3.860000000000000000e+03
4.042243800000000000e+07 3.990000000000000000e+03 1.980000000000000000e+03 4.970000000000000000e+03 3.860000000000000000e+03
4.042264600000000000e+07 3.980000000000000000e+03 1.990000000000000000e+03 4.960000000000000000e+03 3.870000000000000000e+03
4.042285100000000000e+07 3.960000000000000000e+03 1.990000000000000000e+03 4.960000000000000000e+03 3.870000000000000000e+03
4.042306200000000000e+07 3.960000000000000000e+03 1.980000000000000000e+03 4.960000000000000000e+03 3.870000000000000000e+03
4.042326800000000000e+07 3.980000000000000000e+03 1.980000000000000000e+03 4.960000000000000000e+03 3.870000000000000000e+03
4.042346500000000000e+07 3.990000000000000000e+03 1.990000000000000000e+03 4.970000000000000000e+03 3.860000000000000000e+03
4.042368000000000000e+07 3.990000000000000000e+03 1.980000000000000000e+03 4.960000000000000000e+03 3.870000000000000000e+03
4.042388200000000000e+07 3.980000000000000000e+03 1.970000000000000000e+03 4.950000000000000000e+03 3.870000000000000000e+03
4.042409300000000000e+07 3.980000000000000000e+03 1.990000000000000000e+03 4.970000000000000000e+03 3.870000000000000000e+03
4.042430400000000000e+07 3.980000000000000000e+03 1.990000000000000000e+03 4.980000000000000000e+03 3.880000000000000000e+03
4.042451100000000000e+07 3.980000000000000000e+03 1.990000000000000000e+03 4.980000000000000000e+03 3.870000000000000000e+03
4.042471900000000000e+07 3.980000000000000000e+03 1.990000000000000000e+03 4.970000000000000000e+03 3.870000000000000000e+03
4.042492100000000000e+07 3.980000000000000000e+03 1.990000000000000000e+03 4.980000000000000000e+03 3.870000000000000000e+03
4.042513400000000000e+07 3.980000000000000000e+03 1.990000000000000000e+03 4.970000000000000000e+03 3.870000000000000000e+03
4.042534300000000000e+07 3.990000000000000000e+03 2.000000000000000000e+03 4.960000000000000000e+03 3.870000000000000000e+03
4.042555300000000000e+07 3.990000000000000000e+03 2.000000000000000000e+03 4.960000000000000000e+03 3.870000000000000000e+03
4.042576300000000000e+07 3.990000000000000000e+03 2.000000000000000000e+03 4.960000000000000000e+03 3.870000000000000000e+03
4.042595900000000000e+07 3.980000000000000000e+03 2.010000000000000000e+03 4.960000000000000000e+03 3.870000000000000000e+03
4.042617900000000000e+07 3.990000000000000000e+03 2.000000000000000000e+03 4.970000000000000000e+03 3.870000000000000000e+03
4.042637600000000000e+07 3.990000000000000000e+03 2.000000000000000000e+03 4.970000000000000000e+03 3.870000000000000000e+03
4.042658800000000000e+07 3.990000000000000000e+03 1.990000000000000000e+03 4.980000000000000000e+03 3.870000000000000000e+03
4.042679500000000000e+07 3.990000000000000000e+03 1.990000000000000000e+03 4.960000000000000000e+03 3.870000000000000000e+03
4.042700200000000000e+07 3.990000000000000000e+03 1.980000000000000000e+03 4.980000000000000000e+03 3.870000000000000000e+03
4.042721100000000000e+07 3.980000000000000000e+03 1.980000000000000000e+03 4.970000000000000000e+03 3.870000000000000000e+03
4.042742300000000000e+07 3.980000000000000000e+03 1.980000000000000000e+03 4.980000000000000000e+03 3.870000000000000000e+03
4.042763700000000000e+07 3.980000000000000000e+03 1.990000000000000000e+03 4.960000000000000000e+03 3.870000000000000000e+03
4.042784200000000000e+07 3.960000000000000000e+03 1.990000000000000000e+03 4.970000000000000000e+03 3.880000000000000000e+03
4.042805000000000000e+07 3.960000000000000000e+03 1.990000000000000000e+03 4.970000000000000000e+03 3.870000000000000000e+03
4.042824900000000000e+07 3.960000000000000000e+03 1.990000000000000000e+03 4.970000000000000000e+03 3.870000000000000000e+03
4.042845800000000000e+07 3.960000000000000000e+03 1.990000000000000000e+03 4.990000000000000000e+03 3.870000000000000000e+03
4.042867000000000000e+07 3.960000000000000000e+03 1.990000000000000000e+03 4.990000000000000000e+03 3.870000000000000000e+03
4.042887800000000000e+07 3.960000000000000000e+03 1.990000000000000000e+03 4.990000000000000000e+03 3.870000000000000000e+03
4.042908800000000000e+07 3.960000000000000000e+03 2.000000000000000000e+03 4.990000000000000000e+03 3.870000000000000000e+03
4.042928800000000000e+07 3.960000000000000000e+03 2.000000000000000000e+03 4.990000000000000000e+03 3.870000000000000000e+03
4.042950100000000000e+07 3.960000000000000000e+03 1.980000000000000000e+03 4.990000000000000000e+03 3.870000000000000000e+03
4.042970500000000000e+07 3.960000000000000000e+03 1.980000000000000000e+03 4.980000000000000000e+03 3.870000000000000000e+03
4.042992200000000000e+07 3.960000000000000000e+03 1.980000000000000000e+03 4.980000000000000000e+03 3.870000000000000000e+03
4.043012000000000000e+07 3.950000000000000000e+03 1.990000000000000000e+03 4.980000000000000000e+03 3.870000000000000000e+03
4.043033100000000000e+07 3.960000000000000000e+03 1.980000000000000000e+03 4.980000000000000000e+03 3.870000000000000000e+03
4.043053500000000000e+07 3.960000000000000000e+03 1.990000000000000000e+03 4.990000000000000000e+03 3.880000000000000000e+03
4.043075200000000000e+07 3.960000000000000000e+03 1.980000000000000000e+03 4.990000000000000000e+03 3.870000000000000000e+03
4.043095700000000000e+07 3.980000000000000000e+03 1.980000000000000000e+03 4.990000000000000000e+03 3.870000000000000000e+03
4.043117300000000000e+07 3.960000000000000000e+03 1.970000000000000000e+03 4.990000000000000000e+03 3.870000000000000000e+03
4.043136900000000000e+07 3.960000000000000000e+03 1.980000000000000000e+03 4.990000000000000000e+03 3.870000000000000000e+03
4.043158700000000000e+07 3.960000000000000000e+03 1.970000000000000000e+03 4.990000000000000000e+03 3.870000000000000000e+03
4.043178200000000000e+07 3.960000000000000000e+03 1.980000000000000000e+03 4.980000000000000000e+03 3.870000000000000000e+03
4.043200500000000000e+07 3.960000000000000000e+03 1.980000000000000000e+03 4.980000000000000000e+03 3.870000000000000000e+03
4.043220800000000000e+07 3.960000000000000000e+03 1.970000000000000000e+03 4.970000000000000000e+03 3.870000000000000000e+03
4.043241900000000000e+07 3.960000000000000000e+03 1.980000000000000000e+03 4.980000000000000000e+03 3.870000000000000000e+03
4.043261900000000000e+07 3.960000000000000000e+03 1.990000000000000000e+03 4.990000000000000000e+03 3.870000000000000000e+03
4.043283200000000000e+07 3.960000000000000000e+03 2.000000000000000000e+03 4.980000000000000000e+03 3.870000000000000000e+03
4.043303500000000000e+07 3.960000000000000000e+03 1.990000000000000000e+03 4.980000000000000000e+03 3.860000000000000000e+03
4.043324200000000000e+07 3.960000000000000000e+03 1.990000000000000000e+03 4.980000000000000000e+03 3.870000000000000000e+03
4.043344900000000000e+07 3.960000000000000000e+03 1.990000000000000000e+03 4.990000000000000000e+03 3.860000000000000000e+03
4.043365800000000000e+07 3.960000000000000000e+03 1.980000000000000000e+03 4.990000000000000000e+03 3.870000000000000000e+03
4.043387000000000000e+07 3.960000000000000000e+03 1.970000000000000000e+03 4.990000000000000000e+03 3.870000000000000000e+03
4.043408300000000000e+07 3.980000000000000000e+03 1.980000000000000000e+03 4.990000000000000000e+03 3.870000000000000000e+03
4.043428300000000000e+07 3.980000000000000000e+03 1.970000000000000000e+03 4.980000000000000000e+03 3.870000000000000000e+03
4.043449000000000000e+07 3.960000000000000000e+03 1.980000000000000000e+03 4.970000000000000000e+03 3.870000000000000000e+03
4.043469300000000000e+07 3.980000000000000000e+03 1.980000000000000000e+03 4.970000000000000000e+03 3.870000000000000000e+03
4.043491300000000000e+07 3.990000000000000000e+03 1.980000000000000000e+03 4.960000000000000000e+03 3.870000000000000000e+03
4.043512100000000000e+07 3.980000000000000000e+03 1.970000000000000000e+03 4.970000000000000000e+03 3.870000000000000000e+03
4.043532000000000000e+07 3.980000000000000000e+03 1.970000000000000000e+03 4.970000000000000000e+03 3.880000000000000000e+03
4.043553200000000000e+07 3.980000000000000000e+03 1.970000000000000000e+03 4.980000000000000000e+03 3.880000000000000000e+03
4.043573700000000000e+07 3.980000000000000000e+03 1.980000000000000000e+03 4.970000000000000000e+03 3.880000000000000000e+03
4.043595500000000000e+07 3.960000000000000000e+03 1.990000000000000000e+03 4.970000000000000000e+03 3.880000000000000000e+03
4.043616300000000000e+07 3.980000000000000000e+03 1.990000000000000000e+03 4.980000000000000000e+03 3.870000000000000000e+03
4.043637000000000000e+07 3.980000000000000000e+03 2.000000000000000000e+03 4.980000000000000000e+03 3.870000000000000000e+03
4.043656600000000000e+07 3.980000000000000000e+03 2.000000000000000000e+03 4.970000000000000000e+03 3.870000000000000000e+03
4.043677600000000000e+07 3.980000000000000000e+03 1.990000000000000000e+03 4.970000000000000000e+03 3.880000000000000000e+03
4.043698400000000000e+07 3.980000000000000000e+03 1.990000000000000000e+03 4.980000000000000000e+03 3.880000000000000000e+03
4.043719200000000000e+07 3.960000000000000000e+03 2.000000000000000000e+03 4.990000000000000000e+03 3.870000000000000000e+03
4.043741100000000000e+07 3.960000000000000000e+03 2.010000000000000000e+03 4.980000000000000000e+03 3.860000000000000000e+03
4.043760800000000000e+07 3.960000000000000000e+03 1.990000000000000000e+03 4.980000000000000000e+03 3.860000000000000000e+03
4.043782100000000000e+07 3.950000000000000000e+03 1.990000000000000000e+03 4.970000000000000000e+03 3.860000000000000000e+03
4.043803600000000000e+07 3.950000000000000000e+03 1.990000000000000000e+03 4.980000000000000000e+03 3.870000000000000000e+03
4.043823600000000000e+07 3.950000000000000000e+03 2.000000000000000000e+03 4.980000000000000000e+03 3.870000000000000000e+03
4.043844600000000000e+07 3.960000000000000000e+03 2.000000000000000000e+03 4.990000000000000000e+03 3.870000000000000000e+03
4.043864600000000000e+07 3.960000000000000000e+03 2.000000000000000000e+03 4.990000000000000000e+03 3.870000000000000000e+03
4.043886000000000000e+07 3.960000000000000000e+03 1.990000000000000000e+03 4.990000000000000000e+03 3.870000000000000000e+03
4.043906200000000000e+07 3.960000000000000000e+03 1.990000000000000000e+03 4.990000000000000000e+03 3.870000000000000000e+03
4.043927100000000000e+07 3.960000000000000000e+03 1.990000000000000000e+03 5.000000000000000000e+03 3.870000000000000000e+03
4.043948000000000000e+07 3.960000000000000000e+03 2.000000000000000000e+03 4.990000000000000000e+03 3.880000000000000000e+03
4.043968900000000000e+07 3.960000000000000000e+03 2.000000000000000000e+03 4.980000000000000000e+03 3.880000000000000000e+03
4.043990700000000000e+07 3.960000000000000000e+03 2.000000000000000000e+03 4.980000000000000000e+03 3.880000000000000000e+03
4.044010100000000000e+07 3.960000000000000000e+03 2.000000000000000000e+03 4.980000000000000000e+03 3.870000000000000000e+03
4.044031400000000000e+07 3.960000000000000000e+03 1.990000000000000000e+03 4.980000000000000000e+03 3.870000000000000000e+03
4.044052300000000000e+07 3.960000000000000000e+03 1.980000000000000000e+03 4.980000000000000000e+03 3.870000000000000000e+03
4.044072400000000000e+07 3.960000000000000000e+03 1.970000000000000000e+03 4.990000000000000000e+03 3.870000000000000000e+03
4.044093500000000000e+07 3.960000000000000000e+03 1.970000000000000000e+03 5.000000000000000000e+03 3.870000000000000000e+03
4.044115500000000000e+07 3.960000000000000000e+03 1.970000000000000000e+03 4.990000000000000000e+03 3.870000000000000000e+03
4.044135700000000000e+07 3.960000000000000000e+03 1.980000000000000000e+03 4.990000000000000000e+03 3.870000000000000000e+03
4.044156900000000000e+07 3.960000000000000000e+03 1.990000000000000000e+03 4.980000000000000000e+03 3.870000000000000000e+03
4.044176700000000000e+07 3.950000000000000000e+03 1.990000000000000000e+03 4.980000000000000000e+03 3.870000000000000000e+03
4.044197700000000000e+07 3.950000000000000000e+03 1.990000000000000000e+03 4.990000000000000000e+03 3.870000000000000000e+03
4.044219000000000000e+07 3.950000000000000000e+03 1.980000000000000000e+03 4.980000000000000000e+03 3.870000000000000000e+03
4.044240200000000000e+07 3.950000000000000000e+03 1.970000000000000000e+03 4.990000000000000000e+03 3.870000000000000000e+03
4.044260500000000000e+07 3.960000000000000000e+03 1.970000000000000000e+03 4.990000000000000000e+03 3.870000000000000000e+03
4.044281000000000000e+07 3.960000000000000000e+03 1.980000000000000000e+03 4.990000000000000000e+03 3.870000000000000000e+03
4.044301700000000000e+07 3.960000000000000000e+03 1.980000000000000000e+03 4.990000000000000000e+03 3.880000000000000000e+03
4.044322600000000000e+07 3.980000000000000000e+03 1.990000000000000000e+03 4.980000000000000000e+03 3.880000000000000000e+03
4.044343400000000000e+07 3.980000000000000000e+03 1.980000000000000000e+03 4.980000000000000000e+03 3.880000000000000000e+03
4.044364600000000000e+07 3.980000000000000000e+03 1.990000000000000000e+03 4.990000000000000000e+03 3.870000000000000000e+03
4.044385300000000000e+07 3.980000000000000000e+03 1.990000000000000000e+03 4.990000000000000000e+03 3.870000000000000000e+03
4.044405200000000000e+07 3.980000000000000000e+03 1.980000000000000000e+03 4.980000000000000000e+03 3.870000000000000000e+03
4.044426800000000000e+07 3.980000000000000000e+03 1.990000000000000000e+03 4.990000000000000000e+03 3.860000000000000000e+03
4.044448200000000000e+07 3.980000000000000000e+03 1.980000000000000000e+03 4.990000000000000000e+03 3.870000000000000000e+03
4.044468700000000000e+07 3.980000000000000000e+03 1.970000000000000000e+03 4.990000000000000000e+03 3.870000000000000000e+03
4.044489200000000000e+07 3.980000000000000000e+03 1.970000000000000000e+03 4.980000000000000000e+03 3.870000000000000000e+03
4.044510100000000000e+07 3.980000000000000000e+03 1.970000000000000000e+03 4.980000000000000000e+03 3.870000000000000000e+03
4.044530500000000000e+07 3.980000000000000000e+03 1.970000000000000000e+03 4.980000000000000000e+03 3.870000000000000000e+03
4.044552100000000000e+07 3.990000000000000000e+03 1.980000000000000000e+03 4.980000000000000000e+03 3.870000000000000000e+03
4.044571600000000000e+07 3.980000000000000000e+03 1.980000000000000000e+03 4.970000000000000000e+03 3.870000000000000000e+03
4.044592300000000000e+07 3.980000000000000000e+03 1.980000000000000000e+03 4.970000000000000000e+03 3.880000000000000000e+03
4.044613100000000000e+07 3.980000000000000000e+03 1.970000000000000000e+03 4.980000000000000000e+03 3.880000000000000000e+03
4.044635400000000000e+07 3.960000000000000000e+03 1.970000000000000000e+03 4.980000000000000000e+03 3.880000000000000000e+03
4.044655000000000000e+07 3.980000000000000000e+03 1.980000000000000000e+03 4.990000000000000000e+03 3.880000000000000000e+03
4.044675900000000000e+07 3.980000000000000000e+03 1.970000000000000000e+03 4.990000000000000000e+03 3.880000000000000000e+03
4.044696300000000000e+07 3.980000000000000000e+03 1.980000000000000000e+03 4.990000000000000000e+03 3.880000000000000000e+03
4.044717400000000000e+07 3.980000000000000000e+03 1.980000000000000000e+03 4.990000000000000000e+03 3.870000000000000000e+03
4.044738400000000000e+07 3.990000000000000000e+03 1.980000000000000000e+03 4.980000000000000000e+03 3.870000000000000000e+03
4.044759800000000000e+07 3.980000000000000000e+03 1.980000000000000000e+03 4.980000000000000000e+03 3.870000000000000000e+03
4.044780700000000000e+07 3.980000000000000000e+03 1.970000000000000000e+03 4.970000000000000000e+03 3.870000000000000000e+03
4.044801400000000000e+07 3.980000000000000000e+03 1.980000000000000000e+03 4.990000000000000000e+03 3.870000000000000000e+03
4.044821600000000000e+07 3.980000000000000000e+03 1.990000000000000000e+03 4.980000000000000000e+03 3.870000000000000000e+03
4.044842700000000000e+07 3.980000000000000000e+03 1.990000000000000000e+03 4.970000000000000000e+03 3.870000000000000000e+03
4.044863200000000000e+07 3.980000000000000000e+03 1.990000000000000000e+03 4.970000000000000000e+03 3.870000000000000000e+03
4.044883900000000000e+07 3.980000000000000000e+03 1.980000000000000000e+03 4.960000000000000000e+03 3.870000000000000000e+03
4.044904700000000000e+07 3.980000000000000000e+03 1.990000000000000000e+03 4.970000000000000000e+03 3.870000000000000000e+03
4.044925700000000000e+07 3.960000000000000000e+03 1.990000000000000000e+03 4.970000000000000000e+03 3.870000000000000000e+03
4.044947200000000000e+07 3.960000000000000000e+03 2.000000000000000000e+03 4.970000000000000000e+03 3.880000000000000000e+03
4.044967400000000000e+07 3.980000000000000000e+03 1.990000000000000000e+03 4.980000000000000000e+03 3.880000000000000000e+03
4.044988200000000000e+07 3.980000000000000000e+03 2.000000000000000000e+03 4.980000000000000000e+03 3.880000000000000000e+03
4.045008800000000000e+07 3.980000000000000000e+03 2.000000000000000000e+03 4.990000000000000000e+03 3.870000000000000000e+03
4.045030500000000000e+07 3.980000000000000000e+03 1.990000000000000000e+03 4.980000000000000000e+03 3.870000000000000000e+03
4.045051300000000000e+07 3.980000000000000000e+03 2.000000000000000000e+03 4.960000000000000000e+03 3.860000000000000000e+03
4.045071000000000000e+07 3.980000000000000000e+03 1.990000000000000000e+03 4.970000000000000000e+03 3.870000000000000000e+03
4.045091800000000000e+07 3.980000000000000000e+03 1.980000000000000000e+03 4.980000000000000000e+03 3.870000000000000000e+03
4.045113100000000000e+07 3.980000000000000000e+03 1.990000000000000000e+03 4.970000000000000000e+03 3.870000000000000000e+03
4.045133800000000000e+07 3.980000000000000000e+03 1.970000000000000000e+03 4.970000000000000000e+03 3.870000000000000000e+03
4.045154700000000000e+07 3.980000000000000000e+03 1.970000000000000000e+03 4.980000000000000000e+03 3.870000000000000000e+03
4.045175700000000000e+07 3.980000000000000000e+03 1.990000000000000000e+03 4.970000000000000000e+03 3.870000000000000000e+03
4.045195800000000000e+07 3.980000000000000000e+03 1.990000000000000000e+03 4.970000000000000000e+03 3.880000000000000000e+03
4.045216200000000000e+07 3.980000000000000000e+03 1.980000000000000000e+03 4.980000000000000000e+03 3.870000000000000000e+03
4.045238100000000000e+07 3.980000000000000000e+03 1.970000000000000000e+03 4.980000000000000000e+03 3.880000000000000000e+03
4.045258200000000000e+07 3.980000000000000000e+03 1.980000000000000000e+03 4.980000000000000000e+03 3.880000000000000000e+03
4.045278500000000000e+07 3.980000000000000000e+03 1.990000000000000000e+03 4.970000000000000000e+03 3.870000000000000000e+03
4.045299500000000000e+07 3.980000000000000000e+03 1.980000000000000000e+03 4.970000000000000000e+03 3.870000000000000000e+03
4.045321600000000000e+07 3.980000000000000000e+03 1.990000000000000000e+03 4.980000000000000000e+03 3.870000000000000000e+03
4.045341600000000000e+07 3.980000000000000000e+03 1.980000000000000000e+03 4.980000000000000000e+03 3.870000000000000000e+03
4.045361800000000000e+07 3.980000000000000000e+03 1.980000000000000000e+03 4.970000000000000000e+03 3.860000000000000000e+03
4.045383400000000000e+07 3.980000000000000000e+03 1.980000000000000000e+03 4.970000000000000000e+03 3.860000000000000000e+03
4.045404500000000000e+07 3.960000000000000000e+03 1.990000000000000000e+03 4.970000000000000000e+03 3.860000000000000000e+03
4.045424800000000000e+07 3.960000000000000000e+03 1.990000000000000000e+03 4.980000000000000000e+03 3.860000000000000000e+03
4.045445600000000000e+07 3.960000000000000000e+03 1.980000000000000000e+03 4.980000000000000000e+03 3.860000000000000000e+03
4.045466200000000000e+07 3.960000000000000000e+03 1.970000000000000000e+03 4.970000000000000000e+03 3.860000000000000000e+03
4.045487600000000000e+07 3.960000000000000000e+03 1.960000000000000000e+03 4.970000000000000000e+03 3.870000000000000000e+03
4.045508700000000000e+07 3.960000000000000000e+03 1.970000000000000000e+03 4.960000000000000000e+03 3.860000000000000000e+03
4.045528400000000000e+07 3.950000000000000000e+03 1.970000000000000000e+03 4.960000000000000000e+03 3.860000000000000000e+03
4.045549500000000000e+07 3.950000000000000000e+03 1.980000000000000000e+03 4.960000000000000000e+03 3.860000000000000000e+03
4.045570400000000000e+07 3.950000000000000000e+03 1.970000000000000000e+03 4.960000000000000000e+03 3.860000000000000000e+03
4.045590500000000000e+07 3.950000000000000000e+03 1.970000000000000000e+03 4.970000000000000000e+03 3.860000000000000000e+03
4.045612600000000000e+07 3.950000000000000000e+03 1.970000000000000000e+03 4.980000000000000000e+03 3.870000000000000000e+03
4.045632400000000000e+07 3.950000000000000000e+03 1.980000000000000000e+03 4.970000000000000000e+03 3.870000000000000000e+03
4.045653900000000000e+07 3.950000000000000000e+03 1.990000000000000000e+03 4.970000000000000000e+03 3.870000000000000000e+03
4.045674700000000000e+07 3.950000000000000000e+03 1.980000000000000000e+03 4.970000000000000000e+03 3.870000000000000000e+03
4.045695000000000000e+07 3.960000000000000000e+03 1.990000000000000000e+03 4.970000000000000000e+03 3.870000000000000000e+03
4.045716500000000000e+07 3.960000000000000000e+03 2.000000000000000000e+03 4.960000000000000000e+03 3.880000000000000000e+03
4.045736500000000000e+07 3.960000000000000000e+03 1.990000000000000000e+03 4.970000000000000000e+03 3.880000000000000000e+03
4.045758200000000000e+07 3.960000000000000000e+03 1.980000000000000000e+03 4.980000000000000000e+03 3.880000000000000000e+03
4.045777900000000000e+07 3.960000000000000000e+03 1.970000000000000000e+03 4.970000000000000000e+03 3.880000000000000000e+03
4.045799000000000000e+07 3.980000000000000000e+03 1.970000000000000000e+03 4.970000000000000000e+03 3.880000000000000000e+03
4.045819800000000000e+07 3.980000000000000000e+03 1.970000000000000000e+03 4.970000000000000000e+03 3.870000000000000000e+03
4.045840900000000000e+07 3.980000000000000000e+03 1.980000000000000000e+03 4.960000000000000000e+03 3.870000000000000000e+03
4.045861300000000000e+07 3.990000000000000000e+03 1.970000000000000000e+03 4.960000000000000000e+03 3.860000000000000000e+03
4.045882400000000000e+07 3.980000000000000000e+03 1.980000000000000000e+03 4.960000000000000000e+03 3.860000000000000000e+03
4.045902800000000000e+07 3.980000000000000000e+03 1.970000000000000000e+03 4.960000000000000000e+03 3.870000000000000000e+03
4.045924400000000000e+07 3.990000000000000000e+03 1.980000000000000000e+03 4.970000000000000000e+03 3.870000000000000000e+03
4.045945000000000000e+07 3.990000000000000000e+03 1.980000000000000000e+03 4.970000000000000000e+03 3.870000000000000000e+03
4.045965900000000000e+07 3.990000000000000000e+03 1.990000000000000000e+03 4.980000000000000000e+03 3.870000000000000000e+03
4.045986200000000000e+07 3.990000000000000000e+03 1.990000000000000000e+03 4.970000000000000000e+03 3.870000000000000000e+03
4.050007500000000000e+07 3.990000000000000000e+03 1.990000000000000000e+03 4.980000000000000000e+03 3.870000000000000000e+03
4.050027300000000000e+07 3.980000000000000000e+03 1.980000000000000000e+03 4.990000000000000000e+03 3.870000000000000000e+03
4.050049400000000000e+07 3.980000000000000000e+03 1.980000000000000000e+03 4.970000000000000000e+03 3.870000000000000000e+03
4.050069500000000000e+07 3.960000000000000000e+03 1.970000000000000000e+03 4.980000000000000000e+03 3.870000000000000000e+03
4.050090500000000000e+07 3.960000000000000000e+03 1.960000000000000000e+03 4.990000000000000000e+03 3.860000000000000000e+03
4.050110500000000000e+07 3.980000000000000000e+03 1.970000000000000000e+03 4.990000000000000000e+03 3.860000000000000000e+03
4.050131400000000000e+07 3.980000000000000000e+03 1.980000000000000000e+03 4.980000000000000000e+03 3.860000000000000000e+03
4.050152600000000000e+07 3.980000000000000000e+03 1.980000000000000000e+03 4.970000000000000000e+03 3.870000000000000000e+03
4.050173300000000000e+07 3.980000000000000000e+03 1.980000000000000000e+03 4.970000000000000000e+03 3.870000000000000000e+03
4.050194200000000000e+07 3.980000000000000000e+03 1.980000000000000000e+03 4.970000000000000000e+03 3.870000000000000000e+03
4.050214800000000000e+07 3.980000000000000000e+03 1.980000000000000000e+03 4.980000000000000000e+03 3.870000000000000000e+03
4.050236400000000000e+07 3.990000000000000000e+03 1.980000000000000000e+03 4.990000000000000000e+03 3.870000000000000000e+03
4.050257200000000000e+07 3.980000000000000000e+03 1.980000000000000000e+03 4.990000000000000000e+03 3.870000000000000000e+03
4.050278100000000000e+07 3.980000000000000000e+03 1.980000000000000000e+03 4.990000000000000000e+03 3.870000000000000000e+03
4.050299000000000000e+07 3.980000000000000000e+03 1.990000000000000000e+03 4.980000000000000000e+03 3.870000000000000000e+03
4.050319200000000000e+07 3.980000000000000000e+03 1.990000000000000000e+03 4.980000000000000000e+03 3.860000000000000000e+03
4.050339500000000000e+07 3.980000000000000000e+03 1.980000000000000000e+03 4.980000000000000000e+03 3.860000000000000000e+03
4.050360900000000000e+07 3.980000000000000000e+03 1.980000000000000000e+03 4.970000000000000000e+03 3.870000000000000000e+03
4.050381300000000000e+07 3.960000000000000000e+03 1.980000000000000000e+03 4.970000000000000000e+03 3.870000000000000000e+03
4.050402400000000000e+07 3.980000000000000000e+03 1.980000000000000000e+03 4.970000000000000000e+03 3.870000000000000000e+03
4.050423000000000000e+07 3.980000000000000000e+03 1.990000000000000000e+03 4.970000000000000000e+03 3.870000000000000000e+03
4.050444500000000000e+07 3.990000000000000000e+03 1.980000000000000000e+03 4.970000000000000000e+03 3.870000000000000000e+03
4.050465000000000000e+07 3.980000000000000000e+03 1.990000000000000000e+03 4.960000000000000000e+03 3.870000000000000000e+03
4.050485300000000000e+07 3.980000000000000000e+03 1.990000000000000000e+03 4.960000000000000000e+03 3.870000000000000000e+03
4.050506500000000000e+07 3.980000000000000000e+03 1.990000000000000000e+03 4.960000000000000000e+03 3.870000000000000000e+03
4.050527400000000000e+07 3.960000000000000000e+03 1.990000000000000000e+03 4.970000000000000000e+03 3.880000000000000000e+03
4.050548400000000000e+07 3.960000000000000000e+03 1.990000000000000000e+03 4.980000000000000000e+03 3.880000000000000000e+03
4.050569400000000000e+07 3.990000000000000000e+03 1.980000000000000000e+03 4.980000000000000000e+03 3.880000000000000000e+03
4.050589100000000000e+07 4.000000000000000000e+03 1.980000000000000000e+03 4.970000000000000000e+03 3.870000000000000000e+03
4.050609700000000000e+07 4.000000000000000000e+03 1.980000000000000000e+03 4.980000000000000000e+03 3.870000000000000000e+03
4.050631200000000000e+07 4.000000000000000000e+03 1.990000000000000000e+03 4.980000000000000000e+03 3.870000000000000000e+03
4.050651600000000000e+07 3.990000000000000000e+03 1.990000000000000000e+03 4.970000000000000000e+03 3.870000000000000000e+03
4.050672500000000000e+07 3.990000000000000000e+03 1.980000000000000000e+03 4.980000000000000000e+03 3.870000000000000000e+03
4.050693100000000000e+07 3.980000000000000000e+03 1.990000000000000000e+03 4.980000000000000000e+03 3.870000000000000000e+03
4.050714600000000000e+07 3.980000000000000000e+03 1.990000000000000000e+03 4.980000000000000000e+03 3.880000000000000000e+03
4.050735500000000000e+07 3.990000000000000000e+03 1.990000000000000000e+03 4.990000000000000000e+03 3.880000000000000000e+03
4.050756000000000000e+07 3.990000000000000000e+03 1.980000000000000000e+03 4.990000000000000000e+03 3.870000000000000000e+03
4.050775900000000000e+07 4.000000000000000000e+03 1.970000000000000000e+03 4.990000000000000000e+03 3.880000000000000000e+03
4.050796800000000000e+07 3.990000000000000000e+03 1.980000000000000000e+03 4.990000000000000000e+03 3.870000000000000000e+03
4.050818400000000000e+07 3.980000000000000000e+03 1.980000000000000000e+03 4.980000000000000000e+03 3.870000000000000000e+03
4.050839600000000000e+07 3.990000000000000000e+03 1.980000000000000000e+03 4.980000000000000000e+03 3.870000000000000000e+03
4.050859500000000000e+07 3.990000000000000000e+03 1.990000000000000000e+03 4.990000000000000000e+03 3.870000000000000000e+03
4.050880700000000000e+07 3.980000000000000000e+03 1.970000000000000000e+03 4.980000000000000000e+03 3.870000000000000000e+03
4.050900800000000000e+07 3.980000000000000000e+03 1.980000000000000000e+03 4.980000000000000000e+03 3.870000000000000000e+03
4.050922300000000000e+07 3.990000000000000000e+03 1.980000000000000000e+03 4.980000000000000000e+03 3.870000000000000000e+03
4.050942700000000000e+07 3.980000000000000000e+03 1.980000000000000000e+03 4.990000000000000000e+03 3.870000000000000000e+03
4.050964000000000000e+07 3.980000000000000000e+03 1.980000000000000000e+03 4.980000000000000000e+03 3.870000000000000000e+03
4.050984700000000000e+07 3.990000000000000000e+03 1.990000000000000000e+03 4.980000000000000000e+03 3.870000000000000000e+03
4.051005900000000000e+07 3.980000000000000000e+03 2.000000000000000000e+03 4.990000000000000000e+03 3.870000000000000000e+03
4.051025700000000000e+07 3.990000000000000000e+03 1.990000000000000000e+03 4.990000000000000000e+03 3.870000000000000000e+03
4.051046700000000000e+07 3.990000000000000000e+03 1.990000000000000000e+03 4.990000000000000000e+03 3.880000000000000000e+03
4.051067400000000000e+07 3.990000000000000000e+03 1.990000000000000000e+03 4.980000000000000000e+03 3.880000000000000000e+03
4.051089000000000000e+07 3.990000000000000000e+03 1.980000000000000000e+03 4.990000000000000000e+03 3.880000000000000000e+03
4.051109600000000000e+07 3.990000000000000000e+03 1.970000000000000000e+03 4.990000000000000000e+03 3.880000000000000000e+03
4.051129600000000000e+07 3.990000000000000000e+03 1.980000000000000000e+03 4.990000000000000000e+03 3.870000000000000000e+03
4.051151200000000000e+07 4.000000000000000000e+03 1.980000000000000000e+03 4.980000000000000000e+03 3.870000000000000000e+03
4.051172400000000000e+07 3.990000000000000000e+03 1.980000000000000000e+03 4.980000000000000000e+03 3.870000000000000000e+03
4.051192300000000000e+07 4.000000000000000000e+03 1.990000000000000000e+03 4.970000000000000000e+03 3.870000000000000000e+03
4.051213100000000000e+07 4.000000000000000000e+03 1.990000000000000000e+03 4.960000000000000000e+03 3.870000000000000000e+03
4.051233500000000000e+07 4.000000000000000000e+03 1.990000000000000000e+03 4.960000000000000000e+03 3.870000000000000000e+03
4.051254200000000000e+07 4.000000000000000000e+03 1.990000000000000000e+03 4.960000000000000000e+03 3.870000000000000000e+03
4.051275600000000000e+07 4.000000000000000000e+03 1.990000000000000000e+03 4.960000000000000000e+03 3.870000000000000000e+03
4.051296100000000000e+07 4.000000000000000000e+03 1.990000000000000000e+03 4.970000000000000000e+03 3.870000000000000000e+03
4.051317200000000000e+07 4.000000000000000000e+03 1.990000000000000000e+03 4.970000000000000000e+03 3.870000000000000000e+03
4.051338100000000000e+07 4.000000000000000000e+03 1.990000000000000000e+03 4.980000000000000000e+03 3.870000000000000000e+03
4.051359500000000000e+07 4.000000000000000000e+03 1.980000000000000000e+03 4.990000000000000000e+03 3.870000000000000000e+03
4.051380400000000000e+07 3.990000000000000000e+03 1.990000000000000000e+03 4.990000000000000000e+03 3.870000000000000000e+03
4.051400300000000000e+07 4.000000000000000000e+03 1.970000000000000000e+03 4.980000000000000000e+03 3.870000000000000000e+03
4.051420500000000000e+07 3.990000000000000000e+03 1.970000000000000000e+03 4.980000000000000000e+03 3.870000000000000000e+03
4.051442700000000000e+07 4.000000000000000000e+03 1.960000000000000000e+03 4.980000000000000000e+03 3.870000000000000000e+03
4.051463600000000000e+07 3.990000000000000000e+03 1.980000000000000000e+03 4.980000000000000000e+03 3.870000000000000000e+03
4.051483900000000000e+07 3.980000000000000000e+03 1.990000000000000000e+03 4.980000000000000000e+03 3.880000000000000000e+03
4.051505100000000000e+07 3.990000000000000000e+03 1.980000000000000000e+03 4.980000000000000000e+03 3.880000000000000000e+03
4.051525900000000000e+07 3.990000000000000000e+03 1.980000000000000000e+03 4.980000000000000000e+03 3.870000000000000000e+03
4.051546700000000000e+07 3.990000000000000000e+03 1.980000000000000000e+03 4.990000000000000000e+03 3.870000000000000000e+03
4.051569100000000000e+07 3.980000000000000000e+03 1.980000000000000000e+03 4.990000000000000000e+03 3.870000000000000000e+03
4.051588300000000000e+07 3.980000000000000000e+03 1.980000000000000000e+03 4.970000000000000000e+03 3.870000000000000000e+03
4.051609100000000000e+07 3.980000000000000000e+03 1.980000000000000000e+03 4.980000000000000000e+03 3.870000000000000000e+03
4.051629900000000000e+07 3.980000000000000000e+03 1.990000000000000000e+03 4.990000000000000000e+03 3.880000000000000000e+03
4.051649900000000000e+07 3.980000000000000000e+03 1.980000000000000000e+03 4.980000000000000000e+03 3.870000000000000000e+03
4.051671500000000000e+07 3.980000000000000000e+03 1.990000000000000000e+03 4.980000000000000000e+03 3.870000000000000000e+03
4.051692300000000000e+07 3.980000000000000000e+03 1.990000000000000000e+03 4.990000000000000000e+03 3.870000000000000000e+03
4.051712600000000000e+07 3.980000000000000000e+03 1.990000000000000000e+03 4.990000000000000000e+03 3.870000000000000000e+03
4.051733600000000000e+07 3.980000000000000000e+03 1.990000000000000000e+03 4.980000000000000000e+03 3.870000000000000000e+03
4.051754600000000000e+07 3.990000000000000000e+03 1.980000000000000000e+03 4.990000000000000000e+03 3.880000000000000000e+03
4.051775400000000000e+07 3.990000000000000000e+03 1.980000000000000000e+03 4.990000000000000000e+03 3.870000000000000000e+03
4.051795100000000000e+07 3.980000000000000000e+03 1.970000000000000000e+03 4.980000000000000000e+03 3.870000000000000000e+03
4.051817100000000000e+07 3.980000000000000000e+03 1.970000000000000000e+03 4.970000000000000000e+03 3.870000000000000000e+03
4.051837500000000000e+07 3.980000000000000000e+03 1.970000000000000000e+03 4.980000000000000000e+03 3.870000000000000000e+03
4.051858600000000000e+07 3.980000000000000000e+03 1.980000000000000000e+03 4.990000000000000000e+03 3.880000000000000000e+03
4.051879400000000000e+07 3.980000000000000000e+03 1.980000000000000000e+03 5.000000000000000000e+03 3.880000000000000000e+03
4.051900300000000000e+07 3.980000000000000000e+03 1.980000000000000000e+03 5.000000000000000000e+03 3.870000000000000000e+03
4.051920600000000000e+07 3.980000000000000000e+03 1.980000000000000000e+03 4.990000000000000000e+03 3.870000000000000000e+03
4.051941800000000000e+07 3.960000000000000000e+03 1.990000000000000000e+03 4.980000000000000000e+03 3.870000000000000000e+03
4.051962700000000000e+07 3.960000000000000000e+03 2.000000000000000000e+03 4.970000000000000000e+03 3.870000000000000000e+03
4.051983400000000000e+07 3.960000000000000000e+03 2.010000000000000000e+03 4.970000000000000000e+03 3.870000000000000000e+03
4.052045800000000000e+07 3.980000000000000000e+03 2.000000000000000000e+03 4.980000000000000000e+03 3.870000000000000000e+03
4.052072500000000000e+07 3.980000000000000000e+03 2.000000000000000000e+03 4.970000000000000000e+03 3.860000000000000000e+03
4.052087400000000000e+07 3.980000000000000000e+03 2.000000000000000000e+03 4.980000000000000000e+03 3.870000000000000000e+03
4.052106900000000000e+07 3.980000000000000000e+03 1.990000000000000000e+03 4.980000000000000000e+03 3.870000000000000000e+03
4.052129000000000000e+07 3.990000000000000000e+03 1.990000000000000000e+03 4.970000000000000000e+03 3.880000000000000000e+03
