4.535364400000000000e+07 5.790000000000000000e+03 4.080000000000000000e+03 4.090000000000000000e+03 1.420000000000000000e+03
4.535384700000000000e+07 5.790000000000000000e+03 4.080000000000000000e+03 4.110000000000000000e+03 1.420000000000000000e+03
4.535405000000000000e+07 5.790000000000000000e+03 4.080000000000000000e+03 4.110000000000000000e+03 1.420000000000000000e+03
4.535426000000000000e+07 5.790000000000000000e+03 4.080000000000000000e+03 4.120000000000000000e+03 1.420000000000000000e+03
4.535447100000000000e+07 5.790000000000000000e+03 4.080000000000000000e+03 4.110000000000000000e+03 1.420000000000000000e+03
4.535466500000000000e+07 5.790000000000000000e+03 4.080000000000000000e+03 4.110000000000000000e+03 1.430000000000000000e+03
4.535489700000000000e+07 5.790000000000000000e+03 4.070000000000000000e+03 4.110000000000000000e+03 1.430000000000000000e+03
4.535510200000000000e+07 5.800000000000000000e+03 4.090000000000000000e+03 4.110000000000000000e+03 1.420000000000000000e+03
4.535531900000000000e+07 5.800000000000000000e+03 4.080000000000000000e+03 4.110000000000000000e+03 1.420000000000000000e+03
4.535551300000000000e+07 5.810000000000000000e+03 4.080000000000000000e+03 4.110000000000000000e+03 1.420000000000000000e+03
4.535571900000000000e+07 5.810000000000000000e+03 4.080000000000000000e+03 4.100000000000000000e+03 1.420000000000000000e+03
4.535594200000000000e+07 5.800000000000000000e+03 4.080000000000000000e+03 4.100000000000000000e+03 1.410000000000000000e+03
4.535614300000000000e+07 5.790000000000000000e+03 4.080000000000000000e+03 4.110000000000000000e+03 1.410000000000000000e+03
4.535635200000000000e+07 5.790000000000000000e+03 4.080000000000000000e+03 4.120000000000000000e+03 1.440000000000000000e+03
4.535656700000000000e+07 5.800000000000000000e+03 4.080000000000000000e+03 4.110000000000000000e+03 1.450000000000000000e+03
4.535676500000000000e+07 5.790000000000000000e+03 4.070000000000000000e+03 4.110000000000000000e+03 1.440000000000000000e+03
4.535698000000000000e+07 5.790000000000000000e+03 4.080000000000000000e+03 4.110000000000000000e+03 1.440000000000000000e+03
4.535719000000000000e+07 5.790000000000000000e+03 4.080000000000000000e+03 4.120000000000000000e+03 1.440000000000000000e+03
4.535739800000000000e+07 5.800000000000000000e+03 4.080000000000000000e+03 4.120000000000000000e+03 1.430000000000000000e+03
4.535760500000000000e+07 5.800000000000000000e+03 4.070000000000000000e+03 4.120000000000000000e+03 1.430000000000000000e+03
4.535780400000000000e+07 5.800000000000000000e+03 4.070000000000000000e+03 4.110000000000000000e+03 1.440000000000000000e+03
4.535803600000000000e+07 5.790000000000000000e+03 4.070000000000000000e+03 4.110000000000000000e+03 1.430000000000000000e+03
4.535823100000000000e+07 5.790000000000000000e+03 4.070000000000000000e+03 4.110000000000000000e+03 1.420000000000000000e+03
4.535845300000000000e+07 5.790000000000000000e+03 4.070000000000000000e+03 4.110000000000000000e+03 1.430000000000000000e+03
4.535865900000000000e+07 5.790000000000000000e+03 4.070000000000000000e+03 4.110000000000000000e+03 1.420000000000000000e+03
4.535885800000000000e+07 5.790000000000000000e+03 4.070000000000000000e+03 4.110000000000000000e+03 1.420000000000000000e+03
4.535907000000000000e+07 5.790000000000000000e+03 4.070000000000000000e+03 4.100000000000000000e+03 1.420000000000000000e+03
4.535927200000000000e+07 5.790000000000000000e+03 4.070000000000000000e+03 4.100000000000000000e+03 1.420000000000000000e+03
4.535948300000000000e+07 5.790000000000000000e+03 4.070000000000000000e+03 4.110000000000000000e+03 1.430000000000000000e+03
4.535969600000000000e+07 5.790000000000000000e+03 4.070000000000000000e+03 4.110000000000000000e+03 1.420000000000000000e+03
4.535990600000000000e+07 5.790000000000000000e+03 4.070000000000000000e+03 4.110000000000000000e+03 1.410000000000000000e+03
4.540010900000000000e+07 5.780000000000000000e+03 4.070000000000000000e+03 4.110000000000000000e+03 1.410000000000000000e+03
4.540031000000000000e+07 5.790000000000000000e+03 4.070000000000000000e+03 4.110000000000000000e+03 1.420000000000000000e+03
4.540053100000000000e+07 5.790000000000000000e+03 4.070000000000000000e+03 4.100000000000000000e+03 1.420000000000000000e+03
4.540074100000000000e+07 5.790000000000000000e+03 4.070000000000000000e+03 4.090000000000000000e+03 1.420000000000000000e+03
4.540094900000000000e+07 5.790000000000000000e+03 4.070000000000000000e+03 4.100000000000000000e+03 1.410000000000000000e+03
4.540115500000000000e+07 5.780000000000000000e+03 4.070000000000000000e+03 4.100000000000000000e+03 1.420000000000000000e+03
4.540142200000000000e+07 5.780000000000000000e+03 4.060000000000000000e+03 4.090000000000000000e+03 1.420000000000000000e+03
4.540158200000000000e+07 5.780000000000000000e+03 4.070000000000000000e+03 4.090000000000000000e+03 1.420000000000000000e+03
4.540179300000000000e+07 5.780000000000000000e+03 4.060000000000000000e+03 4.100000000000000000e+03 1.420000000000000000e+03
4.540199500000000000e+07 5.780000000000000000e+03 4.060000000000000000e+03 4.100000000000000000e+03 1.410000000000000000e+03
4.540221200000000000e+07 5.790000000000000000e+03 4.070000000000000000e+03 4.110000000000000000e+03 1.430000000000000000e+03
4.540242100000000000e+07 5.790000000000000000e+03 4.070000000000000000e+03 4.110000000000000000e+03 1.410000000000000000e+03
4.540262600000000000e+07 5.790000000000000000e+03 4.070000000000000000e+03 4.110000000000000000e+03 1.420000000000000000e+03
4.540283600000000000e+07 5.790000000000000000e+03 4.070000000000000000e+03 4.100000000000000000e+03 1.420000000000000000e+03
4.540304000000000000e+07 5.790000000000000000e+03 4.070000000000000000e+03 4.110000000000000000e+03 1.420000000000000000e+03
4.540326100000000000e+07 5.790000000000000000e+03 4.070000000000000000e+03 4.110000000000000000e+03 1.420000000000000000e+03
4.540345800000000000e+07 5.790000000000000000e+03 4.080000000000000000e+03 4.100000000000000000e+03 1.420000000000000000e+03
4.540366800000000000e+07 5.790000000000000000e+03 4.080000000000000000e+03 4.090000000000000000e+03 1.420000000000000000e+03
4.540387700000000000e+07 5.790000000000000000e+03 4.080000000000000000e+03 4.090000000000000000e+03 1.430000000000000000e+03
4.540408500000000000e+07 5.790000000000000000e+03 4.080000000000000000e+03 4.080000000000000000e+03 1.430000000000000000e+03
4.540428100000000000e+07 5.790000000000000000e+03 4.080000000000000000e+03 4.080000000000000000e+03 1.430000000000000000e+03
4.540450500000000000e+07 5.790000000000000000e+03 4.080000000000000000e+03 4.090000000000000000e+03 1.430000000000000000e+03
4.540472400000000000e+07 5.790000000000000000e+03 4.080000000000000000e+03 4.080000000000000000e+03 1.430000000000000000e+03
4.540493200000000000e+07 5.790000000000000000e+03 4.080000000000000000e+03 4.080000000000000000e+03 1.440000000000000000e+03
4.540513100000000000e+07 5.790000000000000000e+03 4.080000000000000000e+03 4.080000000000000000e+03 1.440000000000000000e+03
4.540533700000000000e+07 5.790000000000000000e+03 4.080000000000000000e+03 4.080000000000000000e+03 1.440000000000000000e+03
4.540555600000000000e+07 5.800000000000000000e+03 4.080000000000000000e+03 4.100000000000000000e+03 1.420000000000000000e+03
4.540576000000000000e+07 5.790000000000000000e+03 4.070000000000000000e+03 4.090000000000000000e+03 1.410000000000000000e+03
4.540596300000000000e+07 5.790000000000000000e+03 4.080000000000000000e+03 4.080000000000000000e+03 1.410000000000000000e+03
4.540617600000000000e+07 5.790000000000000000e+03 4.080000000000000000e+03 4.080000000000000000e+03 1.410000000000000000e+03
4.540637500000000000e+07 5.800000000000000000e+03 4.080000000000000000e+03 4.090000000000000000e+03 1.410000000000000000e+03
4.540659200000000000e+07 5.800000000000000000e+03 4.070000000000000000e+03 4.080000000000000000e+03 1.410000000000000000e+03
4.540679600000000000e+07 5.790000000000000000e+03 4.080000000000000000e+03 4.080000000000000000e+03 1.420000000000000000e+03
4.540700700000000000e+07 5.790000000000000000e+03 4.080000000000000000e+03 4.080000000000000000e+03 1.420000000000000000e+03
4.540721700000000000e+07 5.790000000000000000e+03 4.060000000000000000e+03 4.080000000000000000e+03 1.420000000000000000e+03
4.540741700000000000e+07 5.790000000000000000e+03 4.060000000000000000e+03 4.080000000000000000e+03 1.420000000000000000e+03
4.540763600000000000e+07 5.790000000000000000e+03 4.060000000000000000e+03 4.080000000000000000e+03 1.430000000000000000e+03
4.540785800000000000e+07 5.790000000000000000e+03 4.060000000000000000e+03 4.080000000000000000e+03 1.440000000000000000e+03
4.540806700000000000e+07 5.790000000000000000e+03 4.080000000000000000e+03 4.080000000000000000e+03 1.430000000000000000e+03
4.540827300000000000e+07 5.790000000000000000e+03 4.080000000000000000e+03 4.080000000000000000e+03 1.420000000000000000e+03
4.540847200000000000e+07 5.790000000000000000e+03 4.080000000000000000e+03 4.080000000000000000e+03 1.420000000000000000e+03
4.540867700000000000e+07 5.780000000000000000e+03 4.080000000000000000e+03 4.080000000000000000e+03 1.420000000000000000e+03
4.540889900000000000e+07 5.780000000000000000e+03 4.080000000000000000e+03 4.080000000000000000e+03 1.410000000000000000e+03
4.540910700000000000e+07 5.780000000000000000e+03 4.070000000000000000e+03 4.080000000000000000e+03 1.430000000000000000e+03
4.540931500000000000e+07 5.780000000000000000e+03 4.070000000000000000e+03 4.090000000000000000e+03 1.430000000000000000e+03
4.540951600000000000e+07 5.780000000000000000e+03 4.070000000000000000e+03 4.090000000000000000e+03 1.430000000000000000e+03
4.540972600000000000e+07 5.790000000000000000e+03 4.070000000000000000e+03 4.090000000000000000e+03 1.430000000000000000e+03
4.540992500000000000e+07 5.790000000000000000e+03 4.070000000000000000e+03 4.080000000000000000e+03 1.440000000000000000e+03
4.541013200000000000e+07 5.790000000000000000e+03 4.080000000000000000e+03 4.080000000000000000e+03 1.440000000000000000e+03
4.541035200000000000e+07 5.800000000000000000e+03 4.090000000000000000e+03 4.080000000000000000e+03 1.440000000000000000e+03
4.541056300000000000e+07 5.800000000000000000e+03 4.090000000000000000e+03 4.090000000000000000e+03 1.450000000000000000e+03
4.541075600000000000e+07 5.800000000000000000e+03 4.080000000000000000e+03 4.090000000000000000e+03 1.440000000000000000e+03
4.541099100000000000e+07 5.800000000000000000e+03 4.080000000000000000e+03 4.100000000000000000e+03 1.430000000000000000e+03
4.541119800000000000e+07 5.800000000000000000e+03 4.080000000000000000e+03 4.090000000000000000e+03 1.430000000000000000e+03
4.541141000000000000e+07 5.800000000000000000e+03 4.090000000000000000e+03 4.090000000000000000e+03 1.430000000000000000e+03
4.541161200000000000e+07 5.800000000000000000e+03 4.080000000000000000e+03 4.090000000000000000e+03 1.420000000000000000e+03
4.541182300000000000e+07 5.800000000000000000e+03 4.080000000000000000e+03 4.100000000000000000e+03 1.420000000000000000e+03
4.541203100000000000e+07 5.790000000000000000e+03 4.080000000000000000e+03 4.110000000000000000e+03 1.420000000000000000e+03
4.541222900000000000e+07 5.790000000000000000e+03 4.070000000000000000e+03 4.110000000000000000e+03 1.400000000000000000e+03
4.541244900000000000e+07 5.790000000000000000e+03 4.070000000000000000e+03 4.110000000000000000e+03 1.410000000000000000e+03
4.541264400000000000e+07 5.790000000000000000e+03 4.070000000000000000e+03 4.110000000000000000e+03 1.420000000000000000e+03
4.541285300000000000e+07 5.790000000000000000e+03 4.070000000000000000e+03 4.110000000000000000e+03 1.420000000000000000e+03
4.541306900000000000e+07 5.790000000000000000e+03 4.080000000000000000e+03 4.120000000000000000e+03 1.410000000000000000e+03
4.541326900000000000e+07 5.800000000000000000e+03 4.080000000000000000e+03 4.120000000000000000e+03 1.410000000000000000e+03
4.541348600000000000e+07 5.800000000000000000e+03 4.070000000000000000e+03 4.120000000000000000e+03 1.420000000000000000e+03
4.541369600000000000e+07 5.790000000000000000e+03 4.070000000000000000e+03 4.110000000000000000e+03 1.420000000000000000e+03
4.541390600000000000e+07 5.790000000000000000e+03 4.070000000000000000e+03 4.120000000000000000e+03 1.420000000000000000e+03
4.541410400000000000e+07 5.790000000000000000e+03 4.060000000000000000e+03 4.120000000000000000e+03 1.420000000000000000e+03
4.541432400000000000e+07 5.790000000000000000e+03 4.060000000000000000e+03 4.120000000000000000e+03 1.420000000000000000e+03
4.541453800000000000e+07 5.790000000000000000e+03 4.070000000000000000e+03 4.110000000000000000e+03 1.410000000000000000e+03
4.541475200000000000e+07 5.790000000000000000e+03 4.070000000000000000e+03 4.110000000000000000e+03 1.430000000000000000e+03
4.541496000000000000e+07 5.790000000000000000e+03 4.070000000000000000e+03 4.100000000000000000e+03 1.430000000000000000e+03
4.541517100000000000e+07 5.790000000000000000e+03 4.070000000000000000e+03 4.100000000000000000e+03 1.430000000000000000e+03
4.541536900000000000e+07 5.790000000000000000e+03 4.070000000000000000e+03 4.100000000000000000e+03 1.430000000000000000e+03
4.541558500000000000e+07 5.790000000000000000e+03 4.080000000000000000e+03 4.100000000000000000e+03 1.440000000000000000e+03
4.541578600000000000e+07 5.790000000000000000e+03 4.080000000000000000e+03 4.100000000000000000e+03 1.430000000000000000e+03
4.541599100000000000e+07 5.790000000000000000e+03 4.080000000000000000e+03 4.090000000000000000e+03 1.440000000000000000e+03
4.541620200000000000e+07 5.780000000000000000e+03 4.080000000000000000e+03 4.090000000000000000e+03 1.440000000000000000e+03
4.541641600000000000e+07 5.780000000000000000e+03 4.080000000000000000e+03 4.090000000000000000e+03 1.440000000000000000e+03
4.541662200000000000e+07 5.780000000000000000e+03 4.080000000000000000e+03 4.090000000000000000e+03 1.430000000000000000e+03
4.541682200000000000e+07 5.780000000000000000e+03 4.080000000000000000e+03 4.100000000000000000e+03 1.430000000000000000e+03
4.541703100000000000e+07 5.780000000000000000e+03 4.080000000000000000e+03 4.100000000000000000e+03 1.420000000000000000e+03
4.541723500000000000e+07 5.780000000000000000e+03 4.080000000000000000e+03 4.110000000000000000e+03 1.430000000000000000e+03
4.541746200000000000e+07 5.790000000000000000e+03 4.070000000000000000e+03 4.110000000000000000e+03 1.430000000000000000e+03
4.541766800000000000e+07 5.790000000000000000e+03 4.070000000000000000e+03 4.110000000000000000e+03 1.430000000000000000e+03
4.541788900000000000e+07 5.790000000000000000e+03 4.070000000000000000e+03 4.110000000000000000e+03 1.430000000000000000e+03
4.541809000000000000e+07 5.790000000000000000e+03 4.070000000000000000e+03 4.110000000000000000e+03 1.440000000000000000e+03
4.541830400000000000e+07 5.790000000000000000e+03 4.070000000000000000e+03 4.110000000000000000e+03 1.440000000000000000e+03
4.541850000000000000e+07 5.790000000000000000e+03 4.070000000000000000e+03 4.110000000000000000e+03 1.430000000000000000e+03
4.541872100000000000e+07 5.800000000000000000e+03 4.070000000000000000e+03 4.110000000000000000e+03 1.430000000000000000e+03
4.541892900000000000e+07 5.800000000000000000e+03 4.070000000000000000e+03 4.110000000000000000e+03 1.440000000000000000e+03
4.541913100000000000e+07 5.800000000000000000e+03 4.070000000000000000e+03 4.110000000000000000e+03 1.430000000000000000e+03
4.541934100000000000e+07 5.790000000000000000e+03 4.070000000000000000e+03 4.120000000000000000e+03 1.440000000000000000e+03
4.541954000000000000e+07 5.790000000000000000e+03 4.070000000000000000e+03 4.110000000000000000e+03 1.440000000000000000e+03
4.541975300000000000e+07 5.790000000000000000e+03 4.080000000000000000e+03 4.110000000000000000e+03 1.440000000000000000e+03
4.541995500000000000e+07 5.780000000000000000e+03 4.080000000000000000e+03 4.110000000000000000e+03 1.440000000000000000e+03
4.542016900000000000e+07 5.780000000000000000e+03 4.080000000000000000e+03 4.100000000000000000e+03 1.430000000000000000e+03
4.542037600000000000e+07 5.780000000000000000e+03 4.080000000000000000e+03 4.090000000000000000e+03 1.440000000000000000e+03
4.542058700000000000e+07 5.780000000000000000e+03 4.080000000000000000e+03 4.100000000000000000e+03 1.430000000000000000e+03
4.542080300000000000e+07 5.780000000000000000e+03 4.080000000000000000e+03 4.100000000000000000e+03 1.420000000000000000e+03
4.542101700000000000e+07 5.780000000000000000e+03 4.080000000000000000e+03 4.100000000000000000e+03 1.400000000000000000e+03
4.542122100000000000e+07 5.780000000000000000e+03 4.080000000000000000e+03 4.090000000000000000e+03 1.400000000000000000e+03
4.542142800000000000e+07 5.790000000000000000e+03 4.090000000000000000e+03 4.110000000000000000e+03 1.400000000000000000e+03
4.542163900000000000e+07 5.800000000000000000e+03 4.080000000000000000e+03 4.110000000000000000e+03 1.400000000000000000e+03
4.542185300000000000e+07 5.800000000000000000e+03 4.070000000000000000e+03 4.110000000000000000e+03 1.410000000000000000e+03
4.542205600000000000e+07 5.790000000000000000e+03 4.070000000000000000e+03 4.120000000000000000e+03 1.420000000000000000e+03
4.542227200000000000e+07 5.790000000000000000e+03 4.070000000000000000e+03 4.120000000000000000e+03 1.430000000000000000e+03
4.542247700000000000e+07 5.800000000000000000e+03 4.070000000000000000e+03 4.130000000000000000e+03 1.430000000000000000e+03
4.542268800000000000e+07 5.800000000000000000e+03 4.070000000000000000e+03 4.140000000000000000e+03 1.430000000000000000e+03
4.542288600000000000e+07 5.790000000000000000e+03 4.070000000000000000e+03 4.140000000000000000e+03 1.430000000000000000e+03
4.542310100000000000e+07 5.780000000000000000e+03 4.070000000000000000e+03 4.130000000000000000e+03 1.430000000000000000e+03
4.542329800000000000e+07 5.790000000000000000e+03 4.070000000000000000e+03 4.130000000000000000e+03 1.430000000000000000e+03
4.542351800000000000e+07 5.790000000000000000e+03 4.070000000000000000e+03 4.140000000000000000e+03 1.430000000000000000e+03
4.542371400000000000e+07 5.800000000000000000e+03 4.070000000000000000e+03 4.130000000000000000e+03 1.430000000000000000e+03
4.542393200000000000e+07 5.800000000000000000e+03 4.070000000000000000e+03 4.140000000000000000e+03 1.430000000000000000e+03
4.542413200000000000e+07 5.800000000000000000e+03 4.080000000000000000e+03 4.130000000000000000e+03 1.440000000000000000e+03
4.542435400000000000e+07 5.800000000000000000e+03 4.080000000000000000e+03 4.120000000000000000e+03 1.430000000000000000e+03
4.542456700000000000e+07 5.800000000000000000e+03 4.080000000000000000e+03 4.110000000000000000e+03 1.420000000000000000e+03
4.542478400000000000e+07 5.800000000000000000e+03 4.080000000000000000e+03 4.100000000000000000e+03 1.420000000000000000e+03
4.542499200000000000e+07 5.800000000000000000e+03 4.080000000000000000e+03 4.100000000000000000e+03 1.420000000000000000e+03
4.542519200000000000e+07 5.790000000000000000e+03 4.090000000000000000e+03 4.100000000000000000e+03 1.410000000000000000e+03
4.542539700000000000e+07 5.800000000000000000e+03 4.090000000000000000e+03 4.090000000000000000e+03 1.430000000000000000e+03
4.542561600000000000e+07 5.800000000000000000e+03 4.080000000000000000e+03 4.090000000000000000e+03 1.430000000000000000e+03
4.542581100000000000e+07 5.790000000000000000e+03 4.080000000000000000e+03 4.110000000000000000e+03 1.420000000000000000e+03
4.542603200000000000e+07 5.790000000000000000e+03 4.070000000000000000e+03 4.110000000000000000e+03 1.420000000000000000e+03
4.542623700000000000e+07 5.790000000000000000e+03 4.080000000000000000e+03 4.100000000000000000e+03 1.410000000000000000e+03
4.542644000000000000e+07 5.790000000000000000e+03 4.080000000000000000e+03 4.120000000000000000e+03 1.410000000000000000e+03
4.542665400000000000e+07 5.800000000000000000e+03 4.090000000000000000e+03 4.110000000000000000e+03 1.410000000000000000e+03
4.542685300000000000e+07 5.800000000000000000e+03 4.080000000000000000e+03 4.110000000000000000e+03 1.410000000000000000e+03
4.542707100000000000e+07 5.790000000000000000e+03 4.080000000000000000e+03 4.110000000000000000e+03 1.410000000000000000e+03
4.542726900000000000e+07 5.790000000000000000e+03 4.080000000000000000e+03 4.110000000000000000e+03 1.420000000000000000e+03
4.542747300000000000e+07 5.790000000000000000e+03 4.080000000000000000e+03 4.110000000000000000e+03 1.430000000000000000e+03
4.542769300000000000e+07 5.800000000000000000e+03 4.090000000000000000e+03 4.110000000000000000e+03 1.430000000000000000e+03
4.542791400000000000e+07 5.800000000000000000e+03 4.080000000000000000e+03 4.100000000000000000e+03 1.430000000000000000e+03
4.542812000000000000e+07 5.800000000000000000e+03 4.080000000000000000e+03 4.110000000000000000e+03 1.430000000000000000e+03
4.542833200000000000e+07 5.800000000000000000e+03 4.080000000000000000e+03 4.110000000000000000e+03 1.430000000000000000e+03
4.542853800000000000e+07 5.790000000000000000e+03 4.080000000000000000e+03 4.120000000000000000e+03 1.430000000000000000e+03
4.542875000000000000e+07 5.780000000000000000e+03 4.080000000000000000e+03 4.120000000000000000e+03 1.430000000000000000e+03
4.542895500000000000e+07 5.780000000000000000e+03 4.080000000000000000e+03 4.120000000000000000e+03 1.410000000000000000e+03
4.542916700000000000e+07 5.780000000000000000e+03 4.080000000000000000e+03 4.120000000000000000e+03 1.410000000000000000e+03
4.542937900000000000e+07 5.780000000000000000e+03 4.070000000000000000e+03 4.120000000000000000e+03 1.420000000000000000e+03
4.542958300000000000e+07 5.790000000000000000e+03 4.070000000000000000e+03 4.110000000000000000e+03 1.420000000000000000e+03
4.542979100000000000e+07 5.790000000000000000e+03 4.080000000000000000e+03 4.110000000000000000e+03 1.420000000000000000e+03
4.542998800000000000e+07 5.800000000000000000e+03 4.080000000000000000e+03 4.100000000000000000e+03 1.420000000000000000e+03
4.543020700000000000e+07 5.790000000000000000e+03 4.080000000000000000e+03 4.100000000000000000e+03 1.440000000000000000e+03
4.543041400000000000e+07 5.790000000000000000e+03 4.080000000000000000e+03 4.100000000000000000e+03 1.430000000000000000e+03
4.543062300000000000e+07 5.790000000000000000e+03 4.080000000000000000e+03 4.100000000000000000e+03 1.430000000000000000e+03
4.543082500000000000e+07 5.790000000000000000e+03 4.080000000000000000e+03 4.110000000000000000e+03 1.430000000000000000e+03
4.543103600000000000e+07 5.780000000000000000e+03 4.080000000000000000e+03 4.110000000000000000e+03 1.430000000000000000e+03
4.543123600000000000e+07 5.790000000000000000e+03 4.080000000000000000e+03 4.100000000000000000e+03 1.430000000000000000e+03
4.543145500000000000e+07 5.790000000000000000e+03 4.090000000000000000e+03 4.100000000000000000e+03 1.430000000000000000e+03
4.543167500000000000e+07 5.790000000000000000e+03 4.080000000000000000e+03 4.100000000000000000e+03 1.430000000000000000e+03
4.543188400000000000e+07 5.780000000000000000e+03 4.080000000000000000e+03 4.100000000000000000e+03 1.420000000000000000e+03
4.543208100000000000e+07 5.780000000000000000e+03 4.080000000000000000e+03 4.100000000000000000e+03 1.420000000000000000e+03
4.543230200000000000e+07 5.780000000000000000e+03 4.080000000000000000e+03 4.100000000000000000e+03 1.430000000000000000e+03
4.543249700000000000e+07 5.780000000000000000e+03 4.080000000000000000e+03 4.110000000000000000e+03 1.430000000000000000e+03
4.543271800000000000e+07 5.780000000000000000e+03 4.080000000000000000e+03 4.110000000000000000e+03 1.430000000000000000e+03
4.543291300000000000e+07 5.790000000000000000e+03 4.080000000000000000e+03 4.110000000000000000e+03 1.430000000000000000e+03
4.543313400000000000e+07 5.790000000000000000e+03 4.080000000000000000e+03 4.100000000000000000e+03 1.430000000000000000e+03
4.543334200000000000e+07 5.800000000000000000e+03 4.090000000000000000e+03 4.100000000000000000e+03 1.430000000000000000e+03
4.543354100000000000e+07 5.800000000000000000e+03 4.090000000000000000e+03 4.110000000000000000e+03 1.430000000000000000e+03
4.543375700000000000e+07 5.790000000000000000e+03 4.090000000000000000e+03 4.110000000000000000e+03 1.430000000000000000e+03
4.543396500000000000e+07 5.790000000000000000e+03 4.090000000000000000e+03 4.110000000000000000e+03 1.440000000000000000e+03
4.543417100000000000e+07 5.800000000000000000e+03 4.080000000000000000e+03 4.110000000000000000e+03 1.430000000000000000e+03
4.543437700000000000e+07 5.800000000000000000e+03 4.080000000000000000e+03 4.110000000000000000e+03 1.430000000000000000e+03
4.543458900000000000e+07 5.800000000000000000e+03 4.090000000000000000e+03 4.120000000000000000e+03 1.430000000000000000e+03
4.543478500000000000e+07 5.800000000000000000e+03 4.090000000000000000e+03 4.110000000000000000e+03 1.420000000000000000e+03
4.543501900000000000e+07 5.790000000000000000e+03 4.080000000000000000e+03 4.110000000000000000e+03 1.420000000000000000e+03
4.543522700000000000e+07 5.800000000000000000e+03 4.080000000000000000e+03 4.110000000000000000e+03 1.420000000000000000e+03
4.543543500000000000e+07 5.800000000000000000e+03 4.080000000000000000e+03 4.110000000000000000e+03 1.430000000000000000e+03
4.543563200000000000e+07 5.810000000000000000e+03 4.090000000000000000e+03 4.110000000000000000e+03 1.440000000000000000e+03
4.543585300000000000e+07 5.790000000000000000e+03 4.090000000000000000e+03 4.110000000000000000e+03 1.440000000000000000e+03
4.543606200000000000e+07 5.800000000000000000e+03 4.080000000000000000e+03 4.100000000000000000e+03 1.440000000000000000e+03
4.543626100000000000e+07 5.800000000000000000e+03 4.070000000000000000e+03 4.110000000000000000e+03 1.430000000000000000e+03
4.543647500000000000e+07 5.800000000000000000e+03 4.070000000000000000e+03 4.110000000000000000e+03 1.420000000000000000e+03
4.543672300000000000e+07 5.800000000000000000e+03 4.070000000000000000e+03 4.110000000000000000e+03 1.430000000000000000e+03
4.543689100000000000e+07 5.810000000000000000e+03 4.070000000000000000e+03 4.100000000000000000e+03 1.430000000000000000e+03
4.543710200000000000e+07 5.810000000000000000e+03 4.070000000000000000e+03 4.100000000000000000e+03 1.430000000000000000e+03
4.543815000000000000e+07 5.800000000000000000e+03 4.070000000000000000e+03 4.090000000000000000e+03 1.420000000000000000e+03
4.543837700000000000e+07 5.790000000000000000e+03 4.070000000000000000e+03 4.090000000000000000e+03 1.420000000000000000e+03
4.543857300000000000e+07 5.800000000000000000e+03 4.070000000000000000e+03 4.090000000000000000e+03 1.430000000000000000e+03
4.543876800000000000e+07 5.800000000000000000e+03 4.070000000000000000e+03 4.100000000000000000e+03 1.430000000000000000e+03
4.543898900000000000e+07 5.800000000000000000e+03 4.070000000000000000e+03 4.100000000000000000e+03 1.430000000000000000e+03
4.543919600000000000e+07 5.800000000000000000e+03 4.070000000000000000e+03 4.090000000000000000e+03 1.430000000000000000e+03
4.543940500000000000e+07 5.800000000000000000e+03 4.070000000000000000e+03 4.100000000000000000e+03 1.430000000000000000e+03
4.543960200000000000e+07 5.800000000000000000e+03 4.070000000000000000e+03 4.100000000000000000e+03 1.430000000000000000e+03
4.543981400000000000e+07 5.800000000000000000e+03 4.070000000000000000e+03 4.090000000000000000e+03 1.430000000000000000e+03
4.544002900000000000e+07 5.790000000000000000e+03 4.060000000000000000e+03 4.090000000000000000e+03 1.440000000000000000e+03
4.544023600000000000e+07 5.790000000000000000e+03 4.070000000000000000e+03 4.100000000000000000e+03 1.440000000000000000e+03
4.544044500000000000e+07 5.790000000000000000e+03 4.070000000000000000e+03 4.100000000000000000e+03 1.430000000000000000e+03
4.544065300000000000e+07 5.790000000000000000e+03 4.070000000000000000e+03 4.100000000000000000e+03 1.430000000000000000e+03
4.544086100000000000e+07 5.790000000000000000e+03 4.070000000000000000e+03 4.100000000000000000e+03 1.430000000000000000e+03
4.544106800000000000e+07 5.790000000000000000e+03 4.070000000000000000e+03 4.100000000000000000e+03 1.430000000000000000e+03
4.544127700000000000e+07 5.790000000000000000e+03 4.080000000000000000e+03 4.100000000000000000e+03 1.430000000000000000e+03
4.544150300000000000e+07 5.800000000000000000e+03 4.080000000000000000e+03 4.110000000000000000e+03 1.430000000000000000e+03
4.544170900000000000e+07 5.800000000000000000e+03 4.080000000000000000e+03 4.110000000000000000e+03 1.430000000000000000e+03
4.544191600000000000e+07 5.800000000000000000e+03 4.080000000000000000e+03 4.110000000000000000e+03 1.420000000000000000e+03
4.544212500000000000e+07 5.800000000000000000e+03 4.080000000000000000e+03 4.100000000000000000e+03 1.430000000000000000e+03
