4.580208300000000000e+07 5.120000000000000000e+03 3.150000000000000000e+03 4.450000000000000000e+03 2.240000000000000000e+03
4.580228800000000000e+07 5.120000000000000000e+03 3.150000000000000000e+03 4.450000000000000000e+03 2.220000000000000000e+03
4.580249800000000000e+07 5.120000000000000000e+03 3.150000000000000000e+03 4.440000000000000000e+03 2.200000000000000000e+03
4.580270600000000000e+07 5.130000000000000000e+03 3.150000000000000000e+03 4.450000000000000000e+03 2.200000000000000000e+03
4.580291800000000000e+07 5.130000000000000000e+03 3.150000000000000000e+03 4.450000000000000000e+03 2.200000000000000000e+03
4.580313300000000000e+07 5.130000000000000000e+03 3.150000000000000000e+03 4.450000000000000000e+03 2.220000000000000000e+03
4.580395500000000000e+07 5.140000000000000000e+03 3.140000000000000000e+03 4.450000000000000000e+03 2.230000000000000000e+03
4.580415000000000000e+07 5.130000000000000000e+03 3.140000000000000000e+03 4.450000000000000000e+03 2.240000000000000000e+03
4.580436100000000000e+07 5.120000000000000000e+03 3.140000000000000000e+03 4.440000000000000000e+03 2.240000000000000000e+03
4.580456400000000000e+07 5.140000000000000000e+03 3.150000000000000000e+03 4.450000000000000000e+03 2.240000000000000000e+03
4.580478600000000000e+07 5.130000000000000000e+03 3.160000000000000000e+03 4.450000000000000000e+03 2.250000000000000000e+03
4.580499400000000000e+07 5.120000000000000000e+03 3.160000000000000000e+03 4.450000000000000000e+03 2.250000000000000000e+03
4.580520200000000000e+07 5.130000000000000000e+03 3.160000000000000000e+03 4.450000000000000000e+03 2.250000000000000000e+03
4.580539700000000000e+07 5.130000000000000000e+03 3.160000000000000000e+03 4.450000000000000000e+03 2.240000000000000000e+03
4.580560900000000000e+07 5.130000000000000000e+03 3.160000000000000000e+03 4.450000000000000000e+03 2.230000000000000000e+03
4.580582500000000000e+07 5.130000000000000000e+03 3.160000000000000000e+03 4.440000000000000000e+03 2.240000000000000000e+03
4.580603100000000000e+07 5.130000000000000000e+03 3.150000000000000000e+03 4.440000000000000000e+03 2.220000000000000000e+03
4.580622600000000000e+07 5.130000000000000000e+03 3.150000000000000000e+03 4.450000000000000000e+03 2.210000000000000000e+03
4.580644600000000000e+07 5.130000000000000000e+03 3.150000000000000000e+03 4.450000000000000000e+03 2.230000000000000000e+03
4.580664600000000000e+07 5.130000000000000000e+03 3.150000000000000000e+03 4.440000000000000000e+03 2.220000000000000000e+03
4.580686300000000000e+07 5.120000000000000000e+03 3.150000000000000000e+03 4.440000000000000000e+03 2.220000000000000000e+03
4.580707000000000000e+07 5.120000000000000000e+03 3.150000000000000000e+03 4.440000000000000000e+03 2.210000000000000000e+03
4.580728100000000000e+07 5.130000000000000000e+03 3.160000000000000000e+03 4.440000000000000000e+03 2.220000000000000000e+03
4.580748200000000000e+07 5.130000000000000000e+03 3.160000000000000000e+03 4.440000000000000000e+03 2.230000000000000000e+03
4.580769500000000000e+07 5.130000000000000000e+03 3.160000000000000000e+03 4.440000000000000000e+03 2.220000000000000000e+03
4.580790300000000000e+07 5.130000000000000000e+03 3.160000000000000000e+03 4.440000000000000000e+03 2.210000000000000000e+03
4.580811100000000000e+07 5.130000000000000000e+03 3.160000000000000000e+03 4.440000000000000000e+03 2.220000000000000000e+03
4.580832100000000000e+07 5.130000000000000000e+03 3.150000000000000000e+03 4.440000000000000000e+03 2.240000000000000000e+03
4.580851800000000000e+07 5.120000000000000000e+03 3.150000000000000000e+03 4.440000000000000000e+03 2.240000000000000000e+03
4.580873000000000000e+07 5.120000000000000000e+03 3.150000000000000000e+03 4.440000000000000000e+03 2.250000000000000000e+03
4.580893900000000000e+07 5.120000000000000000e+03 3.150000000000000000e+03 4.430000000000000000e+03 2.230000000000000000e+03
4.580915100000000000e+07 5.120000000000000000e+03 3.160000000000000000e+03 4.430000000000000000e+03 2.220000000000000000e+03
4.580935200000000000e+07 5.130000000000000000e+03 3.160000000000000000e+03 4.430000000000000000e+03 2.230000000000000000e+03
4.580955900000000000e+07 5.120000000000000000e+03 3.160000000000000000e+03 4.440000000000000000e+03 2.230000000000000000e+03
4.580976900000000000e+07 5.120000000000000000e+03 3.160000000000000000e+03 4.430000000000000000e+03 2.220000000000000000e+03
4.580997300000000000e+07 5.120000000000000000e+03 3.150000000000000000e+03 4.430000000000000000e+03 2.220000000000000000e+03
4.581019000000000000e+07 5.110000000000000000e+03 3.150000000000000000e+03 4.430000000000000000e+03 2.230000000000000000e+03
4.581066600000000000e+07 5.120000000000000000e+03 3.140000000000000000e+03 4.430000000000000000e+03 2.230000000000000000e+03
4.581066800000000000e+07 5.120000000000000000e+03 3.140000000000000000e+03 4.430000000000000000e+03 2.220000000000000000e+03
4.581080800000000000e+07 5.120000000000000000e+03 3.140000000000000000e+03 4.430000000000000000e+03 2.200000000000000000e+03
4.581101000000000000e+07 5.120000000000000000e+03 3.140000000000000000e+03 4.430000000000000000e+03 2.200000000000000000e+03
4.581123100000000000e+07 5.120000000000000000e+03 3.140000000000000000e+03 4.430000000000000000e+03 2.200000000000000000e+03
4.581144100000000000e+07 5.120000000000000000e+03 3.140000000000000000e+03 4.430000000000000000e+03 2.200000000000000000e+03
4.581163700000000000e+07 5.120000000000000000e+03 3.140000000000000000e+03 4.430000000000000000e+03 2.200000000000000000e+03
4.581184600000000000e+07 5.120000000000000000e+03 3.150000000000000000e+03 4.430000000000000000e+03 2.230000000000000000e+03
4.581205200000000000e+07 5.120000000000000000e+03 3.150000000000000000e+03 4.430000000000000000e+03 2.220000000000000000e+03
4.581226600000000000e+07 5.130000000000000000e+03 3.150000000000000000e+03 4.430000000000000000e+03 2.220000000000000000e+03
4.581246500000000000e+07 5.130000000000000000e+03 3.140000000000000000e+03 4.430000000000000000e+03 2.230000000000000000e+03
4.581267900000000000e+07 5.120000000000000000e+03 3.140000000000000000e+03 4.430000000000000000e+03 2.230000000000000000e+03
4.581289200000000000e+07 5.120000000000000000e+03 3.140000000000000000e+03 4.440000000000000000e+03 2.220000000000000000e+03
4.581309400000000000e+07 5.120000000000000000e+03 3.140000000000000000e+03 4.430000000000000000e+03 2.220000000000000000e+03
4.581329900000000000e+07 5.120000000000000000e+03 3.140000000000000000e+03 4.430000000000000000e+03 2.230000000000000000e+03
4.581350900000000000e+07 5.110000000000000000e+03 3.140000000000000000e+03 4.430000000000000000e+03 2.230000000000000000e+03
4.581372400000000000e+07 5.110000000000000000e+03 3.140000000000000000e+03 4.440000000000000000e+03 2.210000000000000000e+03
4.581393100000000000e+07 5.120000000000000000e+03 3.140000000000000000e+03 4.440000000000000000e+03 2.210000000000000000e+03
4.581413200000000000e+07 5.120000000000000000e+03 3.140000000000000000e+03 4.450000000000000000e+03 2.200000000000000000e+03
4.581434800000000000e+07 5.120000000000000000e+03 3.150000000000000000e+03 4.450000000000000000e+03 2.220000000000000000e+03
4.581456000000000000e+07 5.130000000000000000e+03 3.150000000000000000e+03 4.440000000000000000e+03 2.230000000000000000e+03
4.581476800000000000e+07 5.130000000000000000e+03 3.150000000000000000e+03 4.450000000000000000e+03 2.240000000000000000e+03
4.581496800000000000e+07 5.120000000000000000e+03 3.150000000000000000e+03 4.440000000000000000e+03 2.240000000000000000e+03
4.581518100000000000e+07 5.130000000000000000e+03 3.150000000000000000e+03 4.440000000000000000e+03 2.250000000000000000e+03
4.581539100000000000e+07 5.120000000000000000e+03 3.150000000000000000e+03 4.440000000000000000e+03 2.250000000000000000e+03
4.581559900000000000e+07 5.120000000000000000e+03 3.150000000000000000e+03 4.450000000000000000e+03 2.240000000000000000e+03
4.581580600000000000e+07 5.120000000000000000e+03 3.150000000000000000e+03 4.450000000000000000e+03 2.230000000000000000e+03
4.581601600000000000e+07 5.120000000000000000e+03 3.140000000000000000e+03 4.450000000000000000e+03 2.220000000000000000e+03
4.581621500000000000e+07 5.130000000000000000e+03 3.140000000000000000e+03 4.450000000000000000e+03 2.230000000000000000e+03
4.581641800000000000e+07 5.130000000000000000e+03 3.140000000000000000e+03 4.450000000000000000e+03 2.230000000000000000e+03
4.581663300000000000e+07 5.120000000000000000e+03 3.150000000000000000e+03 4.450000000000000000e+03 2.230000000000000000e+03
4.581683600000000000e+07 5.130000000000000000e+03 3.150000000000000000e+03 4.440000000000000000e+03 2.240000000000000000e+03
4.581704200000000000e+07 5.120000000000000000e+03 3.150000000000000000e+03 4.440000000000000000e+03 2.230000000000000000e+03
4.581726000000000000e+07 5.110000000000000000e+03 3.150000000000000000e+03 4.450000000000000000e+03 2.230000000000000000e+03
4.581745700000000000e+07 5.110000000000000000e+03 3.150000000000000000e+03 4.450000000000000000e+03 2.230000000000000000e+03
4.581767300000000000e+07 5.100000000000000000e+03 3.150000000000000000e+03 4.450000000000000000e+03 2.220000000000000000e+03
4.581788300000000000e+07 5.110000000000000000e+03 3.150000000000000000e+03 4.440000000000000000e+03 2.230000000000000000e+03
4.581808400000000000e+07 5.110000000000000000e+03 3.150000000000000000e+03 4.440000000000000000e+03 2.210000000000000000e+03
4.581830300000000000e+07 5.130000000000000000e+03 3.150000000000000000e+03 4.440000000000000000e+03 2.230000000000000000e+03
4.581849800000000000e+07 5.120000000000000000e+03 3.160000000000000000e+03 4.450000000000000000e+03 2.220000000000000000e+03
4.581871300000000000e+07 5.110000000000000000e+03 3.160000000000000000e+03 4.430000000000000000e+03 2.240000000000000000e+03
4.581892500000000000e+07 5.110000000000000000e+03 3.150000000000000000e+03 4.430000000000000000e+03 2.220000000000000000e+03
4.581912600000000000e+07 5.130000000000000000e+03 3.150000000000000000e+03 4.430000000000000000e+03 2.230000000000000000e+03
4.581934700000000000e+07 5.120000000000000000e+03 3.150000000000000000e+03 4.420000000000000000e+03 2.220000000000000000e+03
4.581956300000000000e+07 5.130000000000000000e+03 3.150000000000000000e+03 4.430000000000000000e+03 2.210000000000000000e+03
4.581976300000000000e+07 5.130000000000000000e+03 3.150000000000000000e+03 4.430000000000000000e+03 2.220000000000000000e+03
4.581998100000000000e+07 5.130000000000000000e+03 3.150000000000000000e+03 4.440000000000000000e+03 2.230000000000000000e+03
4.582017800000000000e+07 5.120000000000000000e+03 3.150000000000000000e+03 4.450000000000000000e+03 2.220000000000000000e+03
4.582039700000000000e+07 5.120000000000000000e+03 3.150000000000000000e+03 4.440000000000000000e+03 2.220000000000000000e+03
4.582059500000000000e+07 5.120000000000000000e+03 3.150000000000000000e+03 4.440000000000000000e+03 2.220000000000000000e+03
4.582081300000000000e+07 5.110000000000000000e+03 3.150000000000000000e+03 4.440000000000000000e+03 2.220000000000000000e+03
4.582100800000000000e+07 5.120000000000000000e+03 3.150000000000000000e+03 4.440000000000000000e+03 2.210000000000000000e+03
4.582122200000000000e+07 5.120000000000000000e+03 3.150000000000000000e+03 4.440000000000000000e+03 2.210000000000000000e+03
4.582142500000000000e+07 5.130000000000000000e+03 3.160000000000000000e+03 4.440000000000000000e+03 2.210000000000000000e+03
4.582164200000000000e+07 5.120000000000000000e+03 3.160000000000000000e+03 4.440000000000000000e+03 2.210000000000000000e+03
4.582185400000000000e+07 5.120000000000000000e+03 3.160000000000000000e+03 4.430000000000000000e+03 2.220000000000000000e+03
4.582223900000000000e+07 5.120000000000000000e+03 3.160000000000000000e+03 4.430000000000000000e+03 2.220000000000000000e+03
4.582246300000000000e+07 5.120000000000000000e+03 3.160000000000000000e+03 4.420000000000000000e+03 2.240000000000000000e+03
4.582266900000000000e+07 5.120000000000000000e+03 3.160000000000000000e+03 4.420000000000000000e+03 2.250000000000000000e+03
4.582287700000000000e+07 5.120000000000000000e+03 3.160000000000000000e+03 4.420000000000000000e+03 2.250000000000000000e+03
4.582329100000000000e+07 5.120000000000000000e+03 3.160000000000000000e+03 4.420000000000000000e+03 2.260000000000000000e+03
4.582369500000000000e+07 5.130000000000000000e+03 3.160000000000000000e+03 4.430000000000000000e+03 2.260000000000000000e+03
4.582390800000000000e+07 5.120000000000000000e+03 3.150000000000000000e+03 4.430000000000000000e+03 2.250000000000000000e+03
4.582411300000000000e+07 5.120000000000000000e+03 3.150000000000000000e+03 4.430000000000000000e+03 2.220000000000000000e+03
4.582432400000000000e+07 5.130000000000000000e+03 3.150000000000000000e+03 4.430000000000000000e+03 2.220000000000000000e+03
4.582453400000000000e+07 5.130000000000000000e+03 3.150000000000000000e+03 4.430000000000000000e+03 2.240000000000000000e+03
4.582475000000000000e+07 5.130000000000000000e+03 3.150000000000000000e+03 4.430000000000000000e+03 2.230000000000000000e+03
4.582495800000000000e+07 5.120000000000000000e+03 3.140000000000000000e+03 4.440000000000000000e+03 2.240000000000000000e+03
4.582516600000000000e+07 5.120000000000000000e+03 3.140000000000000000e+03 4.440000000000000000e+03 2.230000000000000000e+03
4.582537400000000000e+07 5.110000000000000000e+03 3.150000000000000000e+03 4.440000000000000000e+03 2.220000000000000000e+03
4.582565200000000000e+07 5.110000000000000000e+03 3.150000000000000000e+03 4.440000000000000000e+03 2.240000000000000000e+03
4.582579000000000000e+07 5.100000000000000000e+03 3.150000000000000000e+03 4.440000000000000000e+03 2.240000000000000000e+03
4.582599000000000000e+07 5.110000000000000000e+03 3.150000000000000000e+03 4.440000000000000000e+03 2.230000000000000000e+03
4.582619300000000000e+07 5.110000000000000000e+03 3.150000000000000000e+03 4.440000000000000000e+03 2.230000000000000000e+03
4.582641300000000000e+07 5.120000000000000000e+03 3.140000000000000000e+03 4.440000000000000000e+03 2.240000000000000000e+03
4.582662000000000000e+07 5.120000000000000000e+03 3.140000000000000000e+03 4.440000000000000000e+03 2.240000000000000000e+03
4.582682300000000000e+07 5.120000000000000000e+03 3.140000000000000000e+03 4.440000000000000000e+03 2.230000000000000000e+03
4.582702500000000000e+07 5.130000000000000000e+03 3.140000000000000000e+03 4.430000000000000000e+03 2.220000000000000000e+03
4.582723200000000000e+07 5.110000000000000000e+03 3.140000000000000000e+03 4.430000000000000000e+03 2.230000000000000000e+03
4.582744600000000000e+07 5.110000000000000000e+03 3.150000000000000000e+03 4.430000000000000000e+03 2.220000000000000000e+03
4.582765500000000000e+07 5.120000000000000000e+03 3.150000000000000000e+03 4.430000000000000000e+03 2.220000000000000000e+03
4.582785700000000000e+07 5.130000000000000000e+03 3.150000000000000000e+03 4.430000000000000000e+03 2.220000000000000000e+03
4.582806800000000000e+07 5.130000000000000000e+03 3.150000000000000000e+03 4.440000000000000000e+03 2.220000000000000000e+03
4.582827400000000000e+07 5.120000000000000000e+03 3.150000000000000000e+03 4.440000000000000000e+03 2.210000000000000000e+03
4.582848300000000000e+07 5.110000000000000000e+03 3.160000000000000000e+03 4.430000000000000000e+03 2.220000000000000000e+03
4.582869800000000000e+07 5.120000000000000000e+03 3.160000000000000000e+03 4.430000000000000000e+03 2.230000000000000000e+03
4.582890800000000000e+07 5.130000000000000000e+03 3.160000000000000000e+03 4.430000000000000000e+03 2.230000000000000000e+03
4.582910600000000000e+07 5.130000000000000000e+03 3.160000000000000000e+03 4.430000000000000000e+03 2.220000000000000000e+03
4.582931100000000000e+07 5.120000000000000000e+03 3.160000000000000000e+03 4.430000000000000000e+03 2.220000000000000000e+03
4.582953200000000000e+07 5.120000000000000000e+03 3.160000000000000000e+03 4.430000000000000000e+03 2.210000000000000000e+03
4.582973500000000000e+07 5.120000000000000000e+03 3.150000000000000000e+03 4.430000000000000000e+03 2.210000000000000000e+03
4.583014600000000000e+07 5.130000000000000000e+03 3.150000000000000000e+03 4.440000000000000000e+03 2.230000000000000000e+03
4.583035000000000000e+07 5.130000000000000000e+03 3.160000000000000000e+03 4.440000000000000000e+03 2.220000000000000000e+03
4.583055800000000000e+07 5.110000000000000000e+03 3.150000000000000000e+03 4.430000000000000000e+03 2.230000000000000000e+03
4.583077500000000000e+07 5.110000000000000000e+03 3.150000000000000000e+03 4.430000000000000000e+03 2.220000000000000000e+03
4.583097600000000000e+07 5.110000000000000000e+03 3.150000000000000000e+03 4.430000000000000000e+03 2.230000000000000000e+03
4.583118100000000000e+07 5.110000000000000000e+03 3.150000000000000000e+03 4.430000000000000000e+03 2.230000000000000000e+03
4.583140400000000000e+07 5.110000000000000000e+03 3.160000000000000000e+03 4.430000000000000000e+03 2.220000000000000000e+03
4.583160700000000000e+07 5.100000000000000000e+03 3.160000000000000000e+03 4.440000000000000000e+03 2.210000000000000000e+03
4.583180600000000000e+07 5.100000000000000000e+03 3.150000000000000000e+03 4.440000000000000000e+03 2.210000000000000000e+03
4.583201900000000000e+07 5.110000000000000000e+03 3.150000000000000000e+03 4.430000000000000000e+03 2.220000000000000000e+03
4.583223600000000000e+07 5.120000000000000000e+03 3.150000000000000000e+03 4.430000000000000000e+03 2.210000000000000000e+03
4.583244100000000000e+07 5.120000000000000000e+03 3.140000000000000000e+03 4.430000000000000000e+03 2.210000000000000000e+03
4.583265200000000000e+07 5.110000000000000000e+03 3.140000000000000000e+03 4.430000000000000000e+03 2.200000000000000000e+03
4.583285900000000000e+07 5.100000000000000000e+03 3.140000000000000000e+03 4.440000000000000000e+03 2.220000000000000000e+03
4.583305900000000000e+07 5.110000000000000000e+03 3.140000000000000000e+03 4.440000000000000000e+03 2.230000000000000000e+03
4.583326700000000000e+07 5.120000000000000000e+03 3.140000000000000000e+03 4.440000000000000000e+03 2.240000000000000000e+03
4.583348200000000000e+07 5.110000000000000000e+03 3.150000000000000000e+03 4.430000000000000000e+03 2.240000000000000000e+03
4.583368000000000000e+07 5.110000000000000000e+03 3.150000000000000000e+03 4.430000000000000000e+03 2.240000000000000000e+03
4.583388600000000000e+07 5.120000000000000000e+03 3.150000000000000000e+03 4.430000000000000000e+03 2.250000000000000000e+03
4.583409600000000000e+07 5.110000000000000000e+03 3.150000000000000000e+03 4.430000000000000000e+03 2.230000000000000000e+03
4.583431100000000000e+07 5.110000000000000000e+03 3.150000000000000000e+03 4.440000000000000000e+03 2.240000000000000000e+03
4.583451600000000000e+07 5.120000000000000000e+03 3.150000000000000000e+03 4.440000000000000000e+03 2.230000000000000000e+03
4.583472700000000000e+07 5.120000000000000000e+03 3.160000000000000000e+03 4.430000000000000000e+03 2.230000000000000000e+03
4.583494000000000000e+07 5.110000000000000000e+03 3.160000000000000000e+03 4.430000000000000000e+03 2.240000000000000000e+03
4.583513500000000000e+07 5.120000000000000000e+03 3.160000000000000000e+03 4.430000000000000000e+03 2.230000000000000000e+03
4.583535500000000000e+07 5.130000000000000000e+03 3.160000000000000000e+03 4.430000000000000000e+03 2.230000000000000000e+03
4.583556300000000000e+07 5.120000000000000000e+03 3.160000000000000000e+03 4.450000000000000000e+03 2.220000000000000000e+03
4.583577100000000000e+07 5.120000000000000000e+03 3.160000000000000000e+03 4.440000000000000000e+03 2.220000000000000000e+03
4.583597200000000000e+07 5.120000000000000000e+03 3.150000000000000000e+03 4.430000000000000000e+03 2.220000000000000000e+03
4.583618800000000000e+07 5.110000000000000000e+03 3.150000000000000000e+03 4.440000000000000000e+03 2.210000000000000000e+03
4.583638500000000000e+07 5.110000000000000000e+03 3.140000000000000000e+03 4.440000000000000000e+03 2.200000000000000000e+03
4.583660300000000000e+07 5.110000000000000000e+03 3.140000000000000000e+03 4.440000000000000000e+03 2.210000000000000000e+03
4.583681000000000000e+07 5.110000000000000000e+03 3.150000000000000000e+03 4.440000000000000000e+03 2.220000000000000000e+03
4.583700600000000000e+07 5.120000000000000000e+03 3.140000000000000000e+03 4.440000000000000000e+03 2.230000000000000000e+03
4.583722700000000000e+07 5.130000000000000000e+03 3.140000000000000000e+03 4.430000000000000000e+03 2.220000000000000000e+03
4.583743100000000000e+07 5.140000000000000000e+03 3.140000000000000000e+03 4.430000000000000000e+03 2.240000000000000000e+03
4.583762900000000000e+07 5.130000000000000000e+03 3.140000000000000000e+03 4.430000000000000000e+03 2.220000000000000000e+03
4.583785100000000000e+07 5.140000000000000000e+03 3.140000000000000000e+03 4.440000000000000000e+03 2.230000000000000000e+03
4.583805900000000000e+07 5.140000000000000000e+03 3.140000000000000000e+03 4.440000000000000000e+03 2.240000000000000000e+03
4.583825800000000000e+07 5.120000000000000000e+03 3.140000000000000000e+03 4.450000000000000000e+03 2.250000000000000000e+03
4.583847200000000000e+07 5.110000000000000000e+03 3.140000000000000000e+03 4.440000000000000000e+03 2.240000000000000000e+03
4.583867100000000000e+07 5.110000000000000000e+03 3.140000000000000000e+03 4.440000000000000000e+03 2.230000000000000000e+03
4.583889100000000000e+07 5.110000000000000000e+03 3.140000000000000000e+03 4.440000000000000000e+03 2.240000000000000000e+03
4.583910000000000000e+07 5.110000000000000000e+03 3.140000000000000000e+03 4.440000000000000000e+03 2.230000000000000000e+03
4.583930600000000000e+07 5.120000000000000000e+03 3.140000000000000000e+03 4.430000000000000000e+03 2.240000000000000000e+03
4.583951500000000000e+07 5.120000000000000000e+03 3.140000000000000000e+03 4.430000000000000000e+03 2.230000000000000000e+03
4.583972200000000000e+07 5.110000000000000000e+03 3.140000000000000000e+03 4.430000000000000000e+03 2.230000000000000000e+03
4.583992900000000000e+07 5.100000000000000000e+03 3.140000000000000000e+03 4.420000000000000000e+03 2.220000000000000000e+03
4.584012500000000000e+07 5.100000000000000000e+03 3.140000000000000000e+03 4.430000000000000000e+03 2.220000000000000000e+03
4.584034600000000000e+07 5.110000000000000000e+03 3.130000000000000000e+03 4.420000000000000000e+03 2.220000000000000000e+03
4.584055400000000000e+07 5.100000000000000000e+03 3.140000000000000000e+03 4.420000000000000000e+03 2.210000000000000000e+03
4.584076200000000000e+07 5.100000000000000000e+03 3.140000000000000000e+03 4.430000000000000000e+03 2.220000000000000000e+03
4.584097000000000000e+07 5.110000000000000000e+03 3.140000000000000000e+03 4.440000000000000000e+03 2.230000000000000000e+03
4.584117300000000000e+07 5.120000000000000000e+03 3.140000000000000000e+03 4.440000000000000000e+03 2.230000000000000000e+03
4.584137100000000000e+07 5.110000000000000000e+03 3.140000000000000000e+03 4.430000000000000000e+03 2.210000000000000000e+03
4.584158900000000000e+07 5.110000000000000000e+03 3.140000000000000000e+03 4.440000000000000000e+03 2.220000000000000000e+03
4.584180200000000000e+07 5.100000000000000000e+03 3.140000000000000000e+03 4.440000000000000000e+03 2.220000000000000000e+03
4.584200700000000000e+07 5.110000000000000000e+03 3.140000000000000000e+03 4.440000000000000000e+03 2.210000000000000000e+03
4.584221700000000000e+07 5.120000000000000000e+03 3.140000000000000000e+03 4.430000000000000000e+03 2.210000000000000000e+03
4.584242600000000000e+07 5.120000000000000000e+03 3.150000000000000000e+03 4.430000000000000000e+03 2.210000000000000000e+03
4.584263400000000000e+07 5.120000000000000000e+03 3.140000000000000000e+03 4.430000000000000000e+03 2.210000000000000000e+03
4.584284000000000000e+07 5.120000000000000000e+03 3.150000000000000000e+03 4.430000000000000000e+03 2.200000000000000000e+03
4.584305000000000000e+07 5.120000000000000000e+03 3.150000000000000000e+03 4.420000000000000000e+03 2.220000000000000000e+03
4.584325700000000000e+07 5.110000000000000000e+03 3.150000000000000000e+03 4.420000000000000000e+03 2.230000000000000000e+03
4.584346200000000000e+07 5.100000000000000000e+03 3.140000000000000000e+03 4.420000000000000000e+03 2.230000000000000000e+03
4.584367400000000000e+07 5.100000000000000000e+03 3.140000000000000000e+03 4.430000000000000000e+03 2.230000000000000000e+03
4.584388100000000000e+07 5.100000000000000000e+03 3.140000000000000000e+03 4.430000000000000000e+03 2.220000000000000000e+03
4.584408600000000000e+07 5.100000000000000000e+03 3.140000000000000000e+03 4.430000000000000000e+03 2.220000000000000000e+03
4.584428900000000000e+07 5.110000000000000000e+03 3.140000000000000000e+03 4.430000000000000000e+03 2.220000000000000000e+03
4.584450600000000000e+07 5.100000000000000000e+03 3.140000000000000000e+03 4.430000000000000000e+03 2.210000000000000000e+03
4.584471300000000000e+07 5.100000000000000000e+03 3.140000000000000000e+03 4.430000000000000000e+03 2.210000000000000000e+03
4.584491900000000000e+07 5.110000000000000000e+03 3.140000000000000000e+03 4.420000000000000000e+03 2.230000000000000000e+03
4.584517900000000000e+07 5.120000000000000000e+03 3.140000000000000000e+03 4.420000000000000000e+03 2.230000000000000000e+03
4.584533700000000000e+07 5.130000000000000000e+03 3.140000000000000000e+03 4.420000000000000000e+03 2.220000000000000000e+03
4.584554500000000000e+07 5.130000000000000000e+03 3.150000000000000000e+03 4.420000000000000000e+03 2.230000000000000000e+03
4.584575300000000000e+07 5.110000000000000000e+03 3.150000000000000000e+03 4.420000000000000000e+03 2.230000000000000000e+03
4.584596100000000000e+07 5.110000000000000000e+03 3.150000000000000000e+03 4.430000000000000000e+03 2.240000000000000000e+03
4.584616200000000000e+07 5.110000000000000000e+03 3.150000000000000000e+03 4.440000000000000000e+03 2.220000000000000000e+03
4.584636800000000000e+07 5.120000000000000000e+03 3.150000000000000000e+03 4.430000000000000000e+03 2.240000000000000000e+03
4.584658400000000000e+07 5.120000000000000000e+03 3.150000000000000000e+03 4.430000000000000000e+03 2.230000000000000000e+03
4.584678000000000000e+07 5.130000000000000000e+03 3.150000000000000000e+03 4.430000000000000000e+03 2.220000000000000000e+03
4.584698800000000000e+07 5.130000000000000000e+03 3.150000000000000000e+03 4.430000000000000000e+03 2.230000000000000000e+03
4.584720400000000000e+07 5.140000000000000000e+03 3.150000000000000000e+03 4.430000000000000000e+03 2.240000000000000000e+03
4.584741200000000000e+07 5.140000000000000000e+03 3.150000000000000000e+03 4.430000000000000000e+03 2.240000000000000000e+03
4.584782600000000000e+07 5.130000000000000000e+03 3.150000000000000000e+03 4.430000000000000000e+03 2.230000000000000000e+03
4.584802600000000000e+07 5.120000000000000000e+03 3.150000000000000000e+03 4.440000000000000000e+03 2.220000000000000000e+03
4.584824000000000000e+07 5.120000000000000000e+03 3.150000000000000000e+03 4.430000000000000000e+03 2.230000000000000000e+03
4.584844600000000000e+07 5.130000000000000000e+03 3.150000000000000000e+03 4.440000000000000000e+03 2.220000000000000000e+03
4.584865100000000000e+07 5.120000000000000000e+03 3.150000000000000000e+03 4.440000000000000000e+03 2.220000000000000000e+03
4.584885800000000000e+07 5.110000000000000000e+03 3.140000000000000000e+03 4.440000000000000000e+03 2.210000000000000000e+03
4.584908100000000000e+07 5.110000000000000000e+03 3.140000000000000000e+03 4.430000000000000000e+03 2.220000000000000000e+03
4.584928900000000000e+07 5.120000000000000000e+03 3.140000000000000000e+03 4.430000000000000000e+03 2.230000000000000000e+03
4.584949700000000000e+07 5.120000000000000000e+03 3.140000000000000000e+03 4.430000000000000000e+03 2.230000000000000000e+03
4.584969200000000000e+07 5.110000000000000000e+03 3.140000000000000000e+03 4.440000000000000000e+03 2.240000000000000000e+03
4.584990800000000000e+07 5.110000000000000000e+03 3.140000000000000000e+03 4.440000000000000000e+03 2.230000000000000000e+03
4.585010700000000000e+07 5.120000000000000000e+03 3.140000000000000000e+03 4.440000000000000000e+03 2.240000000000000000e+03
4.585032300000000000e+07 5.130000000000000000e+03 3.130000000000000000e+03 4.440000000000000000e+03 2.230000000000000000e+03
4.585053300000000000e+07 5.120000000000000000e+03 3.120000000000000000e+03 4.440000000000000000e+03 2.240000000000000000e+03
4.585073900000000000e+07 5.120000000000000000e+03 3.140000000000000000e+03 4.440000000000000000e+03 2.230000000000000000e+03
4.585094400000000000e+07 5.130000000000000000e+03 3.150000000000000000e+03 4.440000000000000000e+03 2.210000000000000000e+03
4.585114900000000000e+07 5.120000000000000000e+03 3.150000000000000000e+03 4.440000000000000000e+03 2.210000000000000000e+03
4.585136000000000000e+07 5.120000000000000000e+03 3.150000000000000000e+03 4.440000000000000000e+03 2.210000000000000000e+03
4.585156600000000000e+07 5.120000000000000000e+03 3.150000000000000000e+03 4.440000000000000000e+03 2.220000000000000000e+03
4.585178000000000000e+07 5.120000000000000000e+03 3.150000000000000000e+03 4.440000000000000000e+03 2.230000000000000000e+03
4.585199300000000000e+07 5.130000000000000000e+03 3.150000000000000000e+03 4.450000000000000000e+03 2.240000000000000000e+03
4.585219900000000000e+07 5.130000000000000000e+03 3.150000000000000000e+03 4.450000000000000000e+03 2.240000000000000000e+03
4.585239900000000000e+07 5.120000000000000000e+03 3.140000000000000000e+03 4.440000000000000000e+03 2.240000000000000000e+03
4.585260200000000000e+07 5.120000000000000000e+03 3.140000000000000000e+03 4.440000000000000000e+03 2.220000000000000000e+03
4.585281800000000000e+07 5.110000000000000000e+03 3.140000000000000000e+03 4.440000000000000000e+03 2.210000000000000000e+03
4.585303200000000000e+07 5.120000000000000000e+03 3.140000000000000000e+03 4.440000000000000000e+03 2.210000000000000000e+03
4.585323100000000000e+07 5.110000000000000000e+03 3.150000000000000000e+03 4.450000000000000000e+03 2.200000000000000000e+03
4.585344800000000000e+07 5.110000000000000000e+03 3.150000000000000000e+03 4.440000000000000000e+03 2.200000000000000000e+03
4.585365600000000000e+07 5.110000000000000000e+03 3.150000000000000000e+03 4.440000000000000000e+03 2.200000000000000000e+03
4.585386400000000000e+07 5.120000000000000000e+03 3.140000000000000000e+03 4.430000000000000000e+03 2.210000000000000000e+03
4.585407100000000000e+07 5.120000000000000000e+03 3.140000000000000000e+03 4.430000000000000000e+03 2.210000000000000000e+03
4.585427500000000000e+07 5.120000000000000000e+03 3.140000000000000000e+03 4.430000000000000000e+03 2.230000000000000000e+03
4.585448500000000000e+07 5.130000000000000000e+03 3.150000000000000000e+03 4.430000000000000000e+03 2.240000000000000000e+03
4.585468000000000000e+07 5.120000000000000000e+03 3.140000000000000000e+03 4.440000000000000000e+03 2.230000000000000000e+03
4.585489200000000000e+07 5.130000000000000000e+03 3.150000000000000000e+03 4.440000000000000000e+03 2.220000000000000000e+03
4.585511100000000000e+07 5.120000000000000000e+03 3.150000000000000000e+03 4.450000000000000000e+03 2.240000000000000000e+03
4.585531200000000000e+07 5.120000000000000000e+03 3.140000000000000000e+03 4.440000000000000000e+03 2.230000000000000000e+03
4.585572200000000000e+07 5.120000000000000000e+03 3.140000000000000000e+03 4.450000000000000000e+03 2.240000000000000000e+03
4.585593300000000000e+07 5.120000000000000000e+03 3.140000000000000000e+03 4.450000000000000000e+03 2.230000000000000000e+03
4.585615200000000000e+07 5.120000000000000000e+03 3.150000000000000000e+03 4.450000000000000000e+03 2.240000000000000000e+03
4.585635400000000000e+07 5.110000000000000000e+03 3.150000000000000000e+03 4.460000000000000000e+03 2.220000000000000000e+03
4.585655600000000000e+07 5.110000000000000000e+03 3.160000000000000000e+03 4.450000000000000000e+03 2.240000000000000000e+03
4.585676900000000000e+07 5.120000000000000000e+03 3.160000000000000000e+03 4.450000000000000000e+03 2.230000000000000000e+03
4.585698100000000000e+07 5.120000000000000000e+03 3.150000000000000000e+03 4.440000000000000000e+03 2.240000000000000000e+03
4.585718300000000000e+07 5.120000000000000000e+03 3.150000000000000000e+03 4.440000000000000000e+03 2.240000000000000000e+03
4.585739200000000000e+07 5.120000000000000000e+03 3.150000000000000000e+03 4.440000000000000000e+03 2.230000000000000000e+03
4.585760200000000000e+07 5.120000000000000000e+03 3.150000000000000000e+03 4.450000000000000000e+03 2.220000000000000000e+03
4.585780600000000000e+07 5.120000000000000000e+03 3.150000000000000000e+03 4.440000000000000000e+03 2.240000000000000000e+03
4.585801700000000000e+07 5.120000000000000000e+03 3.150000000000000000e+03 4.440000000000000000e+03 2.240000000000000000e+03
4.585822100000000000e+07 5.110000000000000000e+03 3.150000000000000000e+03 4.440000000000000000e+03 2.240000000000000000e+03
