5.064875500000000000e+07 4.330000000000000000e+03 1.360000000000000000e+03 5.660000000000000000e+03 4.130000000000000000e+03
5.064896400000000000e+07 4.320000000000000000e+03 1.360000000000000000e+03 5.660000000000000000e+03 4.120000000000000000e+03
5.064915700000000000e+07 4.310000000000000000e+03 1.350000000000000000e+03 5.670000000000000000e+03 4.120000000000000000e+03
5.064938000000000000e+07 4.310000000000000000e+03 1.350000000000000000e+03 5.680000000000000000e+03 4.120000000000000000e+03
5.064961100000000000e+07 4.310000000000000000e+03 1.340000000000000000e+03 5.680000000000000000e+03 4.120000000000000000e+03
5.064979400000000000e+07 4.320000000000000000e+03 1.350000000000000000e+03 5.680000000000000000e+03 4.120000000000000000e+03
5.064999400000000000e+07 4.320000000000000000e+03 1.350000000000000000e+03 5.670000000000000000e+03 4.120000000000000000e+03
5.065021100000000000e+07 4.320000000000000000e+03 1.350000000000000000e+03 5.660000000000000000e+03 4.130000000000000000e+03
5.065041900000000000e+07 4.320000000000000000e+03 1.350000000000000000e+03 5.670000000000000000e+03 4.120000000000000000e+03
5.065061300000000000e+07 4.320000000000000000e+03 1.350000000000000000e+03 5.660000000000000000e+03 4.120000000000000000e+03
5.065083200000000000e+07 4.320000000000000000e+03 1.340000000000000000e+03 5.660000000000000000e+03 4.120000000000000000e+03
5.065104300000000000e+07 4.320000000000000000e+03 1.330000000000000000e+03 5.670000000000000000e+03 4.120000000000000000e+03
5.065125100000000000e+07 4.310000000000000000e+03 1.340000000000000000e+03 5.670000000000000000e+03 4.120000000000000000e+03
5.065145900000000000e+07 4.310000000000000000e+03 1.330000000000000000e+03 5.670000000000000000e+03 4.110000000000000000e+03
5.065165700000000000e+07 4.310000000000000000e+03 1.340000000000000000e+03 5.670000000000000000e+03 4.110000000000000000e+03
5.065187500000000000e+07 4.310000000000000000e+03 1.340000000000000000e+03 5.670000000000000000e+03 4.110000000000000000e+03
5.065208200000000000e+07 4.310000000000000000e+03 1.330000000000000000e+03 5.670000000000000000e+03 4.110000000000000000e+03
5.065228000000000000e+07 4.310000000000000000e+03 1.340000000000000000e+03 5.670000000000000000e+03 4.110000000000000000e+03
5.065249800000000000e+07 4.310000000000000000e+03 1.350000000000000000e+03 5.670000000000000000e+03 4.110000000000000000e+03
5.065269600000000000e+07 4.310000000000000000e+03 1.360000000000000000e+03 5.670000000000000000e+03 4.110000000000000000e+03
5.065290800000000000e+07 4.310000000000000000e+03 1.350000000000000000e+03 5.670000000000000000e+03 4.110000000000000000e+03
5.065311900000000000e+07 4.310000000000000000e+03 1.350000000000000000e+03 5.670000000000000000e+03 4.110000000000000000e+03
5.065332100000000000e+07 4.310000000000000000e+03 1.350000000000000000e+03 5.670000000000000000e+03 4.110000000000000000e+03
5.065353900000000000e+07 4.320000000000000000e+03 1.340000000000000000e+03 5.670000000000000000e+03 4.110000000000000000e+03
5.065374700000000000e+07 4.320000000000000000e+03 1.340000000000000000e+03 5.670000000000000000e+03 4.110000000000000000e+03
5.065394200000000000e+07 4.320000000000000000e+03 1.340000000000000000e+03 5.660000000000000000e+03 4.120000000000000000e+03
5.065415500000000000e+07 4.310000000000000000e+03 1.340000000000000000e+03 5.660000000000000000e+03 4.120000000000000000e+03
5.065437100000000000e+07 4.320000000000000000e+03 1.340000000000000000e+03 5.660000000000000000e+03 4.120000000000000000e+03
5.065457900000000000e+07 4.320000000000000000e+03 1.340000000000000000e+03 5.660000000000000000e+03 4.120000000000000000e+03
5.065477700000000000e+07 4.320000000000000000e+03 1.330000000000000000e+03 5.650000000000000000e+03 4.120000000000000000e+03
5.065499200000000000e+07 4.320000000000000000e+03 1.330000000000000000e+03 5.650000000000000000e+03 4.120000000000000000e+03
5.065520400000000000e+07 4.320000000000000000e+03 1.340000000000000000e+03 5.650000000000000000e+03 4.120000000000000000e+03
5.065540400000000000e+07 4.320000000000000000e+03 1.330000000000000000e+03 5.650000000000000000e+03 4.120000000000000000e+03
5.065561500000000000e+07 4.320000000000000000e+03 1.340000000000000000e+03 5.650000000000000000e+03 4.110000000000000000e+03
5.065582600000000000e+07 4.310000000000000000e+03 1.360000000000000000e+03 5.650000000000000000e+03 4.120000000000000000e+03
5.065602400000000000e+07 4.310000000000000000e+03 1.370000000000000000e+03 5.650000000000000000e+03 4.120000000000000000e+03
5.065623900000000000e+07 4.310000000000000000e+03 1.370000000000000000e+03 5.650000000000000000e+03 4.110000000000000000e+03
5.065645000000000000e+07 4.310000000000000000e+03 1.350000000000000000e+03 5.650000000000000000e+03 4.120000000000000000e+03
5.065665300000000000e+07 4.320000000000000000e+03 1.360000000000000000e+03 5.650000000000000000e+03 4.120000000000000000e+03
5.065685100000000000e+07 4.310000000000000000e+03 1.350000000000000000e+03 5.660000000000000000e+03 4.120000000000000000e+03
5.065707400000000000e+07 4.310000000000000000e+03 1.350000000000000000e+03 5.660000000000000000e+03 4.120000000000000000e+03
5.065727800000000000e+07 4.310000000000000000e+03 1.360000000000000000e+03 5.660000000000000000e+03 4.120000000000000000e+03
5.065748800000000000e+07 4.310000000000000000e+03 1.360000000000000000e+03 5.660000000000000000e+03 4.120000000000000000e+03
5.065768500000000000e+07 4.310000000000000000e+03 1.360000000000000000e+03 5.660000000000000000e+03 4.120000000000000000e+03
5.065789200000000000e+07 4.310000000000000000e+03 1.360000000000000000e+03 5.660000000000000000e+03 4.120000000000000000e+03
5.065810600000000000e+07 4.320000000000000000e+03 1.360000000000000000e+03 5.660000000000000000e+03 4.120000000000000000e+03
5.065872900000000000e+07 4.330000000000000000e+03 1.370000000000000000e+03 5.660000000000000000e+03 4.120000000000000000e+03
5.065894100000000000e+07 4.330000000000000000e+03 1.350000000000000000e+03 5.660000000000000000e+03 4.120000000000000000e+03
5.065915300000000000e+07 4.320000000000000000e+03 1.350000000000000000e+03 5.660000000000000000e+03 4.120000000000000000e+03
5.065936200000000000e+07 4.320000000000000000e+03 1.350000000000000000e+03 5.670000000000000000e+03 4.120000000000000000e+03
5.065956100000000000e+07 4.340000000000000000e+03 1.370000000000000000e+03 5.660000000000000000e+03 4.120000000000000000e+03
5.065977000000000000e+07 4.340000000000000000e+03 1.350000000000000000e+03 5.660000000000000000e+03 4.120000000000000000e+03
5.065998300000000000e+07 4.330000000000000000e+03 1.370000000000000000e+03 5.670000000000000000e+03 4.110000000000000000e+03
5.070019300000000000e+07 4.320000000000000000e+03 1.370000000000000000e+03 5.680000000000000000e+03 4.110000000000000000e+03
5.070040100000000000e+07 4.330000000000000000e+03 1.360000000000000000e+03 5.680000000000000000e+03 4.110000000000000000e+03
5.070059700000000000e+07 4.330000000000000000e+03 1.350000000000000000e+03 5.680000000000000000e+03 4.120000000000000000e+03
5.070081000000000000e+07 4.330000000000000000e+03 1.350000000000000000e+03 5.680000000000000000e+03 4.120000000000000000e+03
5.070101200000000000e+07 4.330000000000000000e+03 1.350000000000000000e+03 5.680000000000000000e+03 4.120000000000000000e+03
5.070164000000000000e+07 4.320000000000000000e+03 1.350000000000000000e+03 5.680000000000000000e+03 4.120000000000000000e+03
5.070184400000000000e+07 4.330000000000000000e+03 1.350000000000000000e+03 5.670000000000000000e+03 4.120000000000000000e+03
5.070205500000000000e+07 4.330000000000000000e+03 1.350000000000000000e+03 5.670000000000000000e+03 4.120000000000000000e+03
5.070227100000000000e+07 4.320000000000000000e+03 1.340000000000000000e+03 5.660000000000000000e+03 4.120000000000000000e+03
5.070248100000000000e+07 4.320000000000000000e+03 1.340000000000000000e+03 5.670000000000000000e+03 4.120000000000000000e+03
5.070268200000000000e+07 4.320000000000000000e+03 1.330000000000000000e+03 5.660000000000000000e+03 4.120000000000000000e+03
5.070288900000000000e+07 4.320000000000000000e+03 1.350000000000000000e+03 5.660000000000000000e+03 4.120000000000000000e+03
5.070310500000000000e+07 4.320000000000000000e+03 1.340000000000000000e+03 5.660000000000000000e+03 4.120000000000000000e+03
5.070329800000000000e+07 4.320000000000000000e+03 1.340000000000000000e+03 5.660000000000000000e+03 4.120000000000000000e+03
5.070352100000000000e+07 4.320000000000000000e+03 1.340000000000000000e+03 5.660000000000000000e+03 4.120000000000000000e+03
5.070371900000000000e+07 4.320000000000000000e+03 1.330000000000000000e+03 5.660000000000000000e+03 4.120000000000000000e+03
5.070393000000000000e+07 4.320000000000000000e+03 1.320000000000000000e+03 5.660000000000000000e+03 4.120000000000000000e+03
5.070414400000000000e+07 4.320000000000000000e+03 1.330000000000000000e+03 5.660000000000000000e+03 4.120000000000000000e+03
5.070435300000000000e+07 4.320000000000000000e+03 1.340000000000000000e+03 5.660000000000000000e+03 4.120000000000000000e+03
5.070456000000000000e+07 4.320000000000000000e+03 1.340000000000000000e+03 5.660000000000000000e+03 4.120000000000000000e+03
5.070475900000000000e+07 4.310000000000000000e+03 1.350000000000000000e+03 5.660000000000000000e+03 4.120000000000000000e+03
5.070497200000000000e+07 4.310000000000000000e+03 1.360000000000000000e+03 5.660000000000000000e+03 4.120000000000000000e+03
5.070518500000000000e+07 4.310000000000000000e+03 1.360000000000000000e+03 5.660000000000000000e+03 4.120000000000000000e+03
5.070537800000000000e+07 4.320000000000000000e+03 1.350000000000000000e+03 5.660000000000000000e+03 4.130000000000000000e+03
5.070559000000000000e+07 4.320000000000000000e+03 1.350000000000000000e+03 5.660000000000000000e+03 4.130000000000000000e+03
5.070579400000000000e+07 4.320000000000000000e+03 1.330000000000000000e+03 5.660000000000000000e+03 4.130000000000000000e+03
5.070600400000000000e+07 4.320000000000000000e+03 1.330000000000000000e+03 5.660000000000000000e+03 4.130000000000000000e+03
5.070622000000000000e+07 4.320000000000000000e+03 1.330000000000000000e+03 5.670000000000000000e+03 4.130000000000000000e+03
5.070642200000000000e+07 4.320000000000000000e+03 1.340000000000000000e+03 5.670000000000000000e+03 4.130000000000000000e+03
5.070664000000000000e+07 4.330000000000000000e+03 1.330000000000000000e+03 5.670000000000000000e+03 4.130000000000000000e+03
5.070684800000000000e+07 4.330000000000000000e+03 1.330000000000000000e+03 5.670000000000000000e+03 4.130000000000000000e+03
5.070704200000000000e+07 4.330000000000000000e+03 1.340000000000000000e+03 5.670000000000000000e+03 4.130000000000000000e+03
5.070726100000000000e+07 4.330000000000000000e+03 1.340000000000000000e+03 5.670000000000000000e+03 4.130000000000000000e+03
5.070747000000000000e+07 4.320000000000000000e+03 1.340000000000000000e+03 5.670000000000000000e+03 4.130000000000000000e+03
5.070767700000000000e+07 4.320000000000000000e+03 1.350000000000000000e+03 5.660000000000000000e+03 4.130000000000000000e+03
5.070788700000000000e+07 4.320000000000000000e+03 1.340000000000000000e+03 5.660000000000000000e+03 4.130000000000000000e+03
5.070809500000000000e+07 4.320000000000000000e+03 1.360000000000000000e+03 5.670000000000000000e+03 4.130000000000000000e+03
5.070830500000000000e+07 4.330000000000000000e+03 1.350000000000000000e+03 5.660000000000000000e+03 4.130000000000000000e+03
5.070850300000000000e+07 4.330000000000000000e+03 1.350000000000000000e+03 5.670000000000000000e+03 4.130000000000000000e+03
5.070870600000000000e+07 4.330000000000000000e+03 1.360000000000000000e+03 5.670000000000000000e+03 4.130000000000000000e+03
5.070891800000000000e+07 4.320000000000000000e+03 1.360000000000000000e+03 5.670000000000000000e+03 4.130000000000000000e+03
5.070912200000000000e+07 4.320000000000000000e+03 1.350000000000000000e+03 5.660000000000000000e+03 4.120000000000000000e+03
5.070934100000000000e+07 4.320000000000000000e+03 1.350000000000000000e+03 5.660000000000000000e+03 4.120000000000000000e+03
5.070955100000000000e+07 4.320000000000000000e+03 1.350000000000000000e+03 5.660000000000000000e+03 4.120000000000000000e+03
5.070975400000000000e+07 4.330000000000000000e+03 1.350000000000000000e+03 5.660000000000000000e+03 4.120000000000000000e+03
5.070996700000000000e+07 4.330000000000000000e+03 1.340000000000000000e+03 5.660000000000000000e+03 4.110000000000000000e+03
5.071016900000000000e+07 4.330000000000000000e+03 1.340000000000000000e+03 5.660000000000000000e+03 4.120000000000000000e+03
5.071038400000000000e+07 4.340000000000000000e+03 1.340000000000000000e+03 5.660000000000000000e+03 4.130000000000000000e+03
5.071059100000000000e+07 4.320000000000000000e+03 1.340000000000000000e+03 5.670000000000000000e+03 4.130000000000000000e+03
5.071079900000000000e+07 4.320000000000000000e+03 1.340000000000000000e+03 5.670000000000000000e+03 4.120000000000000000e+03
5.071100300000000000e+07 4.320000000000000000e+03 1.340000000000000000e+03 5.670000000000000000e+03 4.130000000000000000e+03
5.071124700000000000e+07 4.320000000000000000e+03 1.340000000000000000e+03 5.670000000000000000e+03 4.120000000000000000e+03
5.071142300000000000e+07 4.310000000000000000e+03 1.340000000000000000e+03 5.670000000000000000e+03 4.120000000000000000e+03
5.071163100000000000e+07 4.310000000000000000e+03 1.350000000000000000e+03 5.670000000000000000e+03 4.120000000000000000e+03
5.071184200000000000e+07 4.320000000000000000e+03 1.350000000000000000e+03 5.670000000000000000e+03 4.120000000000000000e+03
5.071204700000000000e+07 4.320000000000000000e+03 1.350000000000000000e+03 5.670000000000000000e+03 4.120000000000000000e+03
5.071225100000000000e+07 4.320000000000000000e+03 1.340000000000000000e+03 5.670000000000000000e+03 4.120000000000000000e+03
5.071246300000000000e+07 4.320000000000000000e+03 1.340000000000000000e+03 5.660000000000000000e+03 4.120000000000000000e+03
5.071265700000000000e+07 4.320000000000000000e+03 1.330000000000000000e+03 5.660000000000000000e+03 4.120000000000000000e+03
5.071288000000000000e+07 4.320000000000000000e+03 1.330000000000000000e+03 5.660000000000000000e+03 4.120000000000000000e+03
5.071308300000000000e+07 4.310000000000000000e+03 1.340000000000000000e+03 5.660000000000000000e+03 4.120000000000000000e+03
5.071328400000000000e+07 4.320000000000000000e+03 1.340000000000000000e+03 5.670000000000000000e+03 4.120000000000000000e+03
5.071350200000000000e+07 4.320000000000000000e+03 1.340000000000000000e+03 5.670000000000000000e+03 4.120000000000000000e+03
5.071371000000000000e+07 4.330000000000000000e+03 1.340000000000000000e+03 5.670000000000000000e+03 4.120000000000000000e+03
5.071390400000000000e+07 4.340000000000000000e+03 1.340000000000000000e+03 5.670000000000000000e+03 4.120000000000000000e+03
5.071412600000000000e+07 4.330000000000000000e+03 1.340000000000000000e+03 5.660000000000000000e+03 4.120000000000000000e+03
5.071433400000000000e+07 4.330000000000000000e+03 1.340000000000000000e+03 5.660000000000000000e+03 4.120000000000000000e+03
5.071454200000000000e+07 4.320000000000000000e+03 1.340000000000000000e+03 5.660000000000000000e+03 4.120000000000000000e+03
5.071473800000000000e+07 4.330000000000000000e+03 1.340000000000000000e+03 5.660000000000000000e+03 4.120000000000000000e+03
5.071495000000000000e+07 4.330000000000000000e+03 1.330000000000000000e+03 5.660000000000000000e+03 4.120000000000000000e+03
5.071515300000000000e+07 4.330000000000000000e+03 1.340000000000000000e+03 5.660000000000000000e+03 4.120000000000000000e+03
5.071537400000000000e+07 4.320000000000000000e+03 1.340000000000000000e+03 5.660000000000000000e+03 4.120000000000000000e+03
5.071557900000000000e+07 4.310000000000000000e+03 1.350000000000000000e+03 5.660000000000000000e+03 4.130000000000000000e+03
5.071578900000000000e+07 4.300000000000000000e+03 1.350000000000000000e+03 5.660000000000000000e+03 4.130000000000000000e+03
5.071599800000000000e+07 4.320000000000000000e+03 1.370000000000000000e+03 5.650000000000000000e+03 4.120000000000000000e+03
5.071620600000000000e+07 4.340000000000000000e+03 1.360000000000000000e+03 5.650000000000000000e+03 4.120000000000000000e+03
5.071641400000000000e+07 4.320000000000000000e+03 1.350000000000000000e+03 5.650000000000000000e+03 4.120000000000000000e+03
5.071665200000000000e+07 4.320000000000000000e+03 1.340000000000000000e+03 5.650000000000000000e+03 4.130000000000000000e+03
5.071682700000000000e+07 4.330000000000000000e+03 1.350000000000000000e+03 5.650000000000000000e+03 4.120000000000000000e+03
5.071703800000000000e+07 4.320000000000000000e+03 1.350000000000000000e+03 5.650000000000000000e+03 4.120000000000000000e+03
5.071724600000000000e+07 4.320000000000000000e+03 1.350000000000000000e+03 5.650000000000000000e+03 4.120000000000000000e+03
5.071745400000000000e+07 4.320000000000000000e+03 1.350000000000000000e+03 5.660000000000000000e+03 4.120000000000000000e+03
5.071766100000000000e+07 4.320000000000000000e+03 1.350000000000000000e+03 5.660000000000000000e+03 4.130000000000000000e+03
5.071787000000000000e+07 4.330000000000000000e+03 1.350000000000000000e+03 5.660000000000000000e+03 4.130000000000000000e+03
5.071807100000000000e+07 4.340000000000000000e+03 1.340000000000000000e+03 5.650000000000000000e+03 4.130000000000000000e+03
5.071828600000000000e+07 4.320000000000000000e+03 1.350000000000000000e+03 5.660000000000000000e+03 4.120000000000000000e+03
5.071848100000000000e+07 4.320000000000000000e+03 1.350000000000000000e+03 5.660000000000000000e+03 4.120000000000000000e+03
5.071869300000000000e+07 4.320000000000000000e+03 1.350000000000000000e+03 5.660000000000000000e+03 4.120000000000000000e+03
5.071890200000000000e+07 4.320000000000000000e+03 1.350000000000000000e+03 5.670000000000000000e+03 4.120000000000000000e+03
5.071911600000000000e+07 4.330000000000000000e+03 1.350000000000000000e+03 5.670000000000000000e+03 4.120000000000000000e+03
5.071932100000000000e+07 4.320000000000000000e+03 1.350000000000000000e+03 5.660000000000000000e+03 4.120000000000000000e+03
5.071952200000000000e+07 4.320000000000000000e+03 1.350000000000000000e+03 5.660000000000000000e+03 4.120000000000000000e+03
5.071973200000000000e+07 4.320000000000000000e+03 1.350000000000000000e+03 5.660000000000000000e+03 4.120000000000000000e+03
5.071993900000000000e+07 4.310000000000000000e+03 1.360000000000000000e+03 5.650000000000000000e+03 4.120000000000000000e+03
5.072014300000000000e+07 4.310000000000000000e+03 1.350000000000000000e+03 5.660000000000000000e+03 4.120000000000000000e+03
5.072036500000000000e+07 4.300000000000000000e+03 1.350000000000000000e+03 5.650000000000000000e+03 4.120000000000000000e+03
5.072057300000000000e+07 4.310000000000000000e+03 1.350000000000000000e+03 5.650000000000000000e+03 4.120000000000000000e+03
5.072077800000000000e+07 4.320000000000000000e+03 1.340000000000000000e+03 5.650000000000000000e+03 4.120000000000000000e+03
5.072098900000000000e+07 4.320000000000000000e+03 1.350000000000000000e+03 5.660000000000000000e+03 4.120000000000000000e+03
5.072118400000000000e+07 4.310000000000000000e+03 1.360000000000000000e+03 5.670000000000000000e+03 4.110000000000000000e+03
5.072140100000000000e+07 4.310000000000000000e+03 1.370000000000000000e+03 5.660000000000000000e+03 4.120000000000000000e+03
5.072160000000000000e+07 4.310000000000000000e+03 1.360000000000000000e+03 5.670000000000000000e+03 4.120000000000000000e+03
5.072181200000000000e+07 4.310000000000000000e+03 1.350000000000000000e+03 5.660000000000000000e+03 4.120000000000000000e+03
5.072201600000000000e+07 4.300000000000000000e+03 1.340000000000000000e+03 5.660000000000000000e+03 4.130000000000000000e+03
5.072222900000000000e+07 4.310000000000000000e+03 1.340000000000000000e+03 5.660000000000000000e+03 4.130000000000000000e+03
5.072243800000000000e+07 4.310000000000000000e+03 1.340000000000000000e+03 5.660000000000000000e+03 4.130000000000000000e+03
5.072264100000000000e+07 4.310000000000000000e+03 1.340000000000000000e+03 5.660000000000000000e+03 4.120000000000000000e+03
5.072285100000000000e+07 4.310000000000000000e+03 1.340000000000000000e+03 5.660000000000000000e+03 4.120000000000000000e+03
5.072306700000000000e+07 4.310000000000000000e+03 1.330000000000000000e+03 5.660000000000000000e+03 4.130000000000000000e+03
5.072326800000000000e+07 4.310000000000000000e+03 1.330000000000000000e+03 5.670000000000000000e+03 4.130000000000000000e+03
5.072348200000000000e+07 4.310000000000000000e+03 1.350000000000000000e+03 5.670000000000000000e+03 4.130000000000000000e+03
5.072368000000000000e+07 4.310000000000000000e+03 1.360000000000000000e+03 5.670000000000000000e+03 4.130000000000000000e+03
5.072388500000000000e+07 4.310000000000000000e+03 1.370000000000000000e+03 5.670000000000000000e+03 4.130000000000000000e+03
5.072409900000000000e+07 4.320000000000000000e+03 1.370000000000000000e+03 5.660000000000000000e+03 4.120000000000000000e+03
5.072430100000000000e+07 4.320000000000000000e+03 1.360000000000000000e+03 5.670000000000000000e+03 4.120000000000000000e+03
5.072451600000000000e+07 4.320000000000000000e+03 1.360000000000000000e+03 5.670000000000000000e+03 4.110000000000000000e+03
5.072471900000000000e+07 4.310000000000000000e+03 1.350000000000000000e+03 5.670000000000000000e+03 4.120000000000000000e+03
5.072493800000000000e+07 4.300000000000000000e+03 1.350000000000000000e+03 5.670000000000000000e+03 4.120000000000000000e+03
5.072513700000000000e+07 4.300000000000000000e+03 1.350000000000000000e+03 5.660000000000000000e+03 4.130000000000000000e+03
5.072534700000000000e+07 4.310000000000000000e+03 1.340000000000000000e+03 5.670000000000000000e+03 4.120000000000000000e+03
5.072555100000000000e+07 4.300000000000000000e+03 1.340000000000000000e+03 5.670000000000000000e+03 4.120000000000000000e+03
5.072577000000000000e+07 4.310000000000000000e+03 1.340000000000000000e+03 5.670000000000000000e+03 4.120000000000000000e+03
5.072597800000000000e+07 4.300000000000000000e+03 1.340000000000000000e+03 5.670000000000000000e+03 4.120000000000000000e+03
5.072617500000000000e+07 4.310000000000000000e+03 1.350000000000000000e+03 5.670000000000000000e+03 4.120000000000000000e+03
5.072638400000000000e+07 4.300000000000000000e+03 1.350000000000000000e+03 5.670000000000000000e+03 4.120000000000000000e+03
5.072660400000000000e+07 4.300000000000000000e+03 1.350000000000000000e+03 5.680000000000000000e+03 4.110000000000000000e+03
5.072680900000000000e+07 4.300000000000000000e+03 1.340000000000000000e+03 5.680000000000000000e+03 4.120000000000000000e+03
5.072743700000000000e+07 4.300000000000000000e+03 1.340000000000000000e+03 5.670000000000000000e+03 4.120000000000000000e+03
5.072764400000000000e+07 4.300000000000000000e+03 1.330000000000000000e+03 5.660000000000000000e+03 4.120000000000000000e+03
5.072785100000000000e+07 4.290000000000000000e+03 1.350000000000000000e+03 5.660000000000000000e+03 4.120000000000000000e+03
5.072805900000000000e+07 4.300000000000000000e+03 1.360000000000000000e+03 5.660000000000000000e+03 4.120000000000000000e+03
5.072826700000000000e+07 4.310000000000000000e+03 1.360000000000000000e+03 5.660000000000000000e+03 4.120000000000000000e+03
5.072847400000000000e+07 4.310000000000000000e+03 1.340000000000000000e+03 5.660000000000000000e+03 4.130000000000000000e+03
5.072868400000000000e+07 4.310000000000000000e+03 1.330000000000000000e+03 5.660000000000000000e+03 4.130000000000000000e+03
5.072888200000000000e+07 4.310000000000000000e+03 1.340000000000000000e+03 5.650000000000000000e+03 4.130000000000000000e+03
5.072909900000000000e+07 4.320000000000000000e+03 1.330000000000000000e+03 5.640000000000000000e+03 4.130000000000000000e+03
5.072933500000000000e+07 4.320000000000000000e+03 1.330000000000000000e+03 5.640000000000000000e+03 4.130000000000000000e+03
5.072951100000000000e+07 4.310000000000000000e+03 1.330000000000000000e+03 5.650000000000000000e+03 4.130000000000000000e+03
5.072971400000000000e+07 4.310000000000000000e+03 1.330000000000000000e+03 5.650000000000000000e+03 4.130000000000000000e+03
5.072993100000000000e+07 4.300000000000000000e+03 1.330000000000000000e+03 5.650000000000000000e+03 4.130000000000000000e+03
5.073013900000000000e+07 4.310000000000000000e+03 1.330000000000000000e+03 5.660000000000000000e+03 4.120000000000000000e+03
5.073033500000000000e+07 4.310000000000000000e+03 1.330000000000000000e+03 5.660000000000000000e+03 4.120000000000000000e+03
5.073055000000000000e+07 4.330000000000000000e+03 1.320000000000000000e+03 5.660000000000000000e+03 4.120000000000000000e+03
5.073076300000000000e+07 4.320000000000000000e+03 1.320000000000000000e+03 5.670000000000000000e+03 4.120000000000000000e+03
5.073096600000000000e+07 4.320000000000000000e+03 1.340000000000000000e+03 5.660000000000000000e+03 4.120000000000000000e+03
5.073117900000000000e+07 4.320000000000000000e+03 1.340000000000000000e+03 5.660000000000000000e+03 4.130000000000000000e+03
5.073137400000000000e+07 4.320000000000000000e+03 1.330000000000000000e+03 5.660000000000000000e+03 4.130000000000000000e+03
5.073159500000000000e+07 4.320000000000000000e+03 1.330000000000000000e+03 5.660000000000000000e+03 4.130000000000000000e+03
5.073180300000000000e+07 4.320000000000000000e+03 1.330000000000000000e+03 5.660000000000000000e+03 4.130000000000000000e+03
5.073200900000000000e+07 4.320000000000000000e+03 1.350000000000000000e+03 5.660000000000000000e+03 4.120000000000000000e+03
5.073221700000000000e+07 4.320000000000000000e+03 1.350000000000000000e+03 5.660000000000000000e+03 4.120000000000000000e+03
5.073242600000000000e+07 4.320000000000000000e+03 1.360000000000000000e+03 5.660000000000000000e+03 4.120000000000000000e+03
5.073263400000000000e+07 4.320000000000000000e+03 1.340000000000000000e+03 5.660000000000000000e+03 4.120000000000000000e+03
5.073283400000000000e+07 4.320000000000000000e+03 1.340000000000000000e+03 5.670000000000000000e+03 4.120000000000000000e+03
5.073305100000000000e+07 4.320000000000000000e+03 1.340000000000000000e+03 5.670000000000000000e+03 4.110000000000000000e+03
5.073325900000000000e+07 4.320000000000000000e+03 1.350000000000000000e+03 5.670000000000000000e+03 4.120000000000000000e+03
5.073346600000000000e+07 4.310000000000000000e+03 1.340000000000000000e+03 5.670000000000000000e+03 4.110000000000000000e+03
5.073367500000000000e+07 4.310000000000000000e+03 1.340000000000000000e+03 5.670000000000000000e+03 4.110000000000000000e+03
5.073388100000000000e+07 4.310000000000000000e+03 1.340000000000000000e+03 5.670000000000000000e+03 4.120000000000000000e+03
5.073407900000000000e+07 4.310000000000000000e+03 1.340000000000000000e+03 5.670000000000000000e+03 4.120000000000000000e+03
5.073429800000000000e+07 4.320000000000000000e+03 1.340000000000000000e+03 5.670000000000000000e+03 4.120000000000000000e+03
5.073450400000000000e+07 4.320000000000000000e+03 1.350000000000000000e+03 5.670000000000000000e+03 4.120000000000000000e+03
5.073471400000000000e+07 4.320000000000000000e+03 1.330000000000000000e+03 5.660000000000000000e+03 4.120000000000000000e+03
5.073492200000000000e+07 4.320000000000000000e+03 1.330000000000000000e+03 5.650000000000000000e+03 4.130000000000000000e+03
5.073513000000000000e+07 4.320000000000000000e+03 1.330000000000000000e+03 5.660000000000000000e+03 4.130000000000000000e+03
5.073533800000000000e+07 4.320000000000000000e+03 1.340000000000000000e+03 5.660000000000000000e+03 4.130000000000000000e+03
5.073554500000000000e+07 4.310000000000000000e+03 1.330000000000000000e+03 5.660000000000000000e+03 4.140000000000000000e+03
5.073574100000000000e+07 4.320000000000000000e+03 1.330000000000000000e+03 5.650000000000000000e+03 4.130000000000000000e+03
5.073596200000000000e+07 4.310000000000000000e+03 1.330000000000000000e+03 5.650000000000000000e+03 4.130000000000000000e+03
5.073618500000000000e+07 4.320000000000000000e+03 1.330000000000000000e+03 5.660000000000000000e+03 4.130000000000000000e+03
5.073639000000000000e+07 4.320000000000000000e+03 1.340000000000000000e+03 5.670000000000000000e+03 4.130000000000000000e+03
5.073659600000000000e+07 4.320000000000000000e+03 1.340000000000000000e+03 5.670000000000000000e+03 4.130000000000000000e+03
5.073681000000000000e+07 4.310000000000000000e+03 1.350000000000000000e+03 5.670000000000000000e+03 4.130000000000000000e+03
5.073701300000000000e+07 4.300000000000000000e+03 1.360000000000000000e+03 5.670000000000000000e+03 4.130000000000000000e+03
5.073722100000000000e+07 4.310000000000000000e+03 1.360000000000000000e+03 5.670000000000000000e+03 4.130000000000000000e+03
5.073743300000000000e+07 4.320000000000000000e+03 1.350000000000000000e+03 5.660000000000000000e+03 4.140000000000000000e+03
5.073763900000000000e+07 4.320000000000000000e+03 1.350000000000000000e+03 5.660000000000000000e+03 4.130000000000000000e+03
5.073784700000000000e+07 4.330000000000000000e+03 1.350000000000000000e+03 5.660000000000000000e+03 4.130000000000000000e+03
5.073805700000000000e+07 4.330000000000000000e+03 1.350000000000000000e+03 5.660000000000000000e+03 4.140000000000000000e+03
5.073826600000000000e+07 4.330000000000000000e+03 1.350000000000000000e+03 5.660000000000000000e+03 4.130000000000000000e+03
5.073847400000000000e+07 4.320000000000000000e+03 1.340000000000000000e+03 5.660000000000000000e+03 4.140000000000000000e+03
