5.140476000000000000e+07 4.720000000000000000e+03 1.080000000000000000e+03 5.970000000000000000e+03 4.080000000000000000e+03
5.140495600000000000e+07 4.710000000000000000e+03 1.080000000000000000e+03 5.970000000000000000e+03 4.080000000000000000e+03
5.140517300000000000e+07 4.710000000000000000e+03 1.080000000000000000e+03 5.970000000000000000e+03 4.090000000000000000e+03
5.140537100000000000e+07 4.710000000000000000e+03 1.080000000000000000e+03 5.960000000000000000e+03 4.090000000000000000e+03
5.140557800000000000e+07 4.700000000000000000e+03 1.080000000000000000e+03 5.960000000000000000e+03 4.090000000000000000e+03
5.140578800000000000e+07 4.700000000000000000e+03 1.080000000000000000e+03 5.970000000000000000e+03 4.080000000000000000e+03
5.140600200000000000e+07 4.720000000000000000e+03 1.080000000000000000e+03 5.970000000000000000e+03 4.070000000000000000e+03
5.140620600000000000e+07 4.720000000000000000e+03 1.080000000000000000e+03 5.980000000000000000e+03 4.070000000000000000e+03
5.140642100000000000e+07 4.730000000000000000e+03 1.060000000000000000e+03 5.980000000000000000e+03 4.060000000000000000e+03
5.140662500000000000e+07 4.730000000000000000e+03 1.060000000000000000e+03 5.980000000000000000e+03 4.070000000000000000e+03
5.140682600000000000e+07 4.710000000000000000e+03 1.070000000000000000e+03 5.980000000000000000e+03 4.080000000000000000e+03
5.140704600000000000e+07 4.710000000000000000e+03 1.080000000000000000e+03 5.980000000000000000e+03 4.080000000000000000e+03
5.140724200000000000e+07 4.710000000000000000e+03 1.090000000000000000e+03 5.980000000000000000e+03 4.080000000000000000e+03
5.140746300000000000e+07 4.710000000000000000e+03 1.090000000000000000e+03 5.980000000000000000e+03 4.090000000000000000e+03
5.140767200000000000e+07 4.710000000000000000e+03 1.090000000000000000e+03 5.980000000000000000e+03 4.080000000000000000e+03
5.140787100000000000e+07 4.700000000000000000e+03 1.080000000000000000e+03 5.980000000000000000e+03 4.080000000000000000e+03
5.140807300000000000e+07 4.700000000000000000e+03 1.070000000000000000e+03 5.980000000000000000e+03 4.080000000000000000e+03
5.140829100000000000e+07 4.700000000000000000e+03 1.080000000000000000e+03 5.980000000000000000e+03 4.080000000000000000e+03
5.140850300000000000e+07 4.720000000000000000e+03 1.070000000000000000e+03 5.970000000000000000e+03 4.080000000000000000e+03
5.140870600000000000e+07 4.710000000000000000e+03 1.070000000000000000e+03 5.980000000000000000e+03 4.070000000000000000e+03
5.140891900000000000e+07 4.720000000000000000e+03 1.060000000000000000e+03 5.980000000000000000e+03 4.070000000000000000e+03
5.140912600000000000e+07 4.700000000000000000e+03 1.070000000000000000e+03 5.980000000000000000e+03 4.080000000000000000e+03
5.140932600000000000e+07 4.710000000000000000e+03 1.050000000000000000e+03 5.980000000000000000e+03 4.080000000000000000e+03
5.140953700000000000e+07 4.710000000000000000e+03 1.060000000000000000e+03 5.970000000000000000e+03 4.090000000000000000e+03
5.140973900000000000e+07 4.710000000000000000e+03 1.070000000000000000e+03 5.970000000000000000e+03 4.080000000000000000e+03
5.140995900000000000e+07 4.710000000000000000e+03 1.070000000000000000e+03 5.970000000000000000e+03 4.080000000000000000e+03
5.141015700000000000e+07 4.720000000000000000e+03 1.070000000000000000e+03 5.970000000000000000e+03 4.070000000000000000e+03
5.141037500000000000e+07 4.710000000000000000e+03 1.070000000000000000e+03 5.970000000000000000e+03 4.070000000000000000e+03
5.141057100000000000e+07 4.710000000000000000e+03 1.070000000000000000e+03 5.970000000000000000e+03 4.060000000000000000e+03
5.141078400000000000e+07 4.710000000000000000e+03 1.070000000000000000e+03 5.970000000000000000e+03 4.080000000000000000e+03
5.141099000000000000e+07 4.710000000000000000e+03 1.070000000000000000e+03 5.970000000000000000e+03 4.080000000000000000e+03
5.141120800000000000e+07 4.710000000000000000e+03 1.070000000000000000e+03 5.980000000000000000e+03 4.090000000000000000e+03
5.141141200000000000e+07 4.710000000000000000e+03 1.060000000000000000e+03 5.970000000000000000e+03 4.080000000000000000e+03
5.141162400000000000e+07 4.720000000000000000e+03 1.050000000000000000e+03 5.970000000000000000e+03 4.080000000000000000e+03
5.141182400000000000e+07 4.730000000000000000e+03 1.050000000000000000e+03 5.970000000000000000e+03 4.090000000000000000e+03
5.141203000000000000e+07 4.730000000000000000e+03 1.050000000000000000e+03 5.960000000000000000e+03 4.090000000000000000e+03
5.141224400000000000e+07 4.720000000000000000e+03 1.050000000000000000e+03 5.960000000000000000e+03 4.090000000000000000e+03
5.141244100000000000e+07 4.720000000000000000e+03 1.050000000000000000e+03 5.960000000000000000e+03 4.080000000000000000e+03
5.141265800000000000e+07 4.730000000000000000e+03 1.060000000000000000e+03 5.970000000000000000e+03 4.080000000000000000e+03
5.141286100000000000e+07 4.720000000000000000e+03 1.070000000000000000e+03 5.970000000000000000e+03 4.080000000000000000e+03
5.141308000000000000e+07 4.710000000000000000e+03 1.080000000000000000e+03 5.960000000000000000e+03 4.080000000000000000e+03
5.141330200000000000e+07 4.720000000000000000e+03 1.080000000000000000e+03 5.970000000000000000e+03 4.080000000000000000e+03
5.141351000000000000e+07 4.710000000000000000e+03 1.060000000000000000e+03 5.970000000000000000e+03 4.080000000000000000e+03
5.141371800000000000e+07 4.710000000000000000e+03 1.070000000000000000e+03 5.980000000000000000e+03 4.080000000000000000e+03
5.141392600000000000e+07 4.720000000000000000e+03 1.060000000000000000e+03 5.980000000000000000e+03 4.080000000000000000e+03
5.141413400000000000e+07 4.710000000000000000e+03 1.060000000000000000e+03 5.990000000000000000e+03 4.080000000000000000e+03
5.141433100000000000e+07 4.710000000000000000e+03 1.060000000000000000e+03 5.980000000000000000e+03 4.080000000000000000e+03
5.141453900000000000e+07 4.710000000000000000e+03 1.070000000000000000e+03 5.980000000000000000e+03 4.080000000000000000e+03
5.141475100000000000e+07 4.720000000000000000e+03 1.080000000000000000e+03 5.980000000000000000e+03 4.080000000000000000e+03
5.141495700000000000e+07 4.710000000000000000e+03 1.070000000000000000e+03 5.980000000000000000e+03 4.080000000000000000e+03
5.141517100000000000e+07 4.710000000000000000e+03 1.060000000000000000e+03 5.980000000000000000e+03 4.080000000000000000e+03
5.141537500000000000e+07 4.720000000000000000e+03 1.060000000000000000e+03 5.980000000000000000e+03 4.080000000000000000e+03
5.141558900000000000e+07 4.720000000000000000e+03 1.060000000000000000e+03 5.980000000000000000e+03 4.080000000000000000e+03
5.141579800000000000e+07 4.730000000000000000e+03 1.050000000000000000e+03 5.970000000000000000e+03 4.080000000000000000e+03
5.141599800000000000e+07 4.740000000000000000e+03 1.060000000000000000e+03 5.970000000000000000e+03 4.080000000000000000e+03
5.141621400000000000e+07 4.730000000000000000e+03 1.070000000000000000e+03 5.980000000000000000e+03 4.080000000000000000e+03
5.141642200000000000e+07 4.730000000000000000e+03 1.060000000000000000e+03 5.980000000000000000e+03 4.080000000000000000e+03
5.141662400000000000e+07 4.730000000000000000e+03 1.050000000000000000e+03 5.980000000000000000e+03 4.070000000000000000e+03
5.141682400000000000e+07 4.730000000000000000e+03 1.050000000000000000e+03 5.980000000000000000e+03 4.060000000000000000e+03
5.141703400000000000e+07 4.720000000000000000e+03 1.050000000000000000e+03 5.970000000000000000e+03 4.070000000000000000e+03
5.141724900000000000e+07 4.710000000000000000e+03 1.060000000000000000e+03 5.970000000000000000e+03 4.070000000000000000e+03
5.141745500000000000e+07 4.710000000000000000e+03 1.070000000000000000e+03 5.970000000000000000e+03 4.070000000000000000e+03
5.141765500000000000e+07 4.720000000000000000e+03 1.070000000000000000e+03 5.980000000000000000e+03 4.070000000000000000e+03
5.141787500000000000e+07 4.710000000000000000e+03 1.080000000000000000e+03 5.990000000000000000e+03 4.070000000000000000e+03
5.141808500000000000e+07 4.720000000000000000e+03 1.080000000000000000e+03 5.990000000000000000e+03 4.070000000000000000e+03
5.141829400000000000e+07 4.710000000000000000e+03 1.080000000000000000e+03 5.990000000000000000e+03 4.080000000000000000e+03
5.141850200000000000e+07 4.720000000000000000e+03 1.080000000000000000e+03 6.000000000000000000e+03 4.080000000000000000e+03
5.141870600000000000e+07 4.710000000000000000e+03 1.070000000000000000e+03 5.990000000000000000e+03 4.070000000000000000e+03
5.141891700000000000e+07 4.720000000000000000e+03 1.070000000000000000e+03 5.980000000000000000e+03 4.070000000000000000e+03
5.141912500000000000e+07 4.720000000000000000e+03 1.050000000000000000e+03 5.980000000000000000e+03 4.070000000000000000e+03
5.141933300000000000e+07 4.730000000000000000e+03 1.060000000000000000e+03 5.980000000000000000e+03 4.070000000000000000e+03
5.141953800000000000e+07 4.730000000000000000e+03 1.070000000000000000e+03 5.980000000000000000e+03 4.070000000000000000e+03
5.141974900000000000e+07 4.730000000000000000e+03 1.060000000000000000e+03 5.980000000000000000e+03 4.070000000000000000e+03
5.141995600000000000e+07 4.720000000000000000e+03 1.040000000000000000e+03 5.990000000000000000e+03 4.070000000000000000e+03
5.142016400000000000e+07 4.710000000000000000e+03 1.060000000000000000e+03 5.990000000000000000e+03 4.070000000000000000e+03
5.142037000000000000e+07 4.710000000000000000e+03 1.060000000000000000e+03 5.990000000000000000e+03 4.070000000000000000e+03
5.142058000000000000e+07 4.710000000000000000e+03 1.060000000000000000e+03 5.980000000000000000e+03 4.070000000000000000e+03
5.142078400000000000e+07 4.720000000000000000e+03 1.060000000000000000e+03 5.980000000000000000e+03 4.070000000000000000e+03
5.142099200000000000e+07 4.710000000000000000e+03 1.060000000000000000e+03 5.980000000000000000e+03 4.070000000000000000e+03
5.142119400000000000e+07 4.720000000000000000e+03 1.070000000000000000e+03 5.980000000000000000e+03 4.080000000000000000e+03
5.142141300000000000e+07 4.710000000000000000e+03 1.080000000000000000e+03 5.970000000000000000e+03 4.080000000000000000e+03
5.142161700000000000e+07 4.720000000000000000e+03 1.060000000000000000e+03 5.970000000000000000e+03 4.080000000000000000e+03
5.142181400000000000e+07 4.710000000000000000e+03 1.050000000000000000e+03 5.980000000000000000e+03 4.070000000000000000e+03
5.142202900000000000e+07 4.710000000000000000e+03 1.050000000000000000e+03 5.980000000000000000e+03 4.070000000000000000e+03
5.142223100000000000e+07 4.720000000000000000e+03 1.060000000000000000e+03 5.980000000000000000e+03 4.070000000000000000e+03
5.142245200000000000e+07 4.710000000000000000e+03 1.060000000000000000e+03 5.970000000000000000e+03 4.080000000000000000e+03
5.142265000000000000e+07 4.710000000000000000e+03 1.060000000000000000e+03 5.970000000000000000e+03 4.080000000000000000e+03
5.142286900000000000e+07 4.710000000000000000e+03 1.070000000000000000e+03 5.960000000000000000e+03 4.080000000000000000e+03
5.142306600000000000e+07 4.710000000000000000e+03 1.060000000000000000e+03 5.970000000000000000e+03 4.080000000000000000e+03
5.142327300000000000e+07 4.710000000000000000e+03 1.080000000000000000e+03 5.980000000000000000e+03 4.080000000000000000e+03
5.142348400000000000e+07 4.720000000000000000e+03 1.070000000000000000e+03 5.980000000000000000e+03 4.080000000000000000e+03
5.142370000000000000e+07 4.700000000000000000e+03 1.080000000000000000e+03 5.980000000000000000e+03 4.090000000000000000e+03
5.142390100000000000e+07 4.700000000000000000e+03 1.080000000000000000e+03 5.980000000000000000e+03 4.090000000000000000e+03
5.142411600000000000e+07 4.690000000000000000e+03 1.070000000000000000e+03 5.980000000000000000e+03 4.080000000000000000e+03
5.142431500000000000e+07 4.690000000000000000e+03 1.070000000000000000e+03 5.980000000000000000e+03 4.080000000000000000e+03
5.142452100000000000e+07 4.690000000000000000e+03 1.060000000000000000e+03 5.990000000000000000e+03 4.070000000000000000e+03
5.142473100000000000e+07 4.700000000000000000e+03 1.060000000000000000e+03 5.990000000000000000e+03 4.070000000000000000e+03
5.142493400000000000e+07 4.700000000000000000e+03 1.080000000000000000e+03 5.990000000000000000e+03 4.070000000000000000e+03
5.142514700000000000e+07 4.700000000000000000e+03 1.070000000000000000e+03 5.990000000000000000e+03 4.070000000000000000e+03
5.142536400000000000e+07 4.720000000000000000e+03 1.060000000000000000e+03 5.980000000000000000e+03 4.070000000000000000e+03
5.142556000000000000e+07 4.710000000000000000e+03 1.070000000000000000e+03 5.990000000000000000e+03 4.070000000000000000e+03
5.142578000000000000e+07 4.720000000000000000e+03 1.080000000000000000e+03 5.990000000000000000e+03 4.070000000000000000e+03
5.142597400000000000e+07 4.710000000000000000e+03 1.090000000000000000e+03 5.990000000000000000e+03 4.070000000000000000e+03
5.142619600000000000e+07 4.710000000000000000e+03 1.090000000000000000e+03 5.980000000000000000e+03 4.080000000000000000e+03
5.142640400000000000e+07 4.700000000000000000e+03 1.080000000000000000e+03 5.980000000000000000e+03 4.090000000000000000e+03
5.142661000000000000e+07 4.700000000000000000e+03 1.070000000000000000e+03 5.980000000000000000e+03 4.080000000000000000e+03
5.142681800000000000e+07 4.700000000000000000e+03 1.060000000000000000e+03 5.970000000000000000e+03 4.080000000000000000e+03
5.142702800000000000e+07 4.700000000000000000e+03 1.070000000000000000e+03 5.970000000000000000e+03 4.080000000000000000e+03
5.142722400000000000e+07 4.700000000000000000e+03 1.060000000000000000e+03 5.980000000000000000e+03 4.080000000000000000e+03
5.142743000000000000e+07 4.710000000000000000e+03 1.060000000000000000e+03 5.980000000000000000e+03 4.080000000000000000e+03
5.142765000000000000e+07 4.710000000000000000e+03 1.060000000000000000e+03 5.980000000000000000e+03 4.080000000000000000e+03
5.142785100000000000e+07 4.720000000000000000e+03 1.070000000000000000e+03 5.980000000000000000e+03 4.080000000000000000e+03
5.142806800000000000e+07 4.720000000000000000e+03 1.090000000000000000e+03 5.980000000000000000e+03 4.080000000000000000e+03
5.142827400000000000e+07 4.710000000000000000e+03 1.090000000000000000e+03 5.980000000000000000e+03 4.090000000000000000e+03
5.142847900000000000e+07 4.710000000000000000e+03 1.070000000000000000e+03 5.980000000000000000e+03 4.090000000000000000e+03
5.142869100000000000e+07 4.710000000000000000e+03 1.080000000000000000e+03 5.980000000000000000e+03 4.080000000000000000e+03
5.142889400000000000e+07 4.710000000000000000e+03 1.090000000000000000e+03 5.980000000000000000e+03 4.080000000000000000e+03
5.142909700000000000e+07 4.720000000000000000e+03 1.080000000000000000e+03 5.980000000000000000e+03 7.000000000000000000e+01
5.142931100000000000e+07 4.720000000000000000e+03 1.090000000000000000e+03 5.980000000000000000e+03 4.080000000000000000e+03
5.142951400000000000e+07 4.710000000000000000e+03 1.080000000000000000e+03 5.980000000000000000e+03 4.080000000000000000e+03
5.142973100000000000e+07 4.700000000000000000e+03 1.060000000000000000e+03 5.970000000000000000e+03 4.080000000000000000e+03
5.143013100000000000e+07 4.710000000000000000e+03 1.060000000000000000e+03 5.970000000000000000e+03 4.080000000000000000e+03
5.143033900000000000e+07 4.710000000000000000e+03 1.060000000000000000e+03 5.970000000000000000e+03 4.080000000000000000e+03
5.143054700000000000e+07 4.730000000000000000e+03 1.070000000000000000e+03 5.970000000000000000e+03 4.080000000000000000e+03
5.143075400000000000e+07 4.730000000000000000e+03 1.070000000000000000e+03 5.970000000000000000e+03 4.080000000000000000e+03
5.143096200000000000e+07 4.730000000000000000e+03 1.060000000000000000e+03 5.970000000000000000e+03 4.080000000000000000e+03
5.143116200000000000e+07 4.730000000000000000e+03 1.060000000000000000e+03 5.970000000000000000e+03 4.080000000000000000e+03
5.143136900000000000e+07 4.730000000000000000e+03 1.060000000000000000e+03 5.970000000000000000e+03 4.080000000000000000e+03
5.143158200000000000e+07 4.720000000000000000e+03 1.070000000000000000e+03 5.970000000000000000e+03 4.080000000000000000e+03
5.143178100000000000e+07 4.710000000000000000e+03 1.060000000000000000e+03 5.980000000000000000e+03 4.070000000000000000e+03
5.143199600000000000e+07 4.710000000000000000e+03 1.050000000000000000e+03 5.980000000000000000e+03 4.070000000000000000e+03
5.143219700000000000e+07 4.730000000000000000e+03 1.050000000000000000e+03 5.980000000000000000e+03 4.070000000000000000e+03
5.143240700000000000e+07 4.730000000000000000e+03 1.070000000000000000e+03 5.990000000000000000e+03 4.070000000000000000e+03
5.143261300000000000e+07 4.730000000000000000e+03 1.050000000000000000e+03 5.990000000000000000e+03 4.070000000000000000e+03
5.143282300000000000e+07 4.730000000000000000e+03 1.060000000000000000e+03 5.990000000000000000e+03 4.070000000000000000e+03
5.143302900000000000e+07 4.730000000000000000e+03 1.060000000000000000e+03 5.990000000000000000e+03 4.080000000000000000e+03
5.143324600000000000e+07 4.730000000000000000e+03 1.060000000000000000e+03 5.990000000000000000e+03 4.080000000000000000e+03
5.143344500000000000e+07 4.730000000000000000e+03 1.080000000000000000e+03 5.990000000000000000e+03 4.080000000000000000e+03
5.143366100000000000e+07 4.730000000000000000e+03 1.080000000000000000e+03 5.990000000000000000e+03 4.080000000000000000e+03
5.143387200000000000e+07 4.730000000000000000e+03 1.090000000000000000e+03 5.980000000000000000e+03 4.080000000000000000e+03
5.143407000000000000e+07 4.720000000000000000e+03 1.090000000000000000e+03 5.970000000000000000e+03 4.080000000000000000e+03
5.143427900000000000e+07 4.720000000000000000e+03 1.090000000000000000e+03 5.970000000000000000e+03 4.080000000000000000e+03
5.143449500000000000e+07 4.710000000000000000e+03 1.090000000000000000e+03 5.970000000000000000e+03 4.070000000000000000e+03
5.143469500000000000e+07 4.720000000000000000e+03 1.070000000000000000e+03 5.970000000000000000e+03 4.070000000000000000e+03
5.143491400000000000e+07 4.720000000000000000e+03 1.080000000000000000e+03 5.980000000000000000e+03 4.070000000000000000e+03
5.143511800000000000e+07 4.700000000000000000e+03 1.080000000000000000e+03 5.970000000000000000e+03 4.070000000000000000e+03
5.143532900000000000e+07 4.720000000000000000e+03 1.080000000000000000e+03 5.980000000000000000e+03 4.070000000000000000e+03
5.143552900000000000e+07 4.720000000000000000e+03 1.050000000000000000e+03 5.990000000000000000e+03 4.070000000000000000e+03
5.143574200000000000e+07 4.720000000000000000e+03 1.070000000000000000e+03 5.990000000000000000e+03 4.070000000000000000e+03
5.143594800000000000e+07 4.710000000000000000e+03 1.070000000000000000e+03 5.990000000000000000e+03 4.070000000000000000e+03
5.143616100000000000e+07 4.710000000000000000e+03 1.070000000000000000e+03 5.990000000000000000e+03 4.070000000000000000e+03
5.143636100000000000e+07 4.690000000000000000e+03 1.080000000000000000e+03 5.990000000000000000e+03 4.080000000000000000e+03
5.143657700000000000e+07 4.690000000000000000e+03 1.060000000000000000e+03 5.980000000000000000e+03 4.070000000000000000e+03
5.143678600000000000e+07 4.700000000000000000e+03 1.060000000000000000e+03 5.980000000000000000e+03 4.070000000000000000e+03
5.143698200000000000e+07 4.700000000000000000e+03 1.060000000000000000e+03 5.980000000000000000e+03 4.070000000000000000e+03
5.143719000000000000e+07 4.720000000000000000e+03 1.070000000000000000e+03 5.980000000000000000e+03 4.080000000000000000e+03
5.143739700000000000e+07 4.710000000000000000e+03 1.080000000000000000e+03 5.980000000000000000e+03 4.080000000000000000e+03
5.143760600000000000e+07 4.720000000000000000e+03 1.090000000000000000e+03 5.980000000000000000e+03 4.070000000000000000e+03
5.143781200000000000e+07 4.720000000000000000e+03 1.080000000000000000e+03 5.980000000000000000e+03 4.070000000000000000e+03
5.143802500000000000e+07 4.720000000000000000e+03 1.080000000000000000e+03 5.980000000000000000e+03 4.070000000000000000e+03
5.143823700000000000e+07 4.720000000000000000e+03 1.090000000000000000e+03 5.980000000000000000e+03 4.070000000000000000e+03
5.143844600000000000e+07 4.710000000000000000e+03 1.080000000000000000e+03 5.990000000000000000e+03 4.070000000000000000e+03
5.143864400000000000e+07 4.700000000000000000e+03 1.080000000000000000e+03 5.990000000000000000e+03 4.070000000000000000e+03
5.143886400000000000e+07 4.700000000000000000e+03 1.070000000000000000e+03 5.990000000000000000e+03 4.070000000000000000e+03
5.143906000000000000e+07 4.700000000000000000e+03 1.080000000000000000e+03 5.990000000000000000e+03 4.070000000000000000e+03
5.143927700000000000e+07 4.700000000000000000e+03 1.080000000000000000e+03 5.990000000000000000e+03 4.070000000000000000e+03
5.143948500000000000e+07 4.700000000000000000e+03 1.060000000000000000e+03 5.980000000000000000e+03 4.070000000000000000e+03
5.143968600000000000e+07 4.700000000000000000e+03 1.060000000000000000e+03 5.990000000000000000e+03 4.070000000000000000e+03
5.143990000000000000e+07 4.710000000000000000e+03 1.070000000000000000e+03 5.990000000000000000e+03 4.070000000000000000e+03
5.144011400000000000e+07 4.720000000000000000e+03 1.060000000000000000e+03 5.990000000000000000e+03 4.080000000000000000e+03
5.144031600000000000e+07 4.720000000000000000e+03 1.060000000000000000e+03 5.990000000000000000e+03 4.080000000000000000e+03
5.144052900000000000e+07 4.710000000000000000e+03 1.070000000000000000e+03 5.990000000000000000e+03 4.080000000000000000e+03
5.144072800000000000e+07 4.720000000000000000e+03 1.060000000000000000e+03 5.990000000000000000e+03 4.080000000000000000e+03
5.144095100000000000e+07 4.720000000000000000e+03 1.070000000000000000e+03 5.990000000000000000e+03 4.080000000000000000e+03
5.144116600000000000e+07 4.720000000000000000e+03 1.060000000000000000e+03 5.980000000000000000e+03 4.080000000000000000e+03
5.144137000000000000e+07 4.720000000000000000e+03 1.060000000000000000e+03 5.990000000000000000e+03 4.080000000000000000e+03
5.144158400000000000e+07 4.720000000000000000e+03 1.050000000000000000e+03 5.990000000000000000e+03 4.080000000000000000e+03
5.144179300000000000e+07 4.720000000000000000e+03 1.050000000000000000e+03 5.990000000000000000e+03 4.080000000000000000e+03
5.144199500000000000e+07 4.720000000000000000e+03 1.060000000000000000e+03 5.980000000000000000e+03 4.080000000000000000e+03
5.144219400000000000e+07 4.710000000000000000e+03 1.070000000000000000e+03 5.970000000000000000e+03 4.080000000000000000e+03
5.144241600000000000e+07 4.710000000000000000e+03 1.060000000000000000e+03 5.970000000000000000e+03 4.080000000000000000e+03
5.144261200000000000e+07 4.710000000000000000e+03 1.060000000000000000e+03 5.970000000000000000e+03 4.080000000000000000e+03
5.144282600000000000e+07 4.720000000000000000e+03 1.070000000000000000e+03 5.980000000000000000e+03 4.080000000000000000e+03
5.144302900000000000e+07 4.710000000000000000e+03 1.070000000000000000e+03 5.980000000000000000e+03 4.080000000000000000e+03
5.144324800000000000e+07 4.710000000000000000e+03 1.080000000000000000e+03 5.980000000000000000e+03 4.080000000000000000e+03
5.144344400000000000e+07 4.720000000000000000e+03 1.080000000000000000e+03 5.980000000000000000e+03 4.080000000000000000e+03
5.144365200000000000e+07 4.710000000000000000e+03 1.090000000000000000e+03 5.980000000000000000e+03 4.080000000000000000e+03
5.144385900000000000e+07 4.700000000000000000e+03 1.090000000000000000e+03 5.980000000000000000e+03 4.080000000000000000e+03
5.144407600000000000e+07 4.700000000000000000e+03 1.100000000000000000e+03 5.980000000000000000e+03 4.080000000000000000e+03
5.144427600000000000e+07 4.700000000000000000e+03 1.090000000000000000e+03 5.980000000000000000e+03 4.080000000000000000e+03
5.144449400000000000e+07 4.710000000000000000e+03 1.070000000000000000e+03 5.970000000000000000e+03 4.090000000000000000e+03
5.144469300000000000e+07 4.720000000000000000e+03 1.060000000000000000e+03 5.980000000000000000e+03 4.090000000000000000e+03
5.144490900000000000e+07 4.730000000000000000e+03 1.080000000000000000e+03 5.980000000000000000e+03 4.100000000000000000e+03
5.144512000000000000e+07 4.730000000000000000e+03 1.070000000000000000e+03 5.980000000000000000e+03 4.090000000000000000e+03
5.144532500000000000e+07 4.730000000000000000e+03 1.080000000000000000e+03 5.980000000000000000e+03 4.080000000000000000e+03
5.144552700000000000e+07 4.730000000000000000e+03 1.080000000000000000e+03 5.980000000000000000e+03 4.080000000000000000e+03
5.144573900000000000e+07 4.730000000000000000e+03 1.090000000000000000e+03 5.980000000000000000e+03 4.080000000000000000e+03
5.144594400000000000e+07 4.720000000000000000e+03 1.090000000000000000e+03 5.960000000000000000e+03 4.080000000000000000e+03
5.144614900000000000e+07 4.710000000000000000e+03 1.060000000000000000e+03 5.970000000000000000e+03 4.080000000000000000e+03
5.144636700000000000e+07 4.710000000000000000e+03 1.060000000000000000e+03 5.980000000000000000e+03 4.080000000000000000e+03
5.144657200000000000e+07 4.710000000000000000e+03 1.050000000000000000e+03 5.980000000000000000e+03 4.080000000000000000e+03
5.144677400000000000e+07 4.730000000000000000e+03 1.050000000000000000e+03 5.980000000000000000e+03 4.080000000000000000e+03
5.144697800000000000e+07 4.740000000000000000e+03 1.050000000000000000e+03 5.980000000000000000e+03 4.080000000000000000e+03
5.144719400000000000e+07 4.740000000000000000e+03 1.050000000000000000e+03 5.990000000000000000e+03 4.090000000000000000e+03
5.144739500000000000e+07 4.740000000000000000e+03 1.070000000000000000e+03 5.980000000000000000e+03 4.090000000000000000e+03
5.144760700000000000e+07 4.740000000000000000e+03 1.060000000000000000e+03 5.980000000000000000e+03 4.080000000000000000e+03
5.144781900000000000e+07 4.740000000000000000e+03 1.050000000000000000e+03 5.990000000000000000e+03 4.080000000000000000e+03
5.144803100000000000e+07 4.730000000000000000e+03 1.050000000000000000e+03 5.990000000000000000e+03 4.070000000000000000e+03
5.144822700000000000e+07 4.730000000000000000e+03 1.050000000000000000e+03 5.990000000000000000e+03 4.070000000000000000e+03
5.144844200000000000e+07 4.730000000000000000e+03 1.050000000000000000e+03 5.990000000000000000e+03 4.070000000000000000e+03
5.144864500000000000e+07 4.730000000000000000e+03 1.050000000000000000e+03 5.980000000000000000e+03 4.070000000000000000e+03
5.144885700000000000e+07 4.710000000000000000e+03 1.060000000000000000e+03 5.980000000000000000e+03 4.060000000000000000e+03
5.144907200000000000e+07 4.710000000000000000e+03 1.060000000000000000e+03 5.970000000000000000e+03 4.060000000000000000e+03
5.144927500000000000e+07 4.710000000000000000e+03 1.060000000000000000e+03 5.980000000000000000e+03 4.070000000000000000e+03
5.144947800000000000e+07 4.710000000000000000e+03 1.060000000000000000e+03 5.980000000000000000e+03 4.070000000000000000e+03
5.144969000000000000e+07 4.720000000000000000e+03 1.060000000000000000e+03 5.980000000000000000e+03 4.070000000000000000e+03
5.144989000000000000e+07 4.730000000000000000e+03 1.060000000000000000e+03 5.980000000000000000e+03 4.070000000000000000e+03
5.145011000000000000e+07 4.730000000000000000e+03 1.070000000000000000e+03 5.990000000000000000e+03 4.070000000000000000e+03
5.145031200000000000e+07 4.720000000000000000e+03 1.060000000000000000e+03 5.980000000000000000e+03 4.070000000000000000e+03
5.145051900000000000e+07 4.720000000000000000e+03 1.060000000000000000e+03 5.980000000000000000e+03 4.070000000000000000e+03
5.145073500000000000e+07 4.710000000000000000e+03 1.080000000000000000e+03 5.980000000000000000e+03 4.070000000000000000e+03
5.145094300000000000e+07 4.730000000000000000e+03 1.090000000000000000e+03 5.980000000000000000e+03 4.070000000000000000e+03
5.145114500000000000e+07 4.720000000000000000e+03 1.080000000000000000e+03 5.980000000000000000e+03 4.080000000000000000e+03
5.145135900000000000e+07 4.710000000000000000e+03 1.080000000000000000e+03 5.980000000000000000e+03 4.070000000000000000e+03
5.145156600000000000e+07 4.710000000000000000e+03 1.090000000000000000e+03 5.980000000000000000e+03 4.060000000000000000e+03
5.145177300000000000e+07 4.710000000000000000e+03 1.090000000000000000e+03 5.990000000000000000e+03 4.060000000000000000e+03
5.145197800000000000e+07 4.710000000000000000e+03 1.070000000000000000e+03 5.980000000000000000e+03 4.060000000000000000e+03
5.145219100000000000e+07 4.700000000000000000e+03 1.070000000000000000e+03 5.980000000000000000e+03 4.070000000000000000e+03
5.145239100000000000e+07 4.700000000000000000e+03 1.060000000000000000e+03 5.970000000000000000e+03 4.070000000000000000e+03
5.145259700000000000e+07 4.700000000000000000e+03 1.060000000000000000e+03 5.970000000000000000e+03 4.080000000000000000e+03
5.145280400000000000e+07 4.700000000000000000e+03 1.060000000000000000e+03 5.980000000000000000e+03 4.090000000000000000e+03
5.145301000000000000e+07 4.710000000000000000e+03 1.060000000000000000e+03 5.980000000000000000e+03 4.090000000000000000e+03
5.145321800000000000e+07 4.720000000000000000e+03 1.070000000000000000e+03 5.980000000000000000e+03 4.090000000000000000e+03
5.145343000000000000e+07 4.710000000000000000e+03 1.080000000000000000e+03 5.980000000000000000e+03 4.080000000000000000e+03
5.145364600000000000e+07 4.720000000000000000e+03 1.080000000000000000e+03 5.980000000000000000e+03 4.080000000000000000e+03
5.145384600000000000e+07 4.730000000000000000e+03 1.080000000000000000e+03 5.980000000000000000e+03 4.080000000000000000e+03
5.145406300000000000e+07 4.730000000000000000e+03 1.090000000000000000e+03 5.980000000000000000e+03 4.070000000000000000e+03
5.145427000000000000e+07 4.730000000000000000e+03 1.090000000000000000e+03 5.980000000000000000e+03 4.070000000000000000e+03
5.145447800000000000e+07 4.710000000000000000e+03 1.070000000000000000e+03 5.980000000000000000e+03 4.080000000000000000e+03
5.145468600000000000e+07 4.720000000000000000e+03 1.070000000000000000e+03 5.980000000000000000e+03 4.080000000000000000e+03
5.145489400000000000e+07 4.710000000000000000e+03 1.080000000000000000e+03 5.980000000000000000e+03 4.080000000000000000e+03
5.145510200000000000e+07 4.720000000000000000e+03 1.070000000000000000e+03 5.970000000000000000e+03 4.080000000000000000e+03
5.145529800000000000e+07 4.720000000000000000e+03 1.060000000000000000e+03 5.970000000000000000e+03 4.080000000000000000e+03
5.145551800000000000e+07 4.720000000000000000e+03 1.050000000000000000e+03 5.980000000000000000e+03 4.090000000000000000e+03
5.145572500000000000e+07 4.710000000000000000e+03 1.050000000000000000e+03 5.980000000000000000e+03 4.080000000000000000e+03
5.145592200000000000e+07 4.720000000000000000e+03 1.050000000000000000e+03 5.980000000000000000e+03 4.070000000000000000e+03
5.145614100000000000e+07 4.710000000000000000e+03 1.070000000000000000e+03 5.980000000000000000e+03 4.070000000000000000e+03
5.145634900000000000e+07 4.710000000000000000e+03 1.080000000000000000e+03 5.970000000000000000e+03 4.070000000000000000e+03
5.145654200000000000e+07 4.730000000000000000e+03 1.090000000000000000e+03 5.980000000000000000e+03 4.070000000000000000e+03
5.145676500000000000e+07 4.720000000000000000e+03 1.100000000000000000e+03 5.980000000000000000e+03 4.080000000000000000e+03
5.145718100000000000e+07 4.720000000000000000e+03 1.100000000000000000e+03 5.980000000000000000e+03 4.080000000000000000e+03
5.145738900000000000e+07 4.720000000000000000e+03 1.080000000000000000e+03 5.990000000000000000e+03 4.080000000000000000e+03
5.145759900000000000e+07 4.720000000000000000e+03 1.070000000000000000e+03 5.980000000000000000e+03 4.080000000000000000e+03
5.145780500000000000e+07 4.710000000000000000e+03 1.080000000000000000e+03 5.980000000000000000e+03 4.080000000000000000e+03
5.145801300000000000e+07 4.720000000000000000e+03 1.070000000000000000e+03 5.980000000000000000e+03 4.070000000000000000e+03
5.145822100000000000e+07 4.720000000000000000e+03 1.060000000000000000e+03 5.980000000000000000e+03 4.070000000000000000e+03
5.145842800000000000e+07 4.710000000000000000e+03 1.050000000000000000e+03 5.980000000000000000e+03 4.070000000000000000e+03
5.145863700000000000e+07 4.710000000000000000e+03 1.060000000000000000e+03 5.970000000000000000e+03 4.080000000000000000e+03
5.145884500000000000e+07 4.720000000000000000e+03 1.060000000000000000e+03 5.970000000000000000e+03 4.080000000000000000e+03
