5.250604500000000000e+07 5.820000000000000000e+03 3.530000000000000000e+03 4.690000000000000000e+03 1.610000000000000000e+03
5.250624200000000000e+07 5.820000000000000000e+03 3.540000000000000000e+03 4.690000000000000000e+03 1.620000000000000000e+03
5.250645700000000000e+07 5.820000000000000000e+03 3.530000000000000000e+03 4.690000000000000000e+03 1.620000000000000000e+03
5.250666100000000000e+07 5.830000000000000000e+03 3.540000000000000000e+03 4.690000000000000000e+03 1.610000000000000000e+03
5.250687700000000000e+07 5.820000000000000000e+03 3.540000000000000000e+03 4.690000000000000000e+03 1.610000000000000000e+03
5.250707900000000000e+07 5.830000000000000000e+03 3.520000000000000000e+03 4.690000000000000000e+03 1.600000000000000000e+03
5.250728400000000000e+07 5.820000000000000000e+03 3.520000000000000000e+03 4.690000000000000000e+03 1.600000000000000000e+03
5.250749200000000000e+07 5.820000000000000000e+03 3.530000000000000000e+03 4.690000000000000000e+03 1.590000000000000000e+03
5.250770800000000000e+07 5.830000000000000000e+03 3.540000000000000000e+03 4.690000000000000000e+03 1.590000000000000000e+03
5.250791100000000000e+07 5.820000000000000000e+03 3.530000000000000000e+03 4.700000000000000000e+03 1.590000000000000000e+03
5.250812000000000000e+07 5.810000000000000000e+03 3.520000000000000000e+03 4.690000000000000000e+03 1.590000000000000000e+03
5.250832300000000000e+07 5.810000000000000000e+03 3.510000000000000000e+03 4.690000000000000000e+03 1.590000000000000000e+03
5.250854100000000000e+07 5.820000000000000000e+03 3.510000000000000000e+03 4.690000000000000000e+03 1.590000000000000000e+03
5.250874900000000000e+07 5.820000000000000000e+03 3.510000000000000000e+03 4.690000000000000000e+03 1.590000000000000000e+03
5.250894400000000000e+07 5.820000000000000000e+03 3.520000000000000000e+03 4.700000000000000000e+03 1.590000000000000000e+03
5.250918100000000000e+07 5.820000000000000000e+03 3.510000000000000000e+03 4.700000000000000000e+03 1.580000000000000000e+03
5.250938000000000000e+07 5.820000000000000000e+03 3.520000000000000000e+03 4.700000000000000000e+03 1.590000000000000000e+03
5.250959300000000000e+07 5.820000000000000000e+03 3.510000000000000000e+03 4.710000000000000000e+03 1.600000000000000000e+03
5.250980400000000000e+07 5.820000000000000000e+03 3.520000000000000000e+03 4.700000000000000000e+03 1.600000000000000000e+03
5.251000000000000000e+07 5.820000000000000000e+03 3.490000000000000000e+03 4.710000000000000000e+03 1.600000000000000000e+03
5.251021000000000000e+07 5.820000000000000000e+03 3.510000000000000000e+03 4.710000000000000000e+03 1.610000000000000000e+03
5.251042300000000000e+07 5.820000000000000000e+03 3.520000000000000000e+03 4.710000000000000000e+03 1.610000000000000000e+03
5.251063600000000000e+07 5.820000000000000000e+03 3.510000000000000000e+03 4.710000000000000000e+03 1.600000000000000000e+03
5.251084000000000000e+07 5.820000000000000000e+03 3.500000000000000000e+03 4.700000000000000000e+03 1.590000000000000000e+03
5.251104500000000000e+07 5.810000000000000000e+03 3.490000000000000000e+03 4.690000000000000000e+03 1.590000000000000000e+03
5.251125800000000000e+07 5.810000000000000000e+03 3.490000000000000000e+03 4.690000000000000000e+03 1.590000000000000000e+03
5.251146800000000000e+07 5.810000000000000000e+03 3.490000000000000000e+03 4.690000000000000000e+03 1.600000000000000000e+03
5.251167300000000000e+07 5.810000000000000000e+03 3.480000000000000000e+03 4.700000000000000000e+03 1.590000000000000000e+03
5.251188400000000000e+07 5.810000000000000000e+03 3.480000000000000000e+03 4.700000000000000000e+03 1.590000000000000000e+03
5.251208100000000000e+07 5.810000000000000000e+03 3.480000000000000000e+03 4.700000000000000000e+03 1.600000000000000000e+03
5.251230000000000000e+07 5.810000000000000000e+03 3.500000000000000000e+03 4.690000000000000000e+03 1.610000000000000000e+03
5.251249900000000000e+07 5.810000000000000000e+03 3.520000000000000000e+03 4.700000000000000000e+03 1.610000000000000000e+03
5.251270900000000000e+07 5.810000000000000000e+03 3.520000000000000000e+03 4.700000000000000000e+03 1.600000000000000000e+03
5.251291000000000000e+07 5.820000000000000000e+03 3.510000000000000000e+03 4.700000000000000000e+03 1.610000000000000000e+03
5.251314000000000000e+07 5.820000000000000000e+03 3.520000000000000000e+03 4.700000000000000000e+03 1.600000000000000000e+03
5.251335700000000000e+07 5.820000000000000000e+03 3.530000000000000000e+03 4.700000000000000000e+03 1.590000000000000000e+03
5.251355800000000000e+07 5.830000000000000000e+03 3.530000000000000000e+03 4.700000000000000000e+03 1.610000000000000000e+03
5.251377200000000000e+07 5.830000000000000000e+03 3.530000000000000000e+03 4.700000000000000000e+03 1.610000000000000000e+03
5.251397700000000000e+07 5.830000000000000000e+03 3.530000000000000000e+03 4.700000000000000000e+03 1.610000000000000000e+03
5.251417700000000000e+07 5.830000000000000000e+03 3.530000000000000000e+03 4.690000000000000000e+03 1.610000000000000000e+03
5.251438900000000000e+07 5.830000000000000000e+03 3.520000000000000000e+03 4.690000000000000000e+03 1.610000000000000000e+03
5.251458900000000000e+07 5.810000000000000000e+03 3.510000000000000000e+03 4.680000000000000000e+03 1.600000000000000000e+03
5.251480900000000000e+07 5.820000000000000000e+03 3.520000000000000000e+03 4.670000000000000000e+03 1.590000000000000000e+03
5.251500600000000000e+07 5.820000000000000000e+03 3.520000000000000000e+03 4.670000000000000000e+03 1.600000000000000000e+03
5.251522500000000000e+07 5.820000000000000000e+03 3.500000000000000000e+03 4.680000000000000000e+03 1.610000000000000000e+03
5.251542100000000000e+07 5.820000000000000000e+03 3.520000000000000000e+03 4.690000000000000000e+03 1.620000000000000000e+03
5.251564100000000000e+07 5.820000000000000000e+03 3.520000000000000000e+03 4.700000000000000000e+03 1.620000000000000000e+03
5.251584000000000000e+07 5.810000000000000000e+03 3.520000000000000000e+03 4.700000000000000000e+03 1.620000000000000000e+03
5.251605900000000000e+07 5.820000000000000000e+03 3.520000000000000000e+03 4.710000000000000000e+03 1.620000000000000000e+03
5.251626700000000000e+07 5.820000000000000000e+03 3.520000000000000000e+03 4.710000000000000000e+03 1.620000000000000000e+03
5.251647500000000000e+07 5.810000000000000000e+03 3.520000000000000000e+03 4.710000000000000000e+03 1.620000000000000000e+03
5.251668300000000000e+07 5.820000000000000000e+03 3.510000000000000000e+03 4.700000000000000000e+03 1.620000000000000000e+03
5.251689000000000000e+07 5.820000000000000000e+03 3.500000000000000000e+03 4.700000000000000000e+03 1.600000000000000000e+03
5.251709600000000000e+07 5.820000000000000000e+03 3.490000000000000000e+03 4.700000000000000000e+03 1.610000000000000000e+03
5.251732200000000000e+07 5.820000000000000000e+03 3.490000000000000000e+03 4.690000000000000000e+03 1.610000000000000000e+03
5.251752400000000000e+07 5.810000000000000000e+03 3.490000000000000000e+03 4.690000000000000000e+03 1.600000000000000000e+03
5.251773500000000000e+07 5.810000000000000000e+03 3.500000000000000000e+03 4.700000000000000000e+03 1.600000000000000000e+03
5.251794700000000000e+07 5.810000000000000000e+03 3.500000000000000000e+03 4.700000000000000000e+03 1.600000000000000000e+03
5.251815500000000000e+07 5.820000000000000000e+03 3.500000000000000000e+03 4.690000000000000000e+03 1.600000000000000000e+03
5.251836200000000000e+07 5.820000000000000000e+03 3.510000000000000000e+03 4.680000000000000000e+03 1.590000000000000000e+03
5.251856500000000000e+07 5.820000000000000000e+03 3.490000000000000000e+03 4.680000000000000000e+03 1.600000000000000000e+03
5.251877900000000000e+07 5.820000000000000000e+03 3.500000000000000000e+03 4.680000000000000000e+03 1.590000000000000000e+03
5.251898700000000000e+07 5.820000000000000000e+03 3.500000000000000000e+03 4.680000000000000000e+03 1.600000000000000000e+03
5.251919400000000000e+07 5.820000000000000000e+03 3.500000000000000000e+03 4.680000000000000000e+03 1.590000000000000000e+03
5.251940200000000000e+07 5.820000000000000000e+03 3.490000000000000000e+03 4.680000000000000000e+03 1.590000000000000000e+03
5.251961100000000000e+07 5.820000000000000000e+03 3.510000000000000000e+03 4.700000000000000000e+03 1.600000000000000000e+03
5.251980700000000000e+07 5.830000000000000000e+03 3.510000000000000000e+03 4.700000000000000000e+03 1.600000000000000000e+03
5.252002600000000000e+07 5.830000000000000000e+03 3.510000000000000000e+03 4.710000000000000000e+03 1.600000000000000000e+03
5.252023400000000000e+07 5.830000000000000000e+03 3.530000000000000000e+03 4.710000000000000000e+03 1.590000000000000000e+03
5.252043000000000000e+07 5.820000000000000000e+03 3.510000000000000000e+03 4.710000000000000000e+03 1.590000000000000000e+03
5.252066000000000000e+07 5.820000000000000000e+03 3.510000000000000000e+03 4.710000000000000000e+03 1.590000000000000000e+03
5.252087400000000000e+07 5.820000000000000000e+03 3.500000000000000000e+03 4.710000000000000000e+03 1.600000000000000000e+03
5.252107300000000000e+07 5.820000000000000000e+03 3.510000000000000000e+03 4.710000000000000000e+03 1.600000000000000000e+03
5.252127500000000000e+07 5.820000000000000000e+03 3.510000000000000000e+03 4.710000000000000000e+03 1.600000000000000000e+03
5.252149700000000000e+07 5.820000000000000000e+03 3.500000000000000000e+03 4.700000000000000000e+03 1.590000000000000000e+03
5.252169400000000000e+07 5.820000000000000000e+03 3.510000000000000000e+03 4.700000000000000000e+03 1.590000000000000000e+03
5.252191300000000000e+07 5.820000000000000000e+03 3.520000000000000000e+03 4.700000000000000000e+03 1.590000000000000000e+03
5.252211100000000000e+07 5.820000000000000000e+03 3.520000000000000000e+03 4.700000000000000000e+03 1.590000000000000000e+03
5.252232600000000000e+07 5.820000000000000000e+03 3.510000000000000000e+03 4.700000000000000000e+03 1.600000000000000000e+03
5.252253200000000000e+07 5.820000000000000000e+03 3.500000000000000000e+03 4.710000000000000000e+03 1.600000000000000000e+03
5.252274700000000000e+07 5.820000000000000000e+03 3.490000000000000000e+03 4.710000000000000000e+03 1.590000000000000000e+03
5.252294900000000000e+07 5.820000000000000000e+03 3.490000000000000000e+03 4.700000000000000000e+03 1.590000000000000000e+03
5.252316200000000000e+07 5.820000000000000000e+03 3.490000000000000000e+03 4.720000000000000000e+03 1.590000000000000000e+03
5.252337000000000000e+07 5.820000000000000000e+03 3.490000000000000000e+03 4.710000000000000000e+03 1.590000000000000000e+03
5.252357200000000000e+07 5.820000000000000000e+03 3.490000000000000000e+03 4.700000000000000000e+03 1.590000000000000000e+03
5.252378500000000000e+07 5.820000000000000000e+03 3.500000000000000000e+03 4.680000000000000000e+03 1.580000000000000000e+03
5.252399500000000000e+07 5.820000000000000000e+03 3.520000000000000000e+03 4.690000000000000000e+03 1.590000000000000000e+03
5.252421300000000000e+07 5.820000000000000000e+03 3.520000000000000000e+03 4.690000000000000000e+03 1.590000000000000000e+03
5.252442200000000000e+07 5.820000000000000000e+03 3.520000000000000000e+03 4.690000000000000000e+03 1.600000000000000000e+03
5.252461900000000000e+07 5.820000000000000000e+03 3.510000000000000000e+03 4.700000000000000000e+03 1.600000000000000000e+03
5.252484100000000000e+07 5.820000000000000000e+03 3.530000000000000000e+03 4.690000000000000000e+03 1.590000000000000000e+03
5.252504400000000000e+07 5.820000000000000000e+03 3.530000000000000000e+03 4.690000000000000000e+03 1.590000000000000000e+03
5.252525400000000000e+07 5.820000000000000000e+03 3.540000000000000000e+03 4.700000000000000000e+03 1.600000000000000000e+03
5.252545700000000000e+07 5.820000000000000000e+03 3.530000000000000000e+03 4.700000000000000000e+03 1.610000000000000000e+03
5.252567300000000000e+07 5.820000000000000000e+03 3.530000000000000000e+03 4.710000000000000000e+03 1.610000000000000000e+03
5.252588000000000000e+07 5.820000000000000000e+03 3.530000000000000000e+03 4.710000000000000000e+03 1.600000000000000000e+03
5.252608200000000000e+07 5.820000000000000000e+03 3.510000000000000000e+03 4.700000000000000000e+03 1.600000000000000000e+03
5.252628300000000000e+07 5.820000000000000000e+03 3.500000000000000000e+03 4.700000000000000000e+03 1.590000000000000000e+03
5.252921800000000000e+07 5.830000000000000000e+03 3.470000000000000000e+03 4.690000000000000000e+03 1.580000000000000000e+03
5.252943300000000000e+07 5.830000000000000000e+03 3.500000000000000000e+03 4.690000000000000000e+03 1.590000000000000000e+03
5.252963400000000000e+07 5.830000000000000000e+03 3.490000000000000000e+03 4.700000000000000000e+03 1.590000000000000000e+03
5.252984900000000000e+07 5.830000000000000000e+03 3.490000000000000000e+03 4.700000000000000000e+03 1.590000000000000000e+03
5.253004200000000000e+07 5.830000000000000000e+03 3.490000000000000000e+03 4.700000000000000000e+03 1.590000000000000000e+03
5.253025000000000000e+07 5.820000000000000000e+03 3.490000000000000000e+03 4.690000000000000000e+03 1.600000000000000000e+03
5.253046800000000000e+07 5.830000000000000000e+03 3.490000000000000000e+03 4.700000000000000000e+03 1.590000000000000000e+03
5.253068000000000000e+07 5.830000000000000000e+03 3.490000000000000000e+03 4.700000000000000000e+03 1.590000000000000000e+03
5.253088800000000000e+07 5.830000000000000000e+03 3.490000000000000000e+03 4.710000000000000000e+03 1.600000000000000000e+03
5.253108800000000000e+07 5.830000000000000000e+03 3.500000000000000000e+03 4.700000000000000000e+03 1.610000000000000000e+03
5.253130600000000000e+07 5.830000000000000000e+03 3.510000000000000000e+03 4.700000000000000000e+03 1.610000000000000000e+03
5.253152500000000000e+07 5.830000000000000000e+03 3.490000000000000000e+03 4.710000000000000000e+03 1.610000000000000000e+03
5.253172700000000000e+07 5.830000000000000000e+03 3.500000000000000000e+03 4.720000000000000000e+03 1.610000000000000000e+03
5.253194300000000000e+07 5.830000000000000000e+03 3.510000000000000000e+03 4.710000000000000000e+03 1.610000000000000000e+03
5.253215100000000000e+07 5.820000000000000000e+03 3.490000000000000000e+03 4.710000000000000000e+03 1.610000000000000000e+03
5.253235900000000000e+07 5.820000000000000000e+03 3.480000000000000000e+03 4.700000000000000000e+03 1.610000000000000000e+03
5.253256800000000000e+07 5.830000000000000000e+03 3.480000000000000000e+03 4.710000000000000000e+03 1.600000000000000000e+03
5.253277700000000000e+07 5.820000000000000000e+03 3.500000000000000000e+03 4.720000000000000000e+03 1.590000000000000000e+03
5.253298400000000000e+07 5.820000000000000000e+03 3.480000000000000000e+03 4.720000000000000000e+03 1.600000000000000000e+03
5.253319200000000000e+07 5.820000000000000000e+03 3.490000000000000000e+03 4.710000000000000000e+03 1.600000000000000000e+03
5.253338700000000000e+07 5.800000000000000000e+03 3.480000000000000000e+03 4.700000000000000000e+03 1.590000000000000000e+03
5.253360300000000000e+07 5.810000000000000000e+03 3.480000000000000000e+03 4.700000000000000000e+03 1.590000000000000000e+03
5.253381600000000000e+07 5.810000000000000000e+03 3.480000000000000000e+03 4.710000000000000000e+03 1.580000000000000000e+03
5.253402300000000000e+07 5.810000000000000000e+03 3.480000000000000000e+03 4.700000000000000000e+03 1.580000000000000000e+03
5.253422500000000000e+07 5.820000000000000000e+03 3.500000000000000000e+03 4.710000000000000000e+03 1.580000000000000000e+03
5.253444300000000000e+07 5.820000000000000000e+03 3.500000000000000000e+03 4.720000000000000000e+03 1.590000000000000000e+03
5.253474500000000000e+07 5.820000000000000000e+03 3.480000000000000000e+03 4.710000000000000000e+03 1.580000000000000000e+03
5.253487000000000000e+07 5.820000000000000000e+03 3.490000000000000000e+03 4.720000000000000000e+03 1.580000000000000000e+03
5.253507500000000000e+07 5.820000000000000000e+03 3.490000000000000000e+03 4.720000000000000000e+03 1.590000000000000000e+03
5.253528300000000000e+07 5.820000000000000000e+03 3.480000000000000000e+03 4.720000000000000000e+03 1.610000000000000000e+03
5.253549500000000000e+07 5.820000000000000000e+03 3.500000000000000000e+03 4.710000000000000000e+03 1.610000000000000000e+03
5.253570300000000000e+07 5.820000000000000000e+03 3.500000000000000000e+03 4.710000000000000000e+03 1.600000000000000000e+03
5.253590100000000000e+07 5.820000000000000000e+03 3.510000000000000000e+03 4.720000000000000000e+03 1.580000000000000000e+03
5.253610600000000000e+07 5.830000000000000000e+03 3.500000000000000000e+03 4.710000000000000000e+03 1.580000000000000000e+03
5.253632600000000000e+07 5.830000000000000000e+03 3.480000000000000000e+03 4.700000000000000000e+03 1.600000000000000000e+03
5.253653400000000000e+07 5.830000000000000000e+03 3.510000000000000000e+03 4.700000000000000000e+03 1.600000000000000000e+03
5.253674300000000000e+07 5.830000000000000000e+03 3.510000000000000000e+03 4.710000000000000000e+03 1.590000000000000000e+03
5.253693700000000000e+07 5.820000000000000000e+03 3.510000000000000000e+03 4.710000000000000000e+03 1.590000000000000000e+03
5.253715700000000000e+07 5.820000000000000000e+03 3.510000000000000000e+03 4.710000000000000000e+03 1.590000000000000000e+03
5.253736600000000000e+07 5.820000000000000000e+03 3.510000000000000000e+03 4.720000000000000000e+03 1.590000000000000000e+03
5.253756900000000000e+07 5.820000000000000000e+03 3.500000000000000000e+03 4.710000000000000000e+03 1.590000000000000000e+03
5.253777000000000000e+07 5.820000000000000000e+03 3.490000000000000000e+03 4.710000000000000000e+03 1.600000000000000000e+03
5.253798400000000000e+07 5.820000000000000000e+03 3.500000000000000000e+03 4.710000000000000000e+03 1.600000000000000000e+03
5.253821500000000000e+07 5.820000000000000000e+03 3.490000000000000000e+03 4.710000000000000000e+03 1.600000000000000000e+03
5.253841100000000000e+07 5.820000000000000000e+03 3.500000000000000000e+03 4.710000000000000000e+03 1.600000000000000000e+03
5.253861900000000000e+07 5.820000000000000000e+03 3.500000000000000000e+03 4.710000000000000000e+03 1.610000000000000000e+03
5.253883400000000000e+07 5.820000000000000000e+03 3.500000000000000000e+03 4.710000000000000000e+03 1.590000000000000000e+03
5.253904600000000000e+07 5.820000000000000000e+03 3.520000000000000000e+03 4.710000000000000000e+03 1.600000000000000000e+03
5.253925300000000000e+07 5.820000000000000000e+03 3.510000000000000000e+03 4.700000000000000000e+03 1.610000000000000000e+03
5.253945600000000000e+07 5.810000000000000000e+03 3.500000000000000000e+03 4.710000000000000000e+03 1.620000000000000000e+03
5.253967000000000000e+07 5.810000000000000000e+03 3.520000000000000000e+03 4.700000000000000000e+03 1.600000000000000000e+03
5.253987800000000000e+07 5.810000000000000000e+03 3.500000000000000000e+03 4.700000000000000000e+03 1.590000000000000000e+03
5.254008600000000000e+07 5.820000000000000000e+03 3.500000000000000000e+03 4.700000000000000000e+03 1.590000000000000000e+03
5.254028600000000000e+07 5.820000000000000000e+03 3.500000000000000000e+03 4.690000000000000000e+03 1.590000000000000000e+03
5.254050200000000000e+07 5.820000000000000000e+03 3.500000000000000000e+03 4.690000000000000000e+03 1.600000000000000000e+03
5.254071000000000000e+07 5.820000000000000000e+03 3.520000000000000000e+03 4.700000000000000000e+03 1.600000000000000000e+03
5.254091600000000000e+07 5.820000000000000000e+03 3.510000000000000000e+03 4.700000000000000000e+03 1.610000000000000000e+03
5.254112400000000000e+07 5.820000000000000000e+03 3.520000000000000000e+03 4.700000000000000000e+03 1.610000000000000000e+03
5.254133400000000000e+07 5.820000000000000000e+03 3.500000000000000000e+03 4.690000000000000000e+03 1.610000000000000000e+03
5.254154100000000000e+07 5.820000000000000000e+03 3.520000000000000000e+03 4.700000000000000000e+03 1.610000000000000000e+03
5.254175500000000000e+07 5.820000000000000000e+03 3.490000000000000000e+03 4.700000000000000000e+03 1.610000000000000000e+03
5.254197000000000000e+07 5.820000000000000000e+03 3.470000000000000000e+03 4.700000000000000000e+03 1.610000000000000000e+03
5.254218000000000000e+07 5.820000000000000000e+03 3.470000000000000000e+03 4.690000000000000000e+03 1.610000000000000000e+03
5.254238800000000000e+07 5.820000000000000000e+03 3.500000000000000000e+03 4.690000000000000000e+03 1.600000000000000000e+03
5.254259700000000000e+07 5.830000000000000000e+03 3.510000000000000000e+03 4.690000000000000000e+03 1.610000000000000000e+03
5.254279600000000000e+07 5.830000000000000000e+03 3.520000000000000000e+03 4.690000000000000000e+03 1.610000000000000000e+03
5.254300200000000000e+07 5.830000000000000000e+03 3.520000000000000000e+03 4.700000000000000000e+03 1.610000000000000000e+03
5.254320900000000000e+07 5.830000000000000000e+03 3.530000000000000000e+03 4.700000000000000000e+03 1.600000000000000000e+03
5.254343000000000000e+07 5.830000000000000000e+03 3.520000000000000000e+03 4.700000000000000000e+03 1.590000000000000000e+03
5.254363300000000000e+07 5.820000000000000000e+03 3.520000000000000000e+03 4.700000000000000000e+03 1.580000000000000000e+03
5.254384000000000000e+07 5.820000000000000000e+03 3.520000000000000000e+03 4.690000000000000000e+03 1.570000000000000000e+03
5.254403900000000000e+07 5.810000000000000000e+03 3.520000000000000000e+03 4.690000000000000000e+03 1.570000000000000000e+03
5.254426100000000000e+07 5.810000000000000000e+03 3.510000000000000000e+03 4.690000000000000000e+03 1.580000000000000000e+03
5.254446500000000000e+07 5.820000000000000000e+03 3.520000000000000000e+03 4.700000000000000000e+03 1.580000000000000000e+03
5.254466400000000000e+07 5.820000000000000000e+03 3.510000000000000000e+03 4.700000000000000000e+03 1.580000000000000000e+03
5.254487000000000000e+07 5.820000000000000000e+03 3.530000000000000000e+03 4.700000000000000000e+03 1.580000000000000000e+03
5.254508100000000000e+07 5.810000000000000000e+03 3.530000000000000000e+03 4.710000000000000000e+03 1.580000000000000000e+03
5.254528900000000000e+07 5.820000000000000000e+03 3.530000000000000000e+03 4.710000000000000000e+03 1.590000000000000000e+03
5.254549800000000000e+07 5.820000000000000000e+03 3.530000000000000000e+03 4.710000000000000000e+03 1.580000000000000000e+03
5.254571200000000000e+07 5.820000000000000000e+03 3.530000000000000000e+03 4.710000000000000000e+03 1.600000000000000000e+03
5.254591100000000000e+07 5.820000000000000000e+03 3.530000000000000000e+03 4.710000000000000000e+03 1.600000000000000000e+03
5.254612600000000000e+07 5.820000000000000000e+03 3.510000000000000000e+03 4.700000000000000000e+03 1.600000000000000000e+03
5.254635200000000000e+07 5.820000000000000000e+03 3.510000000000000000e+03 4.710000000000000000e+03 1.600000000000000000e+03
5.254656500000000000e+07 5.820000000000000000e+03 3.510000000000000000e+03 4.710000000000000000e+03 1.590000000000000000e+03
5.254676900000000000e+07 5.820000000000000000e+03 3.500000000000000000e+03 4.700000000000000000e+03 1.580000000000000000e+03
5.254698100000000000e+07 5.810000000000000000e+03 3.500000000000000000e+03 4.700000000000000000e+03 1.580000000000000000e+03
5.254718800000000000e+07 5.810000000000000000e+03 3.510000000000000000e+03 4.690000000000000000e+03 1.590000000000000000e+03
5.254739500000000000e+07 5.810000000000000000e+03 3.510000000000000000e+03 4.690000000000000000e+03 1.590000000000000000e+03
5.254759300000000000e+07 5.800000000000000000e+03 3.510000000000000000e+03 4.690000000000000000e+03 1.600000000000000000e+03
5.254782700000000000e+07 5.810000000000000000e+03 3.490000000000000000e+03 4.700000000000000000e+03 1.600000000000000000e+03
5.254801800000000000e+07 5.810000000000000000e+03 3.490000000000000000e+03 4.700000000000000000e+03 1.590000000000000000e+03
5.254822900000000000e+07 5.820000000000000000e+03 3.510000000000000000e+03 4.690000000000000000e+03 1.600000000000000000e+03
5.254843600000000000e+07 5.820000000000000000e+03 3.500000000000000000e+03 4.680000000000000000e+03 1.610000000000000000e+03
5.254864500000000000e+07 5.820000000000000000e+03 3.500000000000000000e+03 4.680000000000000000e+03 1.610000000000000000e+03
5.254885300000000000e+07 5.820000000000000000e+03 3.520000000000000000e+03 4.680000000000000000e+03 1.620000000000000000e+03
5.254904900000000000e+07 5.820000000000000000e+03 3.530000000000000000e+03 4.680000000000000000e+03 1.620000000000000000e+03
5.254926800000000000e+07 5.820000000000000000e+03 3.510000000000000000e+03 4.690000000000000000e+03 1.610000000000000000e+03
5.254948200000000000e+07 5.820000000000000000e+03 3.510000000000000000e+03 4.690000000000000000e+03 1.600000000000000000e+03
5.254970000000000000e+07 5.820000000000000000e+03 3.520000000000000000e+03 4.700000000000000000e+03 1.590000000000000000e+03
5.254990300000000000e+07 5.820000000000000000e+03 3.500000000000000000e+03 4.690000000000000000e+03 1.600000000000000000e+03
5.255010600000000000e+07 5.820000000000000000e+03 3.520000000000000000e+03 4.700000000000000000e+03 1.600000000000000000e+03
5.255032300000000000e+07 5.820000000000000000e+03 3.520000000000000000e+03 4.700000000000000000e+03 1.590000000000000000e+03
5.255053000000000000e+07 5.820000000000000000e+03 3.500000000000000000e+03 4.690000000000000000e+03 1.600000000000000000e+03
5.255073800000000000e+07 5.820000000000000000e+03 3.510000000000000000e+03 4.690000000000000000e+03 1.600000000000000000e+03
5.255093600000000000e+07 5.810000000000000000e+03 3.520000000000000000e+03 4.690000000000000000e+03 1.600000000000000000e+03
