1.002413440000000000e+08 2.800000000000000000e+03 3.630000000000000000e+03 3.690000000000000000e+03 4.230000000000000000e+03
1.002415510000000000e+08 2.800000000000000000e+03 3.630000000000000000e+03 3.690000000000000000e+03 4.230000000000000000e+03
1.002417590000000000e+08 2.800000000000000000e+03 3.630000000000000000e+03 3.690000000000000000e+03 4.230000000000000000e+03
1.002419670000000000e+08 2.800000000000000000e+03 3.620000000000000000e+03 3.690000000000000000e+03 4.210000000000000000e+03
1.002421800000000000e+08 2.800000000000000000e+03 3.630000000000000000e+03 3.690000000000000000e+03 4.220000000000000000e+03
1.002423830000000000e+08 2.790000000000000000e+03 3.630000000000000000e+03 3.690000000000000000e+03 4.220000000000000000e+03
1.002425910000000000e+08 2.790000000000000000e+03 3.630000000000000000e+03 3.690000000000000000e+03 4.220000000000000000e+03
1.002427990000000000e+08 2.790000000000000000e+03 3.630000000000000000e+03 3.690000000000000000e+03 4.230000000000000000e+03
1.002430070000000000e+08 2.790000000000000000e+03 3.630000000000000000e+03 3.700000000000000000e+03 4.230000000000000000e+03
1.002432150000000000e+08 2.790000000000000000e+03 3.630000000000000000e+03 3.700000000000000000e+03 4.230000000000000000e+03
1.002434070000000000e+08 2.780000000000000000e+03 3.630000000000000000e+03 3.700000000000000000e+03 4.240000000000000000e+03
1.002436150000000000e+08 2.790000000000000000e+03 3.630000000000000000e+03 3.700000000000000000e+03 4.250000000000000000e+03
1.002438220000000000e+08 2.800000000000000000e+03 3.630000000000000000e+03 3.700000000000000000e+03 4.250000000000000000e+03
1.002440310000000000e+08 2.800000000000000000e+03 3.630000000000000000e+03 3.710000000000000000e+03 4.250000000000000000e+03
1.002442390000000000e+08 2.800000000000000000e+03 3.630000000000000000e+03 3.710000000000000000e+03 4.250000000000000000e+03
1.002444470000000000e+08 2.800000000000000000e+03 3.630000000000000000e+03 3.710000000000000000e+03 4.240000000000000000e+03
1.002446550000000000e+08 2.790000000000000000e+03 3.640000000000000000e+03 3.700000000000000000e+03 4.230000000000000000e+03
1.002448630000000000e+08 2.790000000000000000e+03 3.640000000000000000e+03 3.700000000000000000e+03 4.220000000000000000e+03
1.002450710000000000e+08 2.800000000000000000e+03 3.630000000000000000e+03 3.700000000000000000e+03 4.230000000000000000e+03
1.002452790000000000e+08 2.800000000000000000e+03 3.630000000000000000e+03 3.690000000000000000e+03 4.230000000000000000e+03
1.002454870000000000e+08 2.800000000000000000e+03 3.630000000000000000e+03 3.690000000000000000e+03 4.240000000000000000e+03
1.002456950000000000e+08 2.800000000000000000e+03 3.630000000000000000e+03 3.690000000000000000e+03 4.230000000000000000e+03
1.002459030000000000e+08 2.800000000000000000e+03 3.630000000000000000e+03 3.680000000000000000e+03 4.240000000000000000e+03
1.002461100000000000e+08 2.800000000000000000e+03 3.630000000000000000e+03 3.680000000000000000e+03 4.240000000000000000e+03
1.002463180000000000e+08 2.800000000000000000e+03 3.630000000000000000e+03 3.690000000000000000e+03 4.230000000000000000e+03
1.002465260000000000e+08 2.800000000000000000e+03 3.630000000000000000e+03 3.690000000000000000e+03 4.220000000000000000e+03
1.002467340000000000e+08 2.800000000000000000e+03 3.630000000000000000e+03 3.690000000000000000e+03 4.240000000000000000e+03
1.002469420000000000e+08 2.790000000000000000e+03 3.630000000000000000e+03 3.690000000000000000e+03 4.230000000000000000e+03
1.002471500000000000e+08 2.790000000000000000e+03 3.630000000000000000e+03 3.690000000000000000e+03 4.220000000000000000e+03
1.002473580000000000e+08 2.790000000000000000e+03 3.620000000000000000e+03 3.690000000000000000e+03 4.220000000000000000e+03
1.002475660000000000e+08 2.790000000000000000e+03 3.620000000000000000e+03 3.690000000000000000e+03 4.220000000000000000e+03
1.002477740000000000e+08 2.780000000000000000e+03 3.620000000000000000e+03 3.690000000000000000e+03 4.220000000000000000e+03
1.002479820000000000e+08 2.780000000000000000e+03 3.620000000000000000e+03 3.690000000000000000e+03 4.240000000000000000e+03
1.002481900000000000e+08 2.780000000000000000e+03 3.620000000000000000e+03 3.690000000000000000e+03 4.230000000000000000e+03
1.002483980000000000e+08 2.780000000000000000e+03 3.620000000000000000e+03 3.690000000000000000e+03 4.230000000000000000e+03
1.002486060000000000e+08 2.780000000000000000e+03 3.620000000000000000e+03 3.690000000000000000e+03 4.240000000000000000e+03
1.002488140000000000e+08 2.780000000000000000e+03 3.620000000000000000e+03 3.700000000000000000e+03 4.230000000000000000e+03
1.002490220000000000e+08 2.780000000000000000e+03 3.630000000000000000e+03 3.700000000000000000e+03 4.230000000000000000e+03
1.002492300000000000e+08 2.780000000000000000e+03 3.630000000000000000e+03 3.690000000000000000e+03 4.240000000000000000e+03
1.002494380000000000e+08 2.780000000000000000e+03 3.630000000000000000e+03 3.690000000000000000e+03 4.240000000000000000e+03
1.002496460000000000e+08 2.780000000000000000e+03 3.630000000000000000e+03 3.700000000000000000e+03 4.230000000000000000e+03
1.002498540000000000e+08 2.780000000000000000e+03 3.630000000000000000e+03 3.690000000000000000e+03 4.250000000000000000e+03
1.002500620000000000e+08 2.780000000000000000e+03 3.630000000000000000e+03 3.690000000000000000e+03 4.250000000000000000e+03
1.002502700000000000e+08 2.780000000000000000e+03 3.630000000000000000e+03 3.690000000000000000e+03 4.240000000000000000e+03
1.002504770000000000e+08 2.780000000000000000e+03 3.630000000000000000e+03 3.690000000000000000e+03 4.240000000000000000e+03
1.002506860000000000e+08 2.770000000000000000e+03 3.640000000000000000e+03 3.680000000000000000e+03 4.230000000000000000e+03
1.002508940000000000e+08 2.770000000000000000e+03 3.640000000000000000e+03 3.690000000000000000e+03 4.220000000000000000e+03
1.002511010000000000e+08 2.780000000000000000e+03 3.630000000000000000e+03 3.690000000000000000e+03 4.230000000000000000e+03
1.002513090000000000e+08 2.780000000000000000e+03 3.640000000000000000e+03 3.690000000000000000e+03 4.240000000000000000e+03
1.002515170000000000e+08 2.780000000000000000e+03 3.640000000000000000e+03 3.700000000000000000e+03 4.240000000000000000e+03
1.002517250000000000e+08 2.780000000000000000e+03 3.630000000000000000e+03 3.700000000000000000e+03 4.240000000000000000e+03
1.002519330000000000e+08 2.780000000000000000e+03 3.630000000000000000e+03 3.700000000000000000e+03 4.230000000000000000e+03
1.002521410000000000e+08 2.780000000000000000e+03 3.630000000000000000e+03 3.700000000000000000e+03 4.230000000000000000e+03
1.002523490000000000e+08 2.800000000000000000e+03 3.630000000000000000e+03 3.700000000000000000e+03 4.230000000000000000e+03
1.002525570000000000e+08 2.800000000000000000e+03 3.630000000000000000e+03 3.700000000000000000e+03 4.230000000000000000e+03
1.002527490000000000e+08 2.800000000000000000e+03 3.630000000000000000e+03 3.700000000000000000e+03 4.230000000000000000e+03
1.002529570000000000e+08 2.810000000000000000e+03 3.630000000000000000e+03 3.700000000000000000e+03 4.230000000000000000e+03
1.002531650000000000e+08 2.800000000000000000e+03 3.630000000000000000e+03 3.700000000000000000e+03 4.240000000000000000e+03
1.002533730000000000e+08 2.790000000000000000e+03 3.630000000000000000e+03 3.700000000000000000e+03 4.230000000000000000e+03
1.002535810000000000e+08 2.800000000000000000e+03 3.630000000000000000e+03 3.700000000000000000e+03 4.240000000000000000e+03
1.002537890000000000e+08 2.790000000000000000e+03 3.630000000000000000e+03 3.700000000000000000e+03 4.230000000000000000e+03
1.002539970000000000e+08 2.790000000000000000e+03 3.630000000000000000e+03 3.690000000000000000e+03 4.240000000000000000e+03
1.002542050000000000e+08 2.780000000000000000e+03 3.630000000000000000e+03 3.690000000000000000e+03 4.250000000000000000e+03
1.002544130000000000e+08 2.790000000000000000e+03 3.630000000000000000e+03 3.690000000000000000e+03 4.230000000000000000e+03
1.002546210000000000e+08 2.790000000000000000e+03 3.630000000000000000e+03 3.690000000000000000e+03 4.220000000000000000e+03
1.002548290000000000e+08 2.780000000000000000e+03 3.640000000000000000e+03 3.690000000000000000e+03 4.220000000000000000e+03
1.002550360000000000e+08 2.780000000000000000e+03 3.640000000000000000e+03 3.690000000000000000e+03 4.220000000000000000e+03
1.002552440000000000e+08 2.780000000000000000e+03 3.640000000000000000e+03 3.690000000000000000e+03 4.230000000000000000e+03
1.002554530000000000e+08 2.780000000000000000e+03 3.640000000000000000e+03 3.700000000000000000e+03 4.240000000000000000e+03
1.002556600000000000e+08 2.780000000000000000e+03 3.640000000000000000e+03 3.700000000000000000e+03 4.220000000000000000e+03
1.002558680000000000e+08 2.780000000000000000e+03 3.640000000000000000e+03 3.690000000000000000e+03 4.220000000000000000e+03
1.002560760000000000e+08 2.790000000000000000e+03 3.630000000000000000e+03 3.690000000000000000e+03 4.220000000000000000e+03
1.002562840000000000e+08 2.790000000000000000e+03 3.620000000000000000e+03 3.690000000000000000e+03 4.210000000000000000e+03
1.002564920000000000e+08 2.790000000000000000e+03 3.620000000000000000e+03 3.690000000000000000e+03 4.220000000000000000e+03
1.002567000000000000e+08 2.790000000000000000e+03 3.620000000000000000e+03 3.700000000000000000e+03 4.230000000000000000e+03
1.002569080000000000e+08 2.800000000000000000e+03 3.620000000000000000e+03 3.700000000000000000e+03 4.220000000000000000e+03
1.002571160000000000e+08 2.800000000000000000e+03 3.620000000000000000e+03 3.700000000000000000e+03 4.230000000000000000e+03
1.002573240000000000e+08 2.770000000000000000e+03 3.630000000000000000e+03 3.700000000000000000e+03 4.220000000000000000e+03
1.002575320000000000e+08 2.770000000000000000e+03 3.640000000000000000e+03 3.690000000000000000e+03 4.230000000000000000e+03
1.002577400000000000e+08 2.780000000000000000e+03 3.640000000000000000e+03 3.690000000000000000e+03 4.220000000000000000e+03
1.002579480000000000e+08 2.780000000000000000e+03 3.640000000000000000e+03 3.690000000000000000e+03 4.220000000000000000e+03
1.002581560000000000e+08 2.780000000000000000e+03 3.630000000000000000e+03 3.700000000000000000e+03 4.220000000000000000e+03
1.002583640000000000e+08 2.790000000000000000e+03 3.630000000000000000e+03 3.700000000000000000e+03 4.220000000000000000e+03
1.002585710000000000e+08 2.790000000000000000e+03 3.630000000000000000e+03 3.700000000000000000e+03 4.210000000000000000e+03
1.002587640000000000e+08 2.800000000000000000e+03 3.630000000000000000e+03 3.690000000000000000e+03 4.230000000000000000e+03
1.002589720000000000e+08 2.790000000000000000e+03 3.630000000000000000e+03 3.690000000000000000e+03 4.230000000000000000e+03
1.002591800000000000e+08 2.780000000000000000e+03 3.630000000000000000e+03 3.690000000000000000e+03 4.210000000000000000e+03
1.002593880000000000e+08 2.770000000000000000e+03 3.630000000000000000e+03 3.690000000000000000e+03 4.210000000000000000e+03
1.002595960000000000e+08 2.780000000000000000e+03 3.630000000000000000e+03 3.690000000000000000e+03 4.220000000000000000e+03
1.002598030000000000e+08 2.780000000000000000e+03 3.630000000000000000e+03 3.690000000000000000e+03 4.240000000000000000e+03
1.003000110000000000e+08 2.780000000000000000e+03 3.630000000000000000e+03 3.690000000000000000e+03 4.220000000000000000e+03
1.003002190000000000e+08 2.780000000000000000e+03 3.630000000000000000e+03 3.690000000000000000e+03 4.220000000000000000e+03
1.003004270000000000e+08 2.770000000000000000e+03 3.630000000000000000e+03 3.690000000000000000e+03 4.200000000000000000e+03
1.003006350000000000e+08 2.770000000000000000e+03 3.630000000000000000e+03 3.690000000000000000e+03 4.200000000000000000e+03
1.003008430000000000e+08 2.780000000000000000e+03 3.630000000000000000e+03 3.690000000000000000e+03 4.200000000000000000e+03
1.003010670000000000e+08 2.790000000000000000e+03 3.630000000000000000e+03 3.690000000000000000e+03 4.210000000000000000e+03
1.003012750000000000e+08 2.800000000000000000e+03 3.630000000000000000e+03 3.700000000000000000e+03 4.210000000000000000e+03
1.003014670000000000e+08 2.800000000000000000e+03 3.630000000000000000e+03 3.700000000000000000e+03 4.230000000000000000e+03
1.003016750000000000e+08 2.790000000000000000e+03 3.630000000000000000e+03 3.700000000000000000e+03 4.230000000000000000e+03
1.003018830000000000e+08 2.790000000000000000e+03 3.630000000000000000e+03 3.690000000000000000e+03 4.240000000000000000e+03
1.003020910000000000e+08 2.780000000000000000e+03 3.630000000000000000e+03 3.690000000000000000e+03 4.240000000000000000e+03
1.003022990000000000e+08 2.770000000000000000e+03 3.620000000000000000e+03 3.690000000000000000e+03 4.230000000000000000e+03
1.003025070000000000e+08 2.770000000000000000e+03 3.630000000000000000e+03 3.690000000000000000e+03 4.230000000000000000e+03
1.003027150000000000e+08 2.780000000000000000e+03 3.620000000000000000e+03 3.690000000000000000e+03 4.230000000000000000e+03
1.003029230000000000e+08 2.780000000000000000e+03 3.620000000000000000e+03 3.690000000000000000e+03 4.240000000000000000e+03
1.003031310000000000e+08 2.790000000000000000e+03 3.620000000000000000e+03 3.690000000000000000e+03 4.250000000000000000e+03
1.003033380000000000e+08 2.790000000000000000e+03 3.620000000000000000e+03 3.690000000000000000e+03 4.250000000000000000e+03
1.003035470000000000e+08 2.800000000000000000e+03 3.630000000000000000e+03 3.700000000000000000e+03 4.240000000000000000e+03
1.003037540000000000e+08 2.800000000000000000e+03 3.630000000000000000e+03 3.700000000000000000e+03 4.240000000000000000e+03
1.003039630000000000e+08 2.800000000000000000e+03 3.640000000000000000e+03 3.700000000000000000e+03 4.230000000000000000e+03
1.003041700000000000e+08 2.790000000000000000e+03 3.630000000000000000e+03 3.700000000000000000e+03 4.220000000000000000e+03
1.003043780000000000e+08 2.790000000000000000e+03 3.630000000000000000e+03 3.700000000000000000e+03 4.220000000000000000e+03
1.003045860000000000e+08 2.780000000000000000e+03 3.630000000000000000e+03 3.700000000000000000e+03 4.220000000000000000e+03
1.003047940000000000e+08 2.790000000000000000e+03 3.630000000000000000e+03 3.700000000000000000e+03 4.230000000000000000e+03
1.003050020000000000e+08 2.790000000000000000e+03 3.630000000000000000e+03 3.700000000000000000e+03 4.230000000000000000e+03
1.003052100000000000e+08 2.790000000000000000e+03 3.630000000000000000e+03 3.700000000000000000e+03 4.230000000000000000e+03
1.003054180000000000e+08 2.790000000000000000e+03 3.640000000000000000e+03 3.710000000000000000e+03 4.230000000000000000e+03
1.003056260000000000e+08 2.790000000000000000e+03 3.640000000000000000e+03 3.700000000000000000e+03 4.230000000000000000e+03
1.003058340000000000e+08 2.790000000000000000e+03 3.640000000000000000e+03 3.690000000000000000e+03 4.230000000000000000e+03
1.003060420000000000e+08 2.790000000000000000e+03 3.630000000000000000e+03 3.690000000000000000e+03 4.230000000000000000e+03
1.003062500000000000e+08 2.780000000000000000e+03 3.630000000000000000e+03 3.710000000000000000e+03 4.220000000000000000e+03
1.003064580000000000e+08 2.790000000000000000e+03 3.630000000000000000e+03 3.700000000000000000e+03 4.210000000000000000e+03
1.003066490000000000e+08 2.790000000000000000e+03 3.630000000000000000e+03 3.700000000000000000e+03 4.230000000000000000e+03
1.003068590000000000e+08 2.790000000000000000e+03 3.620000000000000000e+03 3.700000000000000000e+03 4.230000000000000000e+03
1.003070660000000000e+08 2.800000000000000000e+03 3.620000000000000000e+03 3.710000000000000000e+03 4.230000000000000000e+03
1.003072740000000000e+08 2.790000000000000000e+03 3.620000000000000000e+03 3.700000000000000000e+03 4.230000000000000000e+03
1.003074820000000000e+08 2.790000000000000000e+03 3.620000000000000000e+03 3.700000000000000000e+03 4.230000000000000000e+03
1.003076900000000000e+08 2.790000000000000000e+03 3.630000000000000000e+03 3.700000000000000000e+03 4.230000000000000000e+03
1.003078970000000000e+08 2.790000000000000000e+03 3.630000000000000000e+03 3.700000000000000000e+03 4.240000000000000000e+03
1.003081060000000000e+08 2.790000000000000000e+03 3.630000000000000000e+03 3.690000000000000000e+03 4.220000000000000000e+03
1.003083140000000000e+08 2.790000000000000000e+03 3.630000000000000000e+03 3.680000000000000000e+03 4.220000000000000000e+03
1.003085220000000000e+08 2.790000000000000000e+03 3.630000000000000000e+03 3.680000000000000000e+03 4.230000000000000000e+03
1.003087290000000000e+08 2.800000000000000000e+03 3.630000000000000000e+03 3.680000000000000000e+03 4.220000000000000000e+03
1.003089370000000000e+08 2.800000000000000000e+03 3.630000000000000000e+03 3.680000000000000000e+03 4.220000000000000000e+03
1.003091450000000000e+08 2.800000000000000000e+03 3.620000000000000000e+03 3.690000000000000000e+03 4.230000000000000000e+03
1.003093530000000000e+08 2.790000000000000000e+03 3.640000000000000000e+03 3.690000000000000000e+03 4.230000000000000000e+03
1.003095610000000000e+08 2.800000000000000000e+03 3.640000000000000000e+03 3.690000000000000000e+03 4.220000000000000000e+03
1.003097690000000000e+08 2.800000000000000000e+03 3.640000000000000000e+03 3.690000000000000000e+03 4.220000000000000000e+03
1.003099770000000000e+08 2.800000000000000000e+03 3.630000000000000000e+03 3.690000000000000000e+03 4.210000000000000000e+03
1.003101850000000000e+08 2.800000000000000000e+03 3.630000000000000000e+03 3.690000000000000000e+03 4.210000000000000000e+03
1.003103930000000000e+08 2.800000000000000000e+03 3.630000000000000000e+03 3.690000000000000000e+03 4.210000000000000000e+03
1.003106010000000000e+08 2.800000000000000000e+03 3.640000000000000000e+03 3.690000000000000000e+03 4.220000000000000000e+03
1.003108090000000000e+08 2.800000000000000000e+03 3.640000000000000000e+03 3.690000000000000000e+03 4.220000000000000000e+03
1.003110160000000000e+08 2.800000000000000000e+03 3.630000000000000000e+03 3.690000000000000000e+03 4.220000000000000000e+03
1.003112250000000000e+08 2.800000000000000000e+03 3.630000000000000000e+03 3.690000000000000000e+03 4.230000000000000000e+03
1.003114330000000000e+08 2.800000000000000000e+03 3.630000000000000000e+03 3.690000000000000000e+03 4.230000000000000000e+03
1.003116410000000000e+08 2.800000000000000000e+03 3.630000000000000000e+03 3.690000000000000000e+03 4.230000000000000000e+03
1.003118490000000000e+08 2.800000000000000000e+03 3.640000000000000000e+03 3.690000000000000000e+03 4.240000000000000000e+03
1.003120570000000000e+08 2.800000000000000000e+03 3.640000000000000000e+03 3.690000000000000000e+03 4.240000000000000000e+03
1.003122650000000000e+08 2.790000000000000000e+03 3.630000000000000000e+03 3.700000000000000000e+03 4.230000000000000000e+03
1.003124730000000000e+08 2.790000000000000000e+03 3.630000000000000000e+03 3.700000000000000000e+03 4.220000000000000000e+03
1.003126820000000000e+08 2.790000000000000000e+03 3.630000000000000000e+03 3.700000000000000000e+03 4.210000000000000000e+03
1.003128890000000000e+08 2.790000000000000000e+03 3.630000000000000000e+03 3.710000000000000000e+03 4.210000000000000000e+03
1.003130960000000000e+08 2.790000000000000000e+03 3.630000000000000000e+03 3.700000000000000000e+03 4.200000000000000000e+03
1.003133060000000000e+08 2.790000000000000000e+03 3.630000000000000000e+03 3.690000000000000000e+03 4.190000000000000000e+03
1.003135120000000000e+08 2.790000000000000000e+03 3.630000000000000000e+03 3.690000000000000000e+03 4.190000000000000000e+03
1.003137200000000000e+08 2.790000000000000000e+03 3.630000000000000000e+03 3.690000000000000000e+03 4.200000000000000000e+03
1.003139280000000000e+08 2.790000000000000000e+03 3.630000000000000000e+03 3.690000000000000000e+03 4.220000000000000000e+03
1.003141360000000000e+08 2.790000000000000000e+03 3.630000000000000000e+03 3.690000000000000000e+03 4.220000000000000000e+03
1.003143440000000000e+08 2.790000000000000000e+03 3.630000000000000000e+03 3.680000000000000000e+03 4.220000000000000000e+03
1.003145520000000000e+08 2.790000000000000000e+03 3.630000000000000000e+03 3.680000000000000000e+03 4.220000000000000000e+03
1.003147600000000000e+08 2.790000000000000000e+03 3.630000000000000000e+03 3.680000000000000000e+03 4.220000000000000000e+03
1.003149680000000000e+08 2.790000000000000000e+03 3.640000000000000000e+03 3.680000000000000000e+03 4.230000000000000000e+03
1.003151760000000000e+08 2.790000000000000000e+03 3.630000000000000000e+03 3.680000000000000000e+03 4.230000000000000000e+03
1.003153840000000000e+08 2.790000000000000000e+03 3.630000000000000000e+03 3.680000000000000000e+03 4.230000000000000000e+03
1.003155920000000000e+08 2.780000000000000000e+03 3.640000000000000000e+03 3.680000000000000000e+03 4.220000000000000000e+03
1.003158000000000000e+08 2.780000000000000000e+03 3.640000000000000000e+03 3.680000000000000000e+03 4.230000000000000000e+03
1.003160080000000000e+08 2.800000000000000000e+03 3.640000000000000000e+03 3.680000000000000000e+03 4.240000000000000000e+03
1.003162150000000000e+08 2.800000000000000000e+03 3.640000000000000000e+03 3.680000000000000000e+03 4.230000000000000000e+03
1.003164240000000000e+08 2.800000000000000000e+03 3.640000000000000000e+03 3.690000000000000000e+03 4.230000000000000000e+03
1.003166310000000000e+08 2.800000000000000000e+03 3.630000000000000000e+03 3.690000000000000000e+03 4.230000000000000000e+03
1.003168390000000000e+08 2.790000000000000000e+03 3.630000000000000000e+03 3.690000000000000000e+03 4.230000000000000000e+03
1.003170480000000000e+08 2.790000000000000000e+03 3.630000000000000000e+03 3.690000000000000000e+03 4.240000000000000000e+03
1.003172550000000000e+08 2.790000000000000000e+03 3.630000000000000000e+03 3.690000000000000000e+03 4.230000000000000000e+03
1.003174630000000000e+08 2.800000000000000000e+03 3.630000000000000000e+03 3.690000000000000000e+03 4.230000000000000000e+03
1.003176710000000000e+08 2.800000000000000000e+03 3.620000000000000000e+03 3.690000000000000000e+03 4.240000000000000000e+03
1.003178800000000000e+08 2.790000000000000000e+03 3.620000000000000000e+03 3.690000000000000000e+03 4.250000000000000000e+03
1.003180880000000000e+08 2.790000000000000000e+03 3.630000000000000000e+03 3.690000000000000000e+03 4.250000000000000000e+03
1.003182950000000000e+08 2.790000000000000000e+03 3.640000000000000000e+03 3.690000000000000000e+03 4.250000000000000000e+03
1.003184870000000000e+08 2.790000000000000000e+03 3.640000000000000000e+03 3.690000000000000000e+03 4.240000000000000000e+03
1.003186950000000000e+08 2.790000000000000000e+03 3.640000000000000000e+03 3.690000000000000000e+03 4.240000000000000000e+03
1.003189030000000000e+08 2.790000000000000000e+03 3.640000000000000000e+03 3.690000000000000000e+03 4.240000000000000000e+03
1.003191120000000000e+08 2.790000000000000000e+03 3.630000000000000000e+03 3.690000000000000000e+03 4.230000000000000000e+03
1.003193190000000000e+08 2.790000000000000000e+03 3.630000000000000000e+03 3.690000000000000000e+03 4.240000000000000000e+03
1.003195270000000000e+08 2.790000000000000000e+03 3.630000000000000000e+03 3.690000000000000000e+03 4.230000000000000000e+03
1.003197350000000000e+08 2.790000000000000000e+03 3.630000000000000000e+03 3.690000000000000000e+03 4.230000000000000000e+03
1.003199430000000000e+08 2.790000000000000000e+03 3.630000000000000000e+03 3.690000000000000000e+03 4.230000000000000000e+03
1.003201510000000000e+08 2.790000000000000000e+03 3.630000000000000000e+03 3.690000000000000000e+03 4.240000000000000000e+03
1.003203590000000000e+08 2.790000000000000000e+03 3.630000000000000000e+03 3.700000000000000000e+03 4.230000000000000000e+03
1.003205670000000000e+08 2.790000000000000000e+03 3.640000000000000000e+03 3.710000000000000000e+03 4.230000000000000000e+03
1.003207750000000000e+08 2.790000000000000000e+03 3.640000000000000000e+03 3.710000000000000000e+03 4.230000000000000000e+03
1.003209830000000000e+08 2.790000000000000000e+03 3.640000000000000000e+03 3.710000000000000000e+03 4.230000000000000000e+03
1.003211910000000000e+08 2.790000000000000000e+03 3.640000000000000000e+03 3.710000000000000000e+03 4.210000000000000000e+03
1.003213980000000000e+08 2.780000000000000000e+03 3.640000000000000000e+03 3.700000000000000000e+03 4.210000000000000000e+03
1.003216070000000000e+08 2.790000000000000000e+03 3.640000000000000000e+03 3.700000000000000000e+03 4.220000000000000000e+03
1.003218160000000000e+08 2.790000000000000000e+03 3.640000000000000000e+03 3.700000000000000000e+03 4.230000000000000000e+03
1.003220230000000000e+08 2.790000000000000000e+03 3.640000000000000000e+03 3.700000000000000000e+03 4.250000000000000000e+03
1.003222300000000000e+08 2.790000000000000000e+03 3.640000000000000000e+03 3.700000000000000000e+03 4.260000000000000000e+03
1.003226460000000000e+08 2.800000000000000000e+03 3.640000000000000000e+03 3.700000000000000000e+03 4.260000000000000000e+03
1.003228540000000000e+08 2.790000000000000000e+03 3.640000000000000000e+03 3.700000000000000000e+03 4.250000000000000000e+03
1.003230610000000000e+08 2.790000000000000000e+03 3.640000000000000000e+03 3.690000000000000000e+03 4.260000000000000000e+03
1.003232550000000000e+08 2.800000000000000000e+03 3.640000000000000000e+03 3.690000000000000000e+03 4.260000000000000000e+03
1.003234620000000000e+08 2.800000000000000000e+03 3.630000000000000000e+03 3.690000000000000000e+03 4.250000000000000000e+03
1.003236700000000000e+08 2.800000000000000000e+03 3.630000000000000000e+03 3.690000000000000000e+03 4.240000000000000000e+03
1.003238780000000000e+08 2.800000000000000000e+03 3.630000000000000000e+03 3.690000000000000000e+03 4.240000000000000000e+03
1.003240860000000000e+08 2.790000000000000000e+03 3.630000000000000000e+03 3.690000000000000000e+03 4.250000000000000000e+03
1.003242940000000000e+08 2.790000000000000000e+03 3.630000000000000000e+03 3.690000000000000000e+03 4.250000000000000000e+03
1.003245020000000000e+08 2.800000000000000000e+03 3.630000000000000000e+03 3.700000000000000000e+03 4.250000000000000000e+03
1.003247100000000000e+08 2.800000000000000000e+03 3.630000000000000000e+03 3.690000000000000000e+03 4.240000000000000000e+03
1.003249180000000000e+08 2.800000000000000000e+03 3.630000000000000000e+03 3.680000000000000000e+03 4.240000000000000000e+03
1.003251260000000000e+08 2.800000000000000000e+03 3.630000000000000000e+03 3.690000000000000000e+03 4.240000000000000000e+03
1.003253340000000000e+08 2.790000000000000000e+03 3.630000000000000000e+03 3.690000000000000000e+03 4.240000000000000000e+03
1.003255410000000000e+08 2.780000000000000000e+03 3.630000000000000000e+03 3.690000000000000000e+03 4.230000000000000000e+03
1.003257500000000000e+08 2.790000000000000000e+03 3.630000000000000000e+03 3.690000000000000000e+03 4.220000000000000000e+03
1.003259580000000000e+08 2.790000000000000000e+03 3.630000000000000000e+03 3.690000000000000000e+03 4.220000000000000000e+03
1.003261650000000000e+08 2.780000000000000000e+03 3.630000000000000000e+03 3.680000000000000000e+03 4.220000000000000000e+03
1.003263740000000000e+08 2.780000000000000000e+03 3.630000000000000000e+03 3.680000000000000000e+03 4.220000000000000000e+03
1.003265820000000000e+08 2.780000000000000000e+03 3.630000000000000000e+03 3.680000000000000000e+03 4.220000000000000000e+03
1.003267890000000000e+08 2.780000000000000000e+03 3.630000000000000000e+03 3.680000000000000000e+03 4.220000000000000000e+03
1.003269970000000000e+08 2.780000000000000000e+03 3.630000000000000000e+03 3.680000000000000000e+03 4.220000000000000000e+03
1.003272050000000000e+08 2.780000000000000000e+03 3.630000000000000000e+03 3.680000000000000000e+03 4.220000000000000000e+03
1.003274130000000000e+08 2.780000000000000000e+03 3.630000000000000000e+03 3.690000000000000000e+03 4.220000000000000000e+03
1.003276210000000000e+08 2.790000000000000000e+03 3.630000000000000000e+03 3.690000000000000000e+03 4.220000000000000000e+03
1.003278290000000000e+08 2.790000000000000000e+03 3.630000000000000000e+03 3.690000000000000000e+03 4.220000000000000000e+03
1.003280370000000000e+08 2.790000000000000000e+03 3.630000000000000000e+03 3.690000000000000000e+03 4.220000000000000000e+03
1.003282450000000000e+08 2.780000000000000000e+03 3.630000000000000000e+03 3.690000000000000000e+03 4.210000000000000000e+03
1.003284530000000000e+08 2.780000000000000000e+03 3.630000000000000000e+03 3.680000000000000000e+03 4.210000000000000000e+03
1.003286610000000000e+08 2.780000000000000000e+03 3.620000000000000000e+03 3.680000000000000000e+03 4.210000000000000000e+03
1.003288690000000000e+08 2.790000000000000000e+03 3.630000000000000000e+03 3.690000000000000000e+03 4.210000000000000000e+03
1.003290760000000000e+08 2.800000000000000000e+03 3.630000000000000000e+03 3.690000000000000000e+03 4.230000000000000000e+03
1.003292850000000000e+08 2.800000000000000000e+03 3.630000000000000000e+03 3.690000000000000000e+03 4.230000000000000000e+03
1.003294930000000000e+08 2.800000000000000000e+03 3.630000000000000000e+03 3.690000000000000000e+03 4.230000000000000000e+03
1.003297010000000000e+08 2.790000000000000000e+03 3.630000000000000000e+03 3.690000000000000000e+03 4.220000000000000000e+03
1.003299090000000000e+08 2.770000000000000000e+03 3.630000000000000000e+03 3.690000000000000000e+03 4.230000000000000000e+03
1.003301170000000000e+08 2.770000000000000000e+03 3.630000000000000000e+03 3.700000000000000000e+03 4.240000000000000000e+03
1.003303250000000000e+08 2.770000000000000000e+03 3.630000000000000000e+03 3.700000000000000000e+03 4.230000000000000000e+03
1.003305320000000000e+08 2.770000000000000000e+03 3.630000000000000000e+03 3.700000000000000000e+03 4.230000000000000000e+03
1.003307410000000000e+08 2.780000000000000000e+03 3.630000000000000000e+03 3.700000000000000000e+03 4.230000000000000000e+03
1.003309490000000000e+08 2.780000000000000000e+03 3.620000000000000000e+03 3.690000000000000000e+03 4.240000000000000000e+03
1.003311560000000000e+08 2.790000000000000000e+03 3.620000000000000000e+03 3.690000000000000000e+03 4.250000000000000000e+03
1.003313650000000000e+08 2.790000000000000000e+03 3.620000000000000000e+03 3.690000000000000000e+03 4.230000000000000000e+03
1.003315720000000000e+08 2.790000000000000000e+03 3.630000000000000000e+03 3.700000000000000000e+03 4.230000000000000000e+03
1.003317800000000000e+08 2.780000000000000000e+03 3.630000000000000000e+03 3.690000000000000000e+03 4.230000000000000000e+03
1.003319880000000000e+08 2.770000000000000000e+03 3.630000000000000000e+03 3.690000000000000000e+03 4.240000000000000000e+03
1.003321960000000000e+08 2.770000000000000000e+03 3.630000000000000000e+03 3.690000000000000000e+03 4.250000000000000000e+03
1.003324040000000000e+08 2.780000000000000000e+03 3.630000000000000000e+03 3.700000000000000000e+03 4.260000000000000000e+03
1.003326120000000000e+08 2.780000000000000000e+03 3.620000000000000000e+03 3.700000000000000000e+03 4.250000000000000000e+03
1.003328200000000000e+08 2.780000000000000000e+03 3.620000000000000000e+03 3.700000000000000000e+03 4.230000000000000000e+03
1.003330280000000000e+08 2.790000000000000000e+03 3.620000000000000000e+03 3.700000000000000000e+03 4.230000000000000000e+03
1.003332350000000000e+08 2.790000000000000000e+03 3.620000000000000000e+03 3.690000000000000000e+03 4.230000000000000000e+03
1.003334440000000000e+08 2.800000000000000000e+03 3.620000000000000000e+03 3.690000000000000000e+03 4.240000000000000000e+03
1.003336510000000000e+08 2.800000000000000000e+03 3.630000000000000000e+03 3.690000000000000000e+03 4.240000000000000000e+03
1.003338590000000000e+08 2.800000000000000000e+03 3.630000000000000000e+03 3.690000000000000000e+03 4.250000000000000000e+03
1.003340670000000000e+08 2.800000000000000000e+03 3.640000000000000000e+03 3.700000000000000000e+03 4.240000000000000000e+03
1.003342750000000000e+08 2.800000000000000000e+03 3.630000000000000000e+03 3.690000000000000000e+03 4.230000000000000000e+03
1.003344830000000000e+08 2.800000000000000000e+03 3.640000000000000000e+03 3.700000000000000000e+03 4.220000000000000000e+03
1.003346910000000000e+08 2.800000000000000000e+03 3.640000000000000000e+03 3.700000000000000000e+03 4.210000000000000000e+03
1.003348990000000000e+08 2.790000000000000000e+03 3.640000000000000000e+03 3.710000000000000000e+03 4.210000000000000000e+03
1.003351070000000000e+08 2.790000000000000000e+03 3.640000000000000000e+03 3.710000000000000000e+03 4.230000000000000000e+03
1.003353150000000000e+08 2.790000000000000000e+03 3.640000000000000000e+03 3.710000000000000000e+03 4.220000000000000000e+03
1.003355230000000000e+08 2.790000000000000000e+03 3.640000000000000000e+03 3.700000000000000000e+03 4.230000000000000000e+03
1.003357310000000000e+08 2.790000000000000000e+03 3.640000000000000000e+03 3.700000000000000000e+03 4.220000000000000000e+03
