1.013377840000000000e+08 2.870000000000000000e+03 2.910000000000000000e+03 4.340000000000000000e+03 4.320000000000000000e+03
1.013379920000000000e+08 2.880000000000000000e+03 2.910000000000000000e+03 4.350000000000000000e+03 4.310000000000000000e+03
1.013382000000000000e+08 2.870000000000000000e+03 2.910000000000000000e+03 4.340000000000000000e+03 4.300000000000000000e+03
1.013384080000000000e+08 2.870000000000000000e+03 2.910000000000000000e+03 4.340000000000000000e+03 4.300000000000000000e+03
1.013386160000000000e+08 2.870000000000000000e+03 2.920000000000000000e+03 4.340000000000000000e+03 4.310000000000000000e+03
1.013388240000000000e+08 2.870000000000000000e+03 2.920000000000000000e+03 4.340000000000000000e+03 4.310000000000000000e+03
1.013390320000000000e+08 2.870000000000000000e+03 2.920000000000000000e+03 4.340000000000000000e+03 4.310000000000000000e+03
1.013392390000000000e+08 2.870000000000000000e+03 2.920000000000000000e+03 4.340000000000000000e+03 4.310000000000000000e+03
1.013394480000000000e+08 2.860000000000000000e+03 2.920000000000000000e+03 4.340000000000000000e+03 4.310000000000000000e+03
1.013396560000000000e+08 2.860000000000000000e+03 2.910000000000000000e+03 4.340000000000000000e+03 4.320000000000000000e+03
1.013398640000000000e+08 2.870000000000000000e+03 2.920000000000000000e+03 4.340000000000000000e+03 4.320000000000000000e+03
1.013400720000000000e+08 2.870000000000000000e+03 2.920000000000000000e+03 4.340000000000000000e+03 4.310000000000000000e+03
1.013402790000000000e+08 2.870000000000000000e+03 2.930000000000000000e+03 4.340000000000000000e+03 4.310000000000000000e+03
1.013404870000000000e+08 2.870000000000000000e+03 2.930000000000000000e+03 4.340000000000000000e+03 4.310000000000000000e+03
1.013406940000000000e+08 2.880000000000000000e+03 2.930000000000000000e+03 4.340000000000000000e+03 4.310000000000000000e+03
1.013409030000000000e+08 2.870000000000000000e+03 2.920000000000000000e+03 4.340000000000000000e+03 4.310000000000000000e+03
1.013411120000000000e+08 2.870000000000000000e+03 2.930000000000000000e+03 4.340000000000000000e+03 4.310000000000000000e+03
1.013413190000000000e+08 2.860000000000000000e+03 2.930000000000000000e+03 4.340000000000000000e+03 4.310000000000000000e+03
1.013415270000000000e+08 2.860000000000000000e+03 2.930000000000000000e+03 4.340000000000000000e+03 4.310000000000000000e+03
1.013417350000000000e+08 2.860000000000000000e+03 2.930000000000000000e+03 4.330000000000000000e+03 4.300000000000000000e+03
1.013419430000000000e+08 2.850000000000000000e+03 2.920000000000000000e+03 4.320000000000000000e+03 4.290000000000000000e+03
1.013421510000000000e+08 2.850000000000000000e+03 2.930000000000000000e+03 4.330000000000000000e+03 4.300000000000000000e+03
1.013423590000000000e+08 2.850000000000000000e+03 2.930000000000000000e+03 4.330000000000000000e+03 4.310000000000000000e+03
1.013425670000000000e+08 2.870000000000000000e+03 2.920000000000000000e+03 4.340000000000000000e+03 4.310000000000000000e+03
1.013427750000000000e+08 2.860000000000000000e+03 2.920000000000000000e+03 4.340000000000000000e+03 4.310000000000000000e+03
1.013429830000000000e+08 2.870000000000000000e+03 2.910000000000000000e+03 4.350000000000000000e+03 4.300000000000000000e+03
1.013431910000000000e+08 2.850000000000000000e+03 2.910000000000000000e+03 4.350000000000000000e+03 4.300000000000000000e+03
1.013433980000000000e+08 2.860000000000000000e+03 2.900000000000000000e+03 4.350000000000000000e+03 4.300000000000000000e+03
1.013436070000000000e+08 2.850000000000000000e+03 2.900000000000000000e+03 4.340000000000000000e+03 4.300000000000000000e+03
1.013438150000000000e+08 2.840000000000000000e+03 2.900000000000000000e+03 4.340000000000000000e+03 4.310000000000000000e+03
1.013440230000000000e+08 2.830000000000000000e+03 2.900000000000000000e+03 4.340000000000000000e+03 4.310000000000000000e+03
1.013442300000000000e+08 2.850000000000000000e+03 2.900000000000000000e+03 4.340000000000000000e+03 4.310000000000000000e+03
1.013444380000000000e+08 2.860000000000000000e+03 2.900000000000000000e+03 4.340000000000000000e+03 4.310000000000000000e+03
1.013446460000000000e+08 2.860000000000000000e+03 2.900000000000000000e+03 4.340000000000000000e+03 4.320000000000000000e+03
1.013448540000000000e+08 2.850000000000000000e+03 2.910000000000000000e+03 4.350000000000000000e+03 4.310000000000000000e+03
1.013450620000000000e+08 2.850000000000000000e+03 2.910000000000000000e+03 4.350000000000000000e+03 4.310000000000000000e+03
1.013452700000000000e+08 2.850000000000000000e+03 2.900000000000000000e+03 4.350000000000000000e+03 4.310000000000000000e+03
1.013454780000000000e+08 2.860000000000000000e+03 2.900000000000000000e+03 4.350000000000000000e+03 4.310000000000000000e+03
1.013456860000000000e+08 2.860000000000000000e+03 2.900000000000000000e+03 4.350000000000000000e+03 4.320000000000000000e+03
1.013458940000000000e+08 2.860000000000000000e+03 2.910000000000000000e+03 4.350000000000000000e+03 4.320000000000000000e+03
1.013461020000000000e+08 2.860000000000000000e+03 2.910000000000000000e+03 4.350000000000000000e+03 4.320000000000000000e+03
1.013463090000000000e+08 2.860000000000000000e+03 2.910000000000000000e+03 4.350000000000000000e+03 4.320000000000000000e+03
1.013465180000000000e+08 2.860000000000000000e+03 2.910000000000000000e+03 4.350000000000000000e+03 4.320000000000000000e+03
1.013467260000000000e+08 2.860000000000000000e+03 2.900000000000000000e+03 4.340000000000000000e+03 4.320000000000000000e+03
1.013469340000000000e+08 2.860000000000000000e+03 2.900000000000000000e+03 4.350000000000000000e+03 4.320000000000000000e+03
1.013471420000000000e+08 2.860000000000000000e+03 2.910000000000000000e+03 4.350000000000000000e+03 4.320000000000000000e+03
1.013473500000000000e+08 2.860000000000000000e+03 2.910000000000000000e+03 4.350000000000000000e+03 4.320000000000000000e+03
1.013475580000000000e+08 2.870000000000000000e+03 2.910000000000000000e+03 4.350000000000000000e+03 4.320000000000000000e+03
1.013477660000000000e+08 2.870000000000000000e+03 2.910000000000000000e+03 4.340000000000000000e+03 4.320000000000000000e+03
1.013481660000000000e+08 2.870000000000000000e+03 2.910000000000000000e+03 4.340000000000000000e+03 4.330000000000000000e+03
1.013483730000000000e+08 2.860000000000000000e+03 2.910000000000000000e+03 4.340000000000000000e+03 4.330000000000000000e+03
1.013485820000000000e+08 2.850000000000000000e+03 2.920000000000000000e+03 4.350000000000000000e+03 4.320000000000000000e+03
1.013487890000000000e+08 2.850000000000000000e+03 2.920000000000000000e+03 4.350000000000000000e+03 4.320000000000000000e+03
1.013489970000000000e+08 2.850000000000000000e+03 2.920000000000000000e+03 4.350000000000000000e+03 4.310000000000000000e+03
1.013492050000000000e+08 2.850000000000000000e+03 2.920000000000000000e+03 4.340000000000000000e+03 4.310000000000000000e+03
1.013494130000000000e+08 2.850000000000000000e+03 2.920000000000000000e+03 4.350000000000000000e+03 4.320000000000000000e+03
1.013496210000000000e+08 2.850000000000000000e+03 2.920000000000000000e+03 4.340000000000000000e+03 4.320000000000000000e+03
1.013498290000000000e+08 2.850000000000000000e+03 2.920000000000000000e+03 4.340000000000000000e+03 4.320000000000000000e+03
1.013500370000000000e+08 2.860000000000000000e+03 2.920000000000000000e+03 4.340000000000000000e+03 4.320000000000000000e+03
1.013502450000000000e+08 2.860000000000000000e+03 2.920000000000000000e+03 4.350000000000000000e+03 4.320000000000000000e+03
1.013504530000000000e+08 2.860000000000000000e+03 2.920000000000000000e+03 4.340000000000000000e+03 4.320000000000000000e+03
1.013506610000000000e+08 2.860000000000000000e+03 2.920000000000000000e+03 4.340000000000000000e+03 4.320000000000000000e+03
1.013508690000000000e+08 2.840000000000000000e+03 2.920000000000000000e+03 4.340000000000000000e+03 4.310000000000000000e+03
1.013510770000000000e+08 2.850000000000000000e+03 2.920000000000000000e+03 4.340000000000000000e+03 4.310000000000000000e+03
1.013512850000000000e+08 2.850000000000000000e+03 2.920000000000000000e+03 4.340000000000000000e+03 4.320000000000000000e+03
1.013514930000000000e+08 2.850000000000000000e+03 2.910000000000000000e+03 4.340000000000000000e+03 4.320000000000000000e+03
1.013517010000000000e+08 2.850000000000000000e+03 2.910000000000000000e+03 4.340000000000000000e+03 4.320000000000000000e+03
1.013519080000000000e+08 2.850000000000000000e+03 2.910000000000000000e+03 4.350000000000000000e+03 4.320000000000000000e+03
1.013521170000000000e+08 2.860000000000000000e+03 2.900000000000000000e+03 4.330000000000000000e+03 4.310000000000000000e+03
1.013523250000000000e+08 2.860000000000000000e+03 2.910000000000000000e+03 4.330000000000000000e+03 4.320000000000000000e+03
1.013525320000000000e+08 2.860000000000000000e+03 2.910000000000000000e+03 4.330000000000000000e+03 4.320000000000000000e+03
1.013527410000000000e+08 2.860000000000000000e+03 2.910000000000000000e+03 4.330000000000000000e+03 4.320000000000000000e+03
1.013529480000000000e+08 2.870000000000000000e+03 2.910000000000000000e+03 4.330000000000000000e+03 4.330000000000000000e+03
1.013531560000000000e+08 2.880000000000000000e+03 2.910000000000000000e+03 4.330000000000000000e+03 4.330000000000000000e+03
1.013533640000000000e+08 2.860000000000000000e+03 2.910000000000000000e+03 4.340000000000000000e+03 4.330000000000000000e+03
1.013535720000000000e+08 2.860000000000000000e+03 2.910000000000000000e+03 4.340000000000000000e+03 4.330000000000000000e+03
1.013537800000000000e+08 2.860000000000000000e+03 2.910000000000000000e+03 4.350000000000000000e+03 4.330000000000000000e+03
1.013539880000000000e+08 2.860000000000000000e+03 2.910000000000000000e+03 4.350000000000000000e+03 4.330000000000000000e+03
1.013541950000000000e+08 2.860000000000000000e+03 2.900000000000000000e+03 4.350000000000000000e+03 4.330000000000000000e+03
1.013544040000000000e+08 2.860000000000000000e+03 2.900000000000000000e+03 4.350000000000000000e+03 4.330000000000000000e+03
1.013546120000000000e+08 2.850000000000000000e+03 2.910000000000000000e+03 4.350000000000000000e+03 4.330000000000000000e+03
1.013548200000000000e+08 2.850000000000000000e+03 2.920000000000000000e+03 4.350000000000000000e+03 4.330000000000000000e+03
1.013550280000000000e+08 2.840000000000000000e+03 2.920000000000000000e+03 4.350000000000000000e+03 4.330000000000000000e+03
1.013552360000000000e+08 2.860000000000000000e+03 2.920000000000000000e+03 4.340000000000000000e+03 4.330000000000000000e+03
1.013554440000000000e+08 2.860000000000000000e+03 2.920000000000000000e+03 4.340000000000000000e+03 4.330000000000000000e+03
1.013556520000000000e+08 2.860000000000000000e+03 2.910000000000000000e+03 4.340000000000000000e+03 4.320000000000000000e+03
1.013558600000000000e+08 2.870000000000000000e+03 2.910000000000000000e+03 4.340000000000000000e+03 4.320000000000000000e+03
1.013560670000000000e+08 2.850000000000000000e+03 2.900000000000000000e+03 4.340000000000000000e+03 4.320000000000000000e+03
1.013562760000000000e+08 2.840000000000000000e+03 2.910000000000000000e+03 4.340000000000000000e+03 4.310000000000000000e+03
1.013564830000000000e+08 2.840000000000000000e+03 2.910000000000000000e+03 4.340000000000000000e+03 4.300000000000000000e+03
1.013566920000000000e+08 2.850000000000000000e+03 2.920000000000000000e+03 4.340000000000000000e+03 4.300000000000000000e+03
1.013569000000000000e+08 2.850000000000000000e+03 2.910000000000000000e+03 4.350000000000000000e+03 4.300000000000000000e+03
1.013571070000000000e+08 2.850000000000000000e+03 2.910000000000000000e+03 4.350000000000000000e+03 4.300000000000000000e+03
1.013573300000000000e+08 2.850000000000000000e+03 2.920000000000000000e+03 4.350000000000000000e+03 4.310000000000000000e+03
1.013575390000000000e+08 2.840000000000000000e+03 2.920000000000000000e+03 4.350000000000000000e+03 4.310000000000000000e+03
1.013577470000000000e+08 2.840000000000000000e+03 2.930000000000000000e+03 4.350000000000000000e+03 4.320000000000000000e+03
1.013579550000000000e+08 2.850000000000000000e+03 2.930000000000000000e+03 4.350000000000000000e+03 4.320000000000000000e+03
1.013581630000000000e+08 2.850000000000000000e+03 2.930000000000000000e+03 4.340000000000000000e+03 4.310000000000000000e+03
1.013583710000000000e+08 2.850000000000000000e+03 2.930000000000000000e+03 4.340000000000000000e+03 4.310000000000000000e+03
1.013585800000000000e+08 2.870000000000000000e+03 2.930000000000000000e+03 4.340000000000000000e+03 4.300000000000000000e+03
1.013587870000000000e+08 2.870000000000000000e+03 2.930000000000000000e+03 4.340000000000000000e+03 4.310000000000000000e+03
1.013589940000000000e+08 2.870000000000000000e+03 2.930000000000000000e+03 4.350000000000000000e+03 4.320000000000000000e+03
1.013592030000000000e+08 2.870000000000000000e+03 2.910000000000000000e+03 4.350000000000000000e+03 4.320000000000000000e+03
1.013594110000000000e+08 2.860000000000000000e+03 2.910000000000000000e+03 4.350000000000000000e+03 4.320000000000000000e+03
1.013596190000000000e+08 2.850000000000000000e+03 2.910000000000000000e+03 4.340000000000000000e+03 4.340000000000000000e+03
1.013598270000000000e+08 2.850000000000000000e+03 2.920000000000000000e+03 4.340000000000000000e+03 4.330000000000000000e+03
1.014000350000000000e+08 2.850000000000000000e+03 2.920000000000000000e+03 4.340000000000000000e+03 4.320000000000000000e+03
1.014002430000000000e+08 2.850000000000000000e+03 2.920000000000000000e+03 4.340000000000000000e+03 4.320000000000000000e+03
1.014004510000000000e+08 2.850000000000000000e+03 2.910000000000000000e+03 4.340000000000000000e+03 4.320000000000000000e+03
1.014006580000000000e+08 2.850000000000000000e+03 2.920000000000000000e+03 4.340000000000000000e+03 4.330000000000000000e+03
1.014008670000000000e+08 2.860000000000000000e+03 2.920000000000000000e+03 4.340000000000000000e+03 4.330000000000000000e+03
1.014010750000000000e+08 2.860000000000000000e+03 2.920000000000000000e+03 4.340000000000000000e+03 4.330000000000000000e+03
1.014012830000000000e+08 2.860000000000000000e+03 2.920000000000000000e+03 4.340000000000000000e+03 4.330000000000000000e+03
1.014014900000000000e+08 2.850000000000000000e+03 2.920000000000000000e+03 4.350000000000000000e+03 4.330000000000000000e+03
1.014016990000000000e+08 2.850000000000000000e+03 2.920000000000000000e+03 4.350000000000000000e+03 4.330000000000000000e+03
1.014019070000000000e+08 2.850000000000000000e+03 2.920000000000000000e+03 4.350000000000000000e+03 4.330000000000000000e+03
1.014021140000000000e+08 2.850000000000000000e+03 2.920000000000000000e+03 4.340000000000000000e+03 4.330000000000000000e+03
1.014023220000000000e+08 2.850000000000000000e+03 2.920000000000000000e+03 4.340000000000000000e+03 4.310000000000000000e+03
1.014025300000000000e+08 2.850000000000000000e+03 2.920000000000000000e+03 4.340000000000000000e+03 4.300000000000000000e+03
1.014027380000000000e+08 2.850000000000000000e+03 2.920000000000000000e+03 4.340000000000000000e+03 4.300000000000000000e+03
1.014029460000000000e+08 2.860000000000000000e+03 2.920000000000000000e+03 4.340000000000000000e+03 4.300000000000000000e+03
1.014031540000000000e+08 2.870000000000000000e+03 2.920000000000000000e+03 4.340000000000000000e+03 4.320000000000000000e+03
1.014033620000000000e+08 2.860000000000000000e+03 2.920000000000000000e+03 4.340000000000000000e+03 4.320000000000000000e+03
1.014035700000000000e+08 2.870000000000000000e+03 2.920000000000000000e+03 4.340000000000000000e+03 4.310000000000000000e+03
1.014037780000000000e+08 2.860000000000000000e+03 2.920000000000000000e+03 4.340000000000000000e+03 4.330000000000000000e+03
1.014039860000000000e+08 2.860000000000000000e+03 2.910000000000000000e+03 4.340000000000000000e+03 4.320000000000000000e+03
1.014041940000000000e+08 2.860000000000000000e+03 2.910000000000000000e+03 4.340000000000000000e+03 4.320000000000000000e+03
1.014044020000000000e+08 2.860000000000000000e+03 2.910000000000000000e+03 4.350000000000000000e+03 4.320000000000000000e+03
1.014046100000000000e+08 2.850000000000000000e+03 2.910000000000000000e+03 4.350000000000000000e+03 4.320000000000000000e+03
1.014048180000000000e+08 2.870000000000000000e+03 2.900000000000000000e+03 4.350000000000000000e+03 4.320000000000000000e+03
1.014050250000000000e+08 2.860000000000000000e+03 2.900000000000000000e+03 4.350000000000000000e+03 4.330000000000000000e+03
1.014052340000000000e+08 2.860000000000000000e+03 2.900000000000000000e+03 4.340000000000000000e+03 4.330000000000000000e+03
1.014054420000000000e+08 2.860000000000000000e+03 2.910000000000000000e+03 4.350000000000000000e+03 4.320000000000000000e+03
1.014056490000000000e+08 2.860000000000000000e+03 2.900000000000000000e+03 4.350000000000000000e+03 4.320000000000000000e+03
1.014058570000000000e+08 2.850000000000000000e+03 2.890000000000000000e+03 4.350000000000000000e+03 4.310000000000000000e+03
1.014060650000000000e+08 2.850000000000000000e+03 2.890000000000000000e+03 4.350000000000000000e+03 4.320000000000000000e+03
1.014062730000000000e+08 2.860000000000000000e+03 2.890000000000000000e+03 4.340000000000000000e+03 4.320000000000000000e+03
1.014064800000000000e+08 2.860000000000000000e+03 2.900000000000000000e+03 4.350000000000000000e+03 4.320000000000000000e+03
1.014066890000000000e+08 2.850000000000000000e+03 2.900000000000000000e+03 4.350000000000000000e+03 4.330000000000000000e+03
1.014068970000000000e+08 2.860000000000000000e+03 2.910000000000000000e+03 4.340000000000000000e+03 4.320000000000000000e+03
1.014071050000000000e+08 2.860000000000000000e+03 2.920000000000000000e+03 4.340000000000000000e+03 4.320000000000000000e+03
1.014073130000000000e+08 2.850000000000000000e+03 2.910000000000000000e+03 4.340000000000000000e+03 4.320000000000000000e+03
1.014075210000000000e+08 2.850000000000000000e+03 2.910000000000000000e+03 4.330000000000000000e+03 4.320000000000000000e+03
1.014077290000000000e+08 2.850000000000000000e+03 2.910000000000000000e+03 4.340000000000000000e+03 4.320000000000000000e+03
1.014079370000000000e+08 2.850000000000000000e+03 2.910000000000000000e+03 4.340000000000000000e+03 4.320000000000000000e+03
1.014081450000000000e+08 2.850000000000000000e+03 2.910000000000000000e+03 4.340000000000000000e+03 4.330000000000000000e+03
1.014083530000000000e+08 2.870000000000000000e+03 2.920000000000000000e+03 4.340000000000000000e+03 4.340000000000000000e+03
1.014085610000000000e+08 2.870000000000000000e+03 2.920000000000000000e+03 4.340000000000000000e+03 4.340000000000000000e+03
1.014087690000000000e+08 2.870000000000000000e+03 2.920000000000000000e+03 4.340000000000000000e+03 4.340000000000000000e+03
1.014091690000000000e+08 2.860000000000000000e+03 2.910000000000000000e+03 4.340000000000000000e+03 4.330000000000000000e+03
1.014093770000000000e+08 2.880000000000000000e+03 2.910000000000000000e+03 4.340000000000000000e+03 4.310000000000000000e+03
1.014095850000000000e+08 2.880000000000000000e+03 2.910000000000000000e+03 4.340000000000000000e+03 4.310000000000000000e+03
1.014097930000000000e+08 2.860000000000000000e+03 2.910000000000000000e+03 4.350000000000000000e+03 4.310000000000000000e+03
1.014100000000000000e+08 2.850000000000000000e+03 2.920000000000000000e+03 4.350000000000000000e+03 4.320000000000000000e+03
1.014102080000000000e+08 2.850000000000000000e+03 2.920000000000000000e+03 4.340000000000000000e+03 4.330000000000000000e+03
1.014104160000000000e+08 2.850000000000000000e+03 2.900000000000000000e+03 4.340000000000000000e+03 4.330000000000000000e+03
1.014106240000000000e+08 2.840000000000000000e+03 2.910000000000000000e+03 4.340000000000000000e+03 4.330000000000000000e+03
1.014108320000000000e+08 2.830000000000000000e+03 2.920000000000000000e+03 4.340000000000000000e+03 4.320000000000000000e+03
1.014110400000000000e+08 2.830000000000000000e+03 2.920000000000000000e+03 4.340000000000000000e+03 4.330000000000000000e+03
1.014112480000000000e+08 2.860000000000000000e+03 2.930000000000000000e+03 4.340000000000000000e+03 4.320000000000000000e+03
