1.027529770000000000e+08 3.450000000000000000e+03 1.780000000000000000e+03 5.770000000000000000e+03 4.800000000000000000e+03
1.027531850000000000e+08 3.460000000000000000e+03 1.780000000000000000e+03 5.770000000000000000e+03 4.790000000000000000e+03
1.027533930000000000e+08 3.430000000000000000e+03 1.770000000000000000e+03 5.770000000000000000e+03 4.790000000000000000e+03
1.027536010000000000e+08 3.410000000000000000e+03 1.770000000000000000e+03 5.770000000000000000e+03 4.780000000000000000e+03
1.027537940000000000e+08 3.420000000000000000e+03 1.760000000000000000e+03 5.770000000000000000e+03 4.780000000000000000e+03
1.027540010000000000e+08 3.420000000000000000e+03 1.750000000000000000e+03 5.770000000000000000e+03 4.780000000000000000e+03
1.027542090000000000e+08 3.420000000000000000e+03 1.770000000000000000e+03 5.770000000000000000e+03 4.790000000000000000e+03
1.027544170000000000e+08 3.440000000000000000e+03 1.770000000000000000e+03 5.780000000000000000e+03 4.780000000000000000e+03
1.027546250000000000e+08 3.420000000000000000e+03 1.770000000000000000e+03 5.780000000000000000e+03 4.780000000000000000e+03
1.027548330000000000e+08 3.420000000000000000e+03 1.760000000000000000e+03 5.780000000000000000e+03 4.790000000000000000e+03
1.027550400000000000e+08 3.420000000000000000e+03 1.750000000000000000e+03 5.780000000000000000e+03 4.800000000000000000e+03
1.027552490000000000e+08 3.420000000000000000e+03 1.770000000000000000e+03 5.780000000000000000e+03 4.790000000000000000e+03
1.027554570000000000e+08 3.420000000000000000e+03 1.770000000000000000e+03 5.770000000000000000e+03 4.790000000000000000e+03
1.027556640000000000e+08 3.410000000000000000e+03 1.780000000000000000e+03 5.760000000000000000e+03 4.780000000000000000e+03
1.027558720000000000e+08 3.410000000000000000e+03 1.770000000000000000e+03 5.760000000000000000e+03 4.780000000000000000e+03
1.027560800000000000e+08 3.420000000000000000e+03 1.770000000000000000e+03 5.760000000000000000e+03 4.780000000000000000e+03
1.027562880000000000e+08 3.420000000000000000e+03 1.760000000000000000e+03 5.760000000000000000e+03 4.780000000000000000e+03
1.027564960000000000e+08 3.420000000000000000e+03 1.750000000000000000e+03 5.760000000000000000e+03 4.780000000000000000e+03
1.027567040000000000e+08 3.440000000000000000e+03 1.760000000000000000e+03 5.760000000000000000e+03 4.780000000000000000e+03
1.027569120000000000e+08 3.440000000000000000e+03 1.760000000000000000e+03 5.760000000000000000e+03 4.780000000000000000e+03
1.027571040000000000e+08 3.410000000000000000e+03 1.750000000000000000e+03 5.760000000000000000e+03 4.790000000000000000e+03
1.027573120000000000e+08 3.420000000000000000e+03 1.740000000000000000e+03 5.770000000000000000e+03 4.790000000000000000e+03
1.027575200000000000e+08 3.440000000000000000e+03 1.750000000000000000e+03 5.770000000000000000e+03 4.800000000000000000e+03
1.027577280000000000e+08 3.430000000000000000e+03 1.750000000000000000e+03 5.770000000000000000e+03 4.800000000000000000e+03
1.027579360000000000e+08 3.430000000000000000e+03 1.750000000000000000e+03 5.770000000000000000e+03 4.800000000000000000e+03
1.027581430000000000e+08 3.420000000000000000e+03 1.740000000000000000e+03 5.770000000000000000e+03 4.810000000000000000e+03
1.027583520000000000e+08 3.430000000000000000e+03 1.740000000000000000e+03 5.770000000000000000e+03 4.800000000000000000e+03
1.027585600000000000e+08 3.430000000000000000e+03 1.740000000000000000e+03 5.760000000000000000e+03 4.810000000000000000e+03
1.027587680000000000e+08 3.430000000000000000e+03 1.740000000000000000e+03 5.770000000000000000e+03 4.810000000000000000e+03
1.027589750000000000e+08 3.450000000000000000e+03 1.750000000000000000e+03 5.770000000000000000e+03 4.810000000000000000e+03
1.027591840000000000e+08 3.460000000000000000e+03 1.750000000000000000e+03 5.780000000000000000e+03 4.800000000000000000e+03
1.027593920000000000e+08 3.460000000000000000e+03 1.760000000000000000e+03 5.780000000000000000e+03 4.790000000000000000e+03
1.027596000000000000e+08 3.460000000000000000e+03 1.760000000000000000e+03 5.780000000000000000e+03 4.790000000000000000e+03
1.027598080000000000e+08 3.470000000000000000e+03 1.760000000000000000e+03 5.770000000000000000e+03 4.800000000000000000e+03
1.028000150000000000e+08 3.450000000000000000e+03 1.760000000000000000e+03 5.770000000000000000e+03 4.790000000000000000e+03
1.028002230000000000e+08 3.430000000000000000e+03 1.760000000000000000e+03 5.770000000000000000e+03 4.790000000000000000e+03
1.028004310000000000e+08 3.410000000000000000e+03 1.760000000000000000e+03 5.770000000000000000e+03 4.790000000000000000e+03
1.028006220000000000e+08 3.400000000000000000e+03 1.760000000000000000e+03 5.770000000000000000e+03 4.780000000000000000e+03
1.028008310000000000e+08 3.400000000000000000e+03 1.760000000000000000e+03 5.780000000000000000e+03 4.780000000000000000e+03
1.028010390000000000e+08 3.400000000000000000e+03 1.770000000000000000e+03 5.780000000000000000e+03 4.780000000000000000e+03
1.028012470000000000e+08 3.400000000000000000e+03 1.780000000000000000e+03 5.780000000000000000e+03 4.790000000000000000e+03
1.028014550000000000e+08 3.400000000000000000e+03 1.780000000000000000e+03 5.780000000000000000e+03 4.800000000000000000e+03
1.028016630000000000e+08 3.400000000000000000e+03 1.780000000000000000e+03 5.780000000000000000e+03 4.800000000000000000e+03
1.028018710000000000e+08 3.400000000000000000e+03 1.770000000000000000e+03 5.780000000000000000e+03 4.800000000000000000e+03
1.028020790000000000e+08 3.400000000000000000e+03 1.770000000000000000e+03 5.780000000000000000e+03 4.790000000000000000e+03
1.028022870000000000e+08 3.410000000000000000e+03 1.760000000000000000e+03 5.780000000000000000e+03 4.780000000000000000e+03
1.028024950000000000e+08 3.400000000000000000e+03 1.760000000000000000e+03 5.780000000000000000e+03 4.780000000000000000e+03
1.028027030000000000e+08 3.400000000000000000e+03 1.760000000000000000e+03 5.780000000000000000e+03 4.780000000000000000e+03
1.028029100000000000e+08 3.390000000000000000e+03 1.760000000000000000e+03 5.780000000000000000e+03 4.780000000000000000e+03
1.028031190000000000e+08 3.400000000000000000e+03 1.770000000000000000e+03 5.780000000000000000e+03 4.770000000000000000e+03
1.028033270000000000e+08 3.410000000000000000e+03 1.780000000000000000e+03 5.780000000000000000e+03 4.780000000000000000e+03
1.028035350000000000e+08 3.390000000000000000e+03 1.800000000000000000e+03 5.780000000000000000e+03 4.780000000000000000e+03
1.028037420000000000e+08 3.390000000000000000e+03 1.800000000000000000e+03 5.780000000000000000e+03 4.770000000000000000e+03
1.028039340000000000e+08 3.390000000000000000e+03 1.800000000000000000e+03 5.770000000000000000e+03 4.780000000000000000e+03
1.028041430000000000e+08 3.390000000000000000e+03 1.800000000000000000e+03 5.770000000000000000e+03 4.780000000000000000e+03
1.028043500000000000e+08 3.410000000000000000e+03 1.800000000000000000e+03 5.770000000000000000e+03 4.780000000000000000e+03
1.028045580000000000e+08 3.410000000000000000e+03 1.800000000000000000e+03 5.770000000000000000e+03 4.780000000000000000e+03
1.028047660000000000e+08 3.420000000000000000e+03 1.780000000000000000e+03 5.770000000000000000e+03 4.780000000000000000e+03
1.028049740000000000e+08 3.440000000000000000e+03 1.800000000000000000e+03 5.770000000000000000e+03 4.780000000000000000e+03
1.028051820000000000e+08 3.440000000000000000e+03 1.800000000000000000e+03 5.770000000000000000e+03 4.780000000000000000e+03
1.028053900000000000e+08 3.430000000000000000e+03 1.800000000000000000e+03 5.770000000000000000e+03 4.780000000000000000e+03
1.028055980000000000e+08 3.430000000000000000e+03 1.800000000000000000e+03 5.770000000000000000e+03 4.780000000000000000e+03
1.028058060000000000e+08 3.450000000000000000e+03 1.780000000000000000e+03 5.780000000000000000e+03 4.780000000000000000e+03
1.028060140000000000e+08 3.450000000000000000e+03 1.770000000000000000e+03 5.780000000000000000e+03 4.770000000000000000e+03
1.028062210000000000e+08 3.430000000000000000e+03 1.770000000000000000e+03 5.770000000000000000e+03 4.770000000000000000e+03
1.028064300000000000e+08 3.420000000000000000e+03 1.760000000000000000e+03 5.770000000000000000e+03 4.770000000000000000e+03
1.028066400000000000e+08 3.420000000000000000e+03 1.760000000000000000e+03 5.770000000000000000e+03 4.790000000000000000e+03
1.028068460000000000e+08 3.420000000000000000e+03 1.760000000000000000e+03 5.770000000000000000e+03 4.780000000000000000e+03
1.028070540000000000e+08 3.420000000000000000e+03 1.760000000000000000e+03 5.770000000000000000e+03 4.780000000000000000e+03
1.028072610000000000e+08 3.410000000000000000e+03 1.780000000000000000e+03 5.770000000000000000e+03 4.780000000000000000e+03
1.028074530000000000e+08 3.410000000000000000e+03 1.780000000000000000e+03 5.770000000000000000e+03 4.790000000000000000e+03
1.028076610000000000e+08 3.410000000000000000e+03 1.780000000000000000e+03 5.770000000000000000e+03 4.800000000000000000e+03
1.028078690000000000e+08 3.410000000000000000e+03 1.770000000000000000e+03 5.770000000000000000e+03 4.800000000000000000e+03
1.028080770000000000e+08 3.390000000000000000e+03 1.780000000000000000e+03 5.760000000000000000e+03 4.800000000000000000e+03
1.028082850000000000e+08 3.390000000000000000e+03 1.770000000000000000e+03 5.770000000000000000e+03 4.810000000000000000e+03
1.028084930000000000e+08 3.390000000000000000e+03 1.760000000000000000e+03 5.780000000000000000e+03 4.800000000000000000e+03
1.028087010000000000e+08 3.390000000000000000e+03 1.750000000000000000e+03 5.780000000000000000e+03 4.800000000000000000e+03
1.028089090000000000e+08 3.390000000000000000e+03 1.750000000000000000e+03 5.780000000000000000e+03 4.800000000000000000e+03
1.028091170000000000e+08 3.400000000000000000e+03 1.750000000000000000e+03 5.780000000000000000e+03 4.790000000000000000e+03
1.028093250000000000e+08 3.400000000000000000e+03 1.770000000000000000e+03 5.770000000000000000e+03 4.790000000000000000e+03
1.028095330000000000e+08 3.400000000000000000e+03 1.770000000000000000e+03 5.770000000000000000e+03 4.790000000000000000e+03
1.028097410000000000e+08 3.420000000000000000e+03 1.780000000000000000e+03 5.770000000000000000e+03 4.790000000000000000e+03
1.028099490000000000e+08 3.420000000000000000e+03 1.770000000000000000e+03 5.770000000000000000e+03 4.790000000000000000e+03
1.028101570000000000e+08 3.440000000000000000e+03 1.760000000000000000e+03 5.770000000000000000e+03 4.800000000000000000e+03
1.028103650000000000e+08 3.440000000000000000e+03 1.770000000000000000e+03 5.770000000000000000e+03 4.790000000000000000e+03
1.028105730000000000e+08 3.420000000000000000e+03 1.770000000000000000e+03 5.770000000000000000e+03 4.790000000000000000e+03
1.028107810000000000e+08 3.420000000000000000e+03 1.760000000000000000e+03 5.770000000000000000e+03 4.780000000000000000e+03
1.028109730000000000e+08 3.430000000000000000e+03 1.750000000000000000e+03 5.770000000000000000e+03 4.780000000000000000e+03
1.028111810000000000e+08 3.440000000000000000e+03 1.750000000000000000e+03 5.770000000000000000e+03 4.780000000000000000e+03
1.028113880000000000e+08 3.450000000000000000e+03 1.760000000000000000e+03 5.770000000000000000e+03 4.790000000000000000e+03
1.028115970000000000e+08 3.450000000000000000e+03 1.770000000000000000e+03 5.770000000000000000e+03 4.800000000000000000e+03
1.028118050000000000e+08 3.440000000000000000e+03 1.780000000000000000e+03 5.770000000000000000e+03 4.810000000000000000e+03
1.028120130000000000e+08 3.420000000000000000e+03 1.770000000000000000e+03 5.770000000000000000e+03 4.800000000000000000e+03
1.028122200000000000e+08 3.430000000000000000e+03 1.770000000000000000e+03 5.770000000000000000e+03 4.800000000000000000e+03
1.028124290000000000e+08 3.440000000000000000e+03 1.770000000000000000e+03 5.770000000000000000e+03 4.790000000000000000e+03
1.028126370000000000e+08 3.430000000000000000e+03 1.770000000000000000e+03 5.780000000000000000e+03 4.790000000000000000e+03
1.028128440000000000e+08 3.440000000000000000e+03 1.760000000000000000e+03 5.780000000000000000e+03 4.780000000000000000e+03
1.028130520000000000e+08 3.450000000000000000e+03 1.760000000000000000e+03 5.780000000000000000e+03 4.800000000000000000e+03
1.028132610000000000e+08 3.450000000000000000e+03 1.760000000000000000e+03 5.780000000000000000e+03 4.790000000000000000e+03
1.028134680000000000e+08 3.460000000000000000e+03 1.760000000000000000e+03 5.780000000000000000e+03 4.780000000000000000e+03
1.028136760000000000e+08 3.460000000000000000e+03 1.760000000000000000e+03 5.780000000000000000e+03 4.780000000000000000e+03
1.028138840000000000e+08 3.440000000000000000e+03 1.770000000000000000e+03 5.780000000000000000e+03 4.780000000000000000e+03
1.028140920000000000e+08 3.430000000000000000e+03 1.760000000000000000e+03 5.780000000000000000e+03 4.780000000000000000e+03
1.028142840000000000e+08 3.420000000000000000e+03 1.770000000000000000e+03 5.780000000000000000e+03 4.800000000000000000e+03
1.028144920000000000e+08 3.410000000000000000e+03 1.780000000000000000e+03 5.780000000000000000e+03 4.810000000000000000e+03
1.028147000000000000e+08 3.410000000000000000e+03 1.770000000000000000e+03 5.780000000000000000e+03 4.810000000000000000e+03
1.028149080000000000e+08 3.410000000000000000e+03 1.770000000000000000e+03 5.770000000000000000e+03 4.810000000000000000e+03
1.028151160000000000e+08 3.390000000000000000e+03 1.760000000000000000e+03 5.770000000000000000e+03 4.800000000000000000e+03
1.028153240000000000e+08 3.390000000000000000e+03 1.760000000000000000e+03 5.770000000000000000e+03 4.800000000000000000e+03
1.028155310000000000e+08 3.390000000000000000e+03 1.760000000000000000e+03 5.770000000000000000e+03 4.790000000000000000e+03
1.028157400000000000e+08 3.400000000000000000e+03 1.770000000000000000e+03 5.780000000000000000e+03 4.790000000000000000e+03
1.028159480000000000e+08 3.390000000000000000e+03 1.770000000000000000e+03 5.780000000000000000e+03 4.780000000000000000e+03
1.028161560000000000e+08 3.400000000000000000e+03 1.770000000000000000e+03 5.780000000000000000e+03 4.780000000000000000e+03
1.028163640000000000e+08 3.400000000000000000e+03 1.770000000000000000e+03 5.780000000000000000e+03 4.780000000000000000e+03
1.028165720000000000e+08 3.380000000000000000e+03 1.760000000000000000e+03 5.780000000000000000e+03 4.790000000000000000e+03
1.028167800000000000e+08 3.370000000000000000e+03 1.770000000000000000e+03 5.770000000000000000e+03 4.790000000000000000e+03
1.028169870000000000e+08 3.360000000000000000e+03 1.760000000000000000e+03 5.770000000000000000e+03 4.800000000000000000e+03
1.028171950000000000e+08 3.360000000000000000e+03 1.760000000000000000e+03 5.780000000000000000e+03 4.790000000000000000e+03
1.028174030000000000e+08 3.370000000000000000e+03 1.750000000000000000e+03 5.780000000000000000e+03 4.790000000000000000e+03
1.028176110000000000e+08 3.370000000000000000e+03 1.750000000000000000e+03 5.780000000000000000e+03 4.790000000000000000e+03
1.028178030000000000e+08 3.370000000000000000e+03 1.760000000000000000e+03 5.780000000000000000e+03 4.790000000000000000e+03
1.028180110000000000e+08 3.360000000000000000e+03 1.760000000000000000e+03 5.780000000000000000e+03 4.790000000000000000e+03
1.028182190000000000e+08 3.370000000000000000e+03 1.760000000000000000e+03 5.780000000000000000e+03 4.780000000000000000e+03
1.028184270000000000e+08 3.380000000000000000e+03 1.760000000000000000e+03 5.780000000000000000e+03 4.780000000000000000e+03
1.028186350000000000e+08 3.380000000000000000e+03 1.760000000000000000e+03 5.780000000000000000e+03 4.780000000000000000e+03
1.028188430000000000e+08 3.380000000000000000e+03 1.760000000000000000e+03 5.780000000000000000e+03 4.790000000000000000e+03
1.028190510000000000e+08 3.380000000000000000e+03 1.770000000000000000e+03 5.780000000000000000e+03 4.790000000000000000e+03
1.028192580000000000e+08 3.390000000000000000e+03 1.770000000000000000e+03 5.780000000000000000e+03 4.790000000000000000e+03
1.028194670000000000e+08 3.410000000000000000e+03 1.770000000000000000e+03 5.780000000000000000e+03 4.790000000000000000e+03
1.028196750000000000e+08 3.410000000000000000e+03 1.770000000000000000e+03 5.780000000000000000e+03 4.790000000000000000e+03
1.028198820000000000e+08 3.440000000000000000e+03 1.770000000000000000e+03 5.790000000000000000e+03 4.790000000000000000e+03
1.028200900000000000e+08 3.420000000000000000e+03 1.780000000000000000e+03 5.780000000000000000e+03 4.790000000000000000e+03
1.028202990000000000e+08 3.410000000000000000e+03 1.780000000000000000e+03 5.780000000000000000e+03 4.790000000000000000e+03
1.028205060000000000e+08 3.440000000000000000e+03 1.780000000000000000e+03 5.790000000000000000e+03 4.790000000000000000e+03
1.028207140000000000e+08 3.440000000000000000e+03 1.780000000000000000e+03 5.790000000000000000e+03 4.780000000000000000e+03
1.028209220000000000e+08 3.460000000000000000e+03 1.780000000000000000e+03 5.790000000000000000e+03 4.790000000000000000e+03
1.028211140000000000e+08 3.460000000000000000e+03 1.770000000000000000e+03 5.790000000000000000e+03 4.790000000000000000e+03
1.028213220000000000e+08 3.450000000000000000e+03 1.770000000000000000e+03 5.790000000000000000e+03 4.800000000000000000e+03
1.028215300000000000e+08 3.450000000000000000e+03 1.770000000000000000e+03 5.790000000000000000e+03 4.810000000000000000e+03
1.028217380000000000e+08 3.450000000000000000e+03 1.760000000000000000e+03 5.790000000000000000e+03 4.810000000000000000e+03
1.028219460000000000e+08 3.450000000000000000e+03 1.760000000000000000e+03 5.800000000000000000e+03 4.800000000000000000e+03
1.028221540000000000e+08 3.450000000000000000e+03 1.760000000000000000e+03 5.800000000000000000e+03 4.790000000000000000e+03
1.028223620000000000e+08 3.420000000000000000e+03 1.760000000000000000e+03 5.800000000000000000e+03 4.790000000000000000e+03
1.028225700000000000e+08 3.420000000000000000e+03 1.770000000000000000e+03 5.790000000000000000e+03 4.790000000000000000e+03
1.028227770000000000e+08 3.410000000000000000e+03 1.770000000000000000e+03 5.790000000000000000e+03 4.790000000000000000e+03
1.028229940000000000e+08 3.410000000000000000e+03 1.770000000000000000e+03 5.790000000000000000e+03 4.790000000000000000e+03
1.028231940000000000e+08 3.400000000000000000e+03 1.770000000000000000e+03 5.790000000000000000e+03 4.790000000000000000e+03
1.028234020000000000e+08 3.400000000000000000e+03 1.760000000000000000e+03 5.790000000000000000e+03 4.790000000000000000e+03
1.028236100000000000e+08 3.400000000000000000e+03 1.760000000000000000e+03 5.790000000000000000e+03 4.780000000000000000e+03
1.028238180000000000e+08 3.400000000000000000e+03 1.760000000000000000e+03 5.790000000000000000e+03 4.780000000000000000e+03
1.028240260000000000e+08 3.400000000000000000e+03 1.770000000000000000e+03 5.800000000000000000e+03 4.780000000000000000e+03
1.028242340000000000e+08 3.400000000000000000e+03 1.780000000000000000e+03 5.800000000000000000e+03 4.780000000000000000e+03
1.028244410000000000e+08 3.420000000000000000e+03 1.780000000000000000e+03 5.790000000000000000e+03 4.780000000000000000e+03
1.028246330000000000e+08 3.430000000000000000e+03 1.800000000000000000e+03 5.790000000000000000e+03 4.780000000000000000e+03
1.028248410000000000e+08 3.420000000000000000e+03 1.780000000000000000e+03 5.790000000000000000e+03 4.780000000000000000e+03
1.028250500000000000e+08 3.410000000000000000e+03 1.770000000000000000e+03 5.790000000000000000e+03 4.780000000000000000e+03
1.028252570000000000e+08 3.430000000000000000e+03 1.760000000000000000e+03 5.790000000000000000e+03 4.780000000000000000e+03
1.028254650000000000e+08 3.440000000000000000e+03 1.760000000000000000e+03 5.790000000000000000e+03 4.780000000000000000e+03
1.028256730000000000e+08 3.420000000000000000e+03 1.750000000000000000e+03 5.800000000000000000e+03 4.780000000000000000e+03
1.028258810000000000e+08 3.410000000000000000e+03 1.760000000000000000e+03 5.810000000000000000e+03 4.780000000000000000e+03
1.028260890000000000e+08 3.410000000000000000e+03 1.750000000000000000e+03 5.810000000000000000e+03 4.790000000000000000e+03
1.028262970000000000e+08 3.400000000000000000e+03 1.750000000000000000e+03 5.810000000000000000e+03 4.780000000000000000e+03
1.028265050000000000e+08 3.400000000000000000e+03 1.750000000000000000e+03 5.810000000000000000e+03 4.780000000000000000e+03
1.028267130000000000e+08 3.410000000000000000e+03 1.750000000000000000e+03 5.810000000000000000e+03 4.780000000000000000e+03
1.028269210000000000e+08 3.440000000000000000e+03 1.750000000000000000e+03 5.810000000000000000e+03 4.780000000000000000e+03
1.028271290000000000e+08 3.450000000000000000e+03 1.760000000000000000e+03 5.800000000000000000e+03 4.780000000000000000e+03
1.028273370000000000e+08 3.440000000000000000e+03 1.770000000000000000e+03 5.790000000000000000e+03 4.780000000000000000e+03
