1.031156180000000000e+08 4.220000000000000000e+03 3.060000000000000000e+03 4.290000000000000000e+03 2.920000000000000000e+03
1.031158250000000000e+08 4.220000000000000000e+03 3.050000000000000000e+03 4.300000000000000000e+03 2.910000000000000000e+03
1.031160340000000000e+08 4.220000000000000000e+03 3.060000000000000000e+03 4.290000000000000000e+03 2.910000000000000000e+03
1.031162420000000000e+08 4.220000000000000000e+03 3.060000000000000000e+03 4.270000000000000000e+03 2.910000000000000000e+03
1.031164500000000000e+08 4.220000000000000000e+03 3.050000000000000000e+03 4.270000000000000000e+03 2.900000000000000000e+03
1.031166580000000000e+08 4.220000000000000000e+03 3.030000000000000000e+03 4.270000000000000000e+03 2.920000000000000000e+03
1.031168660000000000e+08 4.210000000000000000e+03 3.030000000000000000e+03 4.270000000000000000e+03 2.920000000000000000e+03
1.031170730000000000e+08 4.210000000000000000e+03 3.050000000000000000e+03 4.270000000000000000e+03 2.920000000000000000e+03
1.031172820000000000e+08 4.230000000000000000e+03 3.050000000000000000e+03 4.270000000000000000e+03 2.910000000000000000e+03
1.031174740000000000e+08 4.220000000000000000e+03 3.030000000000000000e+03 4.290000000000000000e+03 2.910000000000000000e+03
1.031176810000000000e+08 4.210000000000000000e+03 3.030000000000000000e+03 4.290000000000000000e+03 2.910000000000000000e+03
1.031178890000000000e+08 4.210000000000000000e+03 3.030000000000000000e+03 4.290000000000000000e+03 2.920000000000000000e+03
1.031180970000000000e+08 4.240000000000000000e+03 3.030000000000000000e+03 4.290000000000000000e+03 2.920000000000000000e+03
1.031183050000000000e+08 4.240000000000000000e+03 3.050000000000000000e+03 4.270000000000000000e+03 2.920000000000000000e+03
1.031185130000000000e+08 4.230000000000000000e+03 3.060000000000000000e+03 4.290000000000000000e+03 2.930000000000000000e+03
1.031187210000000000e+08 4.220000000000000000e+03 3.050000000000000000e+03 4.300000000000000000e+03 2.910000000000000000e+03
1.031189310000000000e+08 4.220000000000000000e+03 3.060000000000000000e+03 4.290000000000000000e+03 2.910000000000000000e+03
1.031191370000000000e+08 4.210000000000000000e+03 3.030000000000000000e+03 4.290000000000000000e+03 2.900000000000000000e+03
1.031193450000000000e+08 4.210000000000000000e+03 3.060000000000000000e+03 4.290000000000000000e+03 2.910000000000000000e+03
1.031195530000000000e+08 4.210000000000000000e+03 3.030000000000000000e+03 4.290000000000000000e+03 2.910000000000000000e+03
1.031197610000000000e+08 4.220000000000000000e+03 3.050000000000000000e+03 4.300000000000000000e+03 2.900000000000000000e+03
1.031199690000000000e+08 4.210000000000000000e+03 3.050000000000000000e+03 4.300000000000000000e+03 2.910000000000000000e+03
1.031201770000000000e+08 4.210000000000000000e+03 3.050000000000000000e+03 4.300000000000000000e+03 2.910000000000000000e+03
1.031203850000000000e+08 4.210000000000000000e+03 3.060000000000000000e+03 4.300000000000000000e+03 2.920000000000000000e+03
1.031205930000000000e+08 4.210000000000000000e+03 3.050000000000000000e+03 4.300000000000000000e+03 2.920000000000000000e+03
1.031207850000000000e+08 4.200000000000000000e+03 3.060000000000000000e+03 4.300000000000000000e+03 2.920000000000000000e+03
1.031209930000000000e+08 4.200000000000000000e+03 3.060000000000000000e+03 4.300000000000000000e+03 2.920000000000000000e+03
1.031212010000000000e+08 4.210000000000000000e+03 3.050000000000000000e+03 4.300000000000000000e+03 2.930000000000000000e+03
1.031214090000000000e+08 4.210000000000000000e+03 3.050000000000000000e+03 4.290000000000000000e+03 2.930000000000000000e+03
1.031216160000000000e+08 4.210000000000000000e+03 3.060000000000000000e+03 4.290000000000000000e+03 2.930000000000000000e+03
1.031218250000000000e+08 4.210000000000000000e+03 3.060000000000000000e+03 4.290000000000000000e+03 2.930000000000000000e+03
1.031220330000000000e+08 4.210000000000000000e+03 3.050000000000000000e+03 4.290000000000000000e+03 2.930000000000000000e+03
1.031222400000000000e+08 4.210000000000000000e+03 3.060000000000000000e+03 4.290000000000000000e+03 2.930000000000000000e+03
1.031224480000000000e+08 4.230000000000000000e+03 3.050000000000000000e+03 4.290000000000000000e+03 2.930000000000000000e+03
1.031226560000000000e+08 4.230000000000000000e+03 3.060000000000000000e+03 4.290000000000000000e+03 2.930000000000000000e+03
1.031228660000000000e+08 4.210000000000000000e+03 3.060000000000000000e+03 4.290000000000000000e+03 2.930000000000000000e+03
1.031230720000000000e+08 4.210000000000000000e+03 3.050000000000000000e+03 4.300000000000000000e+03 2.930000000000000000e+03
1.031232800000000000e+08 4.210000000000000000e+03 3.030000000000000000e+03 4.300000000000000000e+03 2.920000000000000000e+03
1.031234880000000000e+08 4.210000000000000000e+03 3.050000000000000000e+03 4.300000000000000000e+03 2.920000000000000000e+03
1.031236960000000000e+08 4.210000000000000000e+03 3.050000000000000000e+03 4.290000000000000000e+03 2.920000000000000000e+03
1.031239040000000000e+08 4.210000000000000000e+03 3.030000000000000000e+03 4.290000000000000000e+03 2.920000000000000000e+03
1.031241120000000000e+08 4.210000000000000000e+03 3.030000000000000000e+03 4.300000000000000000e+03 2.930000000000000000e+03
1.031243040000000000e+08 4.210000000000000000e+03 3.030000000000000000e+03 4.300000000000000000e+03 2.920000000000000000e+03
1.031245120000000000e+08 4.210000000000000000e+03 3.050000000000000000e+03 4.300000000000000000e+03 2.920000000000000000e+03
1.031247200000000000e+08 4.210000000000000000e+03 3.050000000000000000e+03 4.300000000000000000e+03 2.920000000000000000e+03
1.031249280000000000e+08 4.200000000000000000e+03 3.050000000000000000e+03 4.300000000000000000e+03 2.920000000000000000e+03
1.031251360000000000e+08 4.220000000000000000e+03 3.060000000000000000e+03 4.290000000000000000e+03 2.920000000000000000e+03
1.031253440000000000e+08 4.220000000000000000e+03 3.050000000000000000e+03 4.290000000000000000e+03 2.920000000000000000e+03
1.031255510000000000e+08 4.220000000000000000e+03 3.060000000000000000e+03 4.290000000000000000e+03 2.920000000000000000e+03
1.031257600000000000e+08 4.210000000000000000e+03 3.070000000000000000e+03 4.290000000000000000e+03 2.920000000000000000e+03
1.031259670000000000e+08 4.220000000000000000e+03 3.060000000000000000e+03 4.290000000000000000e+03 2.920000000000000000e+03
1.031261760000000000e+08 4.210000000000000000e+03 3.060000000000000000e+03 4.290000000000000000e+03 2.910000000000000000e+03
1.031263840000000000e+08 4.220000000000000000e+03 3.050000000000000000e+03 4.290000000000000000e+03 2.920000000000000000e+03
1.031265910000000000e+08 4.220000000000000000e+03 3.050000000000000000e+03 4.290000000000000000e+03 2.920000000000000000e+03
1.031267990000000000e+08 4.220000000000000000e+03 3.060000000000000000e+03 4.290000000000000000e+03 2.920000000000000000e+03
1.031270070000000000e+08 4.220000000000000000e+03 3.030000000000000000e+03 4.290000000000000000e+03 2.920000000000000000e+03
1.031272150000000000e+08 4.210000000000000000e+03 3.050000000000000000e+03 4.290000000000000000e+03 2.920000000000000000e+03
1.031274230000000000e+08 4.210000000000000000e+03 3.030000000000000000e+03 4.290000000000000000e+03 2.920000000000000000e+03
1.031276310000000000e+08 4.200000000000000000e+03 3.030000000000000000e+03 4.290000000000000000e+03 2.910000000000000000e+03
1.031278230000000000e+08 4.200000000000000000e+03 3.030000000000000000e+03 4.290000000000000000e+03 2.920000000000000000e+03
1.031280310000000000e+08 4.190000000000000000e+03 3.030000000000000000e+03 4.300000000000000000e+03 2.920000000000000000e+03
1.031282390000000000e+08 4.210000000000000000e+03 3.050000000000000000e+03 4.300000000000000000e+03 2.920000000000000000e+03
1.031284470000000000e+08 4.210000000000000000e+03 3.070000000000000000e+03 4.300000000000000000e+03 2.920000000000000000e+03
1.031286550000000000e+08 4.210000000000000000e+03 3.080000000000000000e+03 4.300000000000000000e+03 2.920000000000000000e+03
1.031288630000000000e+08 4.210000000000000000e+03 3.080000000000000000e+03 4.300000000000000000e+03 2.920000000000000000e+03
1.031290710000000000e+08 4.210000000000000000e+03 3.070000000000000000e+03 4.290000000000000000e+03 2.920000000000000000e+03
1.031292790000000000e+08 4.210000000000000000e+03 3.070000000000000000e+03 4.290000000000000000e+03 2.910000000000000000e+03
1.031294870000000000e+08 4.210000000000000000e+03 3.060000000000000000e+03 4.290000000000000000e+03 2.920000000000000000e+03
1.031296940000000000e+08 4.210000000000000000e+03 3.050000000000000000e+03 4.290000000000000000e+03 2.920000000000000000e+03
1.031299030000000000e+08 4.240000000000000000e+03 3.050000000000000000e+03 4.290000000000000000e+03 2.920000000000000000e+03
1.031301100000000000e+08 4.230000000000000000e+03 3.060000000000000000e+03 4.290000000000000000e+03 2.920000000000000000e+03
1.031303180000000000e+08 4.220000000000000000e+03 3.050000000000000000e+03 4.290000000000000000e+03 2.920000000000000000e+03
1.031305260000000000e+08 4.220000000000000000e+03 3.060000000000000000e+03 4.270000000000000000e+03 2.920000000000000000e+03
1.031307340000000000e+08 4.220000000000000000e+03 3.050000000000000000e+03 4.270000000000000000e+03 2.920000000000000000e+03
1.031309420000000000e+08 4.210000000000000000e+03 3.050000000000000000e+03 4.290000000000000000e+03 2.920000000000000000e+03
1.031311340000000000e+08 4.210000000000000000e+03 3.050000000000000000e+03 4.290000000000000000e+03 2.930000000000000000e+03
1.031313420000000000e+08 4.210000000000000000e+03 3.060000000000000000e+03 4.290000000000000000e+03 2.930000000000000000e+03
1.031315500000000000e+08 4.210000000000000000e+03 3.060000000000000000e+03 4.300000000000000000e+03 2.920000000000000000e+03
1.031317580000000000e+08 4.190000000000000000e+03 3.030000000000000000e+03 4.300000000000000000e+03 2.920000000000000000e+03
1.031319660000000000e+08 4.190000000000000000e+03 3.050000000000000000e+03 4.300000000000000000e+03 2.920000000000000000e+03
1.031323820000000000e+08 4.190000000000000000e+03 3.050000000000000000e+03 4.300000000000000000e+03 2.920000000000000000e+03
1.031325900000000000e+08 4.200000000000000000e+03 3.030000000000000000e+03 4.300000000000000000e+03 2.920000000000000000e+03
1.031327980000000000e+08 4.210000000000000000e+03 3.030000000000000000e+03 4.290000000000000000e+03 2.920000000000000000e+03
1.031330060000000000e+08 4.220000000000000000e+03 3.050000000000000000e+03 4.290000000000000000e+03 2.920000000000000000e+03
1.031332140000000000e+08 4.220000000000000000e+03 3.060000000000000000e+03 4.300000000000000000e+03 2.920000000000000000e+03
1.031334220000000000e+08 4.210000000000000000e+03 3.070000000000000000e+03 4.300000000000000000e+03 2.920000000000000000e+03
1.031336300000000000e+08 4.210000000000000000e+03 3.070000000000000000e+03 4.300000000000000000e+03 2.920000000000000000e+03
1.031338220000000000e+08 4.210000000000000000e+03 3.080000000000000000e+03 4.290000000000000000e+03 2.920000000000000000e+03
1.031340290000000000e+08 4.210000000000000000e+03 3.080000000000000000e+03 4.300000000000000000e+03 2.920000000000000000e+03
1.031342370000000000e+08 4.200000000000000000e+03 3.060000000000000000e+03 4.300000000000000000e+03 2.930000000000000000e+03
1.031344450000000000e+08 4.200000000000000000e+03 3.070000000000000000e+03 4.300000000000000000e+03 2.920000000000000000e+03
1.031346530000000000e+08 4.200000000000000000e+03 3.070000000000000000e+03 4.290000000000000000e+03 2.920000000000000000e+03
1.031348620000000000e+08 4.190000000000000000e+03 3.060000000000000000e+03 4.290000000000000000e+03 2.910000000000000000e+03
1.031350690000000000e+08 4.210000000000000000e+03 3.060000000000000000e+03 4.290000000000000000e+03 2.910000000000000000e+03
1.031352770000000000e+08 4.200000000000000000e+03 3.050000000000000000e+03 4.300000000000000000e+03 2.920000000000000000e+03
1.031354850000000000e+08 4.210000000000000000e+03 3.060000000000000000e+03 4.290000000000000000e+03 2.920000000000000000e+03
1.031356930000000000e+08 4.220000000000000000e+03 3.060000000000000000e+03 4.290000000000000000e+03 2.910000000000000000e+03
1.031359010000000000e+08 4.220000000000000000e+03 3.060000000000000000e+03 4.290000000000000000e+03 2.920000000000000000e+03
1.031361090000000000e+08 4.220000000000000000e+03 3.050000000000000000e+03 4.300000000000000000e+03 2.910000000000000000e+03
1.031363170000000000e+08 4.220000000000000000e+03 3.050000000000000000e+03 4.290000000000000000e+03 2.910000000000000000e+03
1.031365250000000000e+08 4.220000000000000000e+03 3.070000000000000000e+03 4.270000000000000000e+03 2.910000000000000000e+03
1.031367330000000000e+08 4.210000000000000000e+03 3.060000000000000000e+03 4.270000000000000000e+03 2.900000000000000000e+03
1.031369410000000000e+08 4.200000000000000000e+03 3.050000000000000000e+03 4.270000000000000000e+03 2.910000000000000000e+03
1.031371330000000000e+08 4.200000000000000000e+03 3.050000000000000000e+03 4.260000000000000000e+03 2.920000000000000000e+03
1.031373410000000000e+08 4.200000000000000000e+03 3.060000000000000000e+03 4.260000000000000000e+03 2.920000000000000000e+03
1.031375490000000000e+08 4.210000000000000000e+03 3.050000000000000000e+03 4.260000000000000000e+03 2.920000000000000000e+03
1.031377570000000000e+08 4.210000000000000000e+03 3.050000000000000000e+03 4.260000000000000000e+03 2.920000000000000000e+03
1.031379650000000000e+08 4.210000000000000000e+03 3.060000000000000000e+03 4.270000000000000000e+03 2.920000000000000000e+03
1.031381730000000000e+08 4.220000000000000000e+03 3.070000000000000000e+03 4.270000000000000000e+03 2.920000000000000000e+03
1.031383800000000000e+08 4.220000000000000000e+03 3.070000000000000000e+03 4.290000000000000000e+03 2.910000000000000000e+03
1.031385890000000000e+08 4.220000000000000000e+03 3.080000000000000000e+03 4.290000000000000000e+03 2.910000000000000000e+03
1.031387960000000000e+08 4.220000000000000000e+03 3.060000000000000000e+03 4.290000000000000000e+03 2.910000000000000000e+03
1.031390040000000000e+08 4.220000000000000000e+03 3.050000000000000000e+03 4.290000000000000000e+03 2.920000000000000000e+03
1.031392120000000000e+08 4.220000000000000000e+03 3.050000000000000000e+03 4.290000000000000000e+03 2.920000000000000000e+03
1.031394200000000000e+08 4.210000000000000000e+03 3.070000000000000000e+03 4.290000000000000000e+03 2.910000000000000000e+03
1.031396280000000000e+08 4.210000000000000000e+03 3.060000000000000000e+03 4.290000000000000000e+03 2.900000000000000000e+03
1.031398360000000000e+08 4.200000000000000000e+03 3.060000000000000000e+03 4.270000000000000000e+03 2.910000000000000000e+03
1.031400440000000000e+08 4.210000000000000000e+03 3.060000000000000000e+03 4.270000000000000000e+03 2.910000000000000000e+03
1.031402510000000000e+08 4.220000000000000000e+03 3.060000000000000000e+03 4.270000000000000000e+03 2.910000000000000000e+03
1.031404600000000000e+08 4.210000000000000000e+03 3.070000000000000000e+03 4.270000000000000000e+03 2.920000000000000000e+03
1.031406520000000000e+08 4.220000000000000000e+03 3.060000000000000000e+03 4.270000000000000000e+03 2.920000000000000000e+03
1.031408600000000000e+08 4.210000000000000000e+03 3.070000000000000000e+03 4.270000000000000000e+03 2.920000000000000000e+03
1.031410680000000000e+08 4.210000000000000000e+03 3.070000000000000000e+03 4.270000000000000000e+03 2.920000000000000000e+03
1.031412760000000000e+08 4.220000000000000000e+03 3.070000000000000000e+03 4.290000000000000000e+03 2.920000000000000000e+03
1.031414840000000000e+08 4.220000000000000000e+03 3.070000000000000000e+03 4.290000000000000000e+03 2.920000000000000000e+03
1.031416910000000000e+08 4.220000000000000000e+03 3.060000000000000000e+03 4.270000000000000000e+03 2.920000000000000000e+03
1.031419000000000000e+08 4.220000000000000000e+03 3.050000000000000000e+03 4.270000000000000000e+03 2.920000000000000000e+03
1.031421070000000000e+08 4.210000000000000000e+03 3.030000000000000000e+03 4.270000000000000000e+03 2.930000000000000000e+03
1.031423160000000000e+08 4.220000000000000000e+03 3.020000000000000000e+03 4.270000000000000000e+03 2.920000000000000000e+03
1.031425240000000000e+08 4.210000000000000000e+03 3.010000000000000000e+03 4.270000000000000000e+03 2.920000000000000000e+03
1.031427320000000000e+08 4.200000000000000000e+03 3.010000000000000000e+03 4.290000000000000000e+03 2.920000000000000000e+03
1.031429400000000000e+08 4.210000000000000000e+03 3.020000000000000000e+03 4.270000000000000000e+03 2.920000000000000000e+03
1.031431470000000000e+08 4.220000000000000000e+03 3.050000000000000000e+03 4.270000000000000000e+03 2.920000000000000000e+03
1.031433550000000000e+08 4.220000000000000000e+03 3.060000000000000000e+03 4.290000000000000000e+03 2.930000000000000000e+03
1.031435630000000000e+08 4.230000000000000000e+03 3.070000000000000000e+03 4.290000000000000000e+03 2.930000000000000000e+03
1.031437710000000000e+08 4.220000000000000000e+03 3.070000000000000000e+03 4.290000000000000000e+03 2.920000000000000000e+03
1.031439630000000000e+08 4.220000000000000000e+03 3.080000000000000000e+03 4.290000000000000000e+03 2.920000000000000000e+03
1.031441710000000000e+08 4.240000000000000000e+03 3.080000000000000000e+03 4.290000000000000000e+03 2.920000000000000000e+03
1.031443790000000000e+08 4.240000000000000000e+03 3.070000000000000000e+03 4.290000000000000000e+03 2.920000000000000000e+03
1.031445870000000000e+08 4.230000000000000000e+03 3.060000000000000000e+03 4.290000000000000000e+03 2.920000000000000000e+03
1.031447950000000000e+08 4.220000000000000000e+03 3.050000000000000000e+03 4.300000000000000000e+03 2.920000000000000000e+03
1.031450030000000000e+08 4.220000000000000000e+03 3.050000000000000000e+03 4.290000000000000000e+03 2.930000000000000000e+03
1.031452110000000000e+08 4.220000000000000000e+03 3.050000000000000000e+03 4.300000000000000000e+03 2.920000000000000000e+03
1.031454190000000000e+08 4.210000000000000000e+03 3.050000000000000000e+03 4.290000000000000000e+03 2.920000000000000000e+03
1.031456260000000000e+08 4.220000000000000000e+03 3.060000000000000000e+03 4.290000000000000000e+03 2.920000000000000000e+03
1.031458350000000000e+08 4.220000000000000000e+03 3.070000000000000000e+03 4.290000000000000000e+03 2.920000000000000000e+03
1.031460430000000000e+08 4.220000000000000000e+03 3.070000000000000000e+03 4.290000000000000000e+03 2.930000000000000000e+03
1.031462510000000000e+08 4.220000000000000000e+03 3.080000000000000000e+03 4.290000000000000000e+03 2.930000000000000000e+03
1.031464590000000000e+08 4.220000000000000000e+03 3.080000000000000000e+03 4.290000000000000000e+03 2.920000000000000000e+03
1.031466670000000000e+08 4.230000000000000000e+03 3.080000000000000000e+03 4.290000000000000000e+03 2.920000000000000000e+03
1.031468740000000000e+08 4.220000000000000000e+03 3.070000000000000000e+03 4.290000000000000000e+03 2.910000000000000000e+03
1.031470820000000000e+08 4.240000000000000000e+03 3.060000000000000000e+03 4.290000000000000000e+03 2.920000000000000000e+03
1.031472900000000000e+08 4.220000000000000000e+03 3.050000000000000000e+03 4.290000000000000000e+03 2.930000000000000000e+03
1.031474820000000000e+08 4.210000000000000000e+03 3.060000000000000000e+03 4.290000000000000000e+03 2.920000000000000000e+03
1.031476910000000000e+08 4.200000000000000000e+03 3.050000000000000000e+03 4.290000000000000000e+03 2.920000000000000000e+03
1.031478980000000000e+08 4.210000000000000000e+03 3.060000000000000000e+03 4.300000000000000000e+03 2.930000000000000000e+03
1.031481550000000000e+08 4.210000000000000000e+03 3.070000000000000000e+03 4.290000000000000000e+03 2.910000000000000000e+03
