1.050039160000000000e+08 5.670000000000000000e+03 3.690000000000000000e+03 4.760000000000000000e+03 1.510000000000000000e+03
1.050041240000000000e+08 5.670000000000000000e+03 3.670000000000000000e+03 4.750000000000000000e+03 1.520000000000000000e+03
1.050043320000000000e+08 5.670000000000000000e+03 3.670000000000000000e+03 4.750000000000000000e+03 1.520000000000000000e+03
1.050045400000000000e+08 5.670000000000000000e+03 3.690000000000000000e+03 4.750000000000000000e+03 1.530000000000000000e+03
1.050047480000000000e+08 5.670000000000000000e+03 3.690000000000000000e+03 4.740000000000000000e+03 1.530000000000000000e+03
1.050049550000000000e+08 5.670000000000000000e+03 3.700000000000000000e+03 4.740000000000000000e+03 1.530000000000000000e+03
1.050051640000000000e+08 5.670000000000000000e+03 3.680000000000000000e+03 4.740000000000000000e+03 1.500000000000000000e+03
1.050053720000000000e+08 5.670000000000000000e+03 3.700000000000000000e+03 4.750000000000000000e+03 1.510000000000000000e+03
1.050055790000000000e+08 5.660000000000000000e+03 3.690000000000000000e+03 4.740000000000000000e+03 1.510000000000000000e+03
1.050057880000000000e+08 5.660000000000000000e+03 3.700000000000000000e+03 4.730000000000000000e+03 1.500000000000000000e+03
1.050059950000000000e+08 5.670000000000000000e+03 3.690000000000000000e+03 4.730000000000000000e+03 1.500000000000000000e+03
1.050062040000000000e+08 5.670000000000000000e+03 3.670000000000000000e+03 4.720000000000000000e+03 1.500000000000000000e+03
1.050064110000000000e+08 5.660000000000000000e+03 3.680000000000000000e+03 4.720000000000000000e+03 1.510000000000000000e+03
1.050066200000000000e+08 5.660000000000000000e+03 3.680000000000000000e+03 4.730000000000000000e+03 1.510000000000000000e+03
1.050068120000000000e+08 5.660000000000000000e+03 3.700000000000000000e+03 4.730000000000000000e+03 1.490000000000000000e+03
1.050070190000000000e+08 5.670000000000000000e+03 3.700000000000000000e+03 4.730000000000000000e+03 1.510000000000000000e+03
1.050072280000000000e+08 5.670000000000000000e+03 3.700000000000000000e+03 4.740000000000000000e+03 1.510000000000000000e+03
1.050074360000000000e+08 5.670000000000000000e+03 3.700000000000000000e+03 4.740000000000000000e+03 1.520000000000000000e+03
1.050076430000000000e+08 5.670000000000000000e+03 3.700000000000000000e+03 4.750000000000000000e+03 1.520000000000000000e+03
1.050078520000000000e+08 5.670000000000000000e+03 3.700000000000000000e+03 4.750000000000000000e+03 1.520000000000000000e+03
1.050080600000000000e+08 5.670000000000000000e+03 3.700000000000000000e+03 4.730000000000000000e+03 1.520000000000000000e+03
1.050082680000000000e+08 5.670000000000000000e+03 3.720000000000000000e+03 4.720000000000000000e+03 1.510000000000000000e+03
1.050084750000000000e+08 5.670000000000000000e+03 3.690000000000000000e+03 4.730000000000000000e+03 1.510000000000000000e+03
1.050086830000000000e+08 5.670000000000000000e+03 3.700000000000000000e+03 4.730000000000000000e+03 1.510000000000000000e+03
1.050088910000000000e+08 5.660000000000000000e+03 3.700000000000000000e+03 4.730000000000000000e+03 1.510000000000000000e+03
1.050090980000000000e+08 5.670000000000000000e+03 3.700000000000000000e+03 4.740000000000000000e+03 1.510000000000000000e+03
1.050093070000000000e+08 5.670000000000000000e+03 3.690000000000000000e+03 4.740000000000000000e+03 1.500000000000000000e+03
1.050095150000000000e+08 5.680000000000000000e+03 3.680000000000000000e+03 4.750000000000000000e+03 1.500000000000000000e+03
1.050097230000000000e+08 5.680000000000000000e+03 3.670000000000000000e+03 4.750000000000000000e+03 1.510000000000000000e+03
1.050099310000000000e+08 5.680000000000000000e+03 3.640000000000000000e+03 4.740000000000000000e+03 1.510000000000000000e+03
1.050101380000000000e+08 5.680000000000000000e+03 3.650000000000000000e+03 4.740000000000000000e+03 1.510000000000000000e+03
1.050103310000000000e+08 5.670000000000000000e+03 3.670000000000000000e+03 4.730000000000000000e+03 1.520000000000000000e+03
1.050105390000000000e+08 5.670000000000000000e+03 3.680000000000000000e+03 4.730000000000000000e+03 1.520000000000000000e+03
1.050107470000000000e+08 5.670000000000000000e+03 3.700000000000000000e+03 4.730000000000000000e+03 1.520000000000000000e+03
1.050109550000000000e+08 5.670000000000000000e+03 3.710000000000000000e+03 4.720000000000000000e+03 1.540000000000000000e+03
1.050111630000000000e+08 5.670000000000000000e+03 3.720000000000000000e+03 4.720000000000000000e+03 1.540000000000000000e+03
1.050113710000000000e+08 5.670000000000000000e+03 3.710000000000000000e+03 4.730000000000000000e+03 1.520000000000000000e+03
1.050115790000000000e+08 5.670000000000000000e+03 3.680000000000000000e+03 4.740000000000000000e+03 1.520000000000000000e+03
1.050117860000000000e+08 5.670000000000000000e+03 3.680000000000000000e+03 4.740000000000000000e+03 1.510000000000000000e+03
1.050119950000000000e+08 5.670000000000000000e+03 3.700000000000000000e+03 4.740000000000000000e+03 1.500000000000000000e+03
1.050122030000000000e+08 5.670000000000000000e+03 3.700000000000000000e+03 4.740000000000000000e+03 1.500000000000000000e+03
1.050124100000000000e+08 5.670000000000000000e+03 3.680000000000000000e+03 4.740000000000000000e+03 1.500000000000000000e+03
1.050126180000000000e+08 5.670000000000000000e+03 3.670000000000000000e+03 4.740000000000000000e+03 1.500000000000000000e+03
1.050128260000000000e+08 5.670000000000000000e+03 3.690000000000000000e+03 4.740000000000000000e+03 1.490000000000000000e+03
1.050130340000000000e+08 5.680000000000000000e+03 3.700000000000000000e+03 4.740000000000000000e+03 1.470000000000000000e+03
1.050132430000000000e+08 5.680000000000000000e+03 3.710000000000000000e+03 4.740000000000000000e+03 1.500000000000000000e+03
1.050134500000000000e+08 5.680000000000000000e+03 3.720000000000000000e+03 4.740000000000000000e+03 1.510000000000000000e+03
1.050136420000000000e+08 5.680000000000000000e+03 3.710000000000000000e+03 4.740000000000000000e+03 1.500000000000000000e+03
1.050138500000000000e+08 5.680000000000000000e+03 3.700000000000000000e+03 4.740000000000000000e+03 1.500000000000000000e+03
1.050140580000000000e+08 5.680000000000000000e+03 3.670000000000000000e+03 4.750000000000000000e+03 1.510000000000000000e+03
1.050142660000000000e+08 5.680000000000000000e+03 3.650000000000000000e+03 4.740000000000000000e+03 1.500000000000000000e+03
1.050144740000000000e+08 5.680000000000000000e+03 3.650000000000000000e+03 4.740000000000000000e+03 1.500000000000000000e+03
1.050146820000000000e+08 5.680000000000000000e+03 3.650000000000000000e+03 4.740000000000000000e+03 1.520000000000000000e+03
1.050148900000000000e+08 5.680000000000000000e+03 3.640000000000000000e+03 4.740000000000000000e+03 1.510000000000000000e+03
1.050150980000000000e+08 5.680000000000000000e+03 3.640000000000000000e+03 4.740000000000000000e+03 1.510000000000000000e+03
1.050153060000000000e+08 5.680000000000000000e+03 3.640000000000000000e+03 4.740000000000000000e+03 1.500000000000000000e+03
1.050155140000000000e+08 5.670000000000000000e+03 3.640000000000000000e+03 4.730000000000000000e+03 1.520000000000000000e+03
1.050157220000000000e+08 5.680000000000000000e+03 3.680000000000000000e+03 4.740000000000000000e+03 1.500000000000000000e+03
1.050159290000000000e+08 5.680000000000000000e+03 3.680000000000000000e+03 4.740000000000000000e+03 1.510000000000000000e+03
1.050161380000000000e+08 5.680000000000000000e+03 3.690000000000000000e+03 4.740000000000000000e+03 1.490000000000000000e+03
1.050163460000000000e+08 5.680000000000000000e+03 3.690000000000000000e+03 4.740000000000000000e+03 1.500000000000000000e+03
1.050165530000000000e+08 5.680000000000000000e+03 3.670000000000000000e+03 4.750000000000000000e+03 1.500000000000000000e+03
1.050167620000000000e+08 5.680000000000000000e+03 3.650000000000000000e+03 4.740000000000000000e+03 1.520000000000000000e+03
1.050169700000000000e+08 5.690000000000000000e+03 3.650000000000000000e+03 4.740000000000000000e+03 1.520000000000000000e+03
1.050171610000000000e+08 5.690000000000000000e+03 3.640000000000000000e+03 4.740000000000000000e+03 1.500000000000000000e+03
1.050173690000000000e+08 5.680000000000000000e+03 3.640000000000000000e+03 4.740000000000000000e+03 1.520000000000000000e+03
1.050175770000000000e+08 5.670000000000000000e+03 3.650000000000000000e+03 4.740000000000000000e+03 1.500000000000000000e+03
1.050177850000000000e+08 5.670000000000000000e+03 3.670000000000000000e+03 4.740000000000000000e+03 1.510000000000000000e+03
1.050179930000000000e+08 5.670000000000000000e+03 3.670000000000000000e+03 4.750000000000000000e+03 1.510000000000000000e+03
1.050182010000000000e+08 5.670000000000000000e+03 3.670000000000000000e+03 4.740000000000000000e+03 1.490000000000000000e+03
1.050184090000000000e+08 5.670000000000000000e+03 3.690000000000000000e+03 4.750000000000000000e+03 1.490000000000000000e+03
1.050186180000000000e+08 5.670000000000000000e+03 3.680000000000000000e+03 4.750000000000000000e+03 1.460000000000000000e+03
1.050188250000000000e+08 5.670000000000000000e+03 3.690000000000000000e+03 4.750000000000000000e+03 1.470000000000000000e+03
1.050190320000000000e+08 5.670000000000000000e+03 3.700000000000000000e+03 4.740000000000000000e+03 1.500000000000000000e+03
1.050194480000000000e+08 5.670000000000000000e+03 3.700000000000000000e+03 4.740000000000000000e+03 1.490000000000000000e+03
1.050196410000000000e+08 5.660000000000000000e+03 3.700000000000000000e+03 4.740000000000000000e+03 1.490000000000000000e+03
1.050198490000000000e+08 5.670000000000000000e+03 3.710000000000000000e+03 4.740000000000000000e+03 1.470000000000000000e+03
1.050200570000000000e+08 5.670000000000000000e+03 3.700000000000000000e+03 4.740000000000000000e+03 1.460000000000000000e+03
1.050202640000000000e+08 5.670000000000000000e+03 3.680000000000000000e+03 4.740000000000000000e+03 1.470000000000000000e+03
1.050204730000000000e+08 5.670000000000000000e+03 3.650000000000000000e+03 4.730000000000000000e+03 1.470000000000000000e+03
1.050206810000000000e+08 5.670000000000000000e+03 3.650000000000000000e+03 4.740000000000000000e+03 1.470000000000000000e+03
1.050208890000000000e+08 5.670000000000000000e+03 3.680000000000000000e+03 4.740000000000000000e+03 1.490000000000000000e+03
1.050210970000000000e+08 5.670000000000000000e+03 3.700000000000000000e+03 4.750000000000000000e+03 1.490000000000000000e+03
1.050213040000000000e+08 5.670000000000000000e+03 3.690000000000000000e+03 4.750000000000000000e+03 1.490000000000000000e+03
1.050215120000000000e+08 5.660000000000000000e+03 3.670000000000000000e+03 4.750000000000000000e+03 1.500000000000000000e+03
1.050217200000000000e+08 5.670000000000000000e+03 3.680000000000000000e+03 4.740000000000000000e+03 1.500000000000000000e+03
1.050219280000000000e+08 5.670000000000000000e+03 3.670000000000000000e+03 4.750000000000000000e+03 1.510000000000000000e+03
1.050221360000000000e+08 5.670000000000000000e+03 3.680000000000000000e+03 4.750000000000000000e+03 1.510000000000000000e+03
1.050223440000000000e+08 5.680000000000000000e+03 3.650000000000000000e+03 4.750000000000000000e+03 1.510000000000000000e+03
1.050225520000000000e+08 5.680000000000000000e+03 3.680000000000000000e+03 4.760000000000000000e+03 1.510000000000000000e+03
1.050227600000000000e+08 5.680000000000000000e+03 3.690000000000000000e+03 4.760000000000000000e+03 1.490000000000000000e+03
1.050229680000000000e+08 5.670000000000000000e+03 3.680000000000000000e+03 4.750000000000000000e+03 1.510000000000000000e+03
1.050231590000000000e+08 5.670000000000000000e+03 3.690000000000000000e+03 4.750000000000000000e+03 1.490000000000000000e+03
1.050233680000000000e+08 5.670000000000000000e+03 3.690000000000000000e+03 4.750000000000000000e+03 1.490000000000000000e+03
1.050235760000000000e+08 5.670000000000000000e+03 3.690000000000000000e+03 4.740000000000000000e+03 1.470000000000000000e+03
1.050237840000000000e+08 5.670000000000000000e+03 3.690000000000000000e+03 4.740000000000000000e+03 1.490000000000000000e+03
1.050239920000000000e+08 5.670000000000000000e+03 3.690000000000000000e+03 4.740000000000000000e+03 1.490000000000000000e+03
1.050242010000000000e+08 5.670000000000000000e+03 3.690000000000000000e+03 4.740000000000000000e+03 1.470000000000000000e+03
1.050244080000000000e+08 5.670000000000000000e+03 3.710000000000000000e+03 4.740000000000000000e+03 1.490000000000000000e+03
1.050246150000000000e+08 5.670000000000000000e+03 3.710000000000000000e+03 4.730000000000000000e+03 1.500000000000000000e+03
1.050248240000000000e+08 5.670000000000000000e+03 3.680000000000000000e+03 4.720000000000000000e+03 1.500000000000000000e+03
1.050250320000000000e+08 5.670000000000000000e+03 3.690000000000000000e+03 4.720000000000000000e+03 1.490000000000000000e+03
1.050252390000000000e+08 5.670000000000000000e+03 3.670000000000000000e+03 4.720000000000000000e+03 1.470000000000000000e+03
1.050254470000000000e+08 5.670000000000000000e+03 3.690000000000000000e+03 4.720000000000000000e+03 1.490000000000000000e+03
1.050256550000000000e+08 5.670000000000000000e+03 3.680000000000000000e+03 4.730000000000000000e+03 1.500000000000000000e+03
1.050258630000000000e+08 5.670000000000000000e+03 3.650000000000000000e+03 4.730000000000000000e+03 1.490000000000000000e+03
1.050260710000000000e+08 5.670000000000000000e+03 3.640000000000000000e+03 4.730000000000000000e+03 1.500000000000000000e+03
1.050262780000000000e+08 5.670000000000000000e+03 3.640000000000000000e+03 4.720000000000000000e+03 1.500000000000000000e+03
1.050264870000000000e+08 5.680000000000000000e+03 3.680000000000000000e+03 4.720000000000000000e+03 1.500000000000000000e+03
1.050266790000000000e+08 5.680000000000000000e+03 3.670000000000000000e+03 4.730000000000000000e+03 1.500000000000000000e+03
1.050268860000000000e+08 5.680000000000000000e+03 3.690000000000000000e+03 4.740000000000000000e+03 1.490000000000000000e+03
1.050270940000000000e+08 5.680000000000000000e+03 3.710000000000000000e+03 4.730000000000000000e+03 1.500000000000000000e+03
1.050273020000000000e+08 5.680000000000000000e+03 3.710000000000000000e+03 4.730000000000000000e+03 1.500000000000000000e+03
1.050275100000000000e+08 5.680000000000000000e+03 3.690000000000000000e+03 4.730000000000000000e+03 1.500000000000000000e+03
1.050277180000000000e+08 5.690000000000000000e+03 3.680000000000000000e+03 4.740000000000000000e+03 1.490000000000000000e+03
1.050279260000000000e+08 5.690000000000000000e+03 3.690000000000000000e+03 4.740000000000000000e+03 1.470000000000000000e+03
1.050281350000000000e+08 5.680000000000000000e+03 3.700000000000000000e+03 4.730000000000000000e+03 1.460000000000000000e+03
1.050283430000000000e+08 5.680000000000000000e+03 3.690000000000000000e+03 4.740000000000000000e+03 1.490000000000000000e+03
1.050285500000000000e+08 5.680000000000000000e+03 3.700000000000000000e+03 4.730000000000000000e+03 1.500000000000000000e+03
1.050287580000000000e+08 5.670000000000000000e+03 3.690000000000000000e+03 4.730000000000000000e+03 1.500000000000000000e+03
1.050289660000000000e+08 5.660000000000000000e+03 3.690000000000000000e+03 4.730000000000000000e+03 1.490000000000000000e+03
1.050291750000000000e+08 5.670000000000000000e+03 3.700000000000000000e+03 4.730000000000000000e+03 1.500000000000000000e+03
1.050293830000000000e+08 5.670000000000000000e+03 3.710000000000000000e+03 4.740000000000000000e+03 1.510000000000000000e+03
1.050295900000000000e+08 5.670000000000000000e+03 3.710000000000000000e+03 4.750000000000000000e+03 1.520000000000000000e+03
1.050297980000000000e+08 5.670000000000000000e+03 3.710000000000000000e+03 4.750000000000000000e+03 1.510000000000000000e+03
