1.051234020000000000e+08 6.440000000000000000e+03 4.630000000000000000e+03 4.570000000000000000e+03 6.600000000000000000e+02
1.051236090000000000e+08 6.440000000000000000e+03 4.630000000000000000e+03 4.570000000000000000e+03 6.600000000000000000e+02
1.051238180000000000e+08 6.440000000000000000e+03 4.630000000000000000e+03 4.570000000000000000e+03 6.700000000000000000e+02
1.051240260000000000e+08 6.440000000000000000e+03 4.630000000000000000e+03 4.570000000000000000e+03 6.700000000000000000e+02
1.051242340000000000e+08 6.440000000000000000e+03 4.640000000000000000e+03 4.570000000000000000e+03 6.800000000000000000e+02
1.051244420000000000e+08 6.440000000000000000e+03 4.630000000000000000e+03 4.570000000000000000e+03 6.800000000000000000e+02
1.051246500000000000e+08 6.440000000000000000e+03 4.620000000000000000e+03 4.570000000000000000e+03 6.800000000000000000e+02
1.051248410000000000e+08 6.440000000000000000e+03 4.620000000000000000e+03 4.570000000000000000e+03 6.800000000000000000e+02
1.051250500000000000e+08 6.450000000000000000e+03 4.610000000000000000e+03 4.570000000000000000e+03 6.800000000000000000e+02
1.051252570000000000e+08 6.450000000000000000e+03 4.620000000000000000e+03 4.570000000000000000e+03 6.800000000000000000e+02
1.051254650000000000e+08 6.440000000000000000e+03 4.630000000000000000e+03 4.580000000000000000e+03 6.700000000000000000e+02
1.051256730000000000e+08 6.440000000000000000e+03 4.630000000000000000e+03 4.580000000000000000e+03 6.600000000000000000e+02
1.051258810000000000e+08 6.440000000000000000e+03 4.630000000000000000e+03 4.580000000000000000e+03 6.400000000000000000e+02
1.051260890000000000e+08 6.440000000000000000e+03 4.630000000000000000e+03 4.580000000000000000e+03 6.500000000000000000e+02
1.051262970000000000e+08 6.440000000000000000e+03 4.630000000000000000e+03 4.580000000000000000e+03 6.500000000000000000e+02
1.051265050000000000e+08 6.440000000000000000e+03 4.630000000000000000e+03 4.570000000000000000e+03 6.600000000000000000e+02
1.051267130000000000e+08 6.420000000000000000e+03 4.630000000000000000e+03 4.570000000000000000e+03 6.600000000000000000e+02
1.051269210000000000e+08 6.430000000000000000e+03 4.630000000000000000e+03 4.580000000000000000e+03 6.700000000000000000e+02
1.051271290000000000e+08 6.430000000000000000e+03 4.640000000000000000e+03 4.580000000000000000e+03 6.600000000000000000e+02
1.051273370000000000e+08 6.420000000000000000e+03 4.650000000000000000e+03 4.580000000000000000e+03 6.600000000000000000e+02
1.051275450000000000e+08 6.430000000000000000e+03 4.640000000000000000e+03 4.580000000000000000e+03 6.600000000000000000e+02
1.051277520000000000e+08 6.420000000000000000e+03 4.640000000000000000e+03 4.580000000000000000e+03 6.500000000000000000e+02
1.051279610000000000e+08 6.430000000000000000e+03 4.620000000000000000e+03 4.580000000000000000e+03 6.600000000000000000e+02
1.051285690000000000e+08 6.440000000000000000e+03 4.620000000000000000e+03 4.580000000000000000e+03 6.700000000000000000e+02
1.051287770000000000e+08 6.430000000000000000e+03 4.620000000000000000e+03 4.580000000000000000e+03 6.700000000000000000e+02
1.051289850000000000e+08 6.430000000000000000e+03 4.640000000000000000e+03 4.580000000000000000e+03 6.700000000000000000e+02
1.051291930000000000e+08 6.430000000000000000e+03 4.630000000000000000e+03 4.580000000000000000e+03 6.700000000000000000e+02
1.051294010000000000e+08 6.430000000000000000e+03 4.630000000000000000e+03 4.580000000000000000e+03 6.700000000000000000e+02
1.051296080000000000e+08 6.440000000000000000e+03 4.630000000000000000e+03 4.580000000000000000e+03 6.700000000000000000e+02
1.051298160000000000e+08 6.450000000000000000e+03 4.630000000000000000e+03 4.580000000000000000e+03 6.700000000000000000e+02
1.051300240000000000e+08 6.440000000000000000e+03 4.630000000000000000e+03 4.580000000000000000e+03 6.700000000000000000e+02
1.051302320000000000e+08 6.440000000000000000e+03 4.630000000000000000e+03 4.580000000000000000e+03 6.700000000000000000e+02
1.051304400000000000e+08 6.440000000000000000e+03 4.640000000000000000e+03 4.580000000000000000e+03 6.700000000000000000e+02
1.051306480000000000e+08 6.440000000000000000e+03 4.640000000000000000e+03 4.580000000000000000e+03 6.700000000000000000e+02
1.051308560000000000e+08 6.440000000000000000e+03 4.640000000000000000e+03 4.580000000000000000e+03 6.800000000000000000e+02
1.051310640000000000e+08 6.430000000000000000e+03 4.650000000000000000e+03 4.580000000000000000e+03 6.800000000000000000e+02
1.051312720000000000e+08 6.430000000000000000e+03 4.650000000000000000e+03 4.580000000000000000e+03 6.700000000000000000e+02
1.051314800000000000e+08 6.440000000000000000e+03 4.650000000000000000e+03 4.580000000000000000e+03 6.700000000000000000e+02
1.051316720000000000e+08 6.440000000000000000e+03 4.650000000000000000e+03 4.580000000000000000e+03 6.600000000000000000e+02
1.051318800000000000e+08 6.440000000000000000e+03 4.630000000000000000e+03 4.580000000000000000e+03 6.500000000000000000e+02
1.051320890000000000e+08 6.440000000000000000e+03 4.630000000000000000e+03 4.580000000000000000e+03 6.600000000000000000e+02
1.051322960000000000e+08 6.430000000000000000e+03 4.630000000000000000e+03 4.580000000000000000e+03 6.600000000000000000e+02
1.051325040000000000e+08 6.430000000000000000e+03 4.630000000000000000e+03 4.580000000000000000e+03 6.600000000000000000e+02
1.051327110000000000e+08 6.430000000000000000e+03 4.630000000000000000e+03 4.580000000000000000e+03 6.500000000000000000e+02
1.051329200000000000e+08 6.430000000000000000e+03 4.640000000000000000e+03 4.580000000000000000e+03 6.600000000000000000e+02
1.051331280000000000e+08 6.430000000000000000e+03 4.640000000000000000e+03 4.580000000000000000e+03 6.600000000000000000e+02
1.051333360000000000e+08 6.410000000000000000e+03 4.640000000000000000e+03 4.580000000000000000e+03 6.600000000000000000e+02
1.051335440000000000e+08 6.420000000000000000e+03 4.630000000000000000e+03 4.580000000000000000e+03 6.700000000000000000e+02
1.051337510000000000e+08 6.420000000000000000e+03 4.630000000000000000e+03 4.580000000000000000e+03 6.600000000000000000e+02
1.051339590000000000e+08 6.420000000000000000e+03 4.630000000000000000e+03 4.580000000000000000e+03 6.600000000000000000e+02
1.051341680000000000e+08 6.420000000000000000e+03 4.630000000000000000e+03 4.580000000000000000e+03 6.600000000000000000e+02
1.051343750000000000e+08 6.420000000000000000e+03 4.630000000000000000e+03 4.570000000000000000e+03 6.700000000000000000e+02
1.051345830000000000e+08 6.420000000000000000e+03 4.630000000000000000e+03 4.570000000000000000e+03 6.600000000000000000e+02
1.051347910000000000e+08 6.420000000000000000e+03 4.640000000000000000e+03 4.570000000000000000e+03 6.500000000000000000e+02
1.051349990000000000e+08 6.420000000000000000e+03 4.630000000000000000e+03 4.570000000000000000e+03 6.600000000000000000e+02
1.051351910000000000e+08 6.420000000000000000e+03 4.650000000000000000e+03 4.570000000000000000e+03 6.700000000000000000e+02
1.051353990000000000e+08 6.420000000000000000e+03 4.650000000000000000e+03 4.570000000000000000e+03 6.700000000000000000e+02
1.051356070000000000e+08 6.420000000000000000e+03 4.640000000000000000e+03 4.570000000000000000e+03 6.700000000000000000e+02
1.051358150000000000e+08 6.420000000000000000e+03 4.640000000000000000e+03 4.570000000000000000e+03 6.800000000000000000e+02
1.051360230000000000e+08 6.420000000000000000e+03 4.640000000000000000e+03 4.570000000000000000e+03 6.800000000000000000e+02
1.051362310000000000e+08 6.430000000000000000e+03 4.640000000000000000e+03 4.570000000000000000e+03 6.700000000000000000e+02
1.051364380000000000e+08 6.430000000000000000e+03 4.640000000000000000e+03 4.570000000000000000e+03 6.600000000000000000e+02
1.051366470000000000e+08 6.430000000000000000e+03 4.630000000000000000e+03 4.570000000000000000e+03 6.700000000000000000e+02
1.051368550000000000e+08 6.440000000000000000e+03 4.620000000000000000e+03 4.570000000000000000e+03 6.600000000000000000e+02
1.051370630000000000e+08 6.440000000000000000e+03 4.610000000000000000e+03 4.570000000000000000e+03 6.600000000000000000e+02
1.051372710000000000e+08 6.440000000000000000e+03 4.610000000000000000e+03 4.570000000000000000e+03 6.600000000000000000e+02
1.051374790000000000e+08 6.440000000000000000e+03 4.610000000000000000e+03 4.570000000000000000e+03 6.600000000000000000e+02
1.051376870000000000e+08 6.440000000000000000e+03 4.610000000000000000e+03 4.570000000000000000e+03 6.700000000000000000e+02
1.051378950000000000e+08 6.430000000000000000e+03 4.610000000000000000e+03 4.570000000000000000e+03 6.700000000000000000e+02
1.051381020000000000e+08 6.430000000000000000e+03 4.610000000000000000e+03 4.570000000000000000e+03 6.700000000000000000e+02
1.051383100000000000e+08 6.430000000000000000e+03 4.620000000000000000e+03 4.570000000000000000e+03 6.700000000000000000e+02
1.051385180000000000e+08 6.430000000000000000e+03 4.610000000000000000e+03 4.570000000000000000e+03 6.700000000000000000e+02
1.051387100000000000e+08 6.430000000000000000e+03 4.620000000000000000e+03 4.570000000000000000e+03 6.700000000000000000e+02
1.051389180000000000e+08 6.430000000000000000e+03 4.630000000000000000e+03 4.570000000000000000e+03 6.700000000000000000e+02
1.051391260000000000e+08 6.430000000000000000e+03 4.630000000000000000e+03 4.570000000000000000e+03 6.700000000000000000e+02
1.051393340000000000e+08 6.430000000000000000e+03 4.630000000000000000e+03 4.560000000000000000e+03 6.600000000000000000e+02
1.051395420000000000e+08 6.430000000000000000e+03 4.630000000000000000e+03 4.570000000000000000e+03 6.600000000000000000e+02
1.051397500000000000e+08 6.430000000000000000e+03 4.630000000000000000e+03 4.570000000000000000e+03 6.600000000000000000e+02
1.051399570000000000e+08 6.430000000000000000e+03 4.650000000000000000e+03 4.570000000000000000e+03 6.600000000000000000e+02
1.051401660000000000e+08 6.430000000000000000e+03 4.640000000000000000e+03 4.570000000000000000e+03 6.600000000000000000e+02
1.051403740000000000e+08 6.410000000000000000e+03 4.630000000000000000e+03 4.580000000000000000e+03 6.700000000000000000e+02
1.051405820000000000e+08 6.410000000000000000e+03 4.630000000000000000e+03 4.580000000000000000e+03 6.600000000000000000e+02
1.051407900000000000e+08 6.420000000000000000e+03 4.630000000000000000e+03 4.580000000000000000e+03 6.600000000000000000e+02
1.051409980000000000e+08 6.420000000000000000e+03 4.620000000000000000e+03 4.580000000000000000e+03 6.600000000000000000e+02
1.051412050000000000e+08 6.420000000000000000e+03 4.610000000000000000e+03 4.580000000000000000e+03 6.500000000000000000e+02
1.051414130000000000e+08 6.420000000000000000e+03 4.620000000000000000e+03 4.580000000000000000e+03 6.500000000000000000e+02
1.051416220000000000e+08 6.430000000000000000e+03 4.630000000000000000e+03 4.580000000000000000e+03 6.500000000000000000e+02
1.051418300000000000e+08 6.420000000000000000e+03 4.630000000000000000e+03 4.580000000000000000e+03 6.600000000000000000e+02
1.051420220000000000e+08 6.430000000000000000e+03 4.630000000000000000e+03 4.580000000000000000e+03 6.600000000000000000e+02
1.051422300000000000e+08 6.430000000000000000e+03 4.620000000000000000e+03 4.580000000000000000e+03 6.600000000000000000e+02
1.051424370000000000e+08 6.430000000000000000e+03 4.620000000000000000e+03 4.580000000000000000e+03 6.700000000000000000e+02
1.051426460000000000e+08 6.430000000000000000e+03 4.620000000000000000e+03 4.580000000000000000e+03 6.600000000000000000e+02
1.051428530000000000e+08 6.430000000000000000e+03 4.620000000000000000e+03 4.580000000000000000e+03 6.500000000000000000e+02
1.051430610000000000e+08 6.430000000000000000e+03 4.630000000000000000e+03 4.580000000000000000e+03 6.400000000000000000e+02
1.051432690000000000e+08 6.430000000000000000e+03 4.630000000000000000e+03 4.580000000000000000e+03 6.500000000000000000e+02
1.051434770000000000e+08 6.430000000000000000e+03 4.640000000000000000e+03 4.580000000000000000e+03 6.600000000000000000e+02
1.051436860000000000e+08 6.420000000000000000e+03 4.630000000000000000e+03 4.580000000000000000e+03 6.600000000000000000e+02
1.051438930000000000e+08 6.420000000000000000e+03 4.640000000000000000e+03 4.580000000000000000e+03 6.500000000000000000e+02
1.051441010000000000e+08 6.410000000000000000e+03 4.630000000000000000e+03 4.580000000000000000e+03 6.500000000000000000e+02
1.051443090000000000e+08 6.410000000000000000e+03 4.640000000000000000e+03 4.580000000000000000e+03 6.600000000000000000e+02
1.051445170000000000e+08 6.410000000000000000e+03 4.640000000000000000e+03 4.580000000000000000e+03 6.600000000000000000e+02
1.051447250000000000e+08 6.410000000000000000e+03 4.630000000000000000e+03 4.580000000000000000e+03 6.600000000000000000e+02
1.051449330000000000e+08 6.420000000000000000e+03 4.620000000000000000e+03 4.580000000000000000e+03 6.600000000000000000e+02
1.051451410000000000e+08 6.420000000000000000e+03 4.610000000000000000e+03 4.580000000000000000e+03 6.700000000000000000e+02
1.051453490000000000e+08 6.430000000000000000e+03 4.610000000000000000e+03 4.580000000000000000e+03 6.700000000000000000e+02
1.051455400000000000e+08 6.430000000000000000e+03 4.620000000000000000e+03 4.580000000000000000e+03 6.700000000000000000e+02
1.051457490000000000e+08 6.430000000000000000e+03 4.630000000000000000e+03 4.580000000000000000e+03 6.700000000000000000e+02
1.051459570000000000e+08 6.430000000000000000e+03 4.640000000000000000e+03 4.580000000000000000e+03 6.700000000000000000e+02
1.051461650000000000e+08 6.420000000000000000e+03 4.640000000000000000e+03 4.580000000000000000e+03 6.700000000000000000e+02
1.051463720000000000e+08 6.430000000000000000e+03 4.640000000000000000e+03 4.580000000000000000e+03 6.700000000000000000e+02
1.051465810000000000e+08 6.430000000000000000e+03 4.620000000000000000e+03 4.580000000000000000e+03 6.800000000000000000e+02
1.051467890000000000e+08 6.420000000000000000e+03 4.640000000000000000e+03 4.580000000000000000e+03 6.700000000000000000e+02
1.051469960000000000e+08 6.420000000000000000e+03 4.640000000000000000e+03 4.580000000000000000e+03 6.700000000000000000e+02
1.051472040000000000e+08 6.410000000000000000e+03 4.640000000000000000e+03 4.580000000000000000e+03 6.800000000000000000e+02
1.051474120000000000e+08 6.410000000000000000e+03 4.640000000000000000e+03 4.580000000000000000e+03 6.600000000000000000e+02
1.051476200000000000e+08 6.410000000000000000e+03 4.630000000000000000e+03 4.580000000000000000e+03 6.500000000000000000e+02
1.051478280000000000e+08 6.420000000000000000e+03 4.630000000000000000e+03 4.580000000000000000e+03 6.500000000000000000e+02
1.051480360000000000e+08 6.410000000000000000e+03 4.630000000000000000e+03 4.580000000000000000e+03 6.400000000000000000e+02
1.051482440000000000e+08 6.410000000000000000e+03 4.630000000000000000e+03 4.580000000000000000e+03 6.400000000000000000e+02
1.051484510000000000e+08 6.410000000000000000e+03 4.630000000000000000e+03 4.580000000000000000e+03 6.400000000000000000e+02
1.051486600000000000e+08 6.420000000000000000e+03 4.630000000000000000e+03 4.580000000000000000e+03 6.500000000000000000e+02
1.051488520000000000e+08 6.410000000000000000e+03 4.630000000000000000e+03 4.570000000000000000e+03 6.600000000000000000e+02
1.051490590000000000e+08 6.410000000000000000e+03 4.630000000000000000e+03 4.570000000000000000e+03 6.500000000000000000e+02
1.051492670000000000e+08 6.420000000000000000e+03 4.630000000000000000e+03 4.570000000000000000e+03 6.500000000000000000e+02
1.051494770000000000e+08 6.420000000000000000e+03 4.640000000000000000e+03 4.570000000000000000e+03 6.700000000000000000e+02
1.051496840000000000e+08 6.420000000000000000e+03 4.640000000000000000e+03 4.570000000000000000e+03 6.700000000000000000e+02
1.051498920000000000e+08 6.420000000000000000e+03 4.630000000000000000e+03 4.570000000000000000e+03 6.700000000000000000e+02
1.051501000000000000e+08 6.430000000000000000e+03 4.630000000000000000e+03 4.570000000000000000e+03 6.700000000000000000e+02
1.051503070000000000e+08 6.430000000000000000e+03 4.630000000000000000e+03 4.570000000000000000e+03 6.800000000000000000e+02
1.051505160000000000e+08 6.430000000000000000e+03 4.620000000000000000e+03 4.570000000000000000e+03 6.800000000000000000e+02
1.051507240000000000e+08 6.430000000000000000e+03 4.620000000000000000e+03 4.570000000000000000e+03 6.900000000000000000e+02
1.051509310000000000e+08 6.440000000000000000e+03 4.620000000000000000e+03 4.570000000000000000e+03 6.800000000000000000e+02
1.051511390000000000e+08 6.420000000000000000e+03 4.640000000000000000e+03 4.570000000000000000e+03 6.900000000000000000e+02
1.051513470000000000e+08 6.430000000000000000e+03 4.630000000000000000e+03 4.570000000000000000e+03 6.700000000000000000e+02
1.051515550000000000e+08 6.440000000000000000e+03 4.630000000000000000e+03 4.570000000000000000e+03 6.700000000000000000e+02
1.051517630000000000e+08 6.440000000000000000e+03 4.630000000000000000e+03 4.570000000000000000e+03 6.700000000000000000e+02
1.051519710000000000e+08 6.440000000000000000e+03 4.630000000000000000e+03 4.580000000000000000e+03 6.800000000000000000e+02
1.051521790000000000e+08 6.440000000000000000e+03 4.630000000000000000e+03 4.570000000000000000e+03 6.700000000000000000e+02
1.051523700000000000e+08 6.430000000000000000e+03 4.630000000000000000e+03 4.570000000000000000e+03 6.700000000000000000e+02
1.051525790000000000e+08 6.430000000000000000e+03 4.630000000000000000e+03 4.570000000000000000e+03 6.700000000000000000e+02
1.051527870000000000e+08 6.420000000000000000e+03 4.630000000000000000e+03 4.580000000000000000e+03 6.700000000000000000e+02
1.051529940000000000e+08 6.420000000000000000e+03 4.640000000000000000e+03 4.580000000000000000e+03 6.700000000000000000e+02
1.051532020000000000e+08 6.420000000000000000e+03 4.640000000000000000e+03 4.580000000000000000e+03 6.700000000000000000e+02
1.051534110000000000e+08 6.430000000000000000e+03 4.640000000000000000e+03 4.580000000000000000e+03 6.600000000000000000e+02
1.051536190000000000e+08 6.430000000000000000e+03 4.650000000000000000e+03 4.580000000000000000e+03 6.700000000000000000e+02
1.051538270000000000e+08 6.430000000000000000e+03 4.640000000000000000e+03 4.580000000000000000e+03 6.600000000000000000e+02
1.051540350000000000e+08 6.430000000000000000e+03 4.640000000000000000e+03 4.580000000000000000e+03 6.600000000000000000e+02
1.051542430000000000e+08 6.440000000000000000e+03 4.640000000000000000e+03 4.580000000000000000e+03 6.600000000000000000e+02
1.051544510000000000e+08 6.430000000000000000e+03 4.640000000000000000e+03 4.580000000000000000e+03 6.800000000000000000e+02
1.051546580000000000e+08 6.410000000000000000e+03 4.640000000000000000e+03 4.580000000000000000e+03 6.800000000000000000e+02
1.051548660000000000e+08 6.430000000000000000e+03 4.630000000000000000e+03 4.570000000000000000e+03 6.800000000000000000e+02
1.051550740000000000e+08 6.430000000000000000e+03 4.630000000000000000e+03 4.570000000000000000e+03 6.700000000000000000e+02
1.051552820000000000e+08 6.430000000000000000e+03 4.640000000000000000e+03 4.570000000000000000e+03 6.700000000000000000e+02
1.051554910000000000e+08 6.440000000000000000e+03 4.640000000000000000e+03 4.570000000000000000e+03 6.700000000000000000e+02
1.051556820000000000e+08 6.430000000000000000e+03 4.630000000000000000e+03 4.570000000000000000e+03 6.700000000000000000e+02
1.051558900000000000e+08 6.440000000000000000e+03 4.640000000000000000e+03 4.570000000000000000e+03 6.700000000000000000e+02
1.051560980000000000e+08 6.430000000000000000e+03 4.630000000000000000e+03 4.580000000000000000e+03 6.700000000000000000e+02
1.051563060000000000e+08 6.420000000000000000e+03 4.630000000000000000e+03 4.580000000000000000e+03 6.600000000000000000e+02
1.051565140000000000e+08 6.420000000000000000e+03 4.630000000000000000e+03 4.580000000000000000e+03 6.700000000000000000e+02
1.051567270000000000e+08 6.420000000000000000e+03 4.640000000000000000e+03 4.580000000000000000e+03 6.700000000000000000e+02
1.051569300000000000e+08 6.410000000000000000e+03 4.640000000000000000e+03 4.580000000000000000e+03 6.700000000000000000e+02
1.051571380000000000e+08 6.420000000000000000e+03 4.640000000000000000e+03 4.580000000000000000e+03 6.500000000000000000e+02
1.051573460000000000e+08 6.430000000000000000e+03 4.640000000000000000e+03 4.570000000000000000e+03 6.600000000000000000e+02
