9.333763700000000000e+07 5.700000000000000000e+02 4.580000000000000000e+03 4.390000000000000000e+03 6.600000000000000000e+03
9.333784500000000000e+07 5.600000000000000000e+02 4.580000000000000000e+03 4.390000000000000000e+03 6.300000000000000000e+03
9.333805300000000000e+07 5.600000000000000000e+02 4.580000000000000000e+03 4.390000000000000000e+03 6.600000000000000000e+03
9.333867700000000000e+07 5.700000000000000000e+02 4.570000000000000000e+03 4.390000000000000000e+03 6.500000000000000000e+03
9.333888500000000000e+07 5.800000000000000000e+02 4.570000000000000000e+03 4.390000000000000000e+03 6.500000000000000000e+03
9.333909300000000000e+07 5.800000000000000000e+02 4.570000000000000000e+03 4.390000000000000000e+03 6.400000000000000000e+03
9.333971700000000000e+07 5.800000000000000000e+02 4.570000000000000000e+03 4.390000000000000000e+03 6.300000000000000000e+03
9.333992500000000000e+07 5.700000000000000000e+02 4.580000000000000000e+03 4.390000000000000000e+03 6.500000000000000000e+03
9.334013200000000000e+07 5.800000000000000000e+02 4.580000000000000000e+03 4.380000000000000000e+03 6.300000000000000000e+03
9.334075600000000000e+07 5.700000000000000000e+02 4.580000000000000000e+03 4.390000000000000000e+03 6.400000000000000000e+03
9.334096500000000000e+07 5.700000000000000000e+02 4.560000000000000000e+03 4.390000000000000000e+03 6.300000000000000000e+03
9.334117200000000000e+07 5.700000000000000000e+02 4.560000000000000000e+03 4.390000000000000000e+03 6.600000000000000000e+03
9.334179700000000000e+07 5.800000000000000000e+02 4.560000000000000000e+03 4.390000000000000000e+03 6.400000000000000000e+03
9.334200500000000000e+07 5.800000000000000000e+02 4.560000000000000000e+03 4.390000000000000000e+03 6.500000000000000000e+03
9.334221200000000000e+07 5.800000000000000000e+02 4.570000000000000000e+03 4.390000000000000000e+03 6.400000000000000000e+03
9.334283600000000000e+07 5.800000000000000000e+02 4.580000000000000000e+03 4.390000000000000000e+03 6.600000000000000000e+03
9.334304400000000000e+07 5.700000000000000000e+02 4.580000000000000000e+03 4.390000000000000000e+03 6.600000000000000000e+03
9.334325100000000000e+07 5.600000000000000000e+02 4.580000000000000000e+03 4.390000000000000000e+03 6.500000000000000000e+03
9.334387600000000000e+07 5.700000000000000000e+02 4.580000000000000000e+03 4.400000000000000000e+03 6.600000000000000000e+03
9.334408300000000000e+07 5.800000000000000000e+02 4.580000000000000000e+03 4.400000000000000000e+03 6.600000000000000000e+03
9.334429200000000000e+07 5.700000000000000000e+02 4.580000000000000000e+03 4.400000000000000000e+03 6.600000000000000000e+03
9.334491600000000000e+07 5.700000000000000000e+02 4.580000000000000000e+03 4.400000000000000000e+03 6.600000000000000000e+03
9.334512400000000000e+07 5.600000000000000000e+02 4.580000000000000000e+03 4.400000000000000000e+03 6.500000000000000000e+03
9.334533200000000000e+07 5.600000000000000000e+02 4.580000000000000000e+03 4.400000000000000000e+03 6.300000000000000000e+03
9.334595600000000000e+07 5.600000000000000000e+02 4.580000000000000000e+03 4.410000000000000000e+03 6.500000000000000000e+03
9.334616400000000000e+07 5.700000000000000000e+02 4.580000000000000000e+03 4.400000000000000000e+03 6.600000000000000000e+03
9.334637200000000000e+07 5.600000000000000000e+02 4.580000000000000000e+03 4.400000000000000000e+03 6.600000000000000000e+03
9.334699600000000000e+07 5.700000000000000000e+02 4.600000000000000000e+03 4.400000000000000000e+03 6.600000000000000000e+03
9.334720300000000000e+07 5.800000000000000000e+02 4.600000000000000000e+03 4.400000000000000000e+03 6.500000000000000000e+03
9.334741100000000000e+07 5.800000000000000000e+02 4.600000000000000000e+03 4.400000000000000000e+03 6.500000000000000000e+03
9.334803500000000000e+07 5.800000000000000000e+02 4.570000000000000000e+03 4.400000000000000000e+03 6.400000000000000000e+03
9.334824300000000000e+07 5.800000000000000000e+02 4.570000000000000000e+03 4.400000000000000000e+03 6.300000000000000000e+03
9.334845100000000000e+07 5.800000000000000000e+02 4.570000000000000000e+03 4.400000000000000000e+03 6.300000000000000000e+03
9.334907500000000000e+07 5.800000000000000000e+02 4.570000000000000000e+03 4.390000000000000000e+03 6.600000000000000000e+03
9.334928300000000000e+07 5.800000000000000000e+02 4.580000000000000000e+03 4.390000000000000000e+03 6.600000000000000000e+03
9.334949000000000000e+07 5.700000000000000000e+02 4.580000000000000000e+03 4.390000000000000000e+03 6.300000000000000000e+03
9.335013100000000000e+07 5.800000000000000000e+02 4.580000000000000000e+03 4.380000000000000000e+03 6.500000000000000000e+03
9.335198700000000000e+07 2.960000000000000000e+03 4.580000000000000000e+03 4.390000000000000000e+03 6.300000000000000000e+03
9.335217900000000000e+07 2.240000000000000000e+03 4.580000000000000000e+03 4.390000000000000000e+03 6.600000000000000000e+03
9.335259500000000000e+07 1.740000000000000000e+03 4.570000000000000000e+03 4.390000000000000000e+03 6.300000000000000000e+03
9.335301000000000000e+07 1.400000000000000000e+03 4.580000000000000000e+03 4.390000000000000000e+03 6.400000000000000000e+03
9.335321900000000000e+07 1.150000000000000000e+03 4.580000000000000000e+03 4.390000000000000000e+03 6.300000000000000000e+03
9.335384200000000000e+07 9.800000000000000000e+02 4.580000000000000000e+03 4.390000000000000000e+03 6.600000000000000000e+03
9.335425800000000000e+07 8.500000000000000000e+02 4.580000000000000000e+03 4.390000000000000000e+03 6.300000000000000000e+03
9.335445000000000000e+07 7.700000000000000000e+02 4.600000000000000000e+03 4.390000000000000000e+03 6.400000000000000000e+03
9.335465700000000000e+07 7.200000000000000000e+02 4.600000000000000000e+03 4.390000000000000000e+03 6.500000000000000000e+03
9.335486600000000000e+07 6.800000000000000000e+02 4.580000000000000000e+03 4.400000000000000000e+03 6.600000000000000000e+03
9.335507400000000000e+07 6.500000000000000000e+02 4.580000000000000000e+03 4.400000000000000000e+03 6.600000000000000000e+03
9.335528200000000000e+07 6.200000000000000000e+02 4.580000000000000000e+03 4.400000000000000000e+03 6.500000000000000000e+03
9.335549000000000000e+07 6.100000000000000000e+02 4.610000000000000000e+03 4.400000000000000000e+03 6.300000000000000000e+03
9.335569800000000000e+07 6.000000000000000000e+02 4.600000000000000000e+03 4.400000000000000000e+03 6.600000000000000000e+03
9.335590500000000000e+07 5.900000000000000000e+02 4.580000000000000000e+03 4.410000000000000000e+03 6.400000000000000000e+03
9.335611400000000000e+07 5.900000000000000000e+02 4.580000000000000000e+03 4.400000000000000000e+03 6.500000000000000000e+03
9.335632200000000000e+07 5.900000000000000000e+02 4.600000000000000000e+03 4.400000000000000000e+03 6.400000000000000000e+03
9.335673800000000000e+07 5.800000000000000000e+02 4.610000000000000000e+03 4.390000000000000000e+03 6.400000000000000000e+03
9.335694600000000000e+07 5.600000000000000000e+02 4.600000000000000000e+03 4.390000000000000000e+03 6.600000000000000000e+03
9.335715300000000000e+07 5.600000000000000000e+02 4.580000000000000000e+03 4.390000000000000000e+03 6.300000000000000000e+03
9.335838500000000000e+07 5.700000000000000000e+02 4.580000000000000000e+03 4.390000000000000000e+03 6.500000000000000000e+03
9.335878600000000000e+07 5.800000000000000000e+02 4.580000000000000000e+03 4.390000000000000000e+03 6.500000000000000000e+03
9.335899300000000000e+07 5.800000000000000000e+02 4.580000000000000000e+03 4.390000000000000000e+03 6.400000000000000000e+03
9.335961700000000000e+07 5.800000000000000000e+02 4.580000000000000000e+03 4.400000000000000000e+03 6.400000000000000000e+03
9.335982500000000000e+07 5.800000000000000000e+02 4.580000000000000000e+03 4.400000000000000000e+03 6.600000000000000000e+03
9.340003300000000000e+07 5.900000000000000000e+02 4.580000000000000000e+03 4.400000000000000000e+03 6.400000000000000000e+03
9.340065700000000000e+07 5.900000000000000000e+02 4.580000000000000000e+03 4.400000000000000000e+03 6.600000000000000000e+03
9.340086500000000000e+07 5.900000000000000000e+02 4.580000000000000000e+03 4.390000000000000000e+03 6.600000000000000000e+03
9.340107300000000000e+07 5.900000000000000000e+02 4.600000000000000000e+03 4.390000000000000000e+03 6.300000000000000000e+03
9.340169700000000000e+07 5.900000000000000000e+02 4.580000000000000000e+03 4.400000000000000000e+03 6.400000000000000000e+03
9.340190500000000000e+07 5.900000000000000000e+02 4.600000000000000000e+03 4.410000000000000000e+03 6.500000000000000000e+03
9.340211200000000000e+07 5.900000000000000000e+02 4.600000000000000000e+03 4.400000000000000000e+03 6.400000000000000000e+03
9.340273700000000000e+07 5.800000000000000000e+02 4.580000000000000000e+03 4.390000000000000000e+03 6.500000000000000000e+03
9.340294500000000000e+07 5.800000000000000000e+02 4.580000000000000000e+03 4.380000000000000000e+03 6.400000000000000000e+03
9.340315200000000000e+07 5.800000000000000000e+02 4.580000000000000000e+03 4.380000000000000000e+03 6.400000000000000000e+03
9.340377600000000000e+07 5.800000000000000000e+02 4.580000000000000000e+03 4.370000000000000000e+03 6.400000000000000000e+03
9.340398400000000000e+07 5.800000000000000000e+02 4.580000000000000000e+03 4.380000000000000000e+03 6.600000000000000000e+03
9.340419200000000000e+07 5.700000000000000000e+02 4.580000000000000000e+03 4.380000000000000000e+03 6.300000000000000000e+03
9.340481700000000000e+07 5.600000000000000000e+02 4.580000000000000000e+03 4.380000000000000000e+03 6.400000000000000000e+03
9.340502500000000000e+07 5.700000000000000000e+02 4.570000000000000000e+03 4.380000000000000000e+03 6.600000000000000000e+03
9.340523200000000000e+07 5.700000000000000000e+02 4.600000000000000000e+03 4.380000000000000000e+03 6.300000000000000000e+03
9.340585500000000000e+07 5.700000000000000000e+02 4.580000000000000000e+03 4.370000000000000000e+03 6.400000000000000000e+03
9.340627200000000000e+07 5.700000000000000000e+02 4.580000000000000000e+03 4.370000000000000000e+03 6.400000000000000000e+03
9.340648000000000000e+07 5.700000000000000000e+02 4.600000000000000000e+03 4.370000000000000000e+03 6.300000000000000000e+03
9.340668800000000000e+07 5.700000000000000000e+02 4.580000000000000000e+03 4.370000000000000000e+03 6.300000000000000000e+03
9.340689600000000000e+07 5.700000000000000000e+02 4.580000000000000000e+03 4.380000000000000000e+03 6.500000000000000000e+03
9.340710400000000000e+07 5.700000000000000000e+02 4.580000000000000000e+03 4.380000000000000000e+03 6.600000000000000000e+03
9.340731200000000000e+07 5.700000000000000000e+02 4.580000000000000000e+03 4.380000000000000000e+03 6.600000000000000000e+03
9.340752000000000000e+07 5.800000000000000000e+02 4.580000000000000000e+03 4.380000000000000000e+03 6.300000000000000000e+03
9.340772700000000000e+07 5.800000000000000000e+02 4.570000000000000000e+03 4.370000000000000000e+03 6.600000000000000000e+03
9.340793600000000000e+07 5.800000000000000000e+02 4.570000000000000000e+03 4.370000000000000000e+03 6.500000000000000000e+03
9.340814300000000000e+07 5.600000000000000000e+02 4.570000000000000000e+03 4.370000000000000000e+03 6.300000000000000000e+03
9.340835100000000000e+07 5.700000000000000000e+02 4.570000000000000000e+03 4.370000000000000000e+03 6.300000000000000000e+03
9.340856000000000000e+07 5.700000000000000000e+02 4.570000000000000000e+03 4.380000000000000000e+03 6.600000000000000000e+03
9.340897600000000000e+07 5.800000000000000000e+02 4.570000000000000000e+03 4.380000000000000000e+03 6.500000000000000000e+03
9.340918300000000000e+07 5.600000000000000000e+02 4.570000000000000000e+03 4.390000000000000000e+03 6.600000000000000000e+03
9.340960400000000000e+07 5.700000000000000000e+02 4.560000000000000000e+03 4.390000000000000000e+03 6.400000000000000000e+03
9.340983000000000000e+07 5.700000000000000000e+02 4.570000000000000000e+03 4.390000000000000000e+03 6.400000000000000000e+03
9.341001700000000000e+07 5.800000000000000000e+02 4.560000000000000000e+03 4.380000000000000000e+03 6.500000000000000000e+03
9.341022900000000000e+07 5.700000000000000000e+02 4.550000000000000000e+03 4.380000000000000000e+03 6.500000000000000000e+03
9.341084700000000000e+07 5.700000000000000000e+02 4.550000000000000000e+03 4.380000000000000000e+03 6.500000000000000000e+03
9.341105500000000000e+07 5.700000000000000000e+02 4.550000000000000000e+03 4.380000000000000000e+03 6.500000000000000000e+03
9.341126400000000000e+07 5.700000000000000000e+02 4.560000000000000000e+03 4.380000000000000000e+03 6.500000000000000000e+03
9.341188700000000000e+07 5.700000000000000000e+02 4.560000000000000000e+03 4.380000000000000000e+03 6.300000000000000000e+03
9.341209500000000000e+07 5.800000000000000000e+02 4.560000000000000000e+03 4.370000000000000000e+03 6.400000000000000000e+03
9.341230500000000000e+07 5.700000000000000000e+02 4.570000000000000000e+03 4.370000000000000000e+03 6.500000000000000000e+03
9.341292700000000000e+07 5.800000000000000000e+02 4.570000000000000000e+03 4.370000000000000000e+03 6.400000000000000000e+03
9.341313500000000000e+07 5.800000000000000000e+02 4.570000000000000000e+03 4.370000000000000000e+03 6.500000000000000000e+03
9.341334300000000000e+07 5.800000000000000000e+02 4.560000000000000000e+03 4.370000000000000000e+03 6.500000000000000000e+03
9.341396700000000000e+07 5.800000000000000000e+02 4.560000000000000000e+03 4.370000000000000000e+03 6.500000000000000000e+03
9.341417400000000000e+07 5.700000000000000000e+02 4.560000000000000000e+03 4.370000000000000000e+03 6.500000000000000000e+03
9.341438300000000000e+07 5.700000000000000000e+02 4.570000000000000000e+03 4.380000000000000000e+03 6.300000000000000000e+03
9.341500700000000000e+07 5.700000000000000000e+02 4.560000000000000000e+03 4.380000000000000000e+03 6.400000000000000000e+03
9.341521500000000000e+07 5.700000000000000000e+02 4.560000000000000000e+03 4.380000000000000000e+03 6.500000000000000000e+03
9.341542200000000000e+07 5.700000000000000000e+02 4.560000000000000000e+03 4.380000000000000000e+03 6.600000000000000000e+03
9.341604700000000000e+07 5.700000000000000000e+02 4.560000000000000000e+03 4.380000000000000000e+03 6.300000000000000000e+03
9.341625400000000000e+07 5.700000000000000000e+02 4.560000000000000000e+03 4.380000000000000000e+03 6.600000000000000000e+03
9.341646200000000000e+07 5.800000000000000000e+02 4.550000000000000000e+03 4.380000000000000000e+03 6.500000000000000000e+03
9.341708600000000000e+07 5.800000000000000000e+02 4.550000000000000000e+03 4.400000000000000000e+03 6.600000000000000000e+03
9.341729400000000000e+07 5.800000000000000000e+02 4.540000000000000000e+03 4.400000000000000000e+03 6.400000000000000000e+03
9.341750200000000000e+07 5.800000000000000000e+02 4.550000000000000000e+03 4.400000000000000000e+03 6.300000000000000000e+03
9.341812600000000000e+07 5.800000000000000000e+02 4.560000000000000000e+03 4.400000000000000000e+03 6.600000000000000000e+03
9.341833400000000000e+07 5.800000000000000000e+02 4.560000000000000000e+03 4.400000000000000000e+03 6.600000000000000000e+03
9.341854200000000000e+07 5.700000000000000000e+02 4.570000000000000000e+03 4.400000000000000000e+03 6.400000000000000000e+03
9.341916600000000000e+07 5.800000000000000000e+02 4.570000000000000000e+03 4.400000000000000000e+03 6.600000000000000000e+03
9.341937400000000000e+07 5.800000000000000000e+02 4.570000000000000000e+03 4.400000000000000000e+03 6.600000000000000000e+03
9.341958200000000000e+07 5.700000000000000000e+02 4.580000000000000000e+03 4.400000000000000000e+03 6.500000000000000000e+03
9.342020600000000000e+07 5.700000000000000000e+02 4.580000000000000000e+03 4.400000000000000000e+03 6.400000000000000000e+03
9.342041400000000000e+07 5.700000000000000000e+02 4.600000000000000000e+03 4.390000000000000000e+03 6.600000000000000000e+03
9.342062100000000000e+07 5.700000000000000000e+02 4.580000000000000000e+03 4.390000000000000000e+03 6.500000000000000000e+03
9.342124600000000000e+07 5.700000000000000000e+02 4.580000000000000000e+03 4.390000000000000000e+03 6.500000000000000000e+03
9.342145300000000000e+07 5.700000000000000000e+02 4.570000000000000000e+03 4.390000000000000000e+03 6.500000000000000000e+03
9.342166100000000000e+07 5.700000000000000000e+02 4.580000000000000000e+03 4.390000000000000000e+03 6.500000000000000000e+03
9.342228500000000000e+07 5.800000000000000000e+02 4.570000000000000000e+03 4.400000000000000000e+03 6.600000000000000000e+03
9.342310100000000000e+07 5.800000000000000000e+02 4.570000000000000000e+03 4.390000000000000000e+03 6.500000000000000000e+03
9.342330900000000000e+07 5.700000000000000000e+02 4.570000000000000000e+03 4.390000000000000000e+03 6.500000000000000000e+03
9.342351700000000000e+07 5.700000000000000000e+02 4.570000000000000000e+03 4.390000000000000000e+03 6.300000000000000000e+03
9.342372400000000000e+07 5.700000000000000000e+02 4.580000000000000000e+03 4.390000000000000000e+03 6.400000000000000000e+03
9.342393300000000000e+07 5.800000000000000000e+02 4.570000000000000000e+03 4.390000000000000000e+03 6.600000000000000000e+03
9.342414100000000000e+07 5.800000000000000000e+02 4.580000000000000000e+03 4.400000000000000000e+03 6.300000000000000000e+03
9.342434800000000000e+07 5.700000000000000000e+02 4.570000000000000000e+03 4.400000000000000000e+03 6.500000000000000000e+03
9.342455700000000000e+07 5.700000000000000000e+02 4.570000000000000000e+03 4.400000000000000000e+03 6.500000000000000000e+03
9.342476500000000000e+07 5.700000000000000000e+02 4.580000000000000000e+03 4.400000000000000000e+03 6.600000000000000000e+03
9.342516400000000000e+07 5.700000000000000000e+02 4.580000000000000000e+03 4.400000000000000000e+03 6.300000000000000000e+03
9.342537300000000000e+07 5.800000000000000000e+02 4.580000000000000000e+03 4.390000000000000000e+03 6.500000000000000000e+03
9.342578900000000000e+07 5.800000000000000000e+02 4.600000000000000000e+03 4.390000000000000000e+03 6.500000000000000000e+03
9.342599700000000000e+07 5.800000000000000000e+02 4.580000000000000000e+03 4.380000000000000000e+03 6.300000000000000000e+03
9.342620500000000000e+07 5.800000000000000000e+02 4.580000000000000000e+03 4.380000000000000000e+03 6.600000000000000000e+03
9.342641300000000000e+07 5.900000000000000000e+02 4.600000000000000000e+03 4.380000000000000000e+03 6.600000000000000000e+03
9.342703700000000000e+07 5.900000000000000000e+02 4.600000000000000000e+03 4.370000000000000000e+03 6.400000000000000000e+03
9.342724500000000000e+07 5.900000000000000000e+02 4.600000000000000000e+03 4.370000000000000000e+03 6.300000000000000000e+03
9.342745300000000000e+07 5.800000000000000000e+02 4.580000000000000000e+03 4.370000000000000000e+03 6.400000000000000000e+03
9.342807700000000000e+07 5.800000000000000000e+02 4.580000000000000000e+03 4.370000000000000000e+03 6.400000000000000000e+03
9.342828400000000000e+07 5.700000000000000000e+02 4.580000000000000000e+03 4.380000000000000000e+03 6.600000000000000000e+03
9.342849200000000000e+07 5.600000000000000000e+02 4.580000000000000000e+03 4.380000000000000000e+03 6.500000000000000000e+03
9.342911600000000000e+07 5.600000000000000000e+02 4.580000000000000000e+03 4.390000000000000000e+03 6.400000000000000000e+03
9.342932400000000000e+07 5.600000000000000000e+02 4.570000000000000000e+03 4.380000000000000000e+03 6.300000000000000000e+03
9.342953200000000000e+07 5.700000000000000000e+02 4.570000000000000000e+03 4.380000000000000000e+03 6.600000000000000000e+03
9.343015600000000000e+07 5.700000000000000000e+02 4.570000000000000000e+03 4.390000000000000000e+03 6.500000000000000000e+03
9.343036500000000000e+07 5.700000000000000000e+02 4.570000000000000000e+03 4.390000000000000000e+03 6.600000000000000000e+03
9.343057200000000000e+07 5.700000000000000000e+02 4.580000000000000000e+03 4.390000000000000000e+03 6.300000000000000000e+03
9.343119600000000000e+07 5.700000000000000000e+02 4.580000000000000000e+03 4.390000000000000000e+03 6.600000000000000000e+03
9.343140300000000000e+07 5.700000000000000000e+02 4.580000000000000000e+03 4.390000000000000000e+03 6.300000000000000000e+03
9.343161100000000000e+07 5.600000000000000000e+02 4.580000000000000000e+03 4.390000000000000000e+03 6.300000000000000000e+03
9.343223600000000000e+07 5.700000000000000000e+02 4.580000000000000000e+03 4.390000000000000000e+03 6.300000000000000000e+03
9.343244400000000000e+07 5.700000000000000000e+02 4.580000000000000000e+03 4.390000000000000000e+03 6.500000000000000000e+03
9.343265100000000000e+07 5.700000000000000000e+02 4.580000000000000000e+03 4.390000000000000000e+03 6.300000000000000000e+03
9.343327600000000000e+07 5.700000000000000000e+02 4.580000000000000000e+03 4.390000000000000000e+03 6.500000000000000000e+03
9.343348300000000000e+07 5.700000000000000000e+02 4.580000000000000000e+03 4.390000000000000000e+03 6.500000000000000000e+03
9.343369100000000000e+07 5.700000000000000000e+02 4.600000000000000000e+03 4.390000000000000000e+03 6.500000000000000000e+03
9.343431500000000000e+07 5.700000000000000000e+02 4.600000000000000000e+03 4.380000000000000000e+03 6.600000000000000000e+03
9.343452300000000000e+07 5.700000000000000000e+02 4.600000000000000000e+03 4.380000000000000000e+03 6.300000000000000000e+03
9.343473100000000000e+07 5.700000000000000000e+02 4.580000000000000000e+03 4.380000000000000000e+03 6.500000000000000000e+03
9.343535500000000000e+07 5.700000000000000000e+02 4.570000000000000000e+03 4.390000000000000000e+03 6.400000000000000000e+03
9.343556300000000000e+07 5.700000000000000000e+02 4.580000000000000000e+03 4.390000000000000000e+03 6.500000000000000000e+03
9.343577100000000000e+07 5.800000000000000000e+02 4.580000000000000000e+03 4.390000000000000000e+03 6.300000000000000000e+03
9.343641100000000000e+07 5.800000000000000000e+02 4.570000000000000000e+03 4.390000000000000000e+03 6.500000000000000000e+03
9.343661900000000000e+07 5.900000000000000000e+02 4.570000000000000000e+03 4.390000000000000000e+03 6.600000000000000000e+03
9.343682700000000000e+07 5.800000000000000000e+02 4.580000000000000000e+03 4.380000000000000000e+03 6.400000000000000000e+03
