9.505830400000000000e+07 3.530000000000000000e+03 5.770000000000000000e+03 1.390000000000000000e+03 4.660000000000000000e+03
9.505851200000000000e+07 3.530000000000000000e+03 5.770000000000000000e+03 1.410000000000000000e+03 4.660000000000000000e+03
9.505872000000000000e+07 3.510000000000000000e+03 5.770000000000000000e+03 1.420000000000000000e+03 4.660000000000000000e+03
9.505892800000000000e+07 3.510000000000000000e+03 5.770000000000000000e+03 1.440000000000000000e+03 4.660000000000000000e+03
9.505913600000000000e+07 3.520000000000000000e+03 5.770000000000000000e+03 1.430000000000000000e+03 4.660000000000000000e+03
9.505934500000000000e+07 3.520000000000000000e+03 5.780000000000000000e+03 1.430000000000000000e+03 4.650000000000000000e+03
9.505955100000000000e+07 3.520000000000000000e+03 5.770000000000000000e+03 1.430000000000000000e+03 4.650000000000000000e+03
9.505976000000000000e+07 3.520000000000000000e+03 5.780000000000000000e+03 1.420000000000000000e+03 4.650000000000000000e+03
9.505996800000000000e+07 3.520000000000000000e+03 5.780000000000000000e+03 1.420000000000000000e+03 4.660000000000000000e+03
9.510017500000000000e+07 3.520000000000000000e+03 5.780000000000000000e+03 1.410000000000000000e+03 4.670000000000000000e+03
9.510038400000000000e+07 3.520000000000000000e+03 5.780000000000000000e+03 1.400000000000000000e+03 4.680000000000000000e+03
9.510059200000000000e+07 3.520000000000000000e+03 5.790000000000000000e+03 1.400000000000000000e+03 4.670000000000000000e+03
9.510080000000000000e+07 3.520000000000000000e+03 5.790000000000000000e+03 1.400000000000000000e+03 4.660000000000000000e+03
9.510100800000000000e+07 3.530000000000000000e+03 5.790000000000000000e+03 1.410000000000000000e+03 4.650000000000000000e+03
9.510121600000000000e+07 3.540000000000000000e+03 5.790000000000000000e+03 1.410000000000000000e+03 4.650000000000000000e+03
9.510142400000000000e+07 3.550000000000000000e+03 5.780000000000000000e+03 1.410000000000000000e+03 4.650000000000000000e+03
9.510163200000000000e+07 3.540000000000000000e+03 5.780000000000000000e+03 1.410000000000000000e+03 4.660000000000000000e+03
9.510184000000000000e+07 3.550000000000000000e+03 5.780000000000000000e+03 1.410000000000000000e+03 4.670000000000000000e+03
9.510204800000000000e+07 3.550000000000000000e+03 5.780000000000000000e+03 1.410000000000000000e+03 4.670000000000000000e+03
9.510225600000000000e+07 3.550000000000000000e+03 5.770000000000000000e+03 1.390000000000000000e+03 4.680000000000000000e+03
9.510246400000000000e+07 3.540000000000000000e+03 5.770000000000000000e+03 1.390000000000000000e+03 4.690000000000000000e+03
9.510267100000000000e+07 3.540000000000000000e+03 5.760000000000000000e+03 1.390000000000000000e+03 4.690000000000000000e+03
9.510287900000000000e+07 3.540000000000000000e+03 5.760000000000000000e+03 1.400000000000000000e+03 4.690000000000000000e+03
9.510308700000000000e+07 3.540000000000000000e+03 5.760000000000000000e+03 1.390000000000000000e+03 4.690000000000000000e+03
9.510329500000000000e+07 3.530000000000000000e+03 5.760000000000000000e+03 1.400000000000000000e+03 4.690000000000000000e+03
9.510350300000000000e+07 3.540000000000000000e+03 5.770000000000000000e+03 1.400000000000000000e+03 4.690000000000000000e+03
9.510371100000000000e+07 3.540000000000000000e+03 5.760000000000000000e+03 1.400000000000000000e+03 4.690000000000000000e+03
9.510391900000000000e+07 3.550000000000000000e+03 5.760000000000000000e+03 1.400000000000000000e+03 4.680000000000000000e+03
9.510412700000000000e+07 3.550000000000000000e+03 5.770000000000000000e+03 1.400000000000000000e+03 4.680000000000000000e+03
9.510433500000000000e+07 3.550000000000000000e+03 5.770000000000000000e+03 1.400000000000000000e+03 4.680000000000000000e+03
9.510454300000000000e+07 3.540000000000000000e+03 5.770000000000000000e+03 1.410000000000000000e+03 4.680000000000000000e+03
9.510475100000000000e+07 3.540000000000000000e+03 5.770000000000000000e+03 1.410000000000000000e+03 4.690000000000000000e+03
9.510495900000000000e+07 3.540000000000000000e+03 5.770000000000000000e+03 1.410000000000000000e+03 4.690000000000000000e+03
9.510516700000000000e+07 3.540000000000000000e+03 5.770000000000000000e+03 1.410000000000000000e+03 4.680000000000000000e+03
9.510537500000000000e+07 3.530000000000000000e+03 5.770000000000000000e+03 1.410000000000000000e+03 4.680000000000000000e+03
9.510558300000000000e+07 3.530000000000000000e+03 5.770000000000000000e+03 1.420000000000000000e+03 4.680000000000000000e+03
9.510579100000000000e+07 3.520000000000000000e+03 5.770000000000000000e+03 1.420000000000000000e+03 4.680000000000000000e+03
9.510599900000000000e+07 3.530000000000000000e+03 5.780000000000000000e+03 1.420000000000000000e+03 4.670000000000000000e+03
9.510620700000000000e+07 3.530000000000000000e+03 5.780000000000000000e+03 1.420000000000000000e+03 4.660000000000000000e+03
9.510641500000000000e+07 3.520000000000000000e+03 5.780000000000000000e+03 1.420000000000000000e+03 4.670000000000000000e+03
9.510662300000000000e+07 3.530000000000000000e+03 5.780000000000000000e+03 1.420000000000000000e+03 4.670000000000000000e+03
9.510683100000000000e+07 3.520000000000000000e+03 5.780000000000000000e+03 1.420000000000000000e+03 4.660000000000000000e+03
9.510703900000000000e+07 3.530000000000000000e+03 5.780000000000000000e+03 1.420000000000000000e+03 4.660000000000000000e+03
9.510724700000000000e+07 3.530000000000000000e+03 5.780000000000000000e+03 1.420000000000000000e+03 4.660000000000000000e+03
9.510745500000000000e+07 3.520000000000000000e+03 5.780000000000000000e+03 1.410000000000000000e+03 4.660000000000000000e+03
9.510787100000000000e+07 3.520000000000000000e+03 5.790000000000000000e+03 1.390000000000000000e+03 4.670000000000000000e+03
9.510807800000000000e+07 3.500000000000000000e+03 5.780000000000000000e+03 1.380000000000000000e+03 4.670000000000000000e+03
9.510828700000000000e+07 3.500000000000000000e+03 5.770000000000000000e+03 1.380000000000000000e+03 4.670000000000000000e+03
9.510849400000000000e+07 3.510000000000000000e+03 5.750000000000000000e+03 1.390000000000000000e+03 4.680000000000000000e+03
9.510870200000000000e+07 3.500000000000000000e+03 5.760000000000000000e+03 1.410000000000000000e+03 4.680000000000000000e+03
9.510911800000000000e+07 3.510000000000000000e+03 5.760000000000000000e+03 1.400000000000000000e+03 4.680000000000000000e+03
9.510932600000000000e+07 3.530000000000000000e+03 5.770000000000000000e+03 1.400000000000000000e+03 4.680000000000000000e+03
9.510953400000000000e+07 3.520000000000000000e+03 5.780000000000000000e+03 1.400000000000000000e+03 4.680000000000000000e+03
9.510974200000000000e+07 3.530000000000000000e+03 5.780000000000000000e+03 1.400000000000000000e+03 4.680000000000000000e+03
9.510996700000000000e+07 3.540000000000000000e+03 5.780000000000000000e+03 1.400000000000000000e+03 4.680000000000000000e+03
9.511017400000000000e+07 3.540000000000000000e+03 5.770000000000000000e+03 1.400000000000000000e+03 4.670000000000000000e+03
9.511057400000000000e+07 3.500000000000000000e+03 5.770000000000000000e+03 1.400000000000000000e+03 4.680000000000000000e+03
9.511078200000000000e+07 3.550000000000000000e+03 5.760000000000000000e+03 1.410000000000000000e+03 4.680000000000000000e+03
9.511098900000000000e+07 3.540000000000000000e+03 5.760000000000000000e+03 1.410000000000000000e+03 4.680000000000000000e+03
9.511119800000000000e+07 3.510000000000000000e+03 5.770000000000000000e+03 1.410000000000000000e+03 4.670000000000000000e+03
9.511140600000000000e+07 3.550000000000000000e+03 5.780000000000000000e+03 1.400000000000000000e+03 4.670000000000000000e+03
9.511161400000000000e+07 3.550000000000000000e+03 5.780000000000000000e+03 1.400000000000000000e+03 4.670000000000000000e+03
9.511182200000000000e+07 3.540000000000000000e+03 5.780000000000000000e+03 1.400000000000000000e+03 4.680000000000000000e+03
9.511202900000000000e+07 3.530000000000000000e+03 5.770000000000000000e+03 1.400000000000000000e+03 4.680000000000000000e+03
9.511223700000000000e+07 3.520000000000000000e+03 5.780000000000000000e+03 1.400000000000000000e+03 4.670000000000000000e+03
9.511244600000000000e+07 3.500000000000000000e+03 5.780000000000000000e+03 1.410000000000000000e+03 4.680000000000000000e+03
9.511265400000000000e+07 3.550000000000000000e+03 5.780000000000000000e+03 1.410000000000000000e+03 4.670000000000000000e+03
9.511286200000000000e+07 3.510000000000000000e+03 5.780000000000000000e+03 1.410000000000000000e+03 4.670000000000000000e+03
9.511307000000000000e+07 3.540000000000000000e+03 5.770000000000000000e+03 1.430000000000000000e+03 4.680000000000000000e+03
9.511327800000000000e+07 3.540000000000000000e+03 5.770000000000000000e+03 1.430000000000000000e+03 4.680000000000000000e+03
9.511348600000000000e+07 3.530000000000000000e+03 5.790000000000000000e+03 1.430000000000000000e+03 4.660000000000000000e+03
9.511369300000000000e+07 3.530000000000000000e+03 5.790000000000000000e+03 1.420000000000000000e+03 4.660000000000000000e+03
9.511390100000000000e+07 3.530000000000000000e+03 5.780000000000000000e+03 1.420000000000000000e+03 4.660000000000000000e+03
9.511410900000000000e+07 3.530000000000000000e+03 5.780000000000000000e+03 1.420000000000000000e+03 4.660000000000000000e+03
9.511431700000000000e+07 3.540000000000000000e+03 5.780000000000000000e+03 1.410000000000000000e+03 4.670000000000000000e+03
9.511452500000000000e+07 3.530000000000000000e+03 5.780000000000000000e+03 1.420000000000000000e+03 4.660000000000000000e+03
9.511473300000000000e+07 3.520000000000000000e+03 5.790000000000000000e+03 1.440000000000000000e+03 4.670000000000000000e+03
9.511494200000000000e+07 3.520000000000000000e+03 5.790000000000000000e+03 1.440000000000000000e+03 4.650000000000000000e+03
9.511514900000000000e+07 3.520000000000000000e+03 5.790000000000000000e+03 1.430000000000000000e+03 4.650000000000000000e+03
9.511535700000000000e+07 3.510000000000000000e+03 5.790000000000000000e+03 1.410000000000000000e+03 4.650000000000000000e+03
9.511556500000000000e+07 3.510000000000000000e+03 5.790000000000000000e+03 1.420000000000000000e+03 4.660000000000000000e+03
9.511577300000000000e+07 3.520000000000000000e+03 5.800000000000000000e+03 1.420000000000000000e+03 4.660000000000000000e+03
9.511598100000000000e+07 3.530000000000000000e+03 5.810000000000000000e+03 1.420000000000000000e+03 4.660000000000000000e+03
9.511618900000000000e+07 3.540000000000000000e+03 5.790000000000000000e+03 1.410000000000000000e+03 4.670000000000000000e+03
9.511639700000000000e+07 3.530000000000000000e+03 5.780000000000000000e+03 1.430000000000000000e+03 4.660000000000000000e+03
9.511660500000000000e+07 3.530000000000000000e+03 5.780000000000000000e+03 1.420000000000000000e+03 4.670000000000000000e+03
9.511681300000000000e+07 3.530000000000000000e+03 5.800000000000000000e+03 1.410000000000000000e+03 4.670000000000000000e+03
9.511702100000000000e+07 3.530000000000000000e+03 5.800000000000000000e+03 1.410000000000000000e+03 4.670000000000000000e+03
9.511722900000000000e+07 3.530000000000000000e+03 5.800000000000000000e+03 1.400000000000000000e+03 4.650000000000000000e+03
9.511743700000000000e+07 3.520000000000000000e+03 5.800000000000000000e+03 1.400000000000000000e+03 4.660000000000000000e+03
9.511764400000000000e+07 3.530000000000000000e+03 5.800000000000000000e+03 1.390000000000000000e+03 4.670000000000000000e+03
9.511785300000000000e+07 3.530000000000000000e+03 5.790000000000000000e+03 1.400000000000000000e+03 4.660000000000000000e+03
9.511806100000000000e+07 3.530000000000000000e+03 5.780000000000000000e+03 1.400000000000000000e+03 4.660000000000000000e+03
9.511826900000000000e+07 3.530000000000000000e+03 5.780000000000000000e+03 1.400000000000000000e+03 4.670000000000000000e+03
9.511847700000000000e+07 3.530000000000000000e+03 5.770000000000000000e+03 1.420000000000000000e+03 4.660000000000000000e+03
9.511868500000000000e+07 3.520000000000000000e+03 5.770000000000000000e+03 1.430000000000000000e+03 4.660000000000000000e+03
9.511889300000000000e+07 3.520000000000000000e+03 5.770000000000000000e+03 1.420000000000000000e+03 4.670000000000000000e+03
9.511910100000000000e+07 3.520000000000000000e+03 5.770000000000000000e+03 1.420000000000000000e+03 4.660000000000000000e+03
9.511930900000000000e+07 3.530000000000000000e+03 5.780000000000000000e+03 1.420000000000000000e+03 4.660000000000000000e+03
9.511951700000000000e+07 3.520000000000000000e+03 5.780000000000000000e+03 1.420000000000000000e+03 4.670000000000000000e+03
9.511972400000000000e+07 3.520000000000000000e+03 5.780000000000000000e+03 1.410000000000000000e+03 4.660000000000000000e+03
9.511993200000000000e+07 3.520000000000000000e+03 5.780000000000000000e+03 1.410000000000000000e+03 4.670000000000000000e+03
9.512014100000000000e+07 3.520000000000000000e+03 5.780000000000000000e+03 1.400000000000000000e+03 4.660000000000000000e+03
9.512034800000000000e+07 3.520000000000000000e+03 5.780000000000000000e+03 1.400000000000000000e+03 4.660000000000000000e+03
9.512055600000000000e+07 3.530000000000000000e+03 5.780000000000000000e+03 1.400000000000000000e+03 4.660000000000000000e+03
9.512076400000000000e+07 3.530000000000000000e+03 5.780000000000000000e+03 1.410000000000000000e+03 4.650000000000000000e+03
9.512097200000000000e+07 3.520000000000000000e+03 5.780000000000000000e+03 1.420000000000000000e+03 4.650000000000000000e+03
9.512118000000000000e+07 3.520000000000000000e+03 5.780000000000000000e+03 1.420000000000000000e+03 4.650000000000000000e+03
9.512138800000000000e+07 3.520000000000000000e+03 5.780000000000000000e+03 1.420000000000000000e+03 4.670000000000000000e+03
9.512159600000000000e+07 3.510000000000000000e+03 5.780000000000000000e+03 1.430000000000000000e+03 4.670000000000000000e+03
9.512180400000000000e+07 3.520000000000000000e+03 5.780000000000000000e+03 1.430000000000000000e+03 4.670000000000000000e+03
9.512201200000000000e+07 3.520000000000000000e+03 5.770000000000000000e+03 1.430000000000000000e+03 4.660000000000000000e+03
9.512222000000000000e+07 3.510000000000000000e+03 5.770000000000000000e+03 1.430000000000000000e+03 4.660000000000000000e+03
9.512242800000000000e+07 3.520000000000000000e+03 5.780000000000000000e+03 1.430000000000000000e+03 4.660000000000000000e+03
9.512263600000000000e+07 3.510000000000000000e+03 5.780000000000000000e+03 1.430000000000000000e+03 4.660000000000000000e+03
9.512284400000000000e+07 3.510000000000000000e+03 5.780000000000000000e+03 1.430000000000000000e+03 4.670000000000000000e+03
9.512305100000000000e+07 3.510000000000000000e+03 5.780000000000000000e+03 1.420000000000000000e+03 4.650000000000000000e+03
9.512326000000000000e+07 3.510000000000000000e+03 5.780000000000000000e+03 1.420000000000000000e+03 4.650000000000000000e+03
9.512347100000000000e+07 3.510000000000000000e+03 5.780000000000000000e+03 1.420000000000000000e+03 4.650000000000000000e+03
9.512367600000000000e+07 3.520000000000000000e+03 5.780000000000000000e+03 1.410000000000000000e+03 4.650000000000000000e+03
9.512388400000000000e+07 3.520000000000000000e+03 5.790000000000000000e+03 1.410000000000000000e+03 4.660000000000000000e+03
9.512409200000000000e+07 3.520000000000000000e+03 5.790000000000000000e+03 1.400000000000000000e+03 4.660000000000000000e+03
9.512429900000000000e+07 3.520000000000000000e+03 5.800000000000000000e+03 1.410000000000000000e+03 4.680000000000000000e+03
9.512450700000000000e+07 3.520000000000000000e+03 5.780000000000000000e+03 1.410000000000000000e+03 4.680000000000000000e+03
9.512471600000000000e+07 3.520000000000000000e+03 5.780000000000000000e+03 1.410000000000000000e+03 4.690000000000000000e+03
9.512492300000000000e+07 3.530000000000000000e+03 5.780000000000000000e+03 1.430000000000000000e+03 4.680000000000000000e+03
9.512513100000000000e+07 3.530000000000000000e+03 5.790000000000000000e+03 1.420000000000000000e+03 4.680000000000000000e+03
9.512533900000000000e+07 3.540000000000000000e+03 5.790000000000000000e+03 1.420000000000000000e+03 4.690000000000000000e+03
9.512554700000000000e+07 3.540000000000000000e+03 5.800000000000000000e+03 1.420000000000000000e+03 4.690000000000000000e+03
9.512575500000000000e+07 3.540000000000000000e+03 5.800000000000000000e+03 1.410000000000000000e+03 4.680000000000000000e+03
9.512596300000000000e+07 3.510000000000000000e+03 5.780000000000000000e+03 1.420000000000000000e+03 4.680000000000000000e+03
9.512617100000000000e+07 3.530000000000000000e+03 5.780000000000000000e+03 1.420000000000000000e+03 4.680000000000000000e+03
9.512637900000000000e+07 3.550000000000000000e+03 5.780000000000000000e+03 1.420000000000000000e+03 4.670000000000000000e+03
9.512658700000000000e+07 3.540000000000000000e+03 5.780000000000000000e+03 1.420000000000000000e+03 4.670000000000000000e+03
9.512679500000000000e+07 3.540000000000000000e+03 5.780000000000000000e+03 1.420000000000000000e+03 4.670000000000000000e+03
9.512700300000000000e+07 3.540000000000000000e+03 5.790000000000000000e+03 1.420000000000000000e+03 4.670000000000000000e+03
9.512721100000000000e+07 3.550000000000000000e+03 5.790000000000000000e+03 1.420000000000000000e+03 4.680000000000000000e+03
9.512742000000000000e+07 3.540000000000000000e+03 5.800000000000000000e+03 1.410000000000000000e+03 4.680000000000000000e+03
9.512762700000000000e+07 3.530000000000000000e+03 5.800000000000000000e+03 1.410000000000000000e+03 4.660000000000000000e+03
9.512783500000000000e+07 3.540000000000000000e+03 5.790000000000000000e+03 1.420000000000000000e+03 4.660000000000000000e+03
9.512804300000000000e+07 3.550000000000000000e+03 5.790000000000000000e+03 1.410000000000000000e+03 4.650000000000000000e+03
9.512825100000000000e+07 3.540000000000000000e+03 5.790000000000000000e+03 1.420000000000000000e+03 4.650000000000000000e+03
9.512845900000000000e+07 3.530000000000000000e+03 5.770000000000000000e+03 1.420000000000000000e+03 4.640000000000000000e+03
9.512866700000000000e+07 3.530000000000000000e+03 5.770000000000000000e+03 1.400000000000000000e+03 4.640000000000000000e+03
9.512887500000000000e+07 3.530000000000000000e+03 5.760000000000000000e+03 1.410000000000000000e+03 4.640000000000000000e+03
9.512908300000000000e+07 3.540000000000000000e+03 5.760000000000000000e+03 1.420000000000000000e+03 4.650000000000000000e+03
9.512929100000000000e+07 3.540000000000000000e+03 5.760000000000000000e+03 1.420000000000000000e+03 4.650000000000000000e+03
9.512949900000000000e+07 3.540000000000000000e+03 5.780000000000000000e+03 1.400000000000000000e+03 4.660000000000000000e+03
9.512970700000000000e+07 3.540000000000000000e+03 5.780000000000000000e+03 1.400000000000000000e+03 4.660000000000000000e+03
9.512991400000000000e+07 3.550000000000000000e+03 5.780000000000000000e+03 1.400000000000000000e+03 4.650000000000000000e+03
9.513012300000000000e+07 3.530000000000000000e+03 5.770000000000000000e+03 1.400000000000000000e+03 4.650000000000000000e+03
9.513033100000000000e+07 3.530000000000000000e+03 5.780000000000000000e+03 1.390000000000000000e+03 4.660000000000000000e+03
9.513053900000000000e+07 3.540000000000000000e+03 5.790000000000000000e+03 1.400000000000000000e+03 4.670000000000000000e+03
9.513074600000000000e+07 3.540000000000000000e+03 5.790000000000000000e+03 1.410000000000000000e+03 4.670000000000000000e+03
9.513095400000000000e+07 3.540000000000000000e+03 5.790000000000000000e+03 1.430000000000000000e+03 4.680000000000000000e+03
9.513116300000000000e+07 3.540000000000000000e+03 5.790000000000000000e+03 1.430000000000000000e+03 4.680000000000000000e+03
9.513137100000000000e+07 3.540000000000000000e+03 5.790000000000000000e+03 1.430000000000000000e+03 4.680000000000000000e+03
9.513157800000000000e+07 3.540000000000000000e+03 5.780000000000000000e+03 1.430000000000000000e+03 4.680000000000000000e+03
9.513178600000000000e+07 3.550000000000000000e+03 5.780000000000000000e+03 1.440000000000000000e+03 4.670000000000000000e+03
9.513199400000000000e+07 3.540000000000000000e+03 5.790000000000000000e+03 1.440000000000000000e+03 4.660000000000000000e+03
9.513220200000000000e+07 3.530000000000000000e+03 5.790000000000000000e+03 1.430000000000000000e+03 4.670000000000000000e+03
9.513241000000000000e+07 3.540000000000000000e+03 5.780000000000000000e+03 1.410000000000000000e+03 4.670000000000000000e+03
9.513261800000000000e+07 3.540000000000000000e+03 5.780000000000000000e+03 1.410000000000000000e+03 4.670000000000000000e+03
9.513282600000000000e+07 3.530000000000000000e+03 5.780000000000000000e+03 1.420000000000000000e+03 4.670000000000000000e+03
9.513303400000000000e+07 3.530000000000000000e+03 5.790000000000000000e+03 1.410000000000000000e+03 4.660000000000000000e+03
9.513324200000000000e+07 3.540000000000000000e+03 5.790000000000000000e+03 1.420000000000000000e+03 4.660000000000000000e+03
9.513345000000000000e+07 3.540000000000000000e+03 5.780000000000000000e+03 1.420000000000000000e+03 4.660000000000000000e+03
9.513365800000000000e+07 3.540000000000000000e+03 5.790000000000000000e+03 1.400000000000000000e+03 4.670000000000000000e+03
9.513386600000000000e+07 3.540000000000000000e+03 5.790000000000000000e+03 1.410000000000000000e+03 4.690000000000000000e+03
9.513407400000000000e+07 3.530000000000000000e+03 5.800000000000000000e+03 1.420000000000000000e+03 4.700000000000000000e+03
9.513428200000000000e+07 3.540000000000000000e+03 5.810000000000000000e+03 1.430000000000000000e+03 4.700000000000000000e+03
9.513449000000000000e+07 3.550000000000000000e+03 5.790000000000000000e+03 1.440000000000000000e+03 4.680000000000000000e+03
9.513469700000000000e+07 3.550000000000000000e+03 5.790000000000000000e+03 1.430000000000000000e+03 4.690000000000000000e+03
9.513490600000000000e+07 3.540000000000000000e+03 5.800000000000000000e+03 1.430000000000000000e+03 4.690000000000000000e+03
9.513511400000000000e+07 3.540000000000000000e+03 5.790000000000000000e+03 1.430000000000000000e+03 4.670000000000000000e+03
9.513532200000000000e+07 3.540000000000000000e+03 5.790000000000000000e+03 1.430000000000000000e+03 4.660000000000000000e+03
9.513554600000000000e+07 3.550000000000000000e+03 5.790000000000000000e+03 1.430000000000000000e+03 4.670000000000000000e+03
9.513575400000000000e+07 3.540000000000000000e+03 5.790000000000000000e+03 1.430000000000000000e+03 4.660000000000000000e+03
9.513596200000000000e+07 3.540000000000000000e+03 5.790000000000000000e+03 1.420000000000000000e+03 4.670000000000000000e+03
9.513617000000000000e+07 3.520000000000000000e+03 5.790000000000000000e+03 1.420000000000000000e+03 4.670000000000000000e+03
9.513637700000000000e+07 3.530000000000000000e+03 5.800000000000000000e+03 1.420000000000000000e+03 4.670000000000000000e+03
9.513658600000000000e+07 3.530000000000000000e+03 5.790000000000000000e+03 1.410000000000000000e+03 4.670000000000000000e+03
9.513679400000000000e+07 3.540000000000000000e+03 5.780000000000000000e+03 1.400000000000000000e+03 4.670000000000000000e+03
9.513700200000000000e+07 3.530000000000000000e+03 5.780000000000000000e+03 1.400000000000000000e+03 4.670000000000000000e+03
9.513720900000000000e+07 3.520000000000000000e+03 5.780000000000000000e+03 1.390000000000000000e+03 4.680000000000000000e+03
9.513741700000000000e+07 3.530000000000000000e+03 5.780000000000000000e+03 1.390000000000000000e+03 4.660000000000000000e+03
9.513762600000000000e+07 3.520000000000000000e+03 5.790000000000000000e+03 1.400000000000000000e+03 4.660000000000000000e+03
9.513783300000000000e+07 3.520000000000000000e+03 5.790000000000000000e+03 1.400000000000000000e+03 4.660000000000000000e+03
9.513823300000000000e+07 3.530000000000000000e+03 5.790000000000000000e+03 1.400000000000000000e+03 4.660000000000000000e+03
9.513844100000000000e+07 3.540000000000000000e+03 5.780000000000000000e+03 1.410000000000000000e+03 4.660000000000000000e+03
9.513864900000000000e+07 3.540000000000000000e+03 5.780000000000000000e+03 1.400000000000000000e+03 4.660000000000000000e+03
9.513885700000000000e+07 3.540000000000000000e+03 5.790000000000000000e+03 1.410000000000000000e+03 4.670000000000000000e+03
9.513906500000000000e+07 3.540000000000000000e+03 5.790000000000000000e+03 1.400000000000000000e+03 4.670000000000000000e+03
9.513927400000000000e+07 3.540000000000000000e+03 5.800000000000000000e+03 1.410000000000000000e+03 4.680000000000000000e+03
9.513948100000000000e+07 3.540000000000000000e+03 5.790000000000000000e+03 1.410000000000000000e+03 4.690000000000000000e+03
9.513968900000000000e+07 3.550000000000000000e+03 5.790000000000000000e+03 1.410000000000000000e+03 4.680000000000000000e+03
9.513989700000000000e+07 3.550000000000000000e+03 5.800000000000000000e+03 1.400000000000000000e+03 4.680000000000000000e+03
9.514010500000000000e+07 3.550000000000000000e+03 5.800000000000000000e+03 1.390000000000000000e+03 4.680000000000000000e+03
9.514031300000000000e+07 3.550000000000000000e+03 5.790000000000000000e+03 1.390000000000000000e+03 4.680000000000000000e+03
9.514052100000000000e+07 3.540000000000000000e+03 5.790000000000000000e+03 1.400000000000000000e+03 4.680000000000000000e+03
9.514072900000000000e+07 3.540000000000000000e+03 5.780000000000000000e+03 1.400000000000000000e+03 4.670000000000000000e+03
9.514093700000000000e+07 3.550000000000000000e+03 5.780000000000000000e+03 1.410000000000000000e+03 4.670000000000000000e+03
9.514114500000000000e+07 3.540000000000000000e+03 5.780000000000000000e+03 1.410000000000000000e+03 4.670000000000000000e+03
9.514135300000000000e+07 3.540000000000000000e+03 5.780000000000000000e+03 1.410000000000000000e+03 4.660000000000000000e+03
9.514156100000000000e+07 3.540000000000000000e+03 5.780000000000000000e+03 1.410000000000000000e+03 4.660000000000000000e+03
9.514176900000000000e+07 3.540000000000000000e+03 5.790000000000000000e+03 1.430000000000000000e+03 4.660000000000000000e+03
9.514197700000000000e+07 3.540000000000000000e+03 5.800000000000000000e+03 1.430000000000000000e+03 4.660000000000000000e+03
9.514218400000000000e+07 3.540000000000000000e+03 5.780000000000000000e+03 1.410000000000000000e+03 4.660000000000000000e+03
9.514239300000000000e+07 3.540000000000000000e+03 5.780000000000000000e+03 1.410000000000000000e+03 4.660000000000000000e+03
9.514260000000000000e+07 3.540000000000000000e+03 5.780000000000000000e+03 1.420000000000000000e+03 4.660000000000000000e+03
9.514280900000000000e+07 3.550000000000000000e+03 5.780000000000000000e+03 1.410000000000000000e+03 4.670000000000000000e+03
9.514301600000000000e+07 3.550000000000000000e+03 5.770000000000000000e+03 1.410000000000000000e+03 4.670000000000000000e+03
9.514322400000000000e+07 3.550000000000000000e+03 5.770000000000000000e+03 1.410000000000000000e+03 4.660000000000000000e+03
9.514343200000000000e+07 3.550000000000000000e+03 5.770000000000000000e+03 1.410000000000000000e+03 4.660000000000000000e+03
9.514364000000000000e+07 3.540000000000000000e+03 5.770000000000000000e+03 1.410000000000000000e+03 4.660000000000000000e+03
9.514384800000000000e+07 3.550000000000000000e+03 5.780000000000000000e+03 1.410000000000000000e+03 4.660000000000000000e+03
9.514405600000000000e+07 3.540000000000000000e+03 5.790000000000000000e+03 1.410000000000000000e+03 4.670000000000000000e+03
9.514426400000000000e+07 3.550000000000000000e+03 5.790000000000000000e+03 1.410000000000000000e+03 4.680000000000000000e+03
9.514447200000000000e+07 3.540000000000000000e+03 5.800000000000000000e+03 1.410000000000000000e+03 4.680000000000000000e+03
9.514468000000000000e+07 3.540000000000000000e+03 5.800000000000000000e+03 1.410000000000000000e+03 4.670000000000000000e+03
9.514488700000000000e+07 3.530000000000000000e+03 5.780000000000000000e+03 1.410000000000000000e+03 4.660000000000000000e+03
9.514509600000000000e+07 3.520000000000000000e+03 5.780000000000000000e+03 1.400000000000000000e+03 4.660000000000000000e+03
9.514530400000000000e+07 3.520000000000000000e+03 5.780000000000000000e+03 1.400000000000000000e+03 4.680000000000000000e+03
9.514551100000000000e+07 3.520000000000000000e+03 5.780000000000000000e+03 1.400000000000000000e+03 4.670000000000000000e+03
9.514572000000000000e+07 3.520000000000000000e+03 5.780000000000000000e+03 1.400000000000000000e+03 4.670000000000000000e+03
9.514592800000000000e+07 3.530000000000000000e+03 5.780000000000000000e+03 1.410000000000000000e+03 4.660000000000000000e+03
9.514613600000000000e+07 3.520000000000000000e+03 5.780000000000000000e+03 1.410000000000000000e+03 4.660000000000000000e+03
9.514634300000000000e+07 3.520000000000000000e+03 5.780000000000000000e+03 1.410000000000000000e+03 4.660000000000000000e+03
9.514655100000000000e+07 3.510000000000000000e+03 5.760000000000000000e+03 1.410000000000000000e+03 4.660000000000000000e+03
9.514676000000000000e+07 3.510000000000000000e+03 5.760000000000000000e+03 1.410000000000000000e+03 4.670000000000000000e+03
9.514696900000000000e+07 3.510000000000000000e+03 5.760000000000000000e+03 1.410000000000000000e+03 4.670000000000000000e+03
9.514717600000000000e+07 3.500000000000000000e+03 5.770000000000000000e+03 1.410000000000000000e+03 4.660000000000000000e+03
9.514738300000000000e+07 3.510000000000000000e+03 5.770000000000000000e+03 1.420000000000000000e+03 4.660000000000000000e+03
9.514759100000000000e+07 3.520000000000000000e+03 5.770000000000000000e+03 1.430000000000000000e+03 4.660000000000000000e+03
9.514780000000000000e+07 3.520000000000000000e+03 5.770000000000000000e+03 1.420000000000000000e+03 4.660000000000000000e+03
9.514800800000000000e+07 3.520000000000000000e+03 5.770000000000000000e+03 1.420000000000000000e+03 4.660000000000000000e+03
9.514821600000000000e+07 3.530000000000000000e+03 5.780000000000000000e+03 1.410000000000000000e+03 4.650000000000000000e+03
9.514842400000000000e+07 3.530000000000000000e+03 5.780000000000000000e+03 1.410000000000000000e+03 4.660000000000000000e+03
9.514863200000000000e+07 3.530000000000000000e+03 5.780000000000000000e+03 1.410000000000000000e+03 4.660000000000000000e+03
9.514883900000000000e+07 3.530000000000000000e+03 5.780000000000000000e+03 1.410000000000000000e+03 4.660000000000000000e+03
9.514904800000000000e+07 3.530000000000000000e+03 5.790000000000000000e+03 1.410000000000000000e+03 4.660000000000000000e+03
9.514946300000000000e+07 3.520000000000000000e+03 5.780000000000000000e+03 1.410000000000000000e+03 4.670000000000000000e+03
9.514967100000000000e+07 3.530000000000000000e+03 5.780000000000000000e+03 1.410000000000000000e+03 4.680000000000000000e+03
9.514987900000000000e+07 3.530000000000000000e+03 5.770000000000000000e+03 1.410000000000000000e+03 4.680000000000000000e+03
9.515008700000000000e+07 3.530000000000000000e+03 5.770000000000000000e+03 1.410000000000000000e+03 4.680000000000000000e+03
9.515029500000000000e+07 3.530000000000000000e+03 5.770000000000000000e+03 1.410000000000000000e+03 4.680000000000000000e+03
9.515050300000000000e+07 3.520000000000000000e+03 5.770000000000000000e+03 1.410000000000000000e+03 4.670000000000000000e+03
