9.173959000000000000e+07 4.500000000000000000e+03 6.400000000000000000e+03 1.020000000000000000e+03 4.400000000000000000e+03
9.173979700000000000e+07 4.510000000000000000e+03 6.410000000000000000e+03 1.020000000000000000e+03 4.400000000000000000e+03
9.174000500000000000e+07 4.510000000000000000e+03 6.410000000000000000e+03 1.030000000000000000e+03 4.410000000000000000e+03
9.174021300000000000e+07 4.500000000000000000e+03 6.410000000000000000e+03 1.030000000000000000e+03 4.400000000000000000e+03
9.174042200000000000e+07 4.500000000000000000e+03 6.400000000000000000e+03 1.030000000000000000e+03 4.400000000000000000e+03
9.174062900000000000e+07 4.500000000000000000e+03 6.390000000000000000e+03 1.030000000000000000e+03 4.410000000000000000e+03
9.174083700000000000e+07 4.500000000000000000e+03 6.400000000000000000e+03 1.030000000000000000e+03 4.400000000000000000e+03
9.174104500000000000e+07 4.500000000000000000e+03 6.400000000000000000e+03 1.030000000000000000e+03 4.400000000000000000e+03
9.174125300000000000e+07 4.500000000000000000e+03 6.400000000000000000e+03 1.020000000000000000e+03 4.400000000000000000e+03
9.174146100000000000e+07 4.500000000000000000e+03 6.390000000000000000e+03 1.020000000000000000e+03 4.400000000000000000e+03
9.174167300000000000e+07 4.500000000000000000e+03 6.390000000000000000e+03 1.020000000000000000e+03 4.400000000000000000e+03
9.174208500000000000e+07 4.500000000000000000e+03 6.400000000000000000e+03 1.020000000000000000e+03 4.410000000000000000e+03
9.174227700000000000e+07 4.500000000000000000e+03 6.390000000000000000e+03 1.010000000000000000e+03 4.400000000000000000e+03
9.174248500000000000e+07 4.500000000000000000e+03 6.390000000000000000e+03 1.010000000000000000e+03 4.410000000000000000e+03
9.174269300000000000e+07 4.500000000000000000e+03 6.390000000000000000e+03 1.010000000000000000e+03 4.410000000000000000e+03
9.174290100000000000e+07 4.500000000000000000e+03 6.400000000000000000e+03 1.010000000000000000e+03 4.410000000000000000e+03
9.174310900000000000e+07 4.500000000000000000e+03 6.400000000000000000e+03 1.010000000000000000e+03 4.400000000000000000e+03
9.174331700000000000e+07 4.500000000000000000e+03 6.400000000000000000e+03 1.020000000000000000e+03 4.400000000000000000e+03
9.174352500000000000e+07 4.500000000000000000e+03 6.390000000000000000e+03 1.020000000000000000e+03 4.410000000000000000e+03
9.174373300000000000e+07 4.500000000000000000e+03 6.390000000000000000e+03 1.020000000000000000e+03 4.400000000000000000e+03
9.174394100000000000e+07 4.500000000000000000e+03 6.390000000000000000e+03 1.020000000000000000e+03 4.400000000000000000e+03
9.174414800000000000e+07 4.490000000000000000e+03 6.400000000000000000e+03 1.020000000000000000e+03 4.410000000000000000e+03
9.174435600000000000e+07 4.490000000000000000e+03 6.400000000000000000e+03 1.010000000000000000e+03 4.400000000000000000e+03
9.174456400000000000e+07 4.490000000000000000e+03 6.400000000000000000e+03 1.020000000000000000e+03 4.400000000000000000e+03
9.174477200000000000e+07 4.490000000000000000e+03 6.400000000000000000e+03 1.010000000000000000e+03 4.400000000000000000e+03
9.174498100000000000e+07 4.500000000000000000e+03 6.410000000000000000e+03 1.010000000000000000e+03 4.400000000000000000e+03
9.174518800000000000e+07 4.510000000000000000e+03 6.400000000000000000e+03 1.020000000000000000e+03 4.410000000000000000e+03
9.174539600000000000e+07 4.500000000000000000e+03 6.400000000000000000e+03 1.020000000000000000e+03 4.400000000000000000e+03
9.174560400000000000e+07 4.510000000000000000e+03 6.390000000000000000e+03 1.020000000000000000e+03 4.400000000000000000e+03
9.174579600000000000e+07 4.500000000000000000e+03 6.400000000000000000e+03 1.020000000000000000e+03 4.410000000000000000e+03
9.174600400000000000e+07 4.500000000000000000e+03 6.390000000000000000e+03 1.010000000000000000e+03 4.400000000000000000e+03
9.174621100000000000e+07 4.490000000000000000e+03 6.400000000000000000e+03 1.010000000000000000e+03 4.400000000000000000e+03
9.174641900000000000e+07 4.480000000000000000e+03 6.400000000000000000e+03 1.010000000000000000e+03 4.400000000000000000e+03
9.174662800000000000e+07 4.490000000000000000e+03 6.400000000000000000e+03 1.020000000000000000e+03 4.400000000000000000e+03
9.174683600000000000e+07 4.490000000000000000e+03 6.400000000000000000e+03 1.030000000000000000e+03 4.400000000000000000e+03
9.174704400000000000e+07 4.490000000000000000e+03 6.400000000000000000e+03 1.020000000000000000e+03 4.400000000000000000e+03
9.174725100000000000e+07 4.490000000000000000e+03 6.400000000000000000e+03 1.020000000000000000e+03 4.400000000000000000e+03
9.174746000000000000e+07 4.490000000000000000e+03 6.400000000000000000e+03 1.030000000000000000e+03 4.420000000000000000e+03
9.174766800000000000e+07 4.490000000000000000e+03 6.410000000000000000e+03 1.040000000000000000e+03 4.410000000000000000e+03
9.174787600000000000e+07 4.490000000000000000e+03 6.410000000000000000e+03 1.030000000000000000e+03 4.400000000000000000e+03
9.174808400000000000e+07 4.500000000000000000e+03 6.410000000000000000e+03 1.030000000000000000e+03 4.400000000000000000e+03
9.174829200000000000e+07 4.500000000000000000e+03 6.400000000000000000e+03 1.020000000000000000e+03 4.390000000000000000e+03
9.174850000000000000e+07 4.500000000000000000e+03 6.390000000000000000e+03 1.020000000000000000e+03 4.390000000000000000e+03
9.174870700000000000e+07 4.510000000000000000e+03 6.400000000000000000e+03 1.020000000000000000e+03 4.400000000000000000e+03
9.174891500000000000e+07 4.510000000000000000e+03 6.400000000000000000e+03 1.020000000000000000e+03 4.410000000000000000e+03
9.174912300000000000e+07 4.510000000000000000e+03 6.390000000000000000e+03 1.030000000000000000e+03 4.410000000000000000e+03
9.174931500000000000e+07 4.520000000000000000e+03 6.380000000000000000e+03 1.030000000000000000e+03 4.410000000000000000e+03
9.174952300000000000e+07 4.510000000000000000e+03 6.380000000000000000e+03 1.030000000000000000e+03 4.410000000000000000e+03
9.174973100000000000e+07 4.510000000000000000e+03 6.380000000000000000e+03 1.030000000000000000e+03 4.410000000000000000e+03
9.174993900000000000e+07 4.510000000000000000e+03 6.390000000000000000e+03 1.020000000000000000e+03 4.400000000000000000e+03
9.175014700000000000e+07 4.510000000000000000e+03 6.400000000000000000e+03 1.010000000000000000e+03 4.410000000000000000e+03
9.175035500000000000e+07 4.520000000000000000e+03 6.400000000000000000e+03 1.010000000000000000e+03 4.400000000000000000e+03
9.175056300000000000e+07 4.510000000000000000e+03 6.410000000000000000e+03 1.010000000000000000e+03 4.400000000000000000e+03
9.175077100000000000e+07 4.510000000000000000e+03 6.410000000000000000e+03 1.010000000000000000e+03 4.400000000000000000e+03
9.175097900000000000e+07 4.510000000000000000e+03 6.410000000000000000e+03 1.020000000000000000e+03 4.390000000000000000e+03
9.175118700000000000e+07 4.500000000000000000e+03 6.410000000000000000e+03 1.020000000000000000e+03 4.380000000000000000e+03
9.175139500000000000e+07 4.500000000000000000e+03 6.410000000000000000e+03 1.020000000000000000e+03 4.400000000000000000e+03
9.175160300000000000e+07 4.500000000000000000e+03 6.400000000000000000e+03 1.020000000000000000e+03 4.400000000000000000e+03
9.175181100000000000e+07 4.500000000000000000e+03 6.400000000000000000e+03 1.020000000000000000e+03 4.400000000000000000e+03
9.175201900000000000e+07 4.490000000000000000e+03 6.400000000000000000e+03 1.020000000000000000e+03 4.400000000000000000e+03
9.175222700000000000e+07 4.500000000000000000e+03 6.410000000000000000e+03 1.020000000000000000e+03 4.400000000000000000e+03
9.175243500000000000e+07 4.500000000000000000e+03 6.420000000000000000e+03 1.010000000000000000e+03 4.400000000000000000e+03
9.175262700000000000e+07 4.500000000000000000e+03 6.420000000000000000e+03 1.010000000000000000e+03 4.400000000000000000e+03
9.175283500000000000e+07 4.490000000000000000e+03 6.420000000000000000e+03 1.010000000000000000e+03 4.410000000000000000e+03
9.175304300000000000e+07 4.500000000000000000e+03 6.420000000000000000e+03 1.010000000000000000e+03 4.400000000000000000e+03
9.175325100000000000e+07 4.500000000000000000e+03 6.420000000000000000e+03 1.020000000000000000e+03 4.400000000000000000e+03
9.175345800000000000e+07 4.500000000000000000e+03 6.410000000000000000e+03 1.020000000000000000e+03 4.400000000000000000e+03
9.175366600000000000e+07 4.500000000000000000e+03 6.410000000000000000e+03 1.010000000000000000e+03 4.400000000000000000e+03
9.175387400000000000e+07 4.510000000000000000e+03 6.400000000000000000e+03 1.010000000000000000e+03 4.400000000000000000e+03
9.175408200000000000e+07 4.500000000000000000e+03 6.410000000000000000e+03 1.010000000000000000e+03 4.390000000000000000e+03
9.175429000000000000e+07 4.510000000000000000e+03 6.400000000000000000e+03 1.010000000000000000e+03 4.390000000000000000e+03
9.175449700000000000e+07 4.510000000000000000e+03 6.400000000000000000e+03 1.020000000000000000e+03 4.390000000000000000e+03
9.175470700000000000e+07 4.510000000000000000e+03 6.400000000000000000e+03 1.020000000000000000e+03 4.390000000000000000e+03
9.175491400000000000e+07 4.520000000000000000e+03 6.400000000000000000e+03 1.020000000000000000e+03 4.390000000000000000e+03
9.175512200000000000e+07 4.520000000000000000e+03 6.400000000000000000e+03 1.020000000000000000e+03 4.390000000000000000e+03
9.175533000000000000e+07 4.520000000000000000e+03 6.400000000000000000e+03 1.020000000000000000e+03 4.390000000000000000e+03
9.175553800000000000e+07 4.500000000000000000e+03 6.400000000000000000e+03 1.020000000000000000e+03 4.390000000000000000e+03
9.175574600000000000e+07 4.500000000000000000e+03 6.410000000000000000e+03 1.010000000000000000e+03 4.400000000000000000e+03
9.175595400000000000e+07 4.500000000000000000e+03 6.410000000000000000e+03 1.010000000000000000e+03 4.400000000000000000e+03
9.175614600000000000e+07 4.500000000000000000e+03 6.420000000000000000e+03 1.010000000000000000e+03 4.400000000000000000e+03
9.175635400000000000e+07 4.500000000000000000e+03 6.420000000000000000e+03 1.020000000000000000e+03 4.420000000000000000e+03
9.175656100000000000e+07 4.510000000000000000e+03 6.410000000000000000e+03 1.010000000000000000e+03 4.400000000000000000e+03
9.175677000000000000e+07 4.520000000000000000e+03 6.410000000000000000e+03 1.020000000000000000e+03 4.390000000000000000e+03
9.175697800000000000e+07 4.500000000000000000e+03 6.410000000000000000e+03 1.020000000000000000e+03 4.390000000000000000e+03
9.175718500000000000e+07 4.500000000000000000e+03 6.410000000000000000e+03 1.020000000000000000e+03 4.400000000000000000e+03
9.175739400000000000e+07 4.500000000000000000e+03 6.400000000000000000e+03 1.020000000000000000e+03 4.400000000000000000e+03
9.175760100000000000e+07 4.490000000000000000e+03 6.410000000000000000e+03 1.020000000000000000e+03 4.400000000000000000e+03
9.175780900000000000e+07 4.490000000000000000e+03 6.410000000000000000e+03 1.020000000000000000e+03 4.400000000000000000e+03
9.175801700000000000e+07 4.490000000000000000e+03 6.400000000000000000e+03 1.020000000000000000e+03 4.400000000000000000e+03
9.175822500000000000e+07 4.490000000000000000e+03 6.390000000000000000e+03 1.020000000000000000e+03 4.410000000000000000e+03
9.175843300000000000e+07 4.490000000000000000e+03 6.390000000000000000e+03 1.010000000000000000e+03 4.400000000000000000e+03
9.175864100000000000e+07 4.490000000000000000e+03 6.390000000000000000e+03 1.020000000000000000e+03 4.400000000000000000e+03
9.175884900000000000e+07 4.490000000000000000e+03 6.400000000000000000e+03 1.020000000000000000e+03 4.400000000000000000e+03
9.175905600000000000e+07 4.500000000000000000e+03 6.400000000000000000e+03 1.020000000000000000e+03 4.390000000000000000e+03
9.175926500000000000e+07 4.500000000000000000e+03 6.390000000000000000e+03 1.020000000000000000e+03 4.380000000000000000e+03
9.175945700000000000e+07 4.490000000000000000e+03 6.390000000000000000e+03 1.010000000000000000e+03 4.380000000000000000e+03
9.175966500000000000e+07 4.480000000000000000e+03 6.390000000000000000e+03 1.010000000000000000e+03 4.400000000000000000e+03
9.175987300000000000e+07 4.490000000000000000e+03 6.400000000000000000e+03 1.020000000000000000e+03 4.400000000000000000e+03
9.180008100000000000e+07 4.490000000000000000e+03 6.400000000000000000e+03 1.030000000000000000e+03 4.420000000000000000e+03
9.180028900000000000e+07 4.490000000000000000e+03 6.400000000000000000e+03 1.030000000000000000e+03 4.420000000000000000e+03
9.180049700000000000e+07 4.480000000000000000e+03 6.400000000000000000e+03 1.030000000000000000e+03 4.410000000000000000e+03
9.180070400000000000e+07 4.480000000000000000e+03 6.400000000000000000e+03 1.030000000000000000e+03 4.410000000000000000e+03
9.180091300000000000e+07 4.500000000000000000e+03 6.400000000000000000e+03 1.030000000000000000e+03 4.410000000000000000e+03
9.180112100000000000e+07 4.510000000000000000e+03 6.400000000000000000e+03 1.020000000000000000e+03 4.410000000000000000e+03
9.180132900000000000e+07 4.510000000000000000e+03 6.410000000000000000e+03 1.020000000000000000e+03 4.420000000000000000e+03
9.180174400000000000e+07 4.500000000000000000e+03 6.410000000000000000e+03 1.020000000000000000e+03 4.420000000000000000e+03
9.180195200000000000e+07 4.510000000000000000e+03 6.410000000000000000e+03 1.020000000000000000e+03 4.410000000000000000e+03
9.180216000000000000e+07 4.510000000000000000e+03 6.410000000000000000e+03 1.030000000000000000e+03 4.410000000000000000e+03
9.180236800000000000e+07 4.510000000000000000e+03 6.420000000000000000e+03 1.030000000000000000e+03 4.420000000000000000e+03
9.180257600000000000e+07 4.500000000000000000e+03 6.410000000000000000e+03 1.030000000000000000e+03 4.410000000000000000e+03
9.180278400000000000e+07 4.500000000000000000e+03 6.410000000000000000e+03 1.020000000000000000e+03 4.400000000000000000e+03
9.180297600000000000e+07 4.500000000000000000e+03 6.410000000000000000e+03 1.010000000000000000e+03 4.400000000000000000e+03
9.180318400000000000e+07 4.500000000000000000e+03 6.410000000000000000e+03 1.020000000000000000e+03 4.400000000000000000e+03
9.180339200000000000e+07 4.500000000000000000e+03 6.410000000000000000e+03 1.020000000000000000e+03 4.410000000000000000e+03
9.180360000000000000e+07 4.500000000000000000e+03 6.400000000000000000e+03 1.030000000000000000e+03 4.400000000000000000e+03
9.180380800000000000e+07 4.500000000000000000e+03 6.400000000000000000e+03 1.030000000000000000e+03 4.410000000000000000e+03
9.180401500000000000e+07 4.500000000000000000e+03 6.400000000000000000e+03 1.020000000000000000e+03 4.400000000000000000e+03
9.180422400000000000e+07 4.490000000000000000e+03 6.400000000000000000e+03 1.010000000000000000e+03 4.400000000000000000e+03
9.180443200000000000e+07 4.500000000000000000e+03 6.400000000000000000e+03 1.020000000000000000e+03 4.400000000000000000e+03
9.180464000000000000e+07 4.500000000000000000e+03 6.400000000000000000e+03 1.020000000000000000e+03 4.400000000000000000e+03
9.180484800000000000e+07 4.500000000000000000e+03 6.400000000000000000e+03 1.030000000000000000e+03 4.420000000000000000e+03
9.180505500000000000e+07 4.490000000000000000e+03 6.400000000000000000e+03 1.030000000000000000e+03 4.400000000000000000e+03
9.180526400000000000e+07 4.490000000000000000e+03 6.400000000000000000e+03 1.020000000000000000e+03 4.400000000000000000e+03
9.180547200000000000e+07 4.500000000000000000e+03 6.400000000000000000e+03 1.020000000000000000e+03 4.410000000000000000e+03
9.180568000000000000e+07 4.500000000000000000e+03 6.400000000000000000e+03 1.010000000000000000e+03 4.410000000000000000e+03
9.180588700000000000e+07 4.490000000000000000e+03 6.400000000000000000e+03 1.020000000000000000e+03 4.420000000000000000e+03
9.180609600000000000e+07 4.500000000000000000e+03 6.400000000000000000e+03 1.010000000000000000e+03 4.410000000000000000e+03
9.180630300000000000e+07 4.500000000000000000e+03 6.400000000000000000e+03 1.010000000000000000e+03 4.400000000000000000e+03
9.180649500000000000e+07 4.490000000000000000e+03 6.400000000000000000e+03 1.010000000000000000e+03 4.400000000000000000e+03
9.180670300000000000e+07 4.500000000000000000e+03 6.390000000000000000e+03 1.010000000000000000e+03 4.410000000000000000e+03
9.180691100000000000e+07 4.500000000000000000e+03 6.390000000000000000e+03 1.020000000000000000e+03 4.400000000000000000e+03
9.180711900000000000e+07 4.500000000000000000e+03 6.380000000000000000e+03 1.020000000000000000e+03 4.400000000000000000e+03
9.180732600000000000e+07 4.500000000000000000e+03 6.390000000000000000e+03 1.010000000000000000e+03 4.400000000000000000e+03
9.180753500000000000e+07 4.500000000000000000e+03 6.390000000000000000e+03 1.010000000000000000e+03 4.400000000000000000e+03
9.180774300000000000e+07 4.490000000000000000e+03 6.390000000000000000e+03 1.010000000000000000e+03 4.400000000000000000e+03
9.180795100000000000e+07 4.490000000000000000e+03 6.400000000000000000e+03 1.010000000000000000e+03 4.400000000000000000e+03
9.180815900000000000e+07 4.500000000000000000e+03 6.390000000000000000e+03 1.010000000000000000e+03 4.400000000000000000e+03
9.180836700000000000e+07 4.490000000000000000e+03 6.390000000000000000e+03 1.010000000000000000e+03 4.400000000000000000e+03
9.180857500000000000e+07 4.490000000000000000e+03 6.390000000000000000e+03 1.020000000000000000e+03 4.400000000000000000e+03
9.180878300000000000e+07 4.500000000000000000e+03 6.390000000000000000e+03 1.020000000000000000e+03 4.400000000000000000e+03
9.180899000000000000e+07 4.490000000000000000e+03 6.390000000000000000e+03 1.010000000000000000e+03 4.400000000000000000e+03
9.180919800000000000e+07 4.490000000000000000e+03 6.390000000000000000e+03 1.010000000000000000e+03 4.400000000000000000e+03
9.180940600000000000e+07 4.480000000000000000e+03 6.400000000000000000e+03 1.020000000000000000e+03 4.400000000000000000e+03
9.180961500000000000e+07 4.480000000000000000e+03 6.400000000000000000e+03 1.020000000000000000e+03 4.400000000000000000e+03
9.180980700000000000e+07 4.490000000000000000e+03 6.400000000000000000e+03 1.020000000000000000e+03 4.400000000000000000e+03
9.181001500000000000e+07 4.490000000000000000e+03 6.400000000000000000e+03 1.020000000000000000e+03 4.390000000000000000e+03
9.181022200000000000e+07 4.490000000000000000e+03 6.400000000000000000e+03 1.030000000000000000e+03 4.400000000000000000e+03
9.181043000000000000e+07 4.490000000000000000e+03 6.410000000000000000e+03 1.030000000000000000e+03 4.400000000000000000e+03
9.181063800000000000e+07 4.490000000000000000e+03 6.400000000000000000e+03 1.030000000000000000e+03 4.400000000000000000e+03
9.181084600000000000e+07 4.490000000000000000e+03 6.400000000000000000e+03 1.020000000000000000e+03 4.410000000000000000e+03
9.181105400000000000e+07 4.490000000000000000e+03 6.400000000000000000e+03 1.020000000000000000e+03 4.400000000000000000e+03
9.181126200000000000e+07 4.500000000000000000e+03 6.400000000000000000e+03 1.020000000000000000e+03 4.390000000000000000e+03
9.181147000000000000e+07 4.510000000000000000e+03 6.400000000000000000e+03 1.020000000000000000e+03 4.400000000000000000e+03
9.181167800000000000e+07 4.510000000000000000e+03 6.400000000000000000e+03 1.020000000000000000e+03 4.390000000000000000e+03
9.181188600000000000e+07 4.510000000000000000e+03 6.390000000000000000e+03 1.020000000000000000e+03 4.400000000000000000e+03
9.181209400000000000e+07 4.500000000000000000e+03 6.400000000000000000e+03 1.020000000000000000e+03 4.400000000000000000e+03
9.181230200000000000e+07 4.500000000000000000e+03 6.400000000000000000e+03 1.020000000000000000e+03 4.400000000000000000e+03
9.181251000000000000e+07 4.500000000000000000e+03 6.400000000000000000e+03 1.020000000000000000e+03 4.400000000000000000e+03
9.181271800000000000e+07 4.500000000000000000e+03 6.400000000000000000e+03 1.020000000000000000e+03 4.400000000000000000e+03
9.181292600000000000e+07 4.510000000000000000e+03 6.400000000000000000e+03 1.010000000000000000e+03 4.400000000000000000e+03
9.181313300000000000e+07 4.510000000000000000e+03 6.400000000000000000e+03 1.010000000000000000e+03 4.400000000000000000e+03
9.181332600000000000e+07 4.500000000000000000e+03 6.400000000000000000e+03 1.020000000000000000e+03 4.400000000000000000e+03
9.181353400000000000e+07 4.500000000000000000e+03 6.400000000000000000e+03 1.020000000000000000e+03 4.410000000000000000e+03
9.181374200000000000e+07 4.500000000000000000e+03 6.400000000000000000e+03 1.010000000000000000e+03 4.400000000000000000e+03
9.181395000000000000e+07 4.500000000000000000e+03 6.400000000000000000e+03 1.010000000000000000e+03 4.410000000000000000e+03
9.181415800000000000e+07 4.500000000000000000e+03 6.390000000000000000e+03 1.020000000000000000e+03 4.400000000000000000e+03
9.181436500000000000e+07 4.500000000000000000e+03 6.390000000000000000e+03 1.020000000000000000e+03 4.400000000000000000e+03
9.181457400000000000e+07 4.510000000000000000e+03 6.390000000000000000e+03 1.010000000000000000e+03 4.410000000000000000e+03
9.181478100000000000e+07 4.510000000000000000e+03 6.390000000000000000e+03 1.020000000000000000e+03 4.400000000000000000e+03
9.181498900000000000e+07 4.500000000000000000e+03 6.400000000000000000e+03 1.010000000000000000e+03 4.400000000000000000e+03
9.181519700000000000e+07 4.500000000000000000e+03 6.390000000000000000e+03 1.010000000000000000e+03 4.400000000000000000e+03
9.181540400000000000e+07 4.500000000000000000e+03 6.390000000000000000e+03 1.020000000000000000e+03 4.400000000000000000e+03
9.181561300000000000e+07 4.490000000000000000e+03 6.390000000000000000e+03 1.020000000000000000e+03 4.400000000000000000e+03
9.181582100000000000e+07 4.480000000000000000e+03 6.390000000000000000e+03 1.020000000000000000e+03 4.400000000000000000e+03
9.181602900000000000e+07 4.480000000000000000e+03 6.390000000000000000e+03 1.020000000000000000e+03 4.400000000000000000e+03
9.181623700000000000e+07 4.480000000000000000e+03 6.390000000000000000e+03 1.010000000000000000e+03 4.400000000000000000e+03
9.181644500000000000e+07 4.480000000000000000e+03 6.400000000000000000e+03 1.020000000000000000e+03 4.410000000000000000e+03
9.181663600000000000e+07 4.480000000000000000e+03 6.390000000000000000e+03 1.020000000000000000e+03 4.410000000000000000e+03
9.181684400000000000e+07 4.480000000000000000e+03 6.400000000000000000e+03 1.030000000000000000e+03 4.400000000000000000e+03
9.181705200000000000e+07 4.490000000000000000e+03 6.390000000000000000e+03 1.030000000000000000e+03 4.420000000000000000e+03
9.181726100000000000e+07 4.490000000000000000e+03 6.390000000000000000e+03 1.020000000000000000e+03 4.400000000000000000e+03
9.181746900000000000e+07 4.500000000000000000e+03 6.390000000000000000e+03 1.010000000000000000e+03 4.400000000000000000e+03
9.181767700000000000e+07 4.500000000000000000e+03 6.390000000000000000e+03 1.010000000000000000e+03 4.410000000000000000e+03
9.181788500000000000e+07 4.500000000000000000e+03 6.400000000000000000e+03 1.010000000000000000e+03 4.400000000000000000e+03
9.181809300000000000e+07 4.490000000000000000e+03 6.390000000000000000e+03 1.020000000000000000e+03 4.410000000000000000e+03
9.181830000000000000e+07 4.490000000000000000e+03 6.390000000000000000e+03 1.020000000000000000e+03 4.400000000000000000e+03
9.181850900000000000e+07 4.500000000000000000e+03 6.390000000000000000e+03 1.020000000000000000e+03 4.400000000000000000e+03
9.181871700000000000e+07 4.490000000000000000e+03 6.380000000000000000e+03 1.030000000000000000e+03 4.400000000000000000e+03
9.181892500000000000e+07 4.490000000000000000e+03 6.380000000000000000e+03 1.030000000000000000e+03 4.410000000000000000e+03
9.181913300000000000e+07 4.490000000000000000e+03 6.390000000000000000e+03 1.030000000000000000e+03 4.410000000000000000e+03
9.181934000000000000e+07 4.490000000000000000e+03 6.390000000000000000e+03 1.030000000000000000e+03 4.410000000000000000e+03
9.181954800000000000e+07 4.490000000000000000e+03 6.400000000000000000e+03 1.030000000000000000e+03 4.400000000000000000e+03
9.181975600000000000e+07 4.490000000000000000e+03 6.400000000000000000e+03 1.030000000000000000e+03 4.400000000000000000e+03
9.181996400000000000e+07 4.500000000000000000e+03 6.410000000000000000e+03 1.030000000000000000e+03 4.400000000000000000e+03
9.182015600000000000e+07 4.510000000000000000e+03 6.410000000000000000e+03 1.020000000000000000e+03 4.400000000000000000e+03
9.182036400000000000e+07 4.500000000000000000e+03 6.410000000000000000e+03 1.030000000000000000e+03 4.400000000000000000e+03
9.182057200000000000e+07 4.500000000000000000e+03 6.410000000000000000e+03 1.020000000000000000e+03 4.390000000000000000e+03
9.182078000000000000e+07 4.500000000000000000e+03 6.410000000000000000e+03 1.020000000000000000e+03 4.390000000000000000e+03
9.182098800000000000e+07 4.500000000000000000e+03 6.410000000000000000e+03 1.020000000000000000e+03 4.400000000000000000e+03
9.182119600000000000e+07 4.490000000000000000e+03 6.410000000000000000e+03 1.020000000000000000e+03 4.400000000000000000e+03
9.182140400000000000e+07 4.490000000000000000e+03 6.410000000000000000e+03 1.010000000000000000e+03 4.390000000000000000e+03
9.182161200000000000e+07 4.490000000000000000e+03 6.410000000000000000e+03 1.020000000000000000e+03 4.390000000000000000e+03
9.182182000000000000e+07 4.490000000000000000e+03 6.410000000000000000e+03 1.020000000000000000e+03 4.400000000000000000e+03
9.182202800000000000e+07 4.490000000000000000e+03 6.400000000000000000e+03 1.020000000000000000e+03 4.400000000000000000e+03
9.182223600000000000e+07 4.490000000000000000e+03 6.390000000000000000e+03 1.020000000000000000e+03 4.400000000000000000e+03
9.182244400000000000e+07 4.500000000000000000e+03 6.390000000000000000e+03 1.020000000000000000e+03 4.420000000000000000e+03
9.182265200000000000e+07 4.500000000000000000e+03 6.390000000000000000e+03 1.020000000000000000e+03 4.410000000000000000e+03
9.182286000000000000e+07 4.510000000000000000e+03 6.390000000000000000e+03 1.020000000000000000e+03 4.400000000000000000e+03
9.182306800000000000e+07 4.500000000000000000e+03 6.390000000000000000e+03 1.030000000000000000e+03 4.400000000000000000e+03
9.182327600000000000e+07 4.500000000000000000e+03 6.390000000000000000e+03 1.030000000000000000e+03 4.410000000000000000e+03
9.182346700000000000e+07 4.500000000000000000e+03 6.390000000000000000e+03 1.030000000000000000e+03 4.400000000000000000e+03
9.182367500000000000e+07 4.500000000000000000e+03 6.390000000000000000e+03 1.020000000000000000e+03 4.390000000000000000e+03
9.182388300000000000e+07 4.500000000000000000e+03 6.390000000000000000e+03 1.010000000000000000e+03 4.390000000000000000e+03
9.182409100000000000e+07 4.500000000000000000e+03 6.380000000000000000e+03 1.010000000000000000e+03 4.390000000000000000e+03
9.182429900000000000e+07 4.500000000000000000e+03 6.380000000000000000e+03 1.020000000000000000e+03 4.410000000000000000e+03
9.182450700000000000e+07 4.500000000000000000e+03 6.380000000000000000e+03 1.020000000000000000e+03 4.400000000000000000e+03
9.182471500000000000e+07 4.490000000000000000e+03 6.390000000000000000e+03 1.030000000000000000e+03 4.400000000000000000e+03
9.182492300000000000e+07 4.490000000000000000e+03 6.390000000000000000e+03 1.030000000000000000e+03 4.400000000000000000e+03
9.182513100000000000e+07 4.500000000000000000e+03 6.390000000000000000e+03 1.030000000000000000e+03 4.410000000000000000e+03
9.182533800000000000e+07 4.490000000000000000e+03 6.400000000000000000e+03 1.030000000000000000e+03 4.410000000000000000e+03
9.182554700000000000e+07 4.490000000000000000e+03 6.410000000000000000e+03 1.030000000000000000e+03 4.410000000000000000e+03
9.182575500000000000e+07 4.490000000000000000e+03 6.410000000000000000e+03 1.030000000000000000e+03 4.400000000000000000e+03
9.182596300000000000e+07 4.490000000000000000e+03 6.410000000000000000e+03 1.030000000000000000e+03 4.400000000000000000e+03
9.182617100000000000e+07 4.490000000000000000e+03 6.410000000000000000e+03 1.030000000000000000e+03 4.400000000000000000e+03
9.182637800000000000e+07 4.490000000000000000e+03 6.410000000000000000e+03 1.030000000000000000e+03 4.400000000000000000e+03
9.182658600000000000e+07 4.480000000000000000e+03 6.410000000000000000e+03 1.030000000000000000e+03 4.400000000000000000e+03
9.182679500000000000e+07 4.490000000000000000e+03 6.410000000000000000e+03 1.030000000000000000e+03 4.400000000000000000e+03
9.182698600000000000e+07 4.500000000000000000e+03 6.410000000000000000e+03 1.030000000000000000e+03 4.400000000000000000e+03
9.182719400000000000e+07 4.500000000000000000e+03 6.410000000000000000e+03 1.030000000000000000e+03 4.390000000000000000e+03
9.182740200000000000e+07 4.500000000000000000e+03 6.420000000000000000e+03 1.020000000000000000e+03 4.420000000000000000e+03
9.182761000000000000e+07 4.500000000000000000e+03 6.410000000000000000e+03 1.020000000000000000e+03 4.410000000000000000e+03
9.182781800000000000e+07 4.490000000000000000e+03 6.400000000000000000e+03 1.020000000000000000e+03 4.410000000000000000e+03
9.182802600000000000e+07 4.490000000000000000e+03 6.410000000000000000e+03 1.020000000000000000e+03 4.400000000000000000e+03
9.182823400000000000e+07 4.500000000000000000e+03 6.410000000000000000e+03 1.020000000000000000e+03 4.400000000000000000e+03
9.182844200000000000e+07 4.490000000000000000e+03 6.410000000000000000e+03 1.020000000000000000e+03 4.410000000000000000e+03
9.182865000000000000e+07 4.500000000000000000e+03 6.410000000000000000e+03 1.020000000000000000e+03 4.400000000000000000e+03
9.182885800000000000e+07 4.500000000000000000e+03 6.410000000000000000e+03 1.020000000000000000e+03 4.410000000000000000e+03
9.182906600000000000e+07 4.500000000000000000e+03 6.410000000000000000e+03 1.010000000000000000e+03 4.420000000000000000e+03
9.182927400000000000e+07 4.500000000000000000e+03 6.410000000000000000e+03 1.010000000000000000e+03 4.410000000000000000e+03
9.182948200000000000e+07 4.500000000000000000e+03 6.410000000000000000e+03 1.010000000000000000e+03 4.420000000000000000e+03
9.182969000000000000e+07 4.500000000000000000e+03 6.410000000000000000e+03 1.020000000000000000e+03 4.420000000000000000e+03
9.182989700000000000e+07 4.500000000000000000e+03 6.410000000000000000e+03 1.020000000000000000e+03 4.420000000000000000e+03
9.183010600000000000e+07 4.490000000000000000e+03 6.410000000000000000e+03 1.020000000000000000e+03 4.410000000000000000e+03
9.183031400000000000e+07 4.490000000000000000e+03 6.420000000000000000e+03 1.020000000000000000e+03 4.410000000000000000e+03
9.183050500000000000e+07 4.500000000000000000e+03 6.410000000000000000e+03 1.010000000000000000e+03 4.410000000000000000e+03
9.183071400000000000e+07 4.500000000000000000e+03 6.410000000000000000e+03 1.010000000000000000e+03 4.400000000000000000e+03
9.183092200000000000e+07 4.500000000000000000e+03 6.400000000000000000e+03 1.020000000000000000e+03 4.410000000000000000e+03
9.183113000000000000e+07 4.490000000000000000e+03 6.410000000000000000e+03 1.030000000000000000e+03 4.410000000000000000e+03
9.183133700000000000e+07 4.480000000000000000e+03 6.410000000000000000e+03 1.020000000000000000e+03 4.410000000000000000e+03
9.183154600000000000e+07 4.490000000000000000e+03 6.410000000000000000e+03 1.030000000000000000e+03 4.410000000000000000e+03
9.183175400000000000e+07 4.490000000000000000e+03 6.400000000000000000e+03 1.030000000000000000e+03 4.400000000000000000e+03
9.183196100000000000e+07 4.490000000000000000e+03 6.400000000000000000e+03 1.030000000000000000e+03 4.400000000000000000e+03
9.183216900000000000e+07 4.490000000000000000e+03 6.410000000000000000e+03 1.030000000000000000e+03 4.400000000000000000e+03
9.183237700000000000e+07 4.490000000000000000e+03 6.400000000000000000e+03 1.030000000000000000e+03 4.410000000000000000e+03
9.183258500000000000e+07 4.490000000000000000e+03 6.400000000000000000e+03 1.030000000000000000e+03 4.410000000000000000e+03
9.183279300000000000e+07 4.490000000000000000e+03 6.400000000000000000e+03 1.030000000000000000e+03 4.400000000000000000e+03
9.183300100000000000e+07 4.490000000000000000e+03 6.400000000000000000e+03 1.030000000000000000e+03 4.400000000000000000e+03
9.183320900000000000e+07 4.490000000000000000e+03 6.400000000000000000e+03 1.030000000000000000e+03 4.400000000000000000e+03
9.183341600000000000e+07 4.500000000000000000e+03 6.400000000000000000e+03 1.030000000000000000e+03 4.400000000000000000e+03
9.183362500000000000e+07 4.500000000000000000e+03 6.400000000000000000e+03 1.030000000000000000e+03 4.400000000000000000e+03
9.183381700000000000e+07 4.500000000000000000e+03 6.400000000000000000e+03 1.030000000000000000e+03 4.410000000000000000e+03
9.183402500000000000e+07 4.500000000000000000e+03 6.390000000000000000e+03 1.030000000000000000e+03 4.410000000000000000e+03
9.183423200000000000e+07 4.510000000000000000e+03 6.390000000000000000e+03 1.030000000000000000e+03 4.410000000000000000e+03
9.183444100000000000e+07 4.500000000000000000e+03 6.390000000000000000e+03 1.030000000000000000e+03 4.400000000000000000e+03
9.183464900000000000e+07 4.490000000000000000e+03 6.390000000000000000e+03 1.030000000000000000e+03 4.410000000000000000e+03
9.183485700000000000e+07 4.490000000000000000e+03 6.400000000000000000e+03 1.020000000000000000e+03 4.420000000000000000e+03
9.183506500000000000e+07 4.490000000000000000e+03 6.400000000000000000e+03 1.020000000000000000e+03 4.410000000000000000e+03
9.183527300000000000e+07 4.490000000000000000e+03 6.390000000000000000e+03 1.020000000000000000e+03 4.400000000000000000e+03
9.183548100000000000e+07 4.490000000000000000e+03 6.390000000000000000e+03 1.010000000000000000e+03 4.400000000000000000e+03
9.183568800000000000e+07 4.480000000000000000e+03 6.390000000000000000e+03 1.010000000000000000e+03 4.410000000000000000e+03
9.183652000000000000e+07 4.490000000000000000e+03 6.410000000000000000e+03 1.020000000000000000e+03 4.400000000000000000e+03
9.183672800000000000e+07 4.490000000000000000e+03 6.400000000000000000e+03 1.020000000000000000e+03 4.390000000000000000e+03
9.183693600000000000e+07 4.490000000000000000e+03 6.400000000000000000e+03 1.020000000000000000e+03 4.400000000000000000e+03
9.183714400000000000e+07 4.490000000000000000e+03 6.400000000000000000e+03 1.010000000000000000e+03 4.390000000000000000e+03
9.183733600000000000e+07 4.490000000000000000e+03 6.410000000000000000e+03 1.010000000000000000e+03 4.390000000000000000e+03
9.183754400000000000e+07 4.490000000000000000e+03 6.420000000000000000e+03 1.020000000000000000e+03 4.390000000000000000e+03
9.183775200000000000e+07 4.490000000000000000e+03 6.410000000000000000e+03 1.020000000000000000e+03 4.390000000000000000e+03
9.183796000000000000e+07 4.480000000000000000e+03 6.400000000000000000e+03 1.020000000000000000e+03 4.390000000000000000e+03
9.183816800000000000e+07 4.490000000000000000e+03 6.400000000000000000e+03 1.010000000000000000e+03 4.400000000000000000e+03
9.183837500000000000e+07 4.490000000000000000e+03 6.400000000000000000e+03 1.010000000000000000e+03 4.400000000000000000e+03
9.183858300000000000e+07 4.480000000000000000e+03 6.400000000000000000e+03 1.020000000000000000e+03 4.410000000000000000e+03
9.183879200000000000e+07 4.480000000000000000e+03 6.400000000000000000e+03 1.020000000000000000e+03 4.410000000000000000e+03
9.183900000000000000e+07 4.480000000000000000e+03 6.400000000000000000e+03 1.010000000000000000e+03 4.410000000000000000e+03
9.183920800000000000e+07 4.480000000000000000e+03 6.410000000000000000e+03 1.010000000000000000e+03 4.410000000000000000e+03
9.183941600000000000e+07 4.480000000000000000e+03 6.410000000000000000e+03 1.010000000000000000e+03 4.410000000000000000e+03
9.183962300000000000e+07 4.480000000000000000e+03 6.400000000000000000e+03 1.000000000000000000e+03 4.400000000000000000e+03
9.183983100000000000e+07 4.490000000000000000e+03 6.400000000000000000e+03 1.000000000000000000e+03 4.400000000000000000e+03
9.184003900000000000e+07 4.500000000000000000e+03 6.400000000000000000e+03 1.000000000000000000e+03 4.400000000000000000e+03
9.184024700000000000e+07 4.500000000000000000e+03 6.390000000000000000e+03 1.010000000000000000e+03 4.400000000000000000e+03
9.184045500000000000e+07 4.500000000000000000e+03 6.390000000000000000e+03 1.010000000000000000e+03 4.400000000000000000e+03
9.184064700000000000e+07 4.490000000000000000e+03 6.390000000000000000e+03 1.020000000000000000e+03 4.400000000000000000e+03
9.184085500000000000e+07 4.500000000000000000e+03 6.390000000000000000e+03 1.020000000000000000e+03 4.400000000000000000e+03
9.184106300000000000e+07 4.500000000000000000e+03 6.400000000000000000e+03 1.020000000000000000e+03 4.400000000000000000e+03
9.184127100000000000e+07 4.500000000000000000e+03 6.400000000000000000e+03 1.020000000000000000e+03 4.400000000000000000e+03
9.184147900000000000e+07 4.490000000000000000e+03 6.400000000000000000e+03 1.030000000000000000e+03 4.400000000000000000e+03
9.184168700000000000e+07 4.490000000000000000e+03 6.410000000000000000e+03 1.030000000000000000e+03 4.400000000000000000e+03
9.184189500000000000e+07 4.480000000000000000e+03 6.410000000000000000e+03 1.030000000000000000e+03 4.410000000000000000e+03
9.184210300000000000e+07 4.480000000000000000e+03 6.410000000000000000e+03 1.030000000000000000e+03 4.410000000000000000e+03
9.184231100000000000e+07 4.490000000000000000e+03 6.400000000000000000e+03 1.030000000000000000e+03 4.400000000000000000e+03
9.184251800000000000e+07 4.490000000000000000e+03 6.400000000000000000e+03 1.030000000000000000e+03 4.400000000000000000e+03
9.184272700000000000e+07 4.480000000000000000e+03 6.400000000000000000e+03 1.030000000000000000e+03 4.400000000000000000e+03
