1.145396530000000000e+08 2.200000000000000000e+03 4.500000000000000000e+03 3.090000000000000000e+03 5.060000000000000000e+03
1.145398600000000000e+08 2.210000000000000000e+03 4.510000000000000000e+03 3.090000000000000000e+03 5.060000000000000000e+03
1.145400690000000000e+08 2.210000000000000000e+03 4.520000000000000000e+03 3.090000000000000000e+03 5.060000000000000000e+03
1.145402770000000000e+08 2.210000000000000000e+03 4.530000000000000000e+03 3.090000000000000000e+03 5.060000000000000000e+03
1.145404840000000000e+08 2.200000000000000000e+03 4.530000000000000000e+03 3.090000000000000000e+03 5.060000000000000000e+03
1.145406930000000000e+08 2.200000000000000000e+03 4.530000000000000000e+03 3.090000000000000000e+03 5.070000000000000000e+03
1.145409010000000000e+08 2.200000000000000000e+03 4.530000000000000000e+03 3.090000000000000000e+03 5.070000000000000000e+03
1.145411090000000000e+08 2.200000000000000000e+03 4.530000000000000000e+03 3.090000000000000000e+03 5.070000000000000000e+03
1.145413170000000000e+08 2.200000000000000000e+03 4.520000000000000000e+03 3.090000000000000000e+03 5.070000000000000000e+03
1.145415250000000000e+08 2.200000000000000000e+03 4.520000000000000000e+03 3.090000000000000000e+03 5.070000000000000000e+03
1.145417330000000000e+08 2.200000000000000000e+03 4.520000000000000000e+03 3.080000000000000000e+03 5.060000000000000000e+03
1.145419410000000000e+08 2.200000000000000000e+03 4.520000000000000000e+03 3.080000000000000000e+03 5.060000000000000000e+03
1.145421490000000000e+08 2.200000000000000000e+03 4.520000000000000000e+03 3.070000000000000000e+03 5.070000000000000000e+03
1.145423590000000000e+08 2.190000000000000000e+03 4.510000000000000000e+03 3.070000000000000000e+03 5.070000000000000000e+03
1.145425650000000000e+08 2.180000000000000000e+03 4.520000000000000000e+03 3.080000000000000000e+03 5.070000000000000000e+03
1.145427730000000000e+08 2.190000000000000000e+03 4.530000000000000000e+03 3.080000000000000000e+03 5.070000000000000000e+03
1.145429800000000000e+08 2.190000000000000000e+03 4.540000000000000000e+03 3.070000000000000000e+03 5.070000000000000000e+03
1.145431890000000000e+08 2.190000000000000000e+03 4.540000000000000000e+03 3.070000000000000000e+03 5.070000000000000000e+03
1.145433970000000000e+08 2.190000000000000000e+03 4.540000000000000000e+03 3.080000000000000000e+03 5.070000000000000000e+03
1.145436050000000000e+08 2.190000000000000000e+03 4.530000000000000000e+03 3.090000000000000000e+03 5.070000000000000000e+03
1.145438130000000000e+08 2.190000000000000000e+03 4.530000000000000000e+03 3.090000000000000000e+03 5.070000000000000000e+03
1.145440200000000000e+08 2.190000000000000000e+03 4.530000000000000000e+03 3.100000000000000000e+03 5.060000000000000000e+03
1.145442280000000000e+08 2.200000000000000000e+03 4.540000000000000000e+03 3.100000000000000000e+03 5.060000000000000000e+03
1.145444360000000000e+08 2.200000000000000000e+03 4.540000000000000000e+03 3.100000000000000000e+03 5.060000000000000000e+03
1.145446440000000000e+08 2.190000000000000000e+03 4.540000000000000000e+03 3.100000000000000000e+03 5.070000000000000000e+03
1.145448520000000000e+08 2.190000000000000000e+03 4.530000000000000000e+03 3.090000000000000000e+03 5.070000000000000000e+03
1.145450600000000000e+08 2.180000000000000000e+03 4.520000000000000000e+03 3.090000000000000000e+03 5.060000000000000000e+03
1.145452680000000000e+08 2.180000000000000000e+03 4.530000000000000000e+03 3.080000000000000000e+03 5.060000000000000000e+03
1.145454760000000000e+08 2.190000000000000000e+03 4.540000000000000000e+03 3.080000000000000000e+03 5.050000000000000000e+03
1.145456840000000000e+08 2.180000000000000000e+03 4.540000000000000000e+03 3.080000000000000000e+03 5.050000000000000000e+03
1.145458920000000000e+08 2.180000000000000000e+03 4.540000000000000000e+03 3.080000000000000000e+03 5.040000000000000000e+03
1.145461000000000000e+08 2.180000000000000000e+03 4.530000000000000000e+03 3.080000000000000000e+03 5.040000000000000000e+03
1.145463080000000000e+08 2.180000000000000000e+03 4.530000000000000000e+03 3.080000000000000000e+03 5.030000000000000000e+03
1.145465160000000000e+08 2.180000000000000000e+03 4.520000000000000000e+03 3.080000000000000000e+03 5.040000000000000000e+03
1.145467240000000000e+08 2.170000000000000000e+03 4.530000000000000000e+03 3.090000000000000000e+03 5.040000000000000000e+03
1.145469320000000000e+08 2.170000000000000000e+03 4.530000000000000000e+03 3.090000000000000000e+03 5.040000000000000000e+03
1.145471400000000000e+08 2.170000000000000000e+03 4.530000000000000000e+03 3.090000000000000000e+03 5.040000000000000000e+03
1.145473480000000000e+08 2.180000000000000000e+03 4.510000000000000000e+03 3.080000000000000000e+03 5.050000000000000000e+03
1.145475560000000000e+08 2.170000000000000000e+03 4.510000000000000000e+03 3.070000000000000000e+03 5.060000000000000000e+03
1.145477640000000000e+08 2.190000000000000000e+03 4.510000000000000000e+03 3.080000000000000000e+03 5.060000000000000000e+03
1.145479730000000000e+08 2.190000000000000000e+03 4.510000000000000000e+03 3.080000000000000000e+03 5.060000000000000000e+03
1.145481800000000000e+08 2.200000000000000000e+03 4.500000000000000000e+03 3.080000000000000000e+03 5.060000000000000000e+03
1.145483880000000000e+08 2.200000000000000000e+03 4.510000000000000000e+03 3.080000000000000000e+03 5.050000000000000000e+03
1.145485960000000000e+08 2.200000000000000000e+03 4.520000000000000000e+03 3.080000000000000000e+03 5.060000000000000000e+03
1.145488040000000000e+08 2.200000000000000000e+03 4.520000000000000000e+03 3.070000000000000000e+03 5.060000000000000000e+03
1.145490120000000000e+08 2.190000000000000000e+03 4.510000000000000000e+03 3.080000000000000000e+03 5.060000000000000000e+03
1.145492200000000000e+08 2.180000000000000000e+03 4.500000000000000000e+03 3.080000000000000000e+03 5.060000000000000000e+03
1.145494280000000000e+08 2.180000000000000000e+03 4.510000000000000000e+03 3.080000000000000000e+03 5.060000000000000000e+03
1.145496350000000000e+08 2.190000000000000000e+03 4.520000000000000000e+03 3.080000000000000000e+03 5.060000000000000000e+03
1.145498430000000000e+08 2.200000000000000000e+03 4.520000000000000000e+03 3.080000000000000000e+03 5.060000000000000000e+03
1.145500510000000000e+08 2.200000000000000000e+03 4.520000000000000000e+03 3.080000000000000000e+03 5.060000000000000000e+03
1.145502590000000000e+08 2.200000000000000000e+03 4.520000000000000000e+03 3.080000000000000000e+03 5.060000000000000000e+03
1.145504670000000000e+08 2.200000000000000000e+03 4.520000000000000000e+03 3.070000000000000000e+03 5.070000000000000000e+03
1.145506750000000000e+08 2.200000000000000000e+03 4.520000000000000000e+03 3.070000000000000000e+03 5.070000000000000000e+03
1.145508830000000000e+08 2.200000000000000000e+03 4.520000000000000000e+03 3.070000000000000000e+03 5.070000000000000000e+03
1.145510910000000000e+08 2.200000000000000000e+03 4.510000000000000000e+03 3.070000000000000000e+03 5.070000000000000000e+03
1.145512990000000000e+08 2.200000000000000000e+03 4.520000000000000000e+03 3.080000000000000000e+03 5.060000000000000000e+03
1.145515070000000000e+08 2.200000000000000000e+03 4.520000000000000000e+03 3.080000000000000000e+03 5.060000000000000000e+03
1.145517150000000000e+08 2.200000000000000000e+03 4.510000000000000000e+03 3.080000000000000000e+03 5.070000000000000000e+03
1.145519230000000000e+08 2.210000000000000000e+03 4.520000000000000000e+03 3.070000000000000000e+03 5.070000000000000000e+03
1.145521310000000000e+08 2.200000000000000000e+03 4.520000000000000000e+03 3.070000000000000000e+03 5.060000000000000000e+03
1.145523390000000000e+08 2.190000000000000000e+03 4.520000000000000000e+03 3.070000000000000000e+03 5.060000000000000000e+03
1.145525470000000000e+08 2.180000000000000000e+03 4.510000000000000000e+03 3.070000000000000000e+03 5.060000000000000000e+03
1.145527550000000000e+08 2.180000000000000000e+03 4.520000000000000000e+03 3.070000000000000000e+03 5.060000000000000000e+03
1.145529630000000000e+08 2.170000000000000000e+03 4.520000000000000000e+03 3.070000000000000000e+03 5.070000000000000000e+03
1.145531710000000000e+08 2.190000000000000000e+03 4.520000000000000000e+03 3.070000000000000000e+03 5.070000000000000000e+03
1.145533790000000000e+08 2.200000000000000000e+03 4.530000000000000000e+03 3.080000000000000000e+03 5.070000000000000000e+03
1.145535870000000000e+08 2.200000000000000000e+03 4.550000000000000000e+03 3.080000000000000000e+03 5.070000000000000000e+03
1.145537950000000000e+08 2.190000000000000000e+03 4.550000000000000000e+03 3.080000000000000000e+03 5.070000000000000000e+03
1.145540030000000000e+08 2.180000000000000000e+03 4.550000000000000000e+03 3.080000000000000000e+03 5.060000000000000000e+03
1.145542110000000000e+08 2.180000000000000000e+03 4.550000000000000000e+03 3.080000000000000000e+03 5.060000000000000000e+03
1.145544190000000000e+08 2.180000000000000000e+03 4.540000000000000000e+03 3.080000000000000000e+03 5.060000000000000000e+03
1.145546260000000000e+08 2.190000000000000000e+03 4.540000000000000000e+03 3.080000000000000000e+03 5.070000000000000000e+03
1.145548350000000000e+08 2.190000000000000000e+03 4.540000000000000000e+03 3.090000000000000000e+03 5.060000000000000000e+03
1.145550430000000000e+08 2.190000000000000000e+03 4.550000000000000000e+03 3.090000000000000000e+03 5.060000000000000000e+03
1.145552510000000000e+08 2.190000000000000000e+03 4.550000000000000000e+03 3.080000000000000000e+03 5.070000000000000000e+03
1.145554580000000000e+08 2.180000000000000000e+03 4.550000000000000000e+03 3.080000000000000000e+03 5.050000000000000000e+03
1.145556660000000000e+08 2.180000000000000000e+03 4.550000000000000000e+03 3.070000000000000000e+03 5.060000000000000000e+03
1.145558740000000000e+08 2.180000000000000000e+03 4.550000000000000000e+03 3.070000000000000000e+03 5.060000000000000000e+03
1.145560820000000000e+08 2.180000000000000000e+03 4.550000000000000000e+03 3.070000000000000000e+03 5.060000000000000000e+03
1.145562900000000000e+08 2.190000000000000000e+03 4.550000000000000000e+03 3.080000000000000000e+03 5.060000000000000000e+03
1.145564980000000000e+08 2.190000000000000000e+03 4.550000000000000000e+03 3.080000000000000000e+03 5.060000000000000000e+03
1.145567060000000000e+08 2.190000000000000000e+03 4.530000000000000000e+03 3.090000000000000000e+03 5.060000000000000000e+03
1.145569140000000000e+08 2.190000000000000000e+03 4.530000000000000000e+03 3.080000000000000000e+03 5.060000000000000000e+03
1.145571220000000000e+08 2.190000000000000000e+03 4.520000000000000000e+03 3.080000000000000000e+03 5.060000000000000000e+03
1.145573300000000000e+08 2.190000000000000000e+03 4.520000000000000000e+03 3.080000000000000000e+03 5.070000000000000000e+03
1.145575380000000000e+08 2.190000000000000000e+03 4.520000000000000000e+03 3.080000000000000000e+03 5.060000000000000000e+03
1.145577460000000000e+08 2.190000000000000000e+03 4.520000000000000000e+03 3.080000000000000000e+03 5.060000000000000000e+03
1.145579540000000000e+08 2.190000000000000000e+03 4.520000000000000000e+03 3.080000000000000000e+03 5.060000000000000000e+03
1.145581620000000000e+08 2.200000000000000000e+03 4.520000000000000000e+03 3.070000000000000000e+03 5.060000000000000000e+03
1.145583700000000000e+08 2.200000000000000000e+03 4.530000000000000000e+03 3.070000000000000000e+03 5.050000000000000000e+03
1.145585780000000000e+08 2.200000000000000000e+03 4.530000000000000000e+03 3.070000000000000000e+03 5.050000000000000000e+03
1.145587860000000000e+08 2.210000000000000000e+03 4.530000000000000000e+03 3.070000000000000000e+03 5.060000000000000000e+03
1.145589940000000000e+08 2.210000000000000000e+03 4.530000000000000000e+03 3.080000000000000000e+03 5.060000000000000000e+03
1.145592020000000000e+08 2.190000000000000000e+03 4.530000000000000000e+03 3.080000000000000000e+03 5.060000000000000000e+03
1.145594100000000000e+08 2.200000000000000000e+03 4.540000000000000000e+03 3.080000000000000000e+03 5.060000000000000000e+03
1.145596180000000000e+08 2.200000000000000000e+03 4.540000000000000000e+03 3.080000000000000000e+03 5.060000000000000000e+03
1.145598260000000000e+08 2.200000000000000000e+03 4.530000000000000000e+03 3.080000000000000000e+03 5.060000000000000000e+03
1.146000340000000000e+08 2.190000000000000000e+03 4.540000000000000000e+03 3.080000000000000000e+03 5.060000000000000000e+03
1.146002420000000000e+08 2.180000000000000000e+03 4.530000000000000000e+03 3.080000000000000000e+03 5.060000000000000000e+03
1.146004500000000000e+08 2.180000000000000000e+03 4.530000000000000000e+03 3.080000000000000000e+03 5.070000000000000000e+03
1.146006580000000000e+08 2.180000000000000000e+03 4.540000000000000000e+03 3.080000000000000000e+03 5.070000000000000000e+03
1.146008660000000000e+08 2.180000000000000000e+03 4.520000000000000000e+03 3.080000000000000000e+03 5.070000000000000000e+03
1.146010740000000000e+08 2.190000000000000000e+03 4.510000000000000000e+03 3.080000000000000000e+03 5.070000000000000000e+03
1.146012820000000000e+08 2.190000000000000000e+03 4.510000000000000000e+03 3.080000000000000000e+03 5.070000000000000000e+03
1.146014900000000000e+08 2.190000000000000000e+03 4.500000000000000000e+03 3.080000000000000000e+03 5.070000000000000000e+03
1.146016970000000000e+08 2.190000000000000000e+03 4.510000000000000000e+03 3.080000000000000000e+03 5.070000000000000000e+03
1.146019050000000000e+08 2.190000000000000000e+03 4.530000000000000000e+03 3.080000000000000000e+03 5.070000000000000000e+03
1.146021130000000000e+08 2.190000000000000000e+03 4.530000000000000000e+03 3.080000000000000000e+03 5.070000000000000000e+03
1.146023210000000000e+08 2.190000000000000000e+03 4.540000000000000000e+03 3.080000000000000000e+03 5.070000000000000000e+03
1.146025290000000000e+08 2.190000000000000000e+03 4.550000000000000000e+03 3.080000000000000000e+03 5.070000000000000000e+03
1.146027370000000000e+08 2.190000000000000000e+03 4.550000000000000000e+03 3.080000000000000000e+03 5.060000000000000000e+03
1.146029450000000000e+08 2.180000000000000000e+03 4.550000000000000000e+03 3.090000000000000000e+03 5.060000000000000000e+03
1.146031530000000000e+08 2.180000000000000000e+03 4.530000000000000000e+03 3.090000000000000000e+03 5.060000000000000000e+03
1.146033610000000000e+08 2.180000000000000000e+03 4.530000000000000000e+03 3.090000000000000000e+03 5.060000000000000000e+03
1.146035690000000000e+08 2.190000000000000000e+03 4.550000000000000000e+03 3.090000000000000000e+03 5.060000000000000000e+03
1.146037770000000000e+08 2.180000000000000000e+03 4.540000000000000000e+03 3.090000000000000000e+03 5.060000000000000000e+03
1.146039850000000000e+08 2.180000000000000000e+03 4.540000000000000000e+03 3.080000000000000000e+03 5.060000000000000000e+03
1.146041930000000000e+08 2.190000000000000000e+03 4.540000000000000000e+03 3.080000000000000000e+03 5.060000000000000000e+03
1.146044010000000000e+08 2.190000000000000000e+03 4.540000000000000000e+03 3.090000000000000000e+03 5.060000000000000000e+03
1.146046090000000000e+08 2.190000000000000000e+03 4.530000000000000000e+03 3.090000000000000000e+03 5.060000000000000000e+03
1.146048170000000000e+08 2.190000000000000000e+03 4.530000000000000000e+03 3.090000000000000000e+03 5.060000000000000000e+03
1.146050250000000000e+08 2.190000000000000000e+03 4.530000000000000000e+03 3.080000000000000000e+03 5.070000000000000000e+03
1.146052330000000000e+08 2.190000000000000000e+03 4.530000000000000000e+03 3.070000000000000000e+03 5.070000000000000000e+03
1.146054410000000000e+08 2.190000000000000000e+03 4.530000000000000000e+03 3.070000000000000000e+03 5.060000000000000000e+03
1.146056490000000000e+08 2.200000000000000000e+03 4.540000000000000000e+03 3.080000000000000000e+03 5.050000000000000000e+03
1.146058570000000000e+08 2.190000000000000000e+03 4.530000000000000000e+03 3.080000000000000000e+03 5.050000000000000000e+03
1.146060650000000000e+08 2.190000000000000000e+03 4.540000000000000000e+03 3.080000000000000000e+03 5.050000000000000000e+03
1.146062730000000000e+08 2.190000000000000000e+03 4.540000000000000000e+03 3.080000000000000000e+03 5.040000000000000000e+03
1.146064810000000000e+08 2.190000000000000000e+03 4.540000000000000000e+03 3.080000000000000000e+03 5.040000000000000000e+03
1.146066890000000000e+08 2.180000000000000000e+03 4.520000000000000000e+03 3.080000000000000000e+03 5.050000000000000000e+03
1.146071040000000000e+08 2.180000000000000000e+03 4.520000000000000000e+03 3.080000000000000000e+03 5.060000000000000000e+03
1.146073130000000000e+08 2.180000000000000000e+03 4.520000000000000000e+03 3.080000000000000000e+03 5.060000000000000000e+03
1.146075200000000000e+08 2.180000000000000000e+03 4.530000000000000000e+03 3.080000000000000000e+03 5.060000000000000000e+03
1.146077280000000000e+08 2.180000000000000000e+03 4.520000000000000000e+03 3.080000000000000000e+03 5.060000000000000000e+03
1.146079360000000000e+08 2.180000000000000000e+03 4.520000000000000000e+03 3.080000000000000000e+03 5.060000000000000000e+03
1.146081440000000000e+08 2.180000000000000000e+03 4.520000000000000000e+03 3.080000000000000000e+03 5.060000000000000000e+03
1.146083520000000000e+08 2.190000000000000000e+03 4.520000000000000000e+03 3.080000000000000000e+03 5.060000000000000000e+03
1.146085600000000000e+08 2.190000000000000000e+03 4.530000000000000000e+03 3.080000000000000000e+03 5.060000000000000000e+03
1.146087680000000000e+08 2.190000000000000000e+03 4.530000000000000000e+03 3.080000000000000000e+03 5.060000000000000000e+03
1.146089760000000000e+08 2.190000000000000000e+03 4.520000000000000000e+03 3.070000000000000000e+03 5.060000000000000000e+03
1.146091840000000000e+08 2.200000000000000000e+03 4.510000000000000000e+03 3.070000000000000000e+03 5.060000000000000000e+03
1.146093920000000000e+08 2.190000000000000000e+03 4.530000000000000000e+03 3.070000000000000000e+03 5.060000000000000000e+03
1.146096000000000000e+08 2.190000000000000000e+03 4.530000000000000000e+03 3.070000000000000000e+03 5.060000000000000000e+03
1.146098080000000000e+08 2.190000000000000000e+03 4.530000000000000000e+03 3.070000000000000000e+03 5.060000000000000000e+03
1.146100160000000000e+08 2.190000000000000000e+03 4.530000000000000000e+03 3.070000000000000000e+03 5.060000000000000000e+03
1.146102240000000000e+08 2.200000000000000000e+03 4.530000000000000000e+03 3.080000000000000000e+03 5.060000000000000000e+03
1.146104320000000000e+08 2.200000000000000000e+03 4.540000000000000000e+03 3.080000000000000000e+03 5.060000000000000000e+03
1.146106400000000000e+08 2.200000000000000000e+03 4.530000000000000000e+03 3.080000000000000000e+03 5.070000000000000000e+03
1.146108480000000000e+08 2.200000000000000000e+03 4.530000000000000000e+03 3.070000000000000000e+03 5.060000000000000000e+03
1.146110560000000000e+08 2.200000000000000000e+03 4.530000000000000000e+03 3.070000000000000000e+03 5.060000000000000000e+03
1.146112640000000000e+08 2.200000000000000000e+03 4.520000000000000000e+03 3.060000000000000000e+03 5.070000000000000000e+03
1.146114720000000000e+08 2.200000000000000000e+03 4.520000000000000000e+03 3.070000000000000000e+03 5.070000000000000000e+03
1.146116800000000000e+08 2.190000000000000000e+03 4.520000000000000000e+03 3.070000000000000000e+03 5.070000000000000000e+03
1.146118880000000000e+08 2.190000000000000000e+03 4.530000000000000000e+03 3.070000000000000000e+03 5.070000000000000000e+03
1.146120960000000000e+08 2.190000000000000000e+03 4.530000000000000000e+03 3.070000000000000000e+03 5.070000000000000000e+03
1.146123040000000000e+08 2.190000000000000000e+03 4.520000000000000000e+03 3.080000000000000000e+03 5.070000000000000000e+03
1.146125120000000000e+08 2.190000000000000000e+03 4.510000000000000000e+03 3.080000000000000000e+03 5.070000000000000000e+03
1.146127200000000000e+08 2.190000000000000000e+03 4.510000000000000000e+03 3.080000000000000000e+03 5.070000000000000000e+03
1.146129270000000000e+08 2.180000000000000000e+03 4.520000000000000000e+03 3.090000000000000000e+03 5.070000000000000000e+03
1.146131350000000000e+08 2.180000000000000000e+03 4.520000000000000000e+03 3.090000000000000000e+03 5.070000000000000000e+03
1.146133430000000000e+08 2.190000000000000000e+03 4.520000000000000000e+03 3.080000000000000000e+03 5.070000000000000000e+03
1.146135510000000000e+08 2.190000000000000000e+03 4.510000000000000000e+03 3.080000000000000000e+03 5.070000000000000000e+03
1.146137590000000000e+08 2.190000000000000000e+03 4.500000000000000000e+03 3.080000000000000000e+03 5.060000000000000000e+03
1.146139670000000000e+08 2.190000000000000000e+03 4.520000000000000000e+03 3.080000000000000000e+03 5.060000000000000000e+03
1.146141750000000000e+08 2.190000000000000000e+03 4.520000000000000000e+03 3.070000000000000000e+03 5.060000000000000000e+03
1.146143830000000000e+08 2.190000000000000000e+03 4.520000000000000000e+03 3.070000000000000000e+03 5.060000000000000000e+03
1.146145910000000000e+08 2.190000000000000000e+03 4.520000000000000000e+03 3.080000000000000000e+03 5.060000000000000000e+03
1.146147990000000000e+08 2.190000000000000000e+03 4.520000000000000000e+03 3.070000000000000000e+03 5.070000000000000000e+03
1.146150060000000000e+08 2.200000000000000000e+03 4.540000000000000000e+03 3.070000000000000000e+03 5.070000000000000000e+03
1.146152150000000000e+08 2.190000000000000000e+03 4.530000000000000000e+03 3.080000000000000000e+03 5.070000000000000000e+03
1.146154230000000000e+08 2.200000000000000000e+03 4.530000000000000000e+03 3.080000000000000000e+03 5.060000000000000000e+03
1.146156310000000000e+08 2.200000000000000000e+03 4.530000000000000000e+03 3.080000000000000000e+03 5.060000000000000000e+03
1.146158390000000000e+08 2.190000000000000000e+03 4.540000000000000000e+03 3.090000000000000000e+03 5.070000000000000000e+03
1.146160470000000000e+08 2.190000000000000000e+03 4.530000000000000000e+03 3.090000000000000000e+03 5.060000000000000000e+03
1.146162550000000000e+08 2.190000000000000000e+03 4.540000000000000000e+03 3.090000000000000000e+03 5.060000000000000000e+03
1.146164630000000000e+08 2.190000000000000000e+03 4.550000000000000000e+03 3.080000000000000000e+03 5.060000000000000000e+03
1.146166710000000000e+08 2.190000000000000000e+03 4.550000000000000000e+03 3.070000000000000000e+03 5.070000000000000000e+03
1.146168790000000000e+08 2.190000000000000000e+03 4.550000000000000000e+03 3.070000000000000000e+03 5.070000000000000000e+03
1.146170870000000000e+08 2.190000000000000000e+03 4.560000000000000000e+03 3.070000000000000000e+03 5.070000000000000000e+03
1.146172950000000000e+08 2.200000000000000000e+03 4.560000000000000000e+03 3.070000000000000000e+03 5.070000000000000000e+03
1.146175030000000000e+08 2.200000000000000000e+03 4.540000000000000000e+03 3.070000000000000000e+03 5.070000000000000000e+03
1.146177110000000000e+08 2.200000000000000000e+03 4.540000000000000000e+03 3.080000000000000000e+03 5.060000000000000000e+03
1.146179190000000000e+08 2.200000000000000000e+03 4.530000000000000000e+03 3.080000000000000000e+03 5.060000000000000000e+03
1.146181270000000000e+08 2.200000000000000000e+03 4.520000000000000000e+03 3.080000000000000000e+03 5.060000000000000000e+03
1.146183350000000000e+08 2.200000000000000000e+03 4.520000000000000000e+03 3.090000000000000000e+03 5.060000000000000000e+03
1.146185420000000000e+08 2.200000000000000000e+03 4.520000000000000000e+03 3.090000000000000000e+03 5.050000000000000000e+03
1.146187500000000000e+08 2.200000000000000000e+03 4.520000000000000000e+03 3.090000000000000000e+03 5.060000000000000000e+03
1.146189580000000000e+08 2.200000000000000000e+03 4.510000000000000000e+03 3.090000000000000000e+03 5.050000000000000000e+03
1.146191660000000000e+08 2.200000000000000000e+03 4.530000000000000000e+03 3.090000000000000000e+03 5.060000000000000000e+03
1.146193740000000000e+08 2.200000000000000000e+03 4.530000000000000000e+03 3.090000000000000000e+03 5.060000000000000000e+03
1.146195820000000000e+08 2.200000000000000000e+03 4.530000000000000000e+03 3.080000000000000000e+03 5.060000000000000000e+03
1.146197900000000000e+08 2.190000000000000000e+03 4.540000000000000000e+03 3.080000000000000000e+03 5.060000000000000000e+03
1.146199980000000000e+08 2.200000000000000000e+03 4.540000000000000000e+03 3.080000000000000000e+03 5.060000000000000000e+03
1.146202050000000000e+08 2.200000000000000000e+03 4.530000000000000000e+03 3.080000000000000000e+03 5.060000000000000000e+03
1.146204140000000000e+08 2.200000000000000000e+03 4.530000000000000000e+03 3.080000000000000000e+03 5.060000000000000000e+03
1.146206220000000000e+08 2.210000000000000000e+03 4.540000000000000000e+03 3.080000000000000000e+03 5.060000000000000000e+03
1.146208300000000000e+08 2.210000000000000000e+03 4.540000000000000000e+03 3.080000000000000000e+03 5.060000000000000000e+03
1.146210380000000000e+08 2.210000000000000000e+03 4.540000000000000000e+03 3.080000000000000000e+03 5.060000000000000000e+03
1.146212460000000000e+08 2.210000000000000000e+03 4.550000000000000000e+03 3.080000000000000000e+03 5.060000000000000000e+03
1.146214540000000000e+08 2.200000000000000000e+03 4.550000000000000000e+03 3.080000000000000000e+03 5.050000000000000000e+03
1.146216620000000000e+08 2.200000000000000000e+03 4.550000000000000000e+03 3.080000000000000000e+03 5.050000000000000000e+03
1.146218700000000000e+08 2.200000000000000000e+03 4.540000000000000000e+03 3.090000000000000000e+03 5.050000000000000000e+03
1.146220780000000000e+08 2.190000000000000000e+03 4.540000000000000000e+03 3.080000000000000000e+03 5.060000000000000000e+03
1.146222860000000000e+08 2.190000000000000000e+03 4.550000000000000000e+03 3.080000000000000000e+03 5.070000000000000000e+03
1.146224940000000000e+08 2.190000000000000000e+03 4.550000000000000000e+03 3.070000000000000000e+03 5.070000000000000000e+03
1.146227020000000000e+08 2.190000000000000000e+03 4.550000000000000000e+03 3.070000000000000000e+03 5.070000000000000000e+03
1.146229100000000000e+08 2.190000000000000000e+03 4.550000000000000000e+03 3.080000000000000000e+03 5.060000000000000000e+03
1.146231180000000000e+08 2.190000000000000000e+03 4.540000000000000000e+03 3.080000000000000000e+03 5.070000000000000000e+03
1.146233260000000000e+08 2.190000000000000000e+03 4.530000000000000000e+03 3.080000000000000000e+03 5.070000000000000000e+03
1.146235340000000000e+08 2.190000000000000000e+03 4.530000000000000000e+03 3.080000000000000000e+03 5.070000000000000000e+03
1.146237420000000000e+08 2.200000000000000000e+03 4.520000000000000000e+03 3.080000000000000000e+03 5.070000000000000000e+03
1.146239500000000000e+08 2.180000000000000000e+03 4.520000000000000000e+03 3.080000000000000000e+03 5.070000000000000000e+03
1.146241580000000000e+08 2.180000000000000000e+03 4.520000000000000000e+03 3.080000000000000000e+03 5.060000000000000000e+03
1.146243650000000000e+08 2.180000000000000000e+03 4.520000000000000000e+03 3.080000000000000000e+03 5.070000000000000000e+03
1.146245730000000000e+08 2.180000000000000000e+03 4.520000000000000000e+03 3.070000000000000000e+03 5.080000000000000000e+03
1.146247810000000000e+08 2.190000000000000000e+03 4.530000000000000000e+03 3.070000000000000000e+03 5.080000000000000000e+03
1.146249890000000000e+08 2.200000000000000000e+03 4.540000000000000000e+03 3.080000000000000000e+03 5.080000000000000000e+03
1.146251970000000000e+08 2.210000000000000000e+03 4.540000000000000000e+03 3.090000000000000000e+03 5.070000000000000000e+03
1.146254050000000000e+08 2.210000000000000000e+03 4.530000000000000000e+03 3.090000000000000000e+03 5.070000000000000000e+03
1.146256130000000000e+08 2.210000000000000000e+03 4.520000000000000000e+03 3.080000000000000000e+03 5.070000000000000000e+03
1.146258210000000000e+08 2.210000000000000000e+03 4.510000000000000000e+03 3.070000000000000000e+03 5.070000000000000000e+03
1.146260290000000000e+08 2.210000000000000000e+03 4.510000000000000000e+03 3.070000000000000000e+03 5.060000000000000000e+03
1.146262370000000000e+08 2.210000000000000000e+03 4.510000000000000000e+03 3.070000000000000000e+03 5.070000000000000000e+03
1.146264450000000000e+08 2.210000000000000000e+03 4.520000000000000000e+03 3.070000000000000000e+03 5.070000000000000000e+03
1.146266530000000000e+08 2.210000000000000000e+03 4.510000000000000000e+03 3.070000000000000000e+03 5.070000000000000000e+03
1.146268610000000000e+08 2.210000000000000000e+03 4.520000000000000000e+03 3.080000000000000000e+03 5.070000000000000000e+03
1.146270690000000000e+08 2.210000000000000000e+03 4.520000000000000000e+03 3.080000000000000000e+03 5.070000000000000000e+03
1.146272770000000000e+08 2.210000000000000000e+03 4.520000000000000000e+03 3.080000000000000000e+03 5.070000000000000000e+03
1.146274850000000000e+08 2.210000000000000000e+03 4.520000000000000000e+03 3.080000000000000000e+03 5.070000000000000000e+03
1.146276930000000000e+08 2.200000000000000000e+03 4.520000000000000000e+03 3.070000000000000000e+03 5.080000000000000000e+03
1.146279010000000000e+08 2.190000000000000000e+03 4.530000000000000000e+03 3.080000000000000000e+03 5.080000000000000000e+03
1.146281080000000000e+08 2.190000000000000000e+03 4.530000000000000000e+03 3.070000000000000000e+03 5.080000000000000000e+03
1.146283170000000000e+08 2.190000000000000000e+03 4.520000000000000000e+03 3.070000000000000000e+03 5.080000000000000000e+03
1.146285250000000000e+08 2.190000000000000000e+03 4.530000000000000000e+03 3.080000000000000000e+03 5.080000000000000000e+03
1.146287330000000000e+08 2.200000000000000000e+03 4.540000000000000000e+03 3.080000000000000000e+03 5.070000000000000000e+03
1.146289410000000000e+08 2.200000000000000000e+03 4.530000000000000000e+03 3.070000000000000000e+03 5.070000000000000000e+03
1.146291490000000000e+08 2.210000000000000000e+03 4.540000000000000000e+03 3.080000000000000000e+03 5.070000000000000000e+03
1.146293570000000000e+08 2.210000000000000000e+03 4.540000000000000000e+03 3.080000000000000000e+03 5.070000000000000000e+03
1.146295650000000000e+08 2.200000000000000000e+03 4.540000000000000000e+03 3.080000000000000000e+03 5.070000000000000000e+03
1.146297730000000000e+08 2.200000000000000000e+03 4.530000000000000000e+03 3.090000000000000000e+03 5.060000000000000000e+03
1.146299800000000000e+08 2.200000000000000000e+03 4.510000000000000000e+03 3.090000000000000000e+03 5.060000000000000000e+03
1.146301890000000000e+08 2.190000000000000000e+03 4.510000000000000000e+03 3.080000000000000000e+03 5.070000000000000000e+03
1.146303970000000000e+08 2.190000000000000000e+03 4.530000000000000000e+03 3.080000000000000000e+03 5.070000000000000000e+03
1.146306040000000000e+08 2.190000000000000000e+03 4.520000000000000000e+03 3.090000000000000000e+03 5.070000000000000000e+03
1.146308120000000000e+08 2.190000000000000000e+03 4.520000000000000000e+03 3.080000000000000000e+03 5.060000000000000000e+03
1.146310200000000000e+08 2.190000000000000000e+03 4.530000000000000000e+03 3.080000000000000000e+03 5.060000000000000000e+03
1.146312280000000000e+08 2.200000000000000000e+03 4.540000000000000000e+03 3.080000000000000000e+03 5.060000000000000000e+03
1.146314360000000000e+08 2.200000000000000000e+03 4.540000000000000000e+03 3.070000000000000000e+03 5.060000000000000000e+03
1.146316440000000000e+08 2.200000000000000000e+03 4.550000000000000000e+03 3.070000000000000000e+03 5.070000000000000000e+03
1.146318520000000000e+08 2.190000000000000000e+03 4.550000000000000000e+03 3.080000000000000000e+03 5.070000000000000000e+03
1.146320600000000000e+08 2.190000000000000000e+03 4.540000000000000000e+03 3.070000000000000000e+03 5.060000000000000000e+03
1.146322680000000000e+08 2.200000000000000000e+03 4.550000000000000000e+03 3.080000000000000000e+03 5.060000000000000000e+03
1.146324760000000000e+08 2.200000000000000000e+03 4.550000000000000000e+03 3.080000000000000000e+03 5.050000000000000000e+03
1.146326840000000000e+08 2.190000000000000000e+03 4.540000000000000000e+03 3.080000000000000000e+03 5.060000000000000000e+03
1.146328920000000000e+08 2.190000000000000000e+03 4.540000000000000000e+03 3.080000000000000000e+03 5.060000000000000000e+03
1.146331000000000000e+08 2.190000000000000000e+03 4.540000000000000000e+03 3.080000000000000000e+03 5.060000000000000000e+03
1.146333080000000000e+08 2.190000000000000000e+03 4.540000000000000000e+03 3.080000000000000000e+03 5.060000000000000000e+03
1.146335160000000000e+08 2.190000000000000000e+03 4.540000000000000000e+03 3.080000000000000000e+03 5.060000000000000000e+03
1.146337240000000000e+08 2.190000000000000000e+03 4.540000000000000000e+03 3.080000000000000000e+03 5.070000000000000000e+03
1.146339320000000000e+08 2.190000000000000000e+03 4.540000000000000000e+03 3.080000000000000000e+03 5.070000000000000000e+03
1.146341400000000000e+08 2.190000000000000000e+03 4.530000000000000000e+03 3.080000000000000000e+03 5.070000000000000000e+03
1.146343480000000000e+08 2.190000000000000000e+03 4.530000000000000000e+03 3.080000000000000000e+03 5.070000000000000000e+03
1.146345560000000000e+08 2.190000000000000000e+03 4.540000000000000000e+03 3.070000000000000000e+03 5.070000000000000000e+03
1.146347640000000000e+08 2.180000000000000000e+03 4.540000000000000000e+03 3.070000000000000000e+03 5.070000000000000000e+03
1.146349720000000000e+08 2.180000000000000000e+03 4.550000000000000000e+03 3.080000000000000000e+03 5.070000000000000000e+03
1.146351800000000000e+08 2.180000000000000000e+03 4.540000000000000000e+03 3.080000000000000000e+03 5.070000000000000000e+03
1.146353880000000000e+08 2.190000000000000000e+03 4.540000000000000000e+03 3.080000000000000000e+03 5.070000000000000000e+03
1.146355960000000000e+08 2.200000000000000000e+03 4.530000000000000000e+03 3.080000000000000000e+03 5.070000000000000000e+03
1.146358030000000000e+08 2.200000000000000000e+03 4.530000000000000000e+03 3.080000000000000000e+03 5.060000000000000000e+03
1.146360110000000000e+08 2.190000000000000000e+03 4.530000000000000000e+03 3.080000000000000000e+03 5.060000000000000000e+03
1.146362190000000000e+08 2.200000000000000000e+03 4.530000000000000000e+03 3.080000000000000000e+03 5.060000000000000000e+03
1.146364270000000000e+08 2.200000000000000000e+03 4.530000000000000000e+03 3.070000000000000000e+03 5.060000000000000000e+03
1.146366350000000000e+08 2.190000000000000000e+03 4.530000000000000000e+03 3.070000000000000000e+03 5.060000000000000000e+03
1.146368430000000000e+08 2.190000000000000000e+03 4.530000000000000000e+03 3.060000000000000000e+03 5.060000000000000000e+03
1.146370510000000000e+08 2.200000000000000000e+03 4.530000000000000000e+03 3.060000000000000000e+03 5.060000000000000000e+03
1.146372590000000000e+08 2.200000000000000000e+03 4.540000000000000000e+03 3.070000000000000000e+03 5.050000000000000000e+03
1.146374670000000000e+08 2.200000000000000000e+03 4.540000000000000000e+03 3.080000000000000000e+03 5.050000000000000000e+03
1.146376750000000000e+08 2.200000000000000000e+03 4.540000000000000000e+03 3.080000000000000000e+03 5.050000000000000000e+03
1.146378830000000000e+08 2.200000000000000000e+03 4.540000000000000000e+03 3.080000000000000000e+03 5.050000000000000000e+03
1.146380910000000000e+08 2.200000000000000000e+03 4.530000000000000000e+03 3.080000000000000000e+03 5.060000000000000000e+03
1.146382990000000000e+08 2.200000000000000000e+03 4.530000000000000000e+03 3.080000000000000000e+03 5.060000000000000000e+03
1.146385070000000000e+08 2.200000000000000000e+03 4.530000000000000000e+03 3.080000000000000000e+03 5.060000000000000000e+03
1.146387170000000000e+08 2.200000000000000000e+03 4.530000000000000000e+03 3.090000000000000000e+03 5.060000000000000000e+03
1.146389230000000000e+08 2.200000000000000000e+03 4.540000000000000000e+03 3.090000000000000000e+03 5.060000000000000000e+03
1.146391310000000000e+08 2.200000000000000000e+03 4.530000000000000000e+03 3.080000000000000000e+03 5.060000000000000000e+03
1.146393390000000000e+08 2.200000000000000000e+03 4.530000000000000000e+03 3.080000000000000000e+03 5.060000000000000000e+03
1.146395470000000000e+08 2.200000000000000000e+03 4.530000000000000000e+03 3.080000000000000000e+03 5.060000000000000000e+03
1.146397550000000000e+08 2.200000000000000000e+03 4.530000000000000000e+03 3.080000000000000000e+03 5.060000000000000000e+03
1.146399630000000000e+08 2.200000000000000000e+03 4.530000000000000000e+03 3.080000000000000000e+03 5.060000000000000000e+03
1.146401710000000000e+08 2.210000000000000000e+03 4.530000000000000000e+03 3.080000000000000000e+03 5.060000000000000000e+03
1.146403790000000000e+08 2.210000000000000000e+03 4.540000000000000000e+03 3.080000000000000000e+03 5.060000000000000000e+03
1.146405870000000000e+08 2.220000000000000000e+03 4.530000000000000000e+03 3.080000000000000000e+03 5.060000000000000000e+03
1.146407950000000000e+08 2.210000000000000000e+03 4.540000000000000000e+03 3.080000000000000000e+03 5.070000000000000000e+03
1.146410030000000000e+08 2.210000000000000000e+03 4.550000000000000000e+03 3.080000000000000000e+03 5.080000000000000000e+03
1.146412110000000000e+08 2.200000000000000000e+03 4.540000000000000000e+03 3.080000000000000000e+03 5.080000000000000000e+03
1.146414190000000000e+08 2.210000000000000000e+03 4.540000000000000000e+03 3.080000000000000000e+03 5.080000000000000000e+03
1.146416290000000000e+08 2.200000000000000000e+03 4.530000000000000000e+03 3.080000000000000000e+03 5.080000000000000000e+03
