1.157091810000000000e+08 1.510000000000000000e+03 3.750000000000000000e+03 4.690000000000000000e+03 5.710000000000000000e+03
1.157093890000000000e+08 1.520000000000000000e+03 3.720000000000000000e+03 4.680000000000000000e+03 5.720000000000000000e+03
1.157095980000000000e+08 1.530000000000000000e+03 3.710000000000000000e+03 4.690000000000000000e+03 5.720000000000000000e+03
1.157098050000000000e+08 1.510000000000000000e+03 3.730000000000000000e+03 4.690000000000000000e+03 5.720000000000000000e+03
1.157099970000000000e+08 1.510000000000000000e+03 3.750000000000000000e+03 4.690000000000000000e+03 5.710000000000000000e+03
1.157102040000000000e+08 1.500000000000000000e+03 3.750000000000000000e+03 4.690000000000000000e+03 5.710000000000000000e+03
1.157104130000000000e+08 1.510000000000000000e+03 3.730000000000000000e+03 4.680000000000000000e+03 5.710000000000000000e+03
1.157106210000000000e+08 1.510000000000000000e+03 3.720000000000000000e+03 4.680000000000000000e+03 5.710000000000000000e+03
1.157108290000000000e+08 1.520000000000000000e+03 3.750000000000000000e+03 4.680000000000000000e+03 5.710000000000000000e+03
1.157110370000000000e+08 1.530000000000000000e+03 3.760000000000000000e+03 4.690000000000000000e+03 5.700000000000000000e+03
1.157112450000000000e+08 1.520000000000000000e+03 3.770000000000000000e+03 4.690000000000000000e+03 5.700000000000000000e+03
1.157114530000000000e+08 1.510000000000000000e+03 3.770000000000000000e+03 4.690000000000000000e+03 5.700000000000000000e+03
1.157116610000000000e+08 1.510000000000000000e+03 3.740000000000000000e+03 4.690000000000000000e+03 5.700000000000000000e+03
1.157118690000000000e+08 1.510000000000000000e+03 3.750000000000000000e+03 4.690000000000000000e+03 5.700000000000000000e+03
1.157120770000000000e+08 1.510000000000000000e+03 3.730000000000000000e+03 4.680000000000000000e+03 5.700000000000000000e+03
1.157122850000000000e+08 1.510000000000000000e+03 3.760000000000000000e+03 4.680000000000000000e+03 5.710000000000000000e+03
1.157124930000000000e+08 1.510000000000000000e+03 3.790000000000000000e+03 4.680000000000000000e+03 5.700000000000000000e+03
1.157127010000000000e+08 1.510000000000000000e+03 3.820000000000000000e+03 4.680000000000000000e+03 5.700000000000000000e+03
1.157129080000000000e+08 1.510000000000000000e+03 3.840000000000000000e+03 4.670000000000000000e+03 5.710000000000000000e+03
1.157131170000000000e+08 1.500000000000000000e+03 3.840000000000000000e+03 4.670000000000000000e+03 5.710000000000000000e+03
1.157133090000000000e+08 1.510000000000000000e+03 3.830000000000000000e+03 4.680000000000000000e+03 5.710000000000000000e+03
1.157135170000000000e+08 1.510000000000000000e+03 3.820000000000000000e+03 4.680000000000000000e+03 5.700000000000000000e+03
1.157137250000000000e+08 1.520000000000000000e+03 3.830000000000000000e+03 4.680000000000000000e+03 5.700000000000000000e+03
1.157139330000000000e+08 1.520000000000000000e+03 3.840000000000000000e+03 4.680000000000000000e+03 5.700000000000000000e+03
1.157141410000000000e+08 1.520000000000000000e+03 3.840000000000000000e+03 4.680000000000000000e+03 5.700000000000000000e+03
1.157143480000000000e+08 1.520000000000000000e+03 3.860000000000000000e+03 4.680000000000000000e+03 5.710000000000000000e+03
1.157145560000000000e+08 1.510000000000000000e+03 3.870000000000000000e+03 4.680000000000000000e+03 5.710000000000000000e+03
1.157147650000000000e+08 1.510000000000000000e+03 3.870000000000000000e+03 4.680000000000000000e+03 5.710000000000000000e+03
1.157149720000000000e+08 1.510000000000000000e+03 3.860000000000000000e+03 4.680000000000000000e+03 5.710000000000000000e+03
1.157151800000000000e+08 1.510000000000000000e+03 3.860000000000000000e+03 4.680000000000000000e+03 5.700000000000000000e+03
1.157153880000000000e+08 1.510000000000000000e+03 3.850000000000000000e+03 4.680000000000000000e+03 5.700000000000000000e+03
1.157155960000000000e+08 1.510000000000000000e+03 3.840000000000000000e+03 4.680000000000000000e+03 5.700000000000000000e+03
1.157158040000000000e+08 1.500000000000000000e+03 3.830000000000000000e+03 4.680000000000000000e+03 5.700000000000000000e+03
1.157160120000000000e+08 1.500000000000000000e+03 3.830000000000000000e+03 4.680000000000000000e+03 5.700000000000000000e+03
1.157162190000000000e+08 1.510000000000000000e+03 3.840000000000000000e+03 4.680000000000000000e+03 5.700000000000000000e+03
1.157164280000000000e+08 1.510000000000000000e+03 3.840000000000000000e+03 4.680000000000000000e+03 5.710000000000000000e+03
1.157166360000000000e+08 1.510000000000000000e+03 3.840000000000000000e+03 4.680000000000000000e+03 5.700000000000000000e+03
1.157168280000000000e+08 1.510000000000000000e+03 3.840000000000000000e+03 4.680000000000000000e+03 5.700000000000000000e+03
1.157170360000000000e+08 1.510000000000000000e+03 3.830000000000000000e+03 4.680000000000000000e+03 5.700000000000000000e+03
1.157172440000000000e+08 1.510000000000000000e+03 3.820000000000000000e+03 4.680000000000000000e+03 5.700000000000000000e+03
1.157174520000000000e+08 1.500000000000000000e+03 3.810000000000000000e+03 4.680000000000000000e+03 5.710000000000000000e+03
1.157176600000000000e+08 1.500000000000000000e+03 3.800000000000000000e+03 4.680000000000000000e+03 5.720000000000000000e+03
1.157178680000000000e+08 1.500000000000000000e+03 3.780000000000000000e+03 4.680000000000000000e+03 5.710000000000000000e+03
1.157180760000000000e+08 1.500000000000000000e+03 3.750000000000000000e+03 4.680000000000000000e+03 5.710000000000000000e+03
1.157182850000000000e+08 1.500000000000000000e+03 3.750000000000000000e+03 4.680000000000000000e+03 5.710000000000000000e+03
1.157184920000000000e+08 1.490000000000000000e+03 3.780000000000000000e+03 4.670000000000000000e+03 5.700000000000000000e+03
1.157187000000000000e+08 1.490000000000000000e+03 3.790000000000000000e+03 4.670000000000000000e+03 5.690000000000000000e+03
1.157189080000000000e+08 1.500000000000000000e+03 3.780000000000000000e+03 4.670000000000000000e+03 5.700000000000000000e+03
1.157191160000000000e+08 1.500000000000000000e+03 3.780000000000000000e+03 4.660000000000000000e+03 5.700000000000000000e+03
1.157193240000000000e+08 1.500000000000000000e+03 3.770000000000000000e+03 4.670000000000000000e+03 5.700000000000000000e+03
1.157195320000000000e+08 1.500000000000000000e+03 3.770000000000000000e+03 4.680000000000000000e+03 5.710000000000000000e+03
1.157197400000000000e+08 1.510000000000000000e+03 3.770000000000000000e+03 4.680000000000000000e+03 5.710000000000000000e+03
1.157199470000000000e+08 1.510000000000000000e+03 3.770000000000000000e+03 4.680000000000000000e+03 5.710000000000000000e+03
1.157201400000000000e+08 1.520000000000000000e+03 3.770000000000000000e+03 4.670000000000000000e+03 5.700000000000000000e+03
1.157203480000000000e+08 1.520000000000000000e+03 3.770000000000000000e+03 4.670000000000000000e+03 5.700000000000000000e+03
1.157205550000000000e+08 1.520000000000000000e+03 3.780000000000000000e+03 4.670000000000000000e+03 5.700000000000000000e+03
1.157207630000000000e+08 1.520000000000000000e+03 3.790000000000000000e+03 4.670000000000000000e+03 5.700000000000000000e+03
1.157209710000000000e+08 1.510000000000000000e+03 3.800000000000000000e+03 4.670000000000000000e+03 5.700000000000000000e+03
1.157211790000000000e+08 1.520000000000000000e+03 3.810000000000000000e+03 4.680000000000000000e+03 5.700000000000000000e+03
1.157213870000000000e+08 1.510000000000000000e+03 3.810000000000000000e+03 4.680000000000000000e+03 5.700000000000000000e+03
1.157215950000000000e+08 1.500000000000000000e+03 3.810000000000000000e+03 4.680000000000000000e+03 5.710000000000000000e+03
1.157218030000000000e+08 1.500000000000000000e+03 3.800000000000000000e+03 4.680000000000000000e+03 5.710000000000000000e+03
1.157220110000000000e+08 1.510000000000000000e+03 3.800000000000000000e+03 4.680000000000000000e+03 5.710000000000000000e+03
1.157222190000000000e+08 1.520000000000000000e+03 3.800000000000000000e+03 4.680000000000000000e+03 5.720000000000000000e+03
1.157224260000000000e+08 1.510000000000000000e+03 3.800000000000000000e+03 4.680000000000000000e+03 5.710000000000000000e+03
1.157226350000000000e+08 1.510000000000000000e+03 3.810000000000000000e+03 4.680000000000000000e+03 5.710000000000000000e+03
1.157228430000000000e+08 1.510000000000000000e+03 3.820000000000000000e+03 4.680000000000000000e+03 5.710000000000000000e+03
1.157230510000000000e+08 1.510000000000000000e+03 3.830000000000000000e+03 4.680000000000000000e+03 5.710000000000000000e+03
1.157232590000000000e+08 1.510000000000000000e+03 3.820000000000000000e+03 4.680000000000000000e+03 5.700000000000000000e+03
1.157234510000000000e+08 1.510000000000000000e+03 3.820000000000000000e+03 4.680000000000000000e+03 5.710000000000000000e+03
1.157236590000000000e+08 1.510000000000000000e+03 3.830000000000000000e+03 4.680000000000000000e+03 5.700000000000000000e+03
1.157238670000000000e+08 1.510000000000000000e+03 3.810000000000000000e+03 4.680000000000000000e+03 5.700000000000000000e+03
1.157240750000000000e+08 1.510000000000000000e+03 3.800000000000000000e+03 4.670000000000000000e+03 5.700000000000000000e+03
1.157242830000000000e+08 1.510000000000000000e+03 3.790000000000000000e+03 4.670000000000000000e+03 5.700000000000000000e+03
1.157244910000000000e+08 1.510000000000000000e+03 3.790000000000000000e+03 4.670000000000000000e+03 5.700000000000000000e+03
1.157246990000000000e+08 1.510000000000000000e+03 3.780000000000000000e+03 4.670000000000000000e+03 5.700000000000000000e+03
1.157249070000000000e+08 1.510000000000000000e+03 3.770000000000000000e+03 4.660000000000000000e+03 5.700000000000000000e+03
1.157251150000000000e+08 1.510000000000000000e+03 3.760000000000000000e+03 4.660000000000000000e+03 5.700000000000000000e+03
1.157253230000000000e+08 1.510000000000000000e+03 3.750000000000000000e+03 4.660000000000000000e+03 5.710000000000000000e+03
1.157255310000000000e+08 1.510000000000000000e+03 3.740000000000000000e+03 4.660000000000000000e+03 5.700000000000000000e+03
1.157257380000000000e+08 1.510000000000000000e+03 3.730000000000000000e+03 4.670000000000000000e+03 5.700000000000000000e+03
1.157259470000000000e+08 1.510000000000000000e+03 3.720000000000000000e+03 4.670000000000000000e+03 5.700000000000000000e+03
1.157261540000000000e+08 1.510000000000000000e+03 3.710000000000000000e+03 4.670000000000000000e+03 5.700000000000000000e+03
1.157263620000000000e+08 1.510000000000000000e+03 3.700000000000000000e+03 4.670000000000000000e+03 5.700000000000000000e+03
1.157265700000000000e+08 1.510000000000000000e+03 3.690000000000000000e+03 4.670000000000000000e+03 5.700000000000000000e+03
1.157267780000000000e+08 1.510000000000000000e+03 3.690000000000000000e+03 4.670000000000000000e+03 5.700000000000000000e+03
1.157269860000000000e+08 1.510000000000000000e+03 3.690000000000000000e+03 4.680000000000000000e+03 5.700000000000000000e+03
1.157271940000000000e+08 1.510000000000000000e+03 3.690000000000000000e+03 4.680000000000000000e+03 5.700000000000000000e+03
1.157274020000000000e+08 1.510000000000000000e+03 3.680000000000000000e+03 4.690000000000000000e+03 5.700000000000000000e+03
1.157276100000000000e+08 1.510000000000000000e+03 3.690000000000000000e+03 4.680000000000000000e+03 5.700000000000000000e+03
1.157278180000000000e+08 1.510000000000000000e+03 3.690000000000000000e+03 4.680000000000000000e+03 5.700000000000000000e+03
1.157280260000000000e+08 1.510000000000000000e+03 3.700000000000000000e+03 4.680000000000000000e+03 5.700000000000000000e+03
1.157282340000000000e+08 1.510000000000000000e+03 3.710000000000000000e+03 4.680000000000000000e+03 5.700000000000000000e+03
1.157284420000000000e+08 1.510000000000000000e+03 3.730000000000000000e+03 4.680000000000000000e+03 5.710000000000000000e+03
1.157286500000000000e+08 1.510000000000000000e+03 3.740000000000000000e+03 4.680000000000000000e+03 5.700000000000000000e+03
1.157288420000000000e+08 1.510000000000000000e+03 3.740000000000000000e+03 4.680000000000000000e+03 5.690000000000000000e+03
1.157290500000000000e+08 1.500000000000000000e+03 3.740000000000000000e+03 4.680000000000000000e+03 5.690000000000000000e+03
1.157292580000000000e+08 1.500000000000000000e+03 3.750000000000000000e+03 4.680000000000000000e+03 5.700000000000000000e+03
1.157294660000000000e+08 1.510000000000000000e+03 3.750000000000000000e+03 4.680000000000000000e+03 5.700000000000000000e+03
1.157296740000000000e+08 1.500000000000000000e+03 3.750000000000000000e+03 4.670000000000000000e+03 5.710000000000000000e+03
1.157298810000000000e+08 1.500000000000000000e+03 3.750000000000000000e+03 4.680000000000000000e+03 5.710000000000000000e+03
1.157300900000000000e+08 1.500000000000000000e+03 3.750000000000000000e+03 4.680000000000000000e+03 5.710000000000000000e+03
1.157302980000000000e+08 1.510000000000000000e+03 3.750000000000000000e+03 4.680000000000000000e+03 5.710000000000000000e+03
1.157305060000000000e+08 1.500000000000000000e+03 3.740000000000000000e+03 4.680000000000000000e+03 5.710000000000000000e+03
1.157307140000000000e+08 1.490000000000000000e+03 3.740000000000000000e+03 4.680000000000000000e+03 5.710000000000000000e+03
1.157309220000000000e+08 1.500000000000000000e+03 3.730000000000000000e+03 4.680000000000000000e+03 5.710000000000000000e+03
1.157311290000000000e+08 1.500000000000000000e+03 3.730000000000000000e+03 4.680000000000000000e+03 5.700000000000000000e+03
1.157313380000000000e+08 1.500000000000000000e+03 3.730000000000000000e+03 4.680000000000000000e+03 5.700000000000000000e+03
1.157315460000000000e+08 1.500000000000000000e+03 3.740000000000000000e+03 4.680000000000000000e+03 5.710000000000000000e+03
1.157317530000000000e+08 1.510000000000000000e+03 3.740000000000000000e+03 4.680000000000000000e+03 5.710000000000000000e+03
1.157319610000000000e+08 1.510000000000000000e+03 3.740000000000000000e+03 4.680000000000000000e+03 5.720000000000000000e+03
1.157321530000000000e+08 1.510000000000000000e+03 3.740000000000000000e+03 4.680000000000000000e+03 5.710000000000000000e+03
1.157323610000000000e+08 1.510000000000000000e+03 3.740000000000000000e+03 4.680000000000000000e+03 5.700000000000000000e+03
1.157325690000000000e+08 1.510000000000000000e+03 3.740000000000000000e+03 4.690000000000000000e+03 5.700000000000000000e+03
1.157327770000000000e+08 1.500000000000000000e+03 3.730000000000000000e+03 4.690000000000000000e+03 5.700000000000000000e+03
1.157329850000000000e+08 1.500000000000000000e+03 3.730000000000000000e+03 4.680000000000000000e+03 5.710000000000000000e+03
1.157331930000000000e+08 1.500000000000000000e+03 3.730000000000000000e+03 4.680000000000000000e+03 5.700000000000000000e+03
1.157334010000000000e+08 1.510000000000000000e+03 3.730000000000000000e+03 4.680000000000000000e+03 5.700000000000000000e+03
1.157336090000000000e+08 1.510000000000000000e+03 3.720000000000000000e+03 4.680000000000000000e+03 5.700000000000000000e+03
1.157338170000000000e+08 1.510000000000000000e+03 3.730000000000000000e+03 4.680000000000000000e+03 5.700000000000000000e+03
1.157340250000000000e+08 1.510000000000000000e+03 3.720000000000000000e+03 4.680000000000000000e+03 5.700000000000000000e+03
1.157342330000000000e+08 1.500000000000000000e+03 3.720000000000000000e+03 4.680000000000000000e+03 5.700000000000000000e+03
1.157344420000000000e+08 1.510000000000000000e+03 3.730000000000000000e+03 4.680000000000000000e+03 5.700000000000000000e+03
1.157346490000000000e+08 1.520000000000000000e+03 3.740000000000000000e+03 4.680000000000000000e+03 5.700000000000000000e+03
1.157348570000000000e+08 1.520000000000000000e+03 3.750000000000000000e+03 4.680000000000000000e+03 5.700000000000000000e+03
1.157350650000000000e+08 1.510000000000000000e+03 3.760000000000000000e+03 4.680000000000000000e+03 5.700000000000000000e+03
1.157352730000000000e+08 1.520000000000000000e+03 3.760000000000000000e+03 4.680000000000000000e+03 5.700000000000000000e+03
1.157354810000000000e+08 1.520000000000000000e+03 3.760000000000000000e+03 4.680000000000000000e+03 5.690000000000000000e+03
1.157356730000000000e+08 1.520000000000000000e+03 3.760000000000000000e+03 4.670000000000000000e+03 5.700000000000000000e+03
1.157358810000000000e+08 1.520000000000000000e+03 3.750000000000000000e+03 4.670000000000000000e+03 5.710000000000000000e+03
1.157360890000000000e+08 1.520000000000000000e+03 3.750000000000000000e+03 4.670000000000000000e+03 5.710000000000000000e+03
1.157362970000000000e+08 1.520000000000000000e+03 3.750000000000000000e+03 4.670000000000000000e+03 5.720000000000000000e+03
1.157365050000000000e+08 1.510000000000000000e+03 3.750000000000000000e+03 4.680000000000000000e+03 5.710000000000000000e+03
1.157367130000000000e+08 1.510000000000000000e+03 3.740000000000000000e+03 4.680000000000000000e+03 5.710000000000000000e+03
1.157369200000000000e+08 1.520000000000000000e+03 3.750000000000000000e+03 4.680000000000000000e+03 5.710000000000000000e+03
1.157371290000000000e+08 1.520000000000000000e+03 3.750000000000000000e+03 4.680000000000000000e+03 5.710000000000000000e+03
1.157373370000000000e+08 1.530000000000000000e+03 3.760000000000000000e+03 4.680000000000000000e+03 5.710000000000000000e+03
1.157375440000000000e+08 1.530000000000000000e+03 3.760000000000000000e+03 4.680000000000000000e+03 5.720000000000000000e+03
1.157377520000000000e+08 1.520000000000000000e+03 3.760000000000000000e+03 4.680000000000000000e+03 5.720000000000000000e+03
1.157379600000000000e+08 1.510000000000000000e+03 3.760000000000000000e+03 4.680000000000000000e+03 5.710000000000000000e+03
1.157381680000000000e+08 1.500000000000000000e+03 3.760000000000000000e+03 4.680000000000000000e+03 5.710000000000000000e+03
1.157383760000000000e+08 1.500000000000000000e+03 3.760000000000000000e+03 4.680000000000000000e+03 5.720000000000000000e+03
1.157385830000000000e+08 1.500000000000000000e+03 3.760000000000000000e+03 4.680000000000000000e+03 5.710000000000000000e+03
1.157387920000000000e+08 1.500000000000000000e+03 3.750000000000000000e+03 4.670000000000000000e+03 5.710000000000000000e+03
1.157389840000000000e+08 1.500000000000000000e+03 3.730000000000000000e+03 4.680000000000000000e+03 5.710000000000000000e+03
1.157391910000000000e+08 1.500000000000000000e+03 3.720000000000000000e+03 4.680000000000000000e+03 5.710000000000000000e+03
1.157394000000000000e+08 1.510000000000000000e+03 3.720000000000000000e+03 4.680000000000000000e+03 5.710000000000000000e+03
1.157396070000000000e+08 1.500000000000000000e+03 3.710000000000000000e+03 4.680000000000000000e+03 5.700000000000000000e+03
1.157504220000000000e+08 1.510000000000000000e+03 3.560000000000000000e+03 5.290000000000000000e+03 5.710000000000000000e+03
1.157506300000000000e+08 1.510000000000000000e+03 3.560000000000000000e+03 5.230000000000000000e+03 5.710000000000000000e+03
1.157508390000000000e+08 1.510000000000000000e+03 3.560000000000000000e+03 5.190000000000000000e+03 5.700000000000000000e+03
1.157510460000000000e+08 1.510000000000000000e+03 3.560000000000000000e+03 5.110000000000000000e+03 5.700000000000000000e+03
1.157512540000000000e+08 1.510000000000000000e+03 3.560000000000000000e+03 5.060000000000000000e+03 5.710000000000000000e+03
1.157514610000000000e+08 1.510000000000000000e+03 3.560000000000000000e+03 5.010000000000000000e+03 5.710000000000000000e+03
1.157516700000000000e+08 1.510000000000000000e+03 3.560000000000000000e+03 4.970000000000000000e+03 5.710000000000000000e+03
1.157518780000000000e+08 1.510000000000000000e+03 3.550000000000000000e+03 4.960000000000000000e+03 5.710000000000000000e+03
1.157520860000000000e+08 1.510000000000000000e+03 3.550000000000000000e+03 4.950000000000000000e+03 5.710000000000000000e+03
1.157522940000000000e+08 1.510000000000000000e+03 3.560000000000000000e+03 4.930000000000000000e+03 5.720000000000000000e+03
1.157525020000000000e+08 1.510000000000000000e+03 3.560000000000000000e+03 4.930000000000000000e+03 5.710000000000000000e+03
1.157527100000000000e+08 1.510000000000000000e+03 3.560000000000000000e+03 4.930000000000000000e+03 5.700000000000000000e+03
1.157529180000000000e+08 1.510000000000000000e+03 3.560000000000000000e+03 4.910000000000000000e+03 5.700000000000000000e+03
1.157531260000000000e+08 1.520000000000000000e+03 3.560000000000000000e+03 4.890000000000000000e+03 5.700000000000000000e+03
1.157533330000000000e+08 1.520000000000000000e+03 3.560000000000000000e+03 4.870000000000000000e+03 5.700000000000000000e+03
1.157535420000000000e+08 1.520000000000000000e+03 3.560000000000000000e+03 4.860000000000000000e+03 5.710000000000000000e+03
1.157537500000000000e+08 1.520000000000000000e+03 3.560000000000000000e+03 4.850000000000000000e+03 5.710000000000000000e+03
1.157539580000000000e+08 1.530000000000000000e+03 3.560000000000000000e+03 4.840000000000000000e+03 5.720000000000000000e+03
1.157541650000000000e+08 1.520000000000000000e+03 3.560000000000000000e+03 4.820000000000000000e+03 5.710000000000000000e+03
1.157543740000000000e+08 1.520000000000000000e+03 3.560000000000000000e+03 5.090000000000000000e+03 5.710000000000000000e+03
1.157545820000000000e+08 1.520000000000000000e+03 3.560000000000000000e+03 5.000000000000000000e+03 5.710000000000000000e+03
1.157547890000000000e+08 1.510000000000000000e+03 3.560000000000000000e+03 5.030000000000000000e+03 5.710000000000000000e+03
1.157549810000000000e+08 1.510000000000000000e+03 3.560000000000000000e+03 5.140000000000000000e+03 5.710000000000000000e+03
1.157551890000000000e+08 1.510000000000000000e+03 3.560000000000000000e+03 5.040000000000000000e+03 5.710000000000000000e+03
1.157553970000000000e+08 1.510000000000000000e+03 3.560000000000000000e+03 4.980000000000000000e+03 5.700000000000000000e+03
1.157556050000000000e+08 1.510000000000000000e+03 3.560000000000000000e+03 4.930000000000000000e+03 5.700000000000000000e+03
1.157558130000000000e+08 1.510000000000000000e+03 3.550000000000000000e+03 5.190000000000000000e+03 5.700000000000000000e+03
1.157560200000000000e+08 1.510000000000000000e+03 3.550000000000000000e+03 5.080000000000000000e+03 5.710000000000000000e+03
1.157562290000000000e+08 1.520000000000000000e+03 3.550000000000000000e+03 5.020000000000000000e+03 5.710000000000000000e+03
1.157564370000000000e+08 1.530000000000000000e+03 3.560000000000000000e+03 4.970000000000000000e+03 5.710000000000000000e+03
1.157566450000000000e+08 1.520000000000000000e+03 3.560000000000000000e+03 4.940000000000000000e+03 5.720000000000000000e+03
1.157568520000000000e+08 1.510000000000000000e+03 3.560000000000000000e+03 4.910000000000000000e+03 5.720000000000000000e+03
1.157570610000000000e+08 1.510000000000000000e+03 3.560000000000000000e+03 4.880000000000000000e+03 5.710000000000000000e+03
1.157572690000000000e+08 1.510000000000000000e+03 3.560000000000000000e+03 4.850000000000000000e+03 5.710000000000000000e+03
1.157574770000000000e+08 1.510000000000000000e+03 3.560000000000000000e+03 4.850000000000000000e+03 5.710000000000000000e+03
1.157576850000000000e+08 1.520000000000000000e+03 3.560000000000000000e+03 4.870000000000000000e+03 5.700000000000000000e+03
1.157578930000000000e+08 1.520000000000000000e+03 3.560000000000000000e+03 4.850000000000000000e+03 5.710000000000000000e+03
1.157581010000000000e+08 1.520000000000000000e+03 3.560000000000000000e+03 4.860000000000000000e+03 5.700000000000000000e+03
1.157583090000000000e+08 1.510000000000000000e+03 3.560000000000000000e+03 4.880000000000000000e+03 5.700000000000000000e+03
1.157585160000000000e+08 1.510000000000000000e+03 3.560000000000000000e+03 4.890000000000000000e+03 5.700000000000000000e+03
1.157587250000000000e+08 1.520000000000000000e+03 3.560000000000000000e+03 4.910000000000000000e+03 5.690000000000000000e+03
1.157589330000000000e+08 1.520000000000000000e+03 3.560000000000000000e+03 4.920000000000000000e+03 5.690000000000000000e+03
1.157591410000000000e+08 1.520000000000000000e+03 3.560000000000000000e+03 4.930000000000000000e+03 5.690000000000000000e+03
1.157593490000000000e+08 1.520000000000000000e+03 3.560000000000000000e+03 4.930000000000000000e+03 5.690000000000000000e+03
1.157595570000000000e+08 1.520000000000000000e+03 3.570000000000000000e+03 4.920000000000000000e+03 5.690000000000000000e+03
1.157597650000000000e+08 1.520000000000000000e+03 3.570000000000000000e+03 4.920000000000000000e+03 5.690000000000000000e+03
1.157599730000000000e+08 1.510000000000000000e+03 3.570000000000000000e+03 4.890000000000000000e+03 5.690000000000000000e+03
1.158001800000000000e+08 1.510000000000000000e+03 3.570000000000000000e+03 4.890000000000000000e+03 5.690000000000000000e+03
1.158003890000000000e+08 1.510000000000000000e+03 3.560000000000000000e+03 4.910000000000000000e+03 5.690000000000000000e+03
1.158005960000000000e+08 1.510000000000000000e+03 3.570000000000000000e+03 4.910000000000000000e+03 5.690000000000000000e+03
1.158008040000000000e+08 1.510000000000000000e+03 3.570000000000000000e+03 4.910000000000000000e+03 5.680000000000000000e+03
1.158010120000000000e+08 1.510000000000000000e+03 3.570000000000000000e+03 4.910000000000000000e+03 5.680000000000000000e+03
1.158012200000000000e+08 1.520000000000000000e+03 3.570000000000000000e+03 4.910000000000000000e+03 5.680000000000000000e+03
1.158014280000000000e+08 1.520000000000000000e+03 3.570000000000000000e+03 4.910000000000000000e+03 5.680000000000000000e+03
1.158016360000000000e+08 1.520000000000000000e+03 3.570000000000000000e+03 4.890000000000000000e+03 5.680000000000000000e+03
1.158018440000000000e+08 1.520000000000000000e+03 3.570000000000000000e+03 4.910000000000000000e+03 5.680000000000000000e+03
1.158020520000000000e+08 1.520000000000000000e+03 3.570000000000000000e+03 4.890000000000000000e+03 5.680000000000000000e+03
1.158022600000000000e+08 1.510000000000000000e+03 3.570000000000000000e+03 4.890000000000000000e+03 5.680000000000000000e+03
1.158024680000000000e+08 1.520000000000000000e+03 3.570000000000000000e+03 4.890000000000000000e+03 5.690000000000000000e+03
1.158026760000000000e+08 1.520000000000000000e+03 3.570000000000000000e+03 4.890000000000000000e+03 5.700000000000000000e+03
1.158028840000000000e+08 1.530000000000000000e+03 3.570000000000000000e+03 4.910000000000000000e+03 5.700000000000000000e+03
1.158030920000000000e+08 1.520000000000000000e+03 3.570000000000000000e+03 4.910000000000000000e+03 5.700000000000000000e+03
1.158033000000000000e+08 1.510000000000000000e+03 3.570000000000000000e+03 4.910000000000000000e+03 5.700000000000000000e+03
1.158035080000000000e+08 1.500000000000000000e+03 3.560000000000000000e+03 4.910000000000000000e+03 5.700000000000000000e+03
1.158037160000000000e+08 1.500000000000000000e+03 3.570000000000000000e+03 4.910000000000000000e+03 5.700000000000000000e+03
1.158039240000000000e+08 1.510000000000000000e+03 3.570000000000000000e+03 4.890000000000000000e+03 5.700000000000000000e+03
1.158041320000000000e+08 1.510000000000000000e+03 3.570000000000000000e+03 4.890000000000000000e+03 5.700000000000000000e+03
1.158043400000000000e+08 1.510000000000000000e+03 3.570000000000000000e+03 4.890000000000000000e+03 5.700000000000000000e+03
1.158045480000000000e+08 1.510000000000000000e+03 3.560000000000000000e+03 4.890000000000000000e+03 5.700000000000000000e+03
1.158047560000000000e+08 1.510000000000000000e+03 3.560000000000000000e+03 4.890000000000000000e+03 5.700000000000000000e+03
1.158049640000000000e+08 1.520000000000000000e+03 3.560000000000000000e+03 4.880000000000000000e+03 5.700000000000000000e+03
1.158051720000000000e+08 1.510000000000000000e+03 3.560000000000000000e+03 4.880000000000000000e+03 5.700000000000000000e+03
1.158053800000000000e+08 1.510000000000000000e+03 3.560000000000000000e+03 4.870000000000000000e+03 5.700000000000000000e+03
1.158055880000000000e+08 1.510000000000000000e+03 3.560000000000000000e+03 4.840000000000000000e+03 5.700000000000000000e+03
1.158057960000000000e+08 1.510000000000000000e+03 3.560000000000000000e+03 4.830000000000000000e+03 5.700000000000000000e+03
1.158060040000000000e+08 1.520000000000000000e+03 3.560000000000000000e+03 4.820000000000000000e+03 5.700000000000000000e+03
1.158062120000000000e+08 1.510000000000000000e+03 3.560000000000000000e+03 4.810000000000000000e+03 5.700000000000000000e+03
1.158064200000000000e+08 1.500000000000000000e+03 3.560000000000000000e+03 4.790000000000000000e+03 5.690000000000000000e+03
1.158066270000000000e+08 1.510000000000000000e+03 3.560000000000000000e+03 4.790000000000000000e+03 5.690000000000000000e+03
1.158074590000000000e+08 1.520000000000000000e+03 3.560000000000000000e+03 5.240000000000000000e+03 5.700000000000000000e+03
1.158076670000000000e+08 1.520000000000000000e+03 3.560000000000000000e+03 5.130000000000000000e+03 5.700000000000000000e+03
1.158078750000000000e+08 1.520000000000000000e+03 3.560000000000000000e+03 5.040000000000000000e+03 5.710000000000000000e+03
1.158080830000000000e+08 1.500000000000000000e+03 3.560000000000000000e+03 4.990000000000000000e+03 5.700000000000000000e+03
1.158082910000000000e+08 1.500000000000000000e+03 3.560000000000000000e+03 4.970000000000000000e+03 5.690000000000000000e+03
1.158084990000000000e+08 1.510000000000000000e+03 3.560000000000000000e+03 4.970000000000000000e+03 5.690000000000000000e+03
1.158087070000000000e+08 1.510000000000000000e+03 3.560000000000000000e+03 4.970000000000000000e+03 5.690000000000000000e+03
1.158089150000000000e+08 1.520000000000000000e+03 3.570000000000000000e+03 4.960000000000000000e+03 5.690000000000000000e+03
1.158091230000000000e+08 1.520000000000000000e+03 3.560000000000000000e+03 4.970000000000000000e+03 5.690000000000000000e+03
1.158093310000000000e+08 1.520000000000000000e+03 3.560000000000000000e+03 4.980000000000000000e+03 5.690000000000000000e+03
1.158095390000000000e+08 1.520000000000000000e+03 3.560000000000000000e+03 4.970000000000000000e+03 5.690000000000000000e+03
1.158097470000000000e+08 1.520000000000000000e+03 3.560000000000000000e+03 4.940000000000000000e+03 5.690000000000000000e+03
1.158099540000000000e+08 1.530000000000000000e+03 3.560000000000000000e+03 4.910000000000000000e+03 5.690000000000000000e+03
1.158101620000000000e+08 1.530000000000000000e+03 3.550000000000000000e+03 4.880000000000000000e+03 5.690000000000000000e+03
1.158103710000000000e+08 1.530000000000000000e+03 3.550000000000000000e+03 4.860000000000000000e+03 5.700000000000000000e+03
1.158105780000000000e+08 1.530000000000000000e+03 3.550000000000000000e+03 4.860000000000000000e+03 5.710000000000000000e+03
1.158107870000000000e+08 1.530000000000000000e+03 3.550000000000000000e+03 4.860000000000000000e+03 5.710000000000000000e+03
1.158109940000000000e+08 1.520000000000000000e+03 3.550000000000000000e+03 4.840000000000000000e+03 5.700000000000000000e+03
1.158112030000000000e+08 1.520000000000000000e+03 3.550000000000000000e+03 4.840000000000000000e+03 5.710000000000000000e+03
1.158114110000000000e+08 1.510000000000000000e+03 3.550000000000000000e+03 4.840000000000000000e+03 5.710000000000000000e+03
1.158116190000000000e+08 1.510000000000000000e+03 3.560000000000000000e+03 4.840000000000000000e+03 5.710000000000000000e+03
1.158118270000000000e+08 1.520000000000000000e+03 3.560000000000000000e+03 4.830000000000000000e+03 5.710000000000000000e+03
1.158120340000000000e+08 1.520000000000000000e+03 3.560000000000000000e+03 4.850000000000000000e+03 5.710000000000000000e+03
1.158122430000000000e+08 1.520000000000000000e+03 3.560000000000000000e+03 4.850000000000000000e+03 5.710000000000000000e+03
1.158124500000000000e+08 1.510000000000000000e+03 3.560000000000000000e+03 4.850000000000000000e+03 5.710000000000000000e+03
1.158126580000000000e+08 1.510000000000000000e+03 3.560000000000000000e+03 4.870000000000000000e+03 5.710000000000000000e+03
1.158128660000000000e+08 1.510000000000000000e+03 3.550000000000000000e+03 4.850000000000000000e+03 5.700000000000000000e+03
1.158130740000000000e+08 1.510000000000000000e+03 3.560000000000000000e+03 4.820000000000000000e+03 5.710000000000000000e+03
1.158132820000000000e+08 1.520000000000000000e+03 3.570000000000000000e+03 4.810000000000000000e+03 5.710000000000000000e+03
1.158134900000000000e+08 1.520000000000000000e+03 3.570000000000000000e+03 4.840000000000000000e+03 5.710000000000000000e+03
1.158136990000000000e+08 1.520000000000000000e+03 3.560000000000000000e+03 4.840000000000000000e+03 5.700000000000000000e+03
1.158139060000000000e+08 1.520000000000000000e+03 3.560000000000000000e+03 4.830000000000000000e+03 5.700000000000000000e+03
1.158141140000000000e+08 1.520000000000000000e+03 3.560000000000000000e+03 4.800000000000000000e+03 5.700000000000000000e+03
1.158143220000000000e+08 1.510000000000000000e+03 3.560000000000000000e+03 4.790000000000000000e+03 5.700000000000000000e+03
1.158145300000000000e+08 1.520000000000000000e+03 3.560000000000000000e+03 4.790000000000000000e+03 5.700000000000000000e+03
1.158147370000000000e+08 1.520000000000000000e+03 3.550000000000000000e+03 4.800000000000000000e+03 5.700000000000000000e+03
1.158149460000000000e+08 1.510000000000000000e+03 3.550000000000000000e+03 4.810000000000000000e+03 5.700000000000000000e+03
1.158151540000000000e+08 1.510000000000000000e+03 3.550000000000000000e+03 4.850000000000000000e+03 5.700000000000000000e+03
1.158153620000000000e+08 1.510000000000000000e+03 3.550000000000000000e+03 4.880000000000000000e+03 5.700000000000000000e+03
1.158155700000000000e+08 1.510000000000000000e+03 3.550000000000000000e+03 4.910000000000000000e+03 5.700000000000000000e+03
1.158157780000000000e+08 1.510000000000000000e+03 3.560000000000000000e+03 4.930000000000000000e+03 5.710000000000000000e+03
1.158159860000000000e+08 1.510000000000000000e+03 3.560000000000000000e+03 4.920000000000000000e+03 5.710000000000000000e+03
1.158161940000000000e+08 1.520000000000000000e+03 3.560000000000000000e+03 4.930000000000000000e+03 5.710000000000000000e+03
1.158164010000000000e+08 1.530000000000000000e+03 3.560000000000000000e+03 4.930000000000000000e+03 5.710000000000000000e+03
1.158166100000000000e+08 1.530000000000000000e+03 3.550000000000000000e+03 4.940000000000000000e+03 5.700000000000000000e+03
1.158168180000000000e+08 1.520000000000000000e+03 3.550000000000000000e+03 4.940000000000000000e+03 5.690000000000000000e+03
1.158170260000000000e+08 1.510000000000000000e+03 3.560000000000000000e+03 4.930000000000000000e+03 5.690000000000000000e+03
1.158172340000000000e+08 1.510000000000000000e+03 3.560000000000000000e+03 4.920000000000000000e+03 5.690000000000000000e+03
1.158174420000000000e+08 1.510000000000000000e+03 3.560000000000000000e+03 4.920000000000000000e+03 5.690000000000000000e+03
1.158176490000000000e+08 1.510000000000000000e+03 3.560000000000000000e+03 4.920000000000000000e+03 5.690000000000000000e+03
1.158178580000000000e+08 1.500000000000000000e+03 3.560000000000000000e+03 5.060000000000000000e+03 5.690000000000000000e+03
1.158180650000000000e+08 1.510000000000000000e+03 3.560000000000000000e+03 5.000000000000000000e+03 5.690000000000000000e+03
1.158182730000000000e+08 1.510000000000000000e+03 3.560000000000000000e+03 4.960000000000000000e+03 5.690000000000000000e+03
1.158184810000000000e+08 1.520000000000000000e+03 3.560000000000000000e+03 4.940000000000000000e+03 5.690000000000000000e+03
1.158186890000000000e+08 1.510000000000000000e+03 3.560000000000000000e+03 4.940000000000000000e+03 5.690000000000000000e+03
1.158188970000000000e+08 1.500000000000000000e+03 3.560000000000000000e+03 4.940000000000000000e+03 5.690000000000000000e+03
1.158191050000000000e+08 1.500000000000000000e+03 3.560000000000000000e+03 4.930000000000000000e+03 5.690000000000000000e+03
1.158193130000000000e+08 1.510000000000000000e+03 3.560000000000000000e+03 4.930000000000000000e+03 5.700000000000000000e+03
1.158195210000000000e+08 1.520000000000000000e+03 3.560000000000000000e+03 4.940000000000000000e+03 5.700000000000000000e+03
1.158197290000000000e+08 1.510000000000000000e+03 3.560000000000000000e+03 4.940000000000000000e+03 5.710000000000000000e+03
1.158199370000000000e+08 1.500000000000000000e+03 3.560000000000000000e+03 4.930000000000000000e+03 5.700000000000000000e+03
1.158201450000000000e+08 1.510000000000000000e+03 3.550000000000000000e+03 4.930000000000000000e+03 5.700000000000000000e+03
1.158203530000000000e+08 1.510000000000000000e+03 3.550000000000000000e+03 4.920000000000000000e+03 5.700000000000000000e+03
1.158205610000000000e+08 1.510000000000000000e+03 3.550000000000000000e+03 4.930000000000000000e+03 5.700000000000000000e+03
1.158207690000000000e+08 1.520000000000000000e+03 3.550000000000000000e+03 4.930000000000000000e+03 5.690000000000000000e+03
1.158209770000000000e+08 1.520000000000000000e+03 3.550000000000000000e+03 4.930000000000000000e+03 5.690000000000000000e+03
1.158211850000000000e+08 1.520000000000000000e+03 3.550000000000000000e+03 4.930000000000000000e+03 5.690000000000000000e+03
1.158213920000000000e+08 1.520000000000000000e+03 3.550000000000000000e+03 4.920000000000000000e+03 5.700000000000000000e+03
1.158216010000000000e+08 1.510000000000000000e+03 3.550000000000000000e+03 4.920000000000000000e+03 5.700000000000000000e+03
1.158218090000000000e+08 1.510000000000000000e+03 3.550000000000000000e+03 4.920000000000000000e+03 5.710000000000000000e+03
1.158220170000000000e+08 1.500000000000000000e+03 3.550000000000000000e+03 4.920000000000000000e+03 5.710000000000000000e+03
1.158222250000000000e+08 1.500000000000000000e+03 3.550000000000000000e+03 4.930000000000000000e+03 5.700000000000000000e+03
