1.218253760000000000e+08 2.920000000000000000e+03 4.300000000000000000e+03 3.290000000000000000e+03 4.260000000000000000e+03
1.218255840000000000e+08 2.920000000000000000e+03 4.300000000000000000e+03 3.300000000000000000e+03 4.260000000000000000e+03
1.218257920000000000e+08 2.920000000000000000e+03 4.310000000000000000e+03 3.290000000000000000e+03 4.260000000000000000e+03
1.218259990000000000e+08 2.910000000000000000e+03 4.300000000000000000e+03 3.290000000000000000e+03 4.260000000000000000e+03
1.218262070000000000e+08 2.910000000000000000e+03 4.310000000000000000e+03 3.270000000000000000e+03 4.260000000000000000e+03
1.218264240000000000e+08 2.910000000000000000e+03 4.300000000000000000e+03 3.250000000000000000e+03 4.260000000000000000e+03
1.218266240000000000e+08 2.910000000000000000e+03 4.300000000000000000e+03 3.240000000000000000e+03 4.260000000000000000e+03
1.218268320000000000e+08 2.920000000000000000e+03 4.300000000000000000e+03 3.220000000000000000e+03 4.250000000000000000e+03
1.218270400000000000e+08 2.920000000000000000e+03 4.310000000000000000e+03 3.430000000000000000e+03 4.240000000000000000e+03
1.218272480000000000e+08 2.920000000000000000e+03 4.310000000000000000e+03 3.420000000000000000e+03 4.230000000000000000e+03
1.218274560000000000e+08 2.920000000000000000e+03 4.300000000000000000e+03 3.370000000000000000e+03 4.230000000000000000e+03
1.218276640000000000e+08 2.920000000000000000e+03 4.290000000000000000e+03 3.360000000000000000e+03 4.240000000000000000e+03
1.218278560000000000e+08 2.920000000000000000e+03 4.300000000000000000e+03 3.320000000000000000e+03 4.250000000000000000e+03
1.218280640000000000e+08 2.920000000000000000e+03 4.300000000000000000e+03 3.320000000000000000e+03 4.250000000000000000e+03
1.218282720000000000e+08 2.920000000000000000e+03 4.310000000000000000e+03 3.300000000000000000e+03 4.250000000000000000e+03
1.218284800000000000e+08 2.910000000000000000e+03 4.300000000000000000e+03 3.270000000000000000e+03 4.260000000000000000e+03
1.218286870000000000e+08 2.910000000000000000e+03 4.300000000000000000e+03 3.230000000000000000e+03 4.260000000000000000e+03
1.218288950000000000e+08 2.910000000000000000e+03 4.290000000000000000e+03 3.160000000000000000e+03 4.250000000000000000e+03
1.218291030000000000e+08 2.910000000000000000e+03 4.290000000000000000e+03 3.190000000000000000e+03 4.260000000000000000e+03
1.218293110000000000e+08 2.910000000000000000e+03 4.290000000000000000e+03 3.220000000000000000e+03 4.260000000000000000e+03
1.218295190000000000e+08 2.920000000000000000e+03 4.300000000000000000e+03 3.190000000000000000e+03 4.260000000000000000e+03
1.218297270000000000e+08 2.920000000000000000e+03 4.300000000000000000e+03 3.190000000000000000e+03 4.260000000000000000e+03
1.218299350000000000e+08 2.920000000000000000e+03 4.300000000000000000e+03 3.220000000000000000e+03 4.250000000000000000e+03
1.218301430000000000e+08 2.920000000000000000e+03 4.310000000000000000e+03 3.210000000000000000e+03 4.240000000000000000e+03
1.218303510000000000e+08 2.930000000000000000e+03 4.300000000000000000e+03 3.200000000000000000e+03 4.250000000000000000e+03
1.218305590000000000e+08 2.930000000000000000e+03 4.310000000000000000e+03 3.200000000000000000e+03 4.250000000000000000e+03
1.218307670000000000e+08 2.920000000000000000e+03 4.310000000000000000e+03 3.500000000000000000e+03 4.240000000000000000e+03
1.218309750000000000e+08 2.920000000000000000e+03 4.300000000000000000e+03 3.520000000000000000e+03 4.240000000000000000e+03
1.218311670000000000e+08 2.920000000000000000e+03 4.310000000000000000e+03 3.600000000000000000e+03 4.240000000000000000e+03
1.218313750000000000e+08 2.920000000000000000e+03 4.310000000000000000e+03 3.570000000000000000e+03 4.240000000000000000e+03
1.218315820000000000e+08 2.920000000000000000e+03 4.310000000000000000e+03 3.610000000000000000e+03 4.230000000000000000e+03
1.218317910000000000e+08 2.920000000000000000e+03 4.300000000000000000e+03 3.680000000000000000e+03 4.230000000000000000e+03
1.218324150000000000e+08 2.920000000000000000e+03 4.320000000000000000e+03 3.650000000000000000e+03 4.240000000000000000e+03
1.218326230000000000e+08 2.920000000000000000e+03 4.310000000000000000e+03 3.590000000000000000e+03 4.240000000000000000e+03
1.218328310000000000e+08 2.920000000000000000e+03 4.300000000000000000e+03 3.540000000000000000e+03 4.250000000000000000e+03
1.218330390000000000e+08 2.920000000000000000e+03 4.290000000000000000e+03 3.490000000000000000e+03 4.250000000000000000e+03
1.218332460000000000e+08 2.930000000000000000e+03 4.290000000000000000e+03 3.460000000000000000e+03 4.240000000000000000e+03
1.218334550000000000e+08 2.930000000000000000e+03 4.300000000000000000e+03 3.410000000000000000e+03 4.250000000000000000e+03
1.218340790000000000e+08 2.930000000000000000e+03 4.300000000000000000e+03 3.320000000000000000e+03 4.260000000000000000e+03
1.218342870000000000e+08 2.930000000000000000e+03 4.300000000000000000e+03 3.310000000000000000e+03 4.250000000000000000e+03
1.218344790000000000e+08 2.930000000000000000e+03 4.290000000000000000e+03 3.270000000000000000e+03 4.240000000000000000e+03
1.218346860000000000e+08 2.920000000000000000e+03 4.290000000000000000e+03 3.240000000000000000e+03 4.240000000000000000e+03
1.218348940000000000e+08 2.920000000000000000e+03 4.290000000000000000e+03 3.240000000000000000e+03 4.230000000000000000e+03
1.218351020000000000e+08 2.920000000000000000e+03 4.300000000000000000e+03 3.260000000000000000e+03 4.240000000000000000e+03
1.218353100000000000e+08 2.920000000000000000e+03 4.300000000000000000e+03 3.250000000000000000e+03 4.240000000000000000e+03
1.218355180000000000e+08 2.920000000000000000e+03 4.290000000000000000e+03 3.270000000000000000e+03 4.240000000000000000e+03
1.218357260000000000e+08 2.920000000000000000e+03 4.290000000000000000e+03 3.280000000000000000e+03 4.250000000000000000e+03
1.218359340000000000e+08 2.920000000000000000e+03 4.300000000000000000e+03 3.290000000000000000e+03 4.240000000000000000e+03
1.218361420000000000e+08 2.920000000000000000e+03 4.310000000000000000e+03 3.290000000000000000e+03 4.230000000000000000e+03
1.218363520000000000e+08 2.920000000000000000e+03 4.320000000000000000e+03 3.290000000000000000e+03 4.230000000000000000e+03
1.218365580000000000e+08 2.920000000000000000e+03 4.320000000000000000e+03 3.300000000000000000e+03 4.230000000000000000e+03
1.218367660000000000e+08 2.920000000000000000e+03 4.310000000000000000e+03 3.290000000000000000e+03 4.240000000000000000e+03
1.218369740000000000e+08 2.920000000000000000e+03 4.300000000000000000e+03 3.290000000000000000e+03 4.240000000000000000e+03
1.218371820000000000e+08 2.920000000000000000e+03 4.300000000000000000e+03 3.280000000000000000e+03 4.240000000000000000e+03
1.218373900000000000e+08 2.920000000000000000e+03 4.310000000000000000e+03 3.280000000000000000e+03 4.240000000000000000e+03
1.218375980000000000e+08 2.920000000000000000e+03 4.300000000000000000e+03 3.280000000000000000e+03 4.240000000000000000e+03
1.218378060000000000e+08 2.920000000000000000e+03 4.310000000000000000e+03 3.270000000000000000e+03 4.250000000000000000e+03
1.218379980000000000e+08 2.920000000000000000e+03 4.300000000000000000e+03 3.270000000000000000e+03 4.250000000000000000e+03
1.218382060000000000e+08 2.920000000000000000e+03 4.290000000000000000e+03 3.290000000000000000e+03 4.250000000000000000e+03
1.218384130000000000e+08 2.920000000000000000e+03 4.300000000000000000e+03 3.300000000000000000e+03 4.240000000000000000e+03
1.218386220000000000e+08 2.920000000000000000e+03 4.310000000000000000e+03 3.280000000000000000e+03 4.250000000000000000e+03
1.218388300000000000e+08 2.920000000000000000e+03 4.310000000000000000e+03 3.290000000000000000e+03 4.250000000000000000e+03
1.218390380000000000e+08 2.920000000000000000e+03 4.310000000000000000e+03 3.280000000000000000e+03 4.250000000000000000e+03
1.218392460000000000e+08 2.920000000000000000e+03 4.310000000000000000e+03 3.270000000000000000e+03 4.240000000000000000e+03
1.218394540000000000e+08 2.920000000000000000e+03 4.310000000000000000e+03 3.270000000000000000e+03 4.240000000000000000e+03
1.218396620000000000e+08 2.920000000000000000e+03 4.300000000000000000e+03 3.280000000000000000e+03 4.240000000000000000e+03
1.218398700000000000e+08 2.920000000000000000e+03 4.290000000000000000e+03 3.290000000000000000e+03 4.240000000000000000e+03
1.218400780000000000e+08 2.920000000000000000e+03 4.290000000000000000e+03 3.280000000000000000e+03 4.250000000000000000e+03
1.218402850000000000e+08 2.920000000000000000e+03 4.290000000000000000e+03 3.270000000000000000e+03 4.250000000000000000e+03
1.218404930000000000e+08 2.920000000000000000e+03 4.300000000000000000e+03 3.250000000000000000e+03 4.250000000000000000e+03
1.218407010000000000e+08 2.930000000000000000e+03 4.290000000000000000e+03 3.250000000000000000e+03 4.250000000000000000e+03
1.218409100000000000e+08 2.930000000000000000e+03 4.290000000000000000e+03 3.270000000000000000e+03 4.250000000000000000e+03
1.218411170000000000e+08 2.930000000000000000e+03 4.270000000000000000e+03 3.270000000000000000e+03 4.250000000000000000e+03
1.218413090000000000e+08 2.930000000000000000e+03 4.270000000000000000e+03 3.270000000000000000e+03 4.240000000000000000e+03
1.218415170000000000e+08 2.930000000000000000e+03 4.290000000000000000e+03 3.270000000000000000e+03 4.250000000000000000e+03
1.218417250000000000e+08 2.930000000000000000e+03 4.290000000000000000e+03 3.270000000000000000e+03 4.250000000000000000e+03
1.218419330000000000e+08 2.930000000000000000e+03 4.290000000000000000e+03 3.260000000000000000e+03 4.240000000000000000e+03
1.218421410000000000e+08 2.930000000000000000e+03 4.290000000000000000e+03 3.270000000000000000e+03 4.250000000000000000e+03
1.218423490000000000e+08 2.930000000000000000e+03 4.290000000000000000e+03 3.280000000000000000e+03 4.240000000000000000e+03
1.218425570000000000e+08 2.930000000000000000e+03 4.300000000000000000e+03 3.290000000000000000e+03 4.240000000000000000e+03
1.218427650000000000e+08 2.920000000000000000e+03 4.290000000000000000e+03 3.290000000000000000e+03 4.240000000000000000e+03
1.218429730000000000e+08 2.920000000000000000e+03 4.290000000000000000e+03 3.280000000000000000e+03 4.240000000000000000e+03
1.218431810000000000e+08 2.920000000000000000e+03 4.300000000000000000e+03 3.280000000000000000e+03 4.230000000000000000e+03
1.218433890000000000e+08 2.920000000000000000e+03 4.310000000000000000e+03 3.470000000000000000e+03 4.230000000000000000e+03
1.218435970000000000e+08 2.920000000000000000e+03 4.300000000000000000e+03 3.590000000000000000e+03 4.230000000000000000e+03
1.218438050000000000e+08 2.920000000000000000e+03 4.290000000000000000e+03 3.480000000000000000e+03 4.230000000000000000e+03
1.218440130000000000e+08 2.920000000000000000e+03 4.290000000000000000e+03 3.400000000000000000e+03 4.240000000000000000e+03
1.218442210000000000e+08 2.920000000000000000e+03 4.290000000000000000e+03 3.390000000000000000e+03 4.240000000000000000e+03
1.218444290000000000e+08 2.920000000000000000e+03 4.300000000000000000e+03 3.390000000000000000e+03 4.230000000000000000e+03
1.218446370000000000e+08 2.920000000000000000e+03 4.310000000000000000e+03 3.420000000000000000e+03 4.230000000000000000e+03
1.218448290000000000e+08 2.920000000000000000e+03 4.320000000000000000e+03 3.370000000000000000e+03 4.230000000000000000e+03
1.218450360000000000e+08 2.920000000000000000e+03 4.310000000000000000e+03 3.330000000000000000e+03 4.230000000000000000e+03
1.218452450000000000e+08 2.920000000000000000e+03 4.310000000000000000e+03 3.310000000000000000e+03 4.230000000000000000e+03
1.218454530000000000e+08 2.920000000000000000e+03 4.310000000000000000e+03 3.280000000000000000e+03 4.240000000000000000e+03
1.218456600000000000e+08 2.920000000000000000e+03 4.310000000000000000e+03 3.250000000000000000e+03 4.250000000000000000e+03
1.218458680000000000e+08 2.920000000000000000e+03 4.310000000000000000e+03 3.250000000000000000e+03 4.250000000000000000e+03
1.218462840000000000e+08 2.920000000000000000e+03 4.300000000000000000e+03 3.230000000000000000e+03 4.240000000000000000e+03
1.218464920000000000e+08 2.910000000000000000e+03 4.300000000000000000e+03 3.240000000000000000e+03 4.230000000000000000e+03
1.218467000000000000e+08 2.920000000000000000e+03 4.310000000000000000e+03 3.240000000000000000e+03 4.230000000000000000e+03
1.218469080000000000e+08 2.920000000000000000e+03 4.310000000000000000e+03 3.240000000000000000e+03 4.230000000000000000e+03
1.218471160000000000e+08 2.920000000000000000e+03 4.310000000000000000e+03 3.240000000000000000e+03 4.240000000000000000e+03
1.218473080000000000e+08 2.920000000000000000e+03 4.310000000000000000e+03 3.250000000000000000e+03 4.240000000000000000e+03
1.218475160000000000e+08 2.920000000000000000e+03 4.310000000000000000e+03 3.240000000000000000e+03 4.230000000000000000e+03
1.218477240000000000e+08 2.920000000000000000e+03 4.310000000000000000e+03 3.250000000000000000e+03 4.250000000000000000e+03
1.218479320000000000e+08 2.920000000000000000e+03 4.320000000000000000e+03 3.250000000000000000e+03 4.240000000000000000e+03
1.218481400000000000e+08 2.920000000000000000e+03 4.320000000000000000e+03 3.260000000000000000e+03 4.240000000000000000e+03
1.218483480000000000e+08 2.920000000000000000e+03 4.310000000000000000e+03 3.280000000000000000e+03 4.250000000000000000e+03
1.218485560000000000e+08 2.920000000000000000e+03 4.300000000000000000e+03 3.280000000000000000e+03 4.250000000000000000e+03
1.218487640000000000e+08 2.930000000000000000e+03 4.290000000000000000e+03 3.280000000000000000e+03 4.250000000000000000e+03
1.218489720000000000e+08 2.930000000000000000e+03 4.290000000000000000e+03 3.280000000000000000e+03 4.250000000000000000e+03
1.218491790000000000e+08 2.920000000000000000e+03 4.300000000000000000e+03 3.280000000000000000e+03 4.250000000000000000e+03
1.218493880000000000e+08 2.920000000000000000e+03 4.290000000000000000e+03 3.280000000000000000e+03 4.250000000000000000e+03
1.218495960000000000e+08 2.920000000000000000e+03 4.290000000000000000e+03 3.260000000000000000e+03 4.250000000000000000e+03
1.218498040000000000e+08 2.920000000000000000e+03 4.290000000000000000e+03 3.250000000000000000e+03 4.250000000000000000e+03
1.218500120000000000e+08 2.920000000000000000e+03 4.300000000000000000e+03 3.240000000000000000e+03 4.250000000000000000e+03
1.218502200000000000e+08 2.920000000000000000e+03 4.300000000000000000e+03 3.240000000000000000e+03 4.240000000000000000e+03
1.218504280000000000e+08 2.910000000000000000e+03 4.310000000000000000e+03 3.230000000000000000e+03 4.240000000000000000e+03
1.218506190000000000e+08 2.910000000000000000e+03 4.300000000000000000e+03 3.230000000000000000e+03 4.240000000000000000e+03
1.218508280000000000e+08 2.910000000000000000e+03 4.310000000000000000e+03 3.230000000000000000e+03 4.240000000000000000e+03
1.218510360000000000e+08 2.920000000000000000e+03 4.310000000000000000e+03 3.220000000000000000e+03 4.250000000000000000e+03
1.218512430000000000e+08 2.930000000000000000e+03 4.310000000000000000e+03 3.230000000000000000e+03 4.250000000000000000e+03
1.218514520000000000e+08 2.930000000000000000e+03 4.310000000000000000e+03 3.230000000000000000e+03 4.260000000000000000e+03
1.218516590000000000e+08 2.930000000000000000e+03 4.310000000000000000e+03 3.240000000000000000e+03 4.250000000000000000e+03
1.218518670000000000e+08 2.930000000000000000e+03 4.300000000000000000e+03 3.240000000000000000e+03 4.260000000000000000e+03
1.218520750000000000e+08 2.930000000000000000e+03 4.310000000000000000e+03 3.240000000000000000e+03 4.250000000000000000e+03
1.218522830000000000e+08 2.930000000000000000e+03 4.300000000000000000e+03 3.240000000000000000e+03 4.240000000000000000e+03
1.218524910000000000e+08 2.920000000000000000e+03 4.300000000000000000e+03 3.240000000000000000e+03 4.250000000000000000e+03
1.219010180000000000e+08 2.920000000000000000e+03 4.300000000000000000e+03 2.870000000000000000e+03 4.370000000000000000e+03
1.219012250000000000e+08 2.920000000000000000e+03 4.310000000000000000e+03 2.870000000000000000e+03 4.390000000000000000e+03
1.219014330000000000e+08 2.920000000000000000e+03 4.300000000000000000e+03 2.870000000000000000e+03 4.520000000000000000e+03
1.219016420000000000e+08 2.920000000000000000e+03 4.300000000000000000e+03 2.870000000000000000e+03 4.640000000000000000e+03
1.219018490000000000e+08 2.920000000000000000e+03 4.290000000000000000e+03 2.860000000000000000e+03 4.710000000000000000e+03
1.219020580000000000e+08 2.920000000000000000e+03 4.300000000000000000e+03 2.850000000000000000e+03 4.690000000000000000e+03
1.219022660000000000e+08 2.920000000000000000e+03 4.310000000000000000e+03 2.850000000000000000e+03 4.660000000000000000e+03
1.219024730000000000e+08 2.920000000000000000e+03 4.310000000000000000e+03 2.850000000000000000e+03 4.670000000000000000e+03
1.219026810000000000e+08 2.920000000000000000e+03 4.300000000000000000e+03 2.850000000000000000e+03 4.710000000000000000e+03
1.219028900000000000e+08 2.930000000000000000e+03 4.290000000000000000e+03 2.860000000000000000e+03 4.690000000000000000e+03
1.219030970000000000e+08 2.930000000000000000e+03 4.290000000000000000e+03 2.860000000000000000e+03 4.670000000000000000e+03
1.219033050000000000e+08 2.930000000000000000e+03 4.300000000000000000e+03 2.870000000000000000e+03 4.620000000000000000e+03
1.219035130000000000e+08 2.930000000000000000e+03 4.310000000000000000e+03 2.870000000000000000e+03 4.610000000000000000e+03
1.219037210000000000e+08 2.930000000000000000e+03 4.310000000000000000e+03 2.860000000000000000e+03 4.620000000000000000e+03
1.219039290000000000e+08 2.930000000000000000e+03 4.310000000000000000e+03 2.860000000000000000e+03 4.630000000000000000e+03
1.219041360000000000e+08 2.930000000000000000e+03 4.300000000000000000e+03 2.860000000000000000e+03 4.630000000000000000e+03
1.219043450000000000e+08 2.930000000000000000e+03 4.300000000000000000e+03 2.860000000000000000e+03 4.610000000000000000e+03
1.219045530000000000e+08 2.930000000000000000e+03 4.310000000000000000e+03 2.860000000000000000e+03 4.600000000000000000e+03
1.219047610000000000e+08 2.930000000000000000e+03 4.310000000000000000e+03 2.870000000000000000e+03 4.600000000000000000e+03
1.219049690000000000e+08 2.930000000000000000e+03 4.310000000000000000e+03 2.870000000000000000e+03 4.520000000000000000e+03
1.219051770000000000e+08 2.930000000000000000e+03 4.300000000000000000e+03 2.870000000000000000e+03 4.480000000000000000e+03
1.219053850000000000e+08 2.930000000000000000e+03 4.290000000000000000e+03 2.870000000000000000e+03 4.450000000000000000e+03
1.219055930000000000e+08 2.920000000000000000e+03 4.290000000000000000e+03 2.870000000000000000e+03 4.420000000000000000e+03
1.219058010000000000e+08 2.920000000000000000e+03 4.270000000000000000e+03 2.870000000000000000e+03 4.400000000000000000e+03
1.219060090000000000e+08 2.920000000000000000e+03 4.270000000000000000e+03 2.870000000000000000e+03 4.390000000000000000e+03
1.219062170000000000e+08 2.920000000000000000e+03 4.290000000000000000e+03 2.870000000000000000e+03 4.390000000000000000e+03
1.219064250000000000e+08 2.920000000000000000e+03 4.300000000000000000e+03 2.870000000000000000e+03 4.400000000000000000e+03
1.219066330000000000e+08 2.920000000000000000e+03 4.310000000000000000e+03 2.860000000000000000e+03 4.450000000000000000e+03
1.219068410000000000e+08 2.920000000000000000e+03 4.320000000000000000e+03 2.860000000000000000e+03 4.500000000000000000e+03
1.219070490000000000e+08 2.930000000000000000e+03 4.300000000000000000e+03 2.860000000000000000e+03 4.540000000000000000e+03
1.219072570000000000e+08 2.920000000000000000e+03 4.290000000000000000e+03 2.870000000000000000e+03 4.570000000000000000e+03
1.219074640000000000e+08 2.920000000000000000e+03 4.300000000000000000e+03 2.860000000000000000e+03 4.610000000000000000e+03
1.219076730000000000e+08 2.920000000000000000e+03 4.290000000000000000e+03 2.860000000000000000e+03 4.610000000000000000e+03
1.219078810000000000e+08 2.920000000000000000e+03 4.300000000000000000e+03 2.860000000000000000e+03 4.610000000000000000e+03
1.219080890000000000e+08 2.920000000000000000e+03 4.290000000000000000e+03 2.880000000000000000e+03 4.630000000000000000e+03
1.219082970000000000e+08 2.920000000000000000e+03 4.300000000000000000e+03 2.870000000000000000e+03 4.620000000000000000e+03
1.219085040000000000e+08 2.920000000000000000e+03 4.310000000000000000e+03 2.860000000000000000e+03 4.630000000000000000e+03
1.219087130000000000e+08 2.920000000000000000e+03 4.310000000000000000e+03 2.860000000000000000e+03 4.640000000000000000e+03
1.219089200000000000e+08 2.920000000000000000e+03 4.310000000000000000e+03 2.870000000000000000e+03 4.620000000000000000e+03
1.219091280000000000e+08 2.920000000000000000e+03 4.300000000000000000e+03 2.870000000000000000e+03 4.560000000000000000e+03
1.219093360000000000e+08 2.920000000000000000e+03 4.290000000000000000e+03 2.860000000000000000e+03 4.550000000000000000e+03
1.219095440000000000e+08 2.920000000000000000e+03 4.300000000000000000e+03 2.860000000000000000e+03 4.550000000000000000e+03
1.219097520000000000e+08 2.920000000000000000e+03 4.310000000000000000e+03 2.860000000000000000e+03 4.530000000000000000e+03
1.219099600000000000e+08 2.920000000000000000e+03 4.310000000000000000e+03 2.860000000000000000e+03 4.510000000000000000e+03
1.219101680000000000e+08 2.910000000000000000e+03 4.310000000000000000e+03 2.850000000000000000e+03 4.550000000000000000e+03
1.219103760000000000e+08 2.910000000000000000e+03 4.310000000000000000e+03 2.850000000000000000e+03 4.630000000000000000e+03
1.219105850000000000e+08 2.910000000000000000e+03 4.300000000000000000e+03 2.850000000000000000e+03 4.650000000000000000e+03
1.219107920000000000e+08 2.910000000000000000e+03 4.290000000000000000e+03 2.850000000000000000e+03 4.640000000000000000e+03
1.219110000000000000e+08 2.910000000000000000e+03 4.290000000000000000e+03 2.850000000000000000e+03 4.660000000000000000e+03
1.219112080000000000e+08 2.910000000000000000e+03 4.300000000000000000e+03 2.850000000000000000e+03 4.640000000000000000e+03
1.219114160000000000e+08 2.910000000000000000e+03 4.290000000000000000e+03 2.840000000000000000e+03 4.620000000000000000e+03
1.219116240000000000e+08 2.910000000000000000e+03 4.300000000000000000e+03 2.840000000000000000e+03 4.610000000000000000e+03
1.219118320000000000e+08 2.910000000000000000e+03 4.310000000000000000e+03 2.840000000000000000e+03 4.580000000000000000e+03
1.219120400000000000e+08 2.910000000000000000e+03 4.310000000000000000e+03 2.860000000000000000e+03 4.570000000000000000e+03
1.219122470000000000e+08 2.920000000000000000e+03 4.300000000000000000e+03 2.860000000000000000e+03 4.550000000000000000e+03
1.219124560000000000e+08 2.920000000000000000e+03 4.300000000000000000e+03 2.860000000000000000e+03 4.560000000000000000e+03
1.219126640000000000e+08 2.920000000000000000e+03 4.290000000000000000e+03 2.860000000000000000e+03 4.550000000000000000e+03
1.219128710000000000e+08 2.920000000000000000e+03 4.290000000000000000e+03 2.860000000000000000e+03 4.520000000000000000e+03
1.219130790000000000e+08 2.920000000000000000e+03 4.290000000000000000e+03 2.860000000000000000e+03 4.510000000000000000e+03
1.219132870000000000e+08 2.920000000000000000e+03 4.270000000000000000e+03 2.860000000000000000e+03 4.480000000000000000e+03
1.219134960000000000e+08 2.920000000000000000e+03 4.270000000000000000e+03 2.860000000000000000e+03 4.540000000000000000e+03
1.219137030000000000e+08 2.920000000000000000e+03 4.270000000000000000e+03 2.860000000000000000e+03 4.580000000000000000e+03
1.219139120000000000e+08 2.920000000000000000e+03 4.270000000000000000e+03 2.860000000000000000e+03 4.580000000000000000e+03
1.219141200000000000e+08 2.920000000000000000e+03 4.290000000000000000e+03 2.870000000000000000e+03 4.610000000000000000e+03
1.219143270000000000e+08 2.920000000000000000e+03 4.290000000000000000e+03 2.870000000000000000e+03 4.640000000000000000e+03
1.219145360000000000e+08 2.920000000000000000e+03 4.300000000000000000e+03 2.870000000000000000e+03 4.620000000000000000e+03
1.219147450000000000e+08 2.920000000000000000e+03 4.300000000000000000e+03 2.870000000000000000e+03 4.560000000000000000e+03
1.219149510000000000e+08 2.920000000000000000e+03 4.310000000000000000e+03 2.870000000000000000e+03 4.490000000000000000e+03
1.219151590000000000e+08 2.920000000000000000e+03 4.310000000000000000e+03 2.870000000000000000e+03 4.420000000000000000e+03
1.219153670000000000e+08 2.920000000000000000e+03 4.310000000000000000e+03 2.870000000000000000e+03 4.370000000000000000e+03
1.219155750000000000e+08 2.920000000000000000e+03 4.300000000000000000e+03 2.870000000000000000e+03 4.370000000000000000e+03
1.219157830000000000e+08 2.920000000000000000e+03 4.300000000000000000e+03 2.870000000000000000e+03 4.350000000000000000e+03
1.219159910000000000e+08 2.920000000000000000e+03 4.310000000000000000e+03 2.870000000000000000e+03 4.340000000000000000e+03
1.219161990000000000e+08 2.920000000000000000e+03 4.300000000000000000e+03 2.870000000000000000e+03 4.330000000000000000e+03
1.219164070000000000e+08 2.920000000000000000e+03 4.300000000000000000e+03 2.860000000000000000e+03 4.330000000000000000e+03
1.219166150000000000e+08 2.920000000000000000e+03 4.310000000000000000e+03 2.860000000000000000e+03 4.320000000000000000e+03
1.219168230000000000e+08 2.920000000000000000e+03 4.310000000000000000e+03 2.860000000000000000e+03 4.320000000000000000e+03
1.219170310000000000e+08 2.920000000000000000e+03 4.310000000000000000e+03 2.860000000000000000e+03 4.340000000000000000e+03
1.219172390000000000e+08 2.920000000000000000e+03 4.300000000000000000e+03 2.860000000000000000e+03 4.350000000000000000e+03
1.219174470000000000e+08 2.920000000000000000e+03 4.310000000000000000e+03 2.860000000000000000e+03 4.350000000000000000e+03
1.219176550000000000e+08 2.920000000000000000e+03 4.300000000000000000e+03 2.860000000000000000e+03 4.370000000000000000e+03
1.219178630000000000e+08 2.920000000000000000e+03 4.310000000000000000e+03 2.860000000000000000e+03 4.380000000000000000e+03
1.219180710000000000e+08 2.920000000000000000e+03 4.310000000000000000e+03 2.860000000000000000e+03 4.370000000000000000e+03
1.219182780000000000e+08 2.920000000000000000e+03 4.310000000000000000e+03 2.860000000000000000e+03 4.360000000000000000e+03
1.219184870000000000e+08 2.920000000000000000e+03 4.310000000000000000e+03 2.870000000000000000e+03 4.350000000000000000e+03
1.219186950000000000e+08 2.920000000000000000e+03 4.320000000000000000e+03 2.870000000000000000e+03 4.350000000000000000e+03
1.219189020000000000e+08 2.920000000000000000e+03 4.320000000000000000e+03 2.870000000000000000e+03 4.360000000000000000e+03
1.219191110000000000e+08 2.920000000000000000e+03 4.320000000000000000e+03 2.870000000000000000e+03 4.360000000000000000e+03
1.219193190000000000e+08 2.920000000000000000e+03 4.320000000000000000e+03 2.870000000000000000e+03 4.370000000000000000e+03
1.219195260000000000e+08 2.920000000000000000e+03 4.320000000000000000e+03 2.870000000000000000e+03 4.370000000000000000e+03
1.219197350000000000e+08 2.920000000000000000e+03 4.320000000000000000e+03 2.860000000000000000e+03 4.370000000000000000e+03
1.219199430000000000e+08 2.920000000000000000e+03 4.320000000000000000e+03 2.860000000000000000e+03 4.370000000000000000e+03
1.219201510000000000e+08 2.920000000000000000e+03 4.320000000000000000e+03 2.860000000000000000e+03 4.370000000000000000e+03
1.219203590000000000e+08 2.920000000000000000e+03 4.320000000000000000e+03 2.860000000000000000e+03 4.370000000000000000e+03
1.219205660000000000e+08 2.920000000000000000e+03 4.310000000000000000e+03 2.860000000000000000e+03 4.390000000000000000e+03
1.219207740000000000e+08 2.920000000000000000e+03 4.300000000000000000e+03 2.860000000000000000e+03 4.420000000000000000e+03
1.219209820000000000e+08 2.920000000000000000e+03 4.290000000000000000e+03 2.860000000000000000e+03 4.430000000000000000e+03
1.219211900000000000e+08 2.930000000000000000e+03 4.290000000000000000e+03 2.860000000000000000e+03 4.470000000000000000e+03
1.219213980000000000e+08 2.930000000000000000e+03 4.290000000000000000e+03 2.860000000000000000e+03 4.490000000000000000e+03
1.219216060000000000e+08 2.930000000000000000e+03 4.290000000000000000e+03 2.870000000000000000e+03 4.490000000000000000e+03
1.219218140000000000e+08 2.930000000000000000e+03 4.290000000000000000e+03 2.870000000000000000e+03 4.480000000000000000e+03
1.219220220000000000e+08 2.930000000000000000e+03 4.270000000000000000e+03 2.870000000000000000e+03 4.460000000000000000e+03
1.219222300000000000e+08 2.930000000000000000e+03 4.290000000000000000e+03 2.860000000000000000e+03 4.420000000000000000e+03
1.219224380000000000e+08 2.920000000000000000e+03 4.270000000000000000e+03 2.860000000000000000e+03 4.410000000000000000e+03
1.219226460000000000e+08 2.930000000000000000e+03 4.270000000000000000e+03 2.860000000000000000e+03 4.400000000000000000e+03
1.219228540000000000e+08 2.930000000000000000e+03 4.290000000000000000e+03 2.860000000000000000e+03 4.390000000000000000e+03
1.219230620000000000e+08 2.930000000000000000e+03 4.300000000000000000e+03 2.860000000000000000e+03 4.380000000000000000e+03
1.219232700000000000e+08 2.930000000000000000e+03 4.290000000000000000e+03 2.860000000000000000e+03 4.370000000000000000e+03
1.219234780000000000e+08 2.920000000000000000e+03 4.290000000000000000e+03 2.860000000000000000e+03 4.360000000000000000e+03
1.219236860000000000e+08 2.920000000000000000e+03 4.310000000000000000e+03 2.860000000000000000e+03 4.350000000000000000e+03
1.219238940000000000e+08 2.920000000000000000e+03 4.300000000000000000e+03 2.870000000000000000e+03 4.350000000000000000e+03
1.219241020000000000e+08 2.920000000000000000e+03 4.300000000000000000e+03 2.860000000000000000e+03 4.340000000000000000e+03
1.219243100000000000e+08 2.920000000000000000e+03 4.300000000000000000e+03 2.870000000000000000e+03 4.340000000000000000e+03
1.219245170000000000e+08 2.920000000000000000e+03 4.300000000000000000e+03 2.870000000000000000e+03 4.360000000000000000e+03
1.219247260000000000e+08 2.910000000000000000e+03 4.310000000000000000e+03 2.870000000000000000e+03 4.370000000000000000e+03
1.219249340000000000e+08 2.910000000000000000e+03 4.310000000000000000e+03 2.860000000000000000e+03 4.370000000000000000e+03
1.219251420000000000e+08 2.910000000000000000e+03 4.310000000000000000e+03 2.860000000000000000e+03 4.380000000000000000e+03
1.219253500000000000e+08 2.910000000000000000e+03 4.310000000000000000e+03 2.860000000000000000e+03 4.370000000000000000e+03
1.219255570000000000e+08 2.920000000000000000e+03 4.300000000000000000e+03 2.860000000000000000e+03 4.360000000000000000e+03
1.219257660000000000e+08 2.920000000000000000e+03 4.290000000000000000e+03 2.850000000000000000e+03 4.370000000000000000e+03
1.219259730000000000e+08 2.920000000000000000e+03 4.290000000000000000e+03 2.850000000000000000e+03 4.370000000000000000e+03
1.219261810000000000e+08 2.920000000000000000e+03 4.290000000000000000e+03 2.850000000000000000e+03 4.370000000000000000e+03
1.219263890000000000e+08 2.920000000000000000e+03 4.300000000000000000e+03 2.870000000000000000e+03 4.370000000000000000e+03
1.219265980000000000e+08 2.920000000000000000e+03 4.300000000000000000e+03 2.870000000000000000e+03 4.380000000000000000e+03
1.219268050000000000e+08 2.930000000000000000e+03 4.310000000000000000e+03 2.870000000000000000e+03 4.380000000000000000e+03
1.219270130000000000e+08 2.920000000000000000e+03 4.300000000000000000e+03 2.870000000000000000e+03 4.390000000000000000e+03
1.219272210000000000e+08 2.920000000000000000e+03 4.310000000000000000e+03 2.860000000000000000e+03 4.400000000000000000e+03
1.219274290000000000e+08 2.920000000000000000e+03 4.300000000000000000e+03 2.860000000000000000e+03 4.410000000000000000e+03
1.219276370000000000e+08 2.920000000000000000e+03 4.310000000000000000e+03 2.860000000000000000e+03 4.420000000000000000e+03
1.219278450000000000e+08 2.920000000000000000e+03 4.300000000000000000e+03 2.860000000000000000e+03 4.440000000000000000e+03
1.219280530000000000e+08 2.920000000000000000e+03 4.310000000000000000e+03 2.860000000000000000e+03 4.450000000000000000e+03
1.219282610000000000e+08 2.920000000000000000e+03 4.310000000000000000e+03 2.860000000000000000e+03 4.450000000000000000e+03
1.219284690000000000e+08 2.920000000000000000e+03 4.310000000000000000e+03 2.860000000000000000e+03 4.430000000000000000e+03
1.219286770000000000e+08 2.920000000000000000e+03 4.300000000000000000e+03 2.860000000000000000e+03 4.420000000000000000e+03
1.219288850000000000e+08 2.920000000000000000e+03 4.310000000000000000e+03 2.860000000000000000e+03 4.420000000000000000e+03
1.219290930000000000e+08 2.920000000000000000e+03 4.300000000000000000e+03 2.850000000000000000e+03 4.430000000000000000e+03
1.219293010000000000e+08 2.920000000000000000e+03 4.310000000000000000e+03 2.850000000000000000e+03 4.440000000000000000e+03
1.219295090000000000e+08 2.910000000000000000e+03 4.290000000000000000e+03 2.850000000000000000e+03 4.440000000000000000e+03
1.219297170000000000e+08 2.910000000000000000e+03 4.300000000000000000e+03 2.860000000000000000e+03 4.450000000000000000e+03
1.219299250000000000e+08 2.910000000000000000e+03 4.310000000000000000e+03 2.860000000000000000e+03 4.450000000000000000e+03
1.219301330000000000e+08 2.910000000000000000e+03 4.300000000000000000e+03 2.860000000000000000e+03 4.450000000000000000e+03
1.219303410000000000e+08 2.910000000000000000e+03 4.290000000000000000e+03 2.860000000000000000e+03 4.410000000000000000e+03
1.219305490000000000e+08 2.910000000000000000e+03 4.270000000000000000e+03 2.860000000000000000e+03 4.380000000000000000e+03
1.219307560000000000e+08 2.920000000000000000e+03 4.290000000000000000e+03 2.860000000000000000e+03 4.490000000000000000e+03
1.219309650000000000e+08 2.920000000000000000e+03 4.270000000000000000e+03 2.860000000000000000e+03 4.440000000000000000e+03
1.219311730000000000e+08 2.930000000000000000e+03 4.290000000000000000e+03 2.860000000000000000e+03 4.660000000000000000e+03
1.219313810000000000e+08 2.930000000000000000e+03 4.300000000000000000e+03 2.860000000000000000e+03 4.770000000000000000e+03
1.219315880000000000e+08 2.930000000000000000e+03 4.300000000000000000e+03 2.860000000000000000e+03 4.640000000000000000e+03
1.219317970000000000e+08 2.920000000000000000e+03 4.300000000000000000e+03 2.860000000000000000e+03 4.520000000000000000e+03
1.219320040000000000e+08 2.920000000000000000e+03 4.310000000000000000e+03 2.860000000000000000e+03 4.460000000000000000e+03
1.219322120000000000e+08 2.920000000000000000e+03 4.300000000000000000e+03 2.870000000000000000e+03 4.440000000000000000e+03
1.219324200000000000e+08 2.930000000000000000e+03 4.300000000000000000e+03 2.870000000000000000e+03 4.420000000000000000e+03
1.219326280000000000e+08 2.930000000000000000e+03 4.310000000000000000e+03 2.870000000000000000e+03 4.410000000000000000e+03
1.219328360000000000e+08 2.930000000000000000e+03 4.310000000000000000e+03 2.870000000000000000e+03 4.380000000000000000e+03
1.219334600000000000e+08 2.930000000000000000e+03 4.290000000000000000e+03 2.860000000000000000e+03 4.560000000000000000e+03
1.219336680000000000e+08 2.930000000000000000e+03 4.300000000000000000e+03 2.850000000000000000e+03 4.730000000000000000e+03
1.219338760000000000e+08 2.930000000000000000e+03 4.300000000000000000e+03 2.860000000000000000e+03 4.840000000000000000e+03
1.219340840000000000e+08 2.930000000000000000e+03 4.290000000000000000e+03 2.860000000000000000e+03 4.830000000000000000e+03
1.219342920000000000e+08 2.920000000000000000e+03 4.300000000000000000e+03 2.860000000000000000e+03 4.920000000000000000e+03
1.219345000000000000e+08 2.910000000000000000e+03 4.290000000000000000e+03 2.860000000000000000e+03 4.970000000000000000e+03
1.219347080000000000e+08 2.910000000000000000e+03 4.300000000000000000e+03 2.860000000000000000e+03 5.020000000000000000e+03
1.219349160000000000e+08 2.910000000000000000e+03 4.310000000000000000e+03 2.860000000000000000e+03 5.070000000000000000e+03
1.219351230000000000e+08 2.920000000000000000e+03 4.310000000000000000e+03 2.860000000000000000e+03 5.100000000000000000e+03
1.219353320000000000e+08 2.920000000000000000e+03 4.300000000000000000e+03 2.870000000000000000e+03 5.120000000000000000e+03
1.219367880000000000e+08 2.920000000000000000e+03 4.300000000000000000e+03 2.860000000000000000e+03 5.110000000000000000e+03
1.219376200000000000e+08 2.920000000000000000e+03 4.310000000000000000e+03 2.870000000000000000e+03 5.080000000000000000e+03
1.219378270000000000e+08 2.920000000000000000e+03 4.310000000000000000e+03 2.870000000000000000e+03 4.870000000000000000e+03
1.219380360000000000e+08 2.920000000000000000e+03 4.310000000000000000e+03 2.870000000000000000e+03 4.960000000000000000e+03
1.219382430000000000e+08 2.910000000000000000e+03 4.300000000000000000e+03 2.870000000000000000e+03 5.120000000000000000e+03
1.219384510000000000e+08 2.920000000000000000e+03 4.300000000000000000e+03 2.870000000000000000e+03 5.050000000000000000e+03
1.219386590000000000e+08 2.920000000000000000e+03 4.290000000000000000e+03 2.870000000000000000e+03 4.810000000000000000e+03
1.219388670000000000e+08 2.930000000000000000e+03 4.300000000000000000e+03 2.870000000000000000e+03 4.680000000000000000e+03
1.219390750000000000e+08 2.920000000000000000e+03 4.300000000000000000e+03 2.870000000000000000e+03 4.620000000000000000e+03
1.219392830000000000e+08 2.910000000000000000e+03 4.290000000000000000e+03 2.860000000000000000e+03 4.560000000000000000e+03
1.219394910000000000e+08 2.910000000000000000e+03 4.290000000000000000e+03 2.860000000000000000e+03 4.630000000000000000e+03
1.219396990000000000e+08 2.920000000000000000e+03 4.290000000000000000e+03 2.860000000000000000e+03 4.630000000000000000e+03
1.219399070000000000e+08 2.920000000000000000e+03 4.300000000000000000e+03 2.860000000000000000e+03 4.630000000000000000e+03
1.219401150000000000e+08 2.920000000000000000e+03 4.310000000000000000e+03 2.860000000000000000e+03 4.640000000000000000e+03
1.219403230000000000e+08 2.920000000000000000e+03 4.300000000000000000e+03 2.850000000000000000e+03 4.640000000000000000e+03
1.219405310000000000e+08 2.910000000000000000e+03 4.310000000000000000e+03 2.860000000000000000e+03 4.660000000000000000e+03
1.219407380000000000e+08 2.910000000000000000e+03 4.300000000000000000e+03 2.870000000000000000e+03 4.570000000000000000e+03
1.219409470000000000e+08 2.910000000000000000e+03 4.300000000000000000e+03 2.870000000000000000e+03 4.500000000000000000e+03
1.219411550000000000e+08 2.910000000000000000e+03 4.310000000000000000e+03 2.870000000000000000e+03 4.530000000000000000e+03
1.219413630000000000e+08 2.920000000000000000e+03 4.300000000000000000e+03 2.870000000000000000e+03 4.470000000000000000e+03
1.219415710000000000e+08 2.920000000000000000e+03 4.310000000000000000e+03 2.870000000000000000e+03 4.430000000000000000e+03
1.219417790000000000e+08 2.920000000000000000e+03 4.300000000000000000e+03 2.870000000000000000e+03 4.430000000000000000e+03
1.219419860000000000e+08 2.920000000000000000e+03 4.300000000000000000e+03 2.870000000000000000e+03 4.540000000000000000e+03
1.219421950000000000e+08 2.920000000000000000e+03 4.310000000000000000e+03 2.860000000000000000e+03 4.580000000000000000e+03
1.219424030000000000e+08 2.920000000000000000e+03 4.310000000000000000e+03 2.860000000000000000e+03 4.580000000000000000e+03
1.219426110000000000e+08 2.920000000000000000e+03 4.310000000000000000e+03 2.860000000000000000e+03 4.710000000000000000e+03
1.219428190000000000e+08 2.920000000000000000e+03 4.310000000000000000e+03 2.860000000000000000e+03 4.740000000000000000e+03
1.219430260000000000e+08 2.920000000000000000e+03 4.310000000000000000e+03 2.860000000000000000e+03 4.670000000000000000e+03
1.219432340000000000e+08 2.910000000000000000e+03 4.300000000000000000e+03 2.860000000000000000e+03 4.720000000000000000e+03
1.219434420000000000e+08 2.900000000000000000e+03 4.290000000000000000e+03 2.870000000000000000e+03 4.670000000000000000e+03
1.219436500000000000e+08 2.900000000000000000e+03 4.300000000000000000e+03 2.870000000000000000e+03 4.640000000000000000e+03
1.219438590000000000e+08 2.900000000000000000e+03 4.290000000000000000e+03 2.870000000000000000e+03 4.580000000000000000e+03
1.219440660000000000e+08 2.900000000000000000e+03 4.290000000000000000e+03 2.860000000000000000e+03 4.570000000000000000e+03
1.219442740000000000e+08 2.900000000000000000e+03 4.270000000000000000e+03 2.860000000000000000e+03 4.540000000000000000e+03
1.219444820000000000e+08 2.900000000000000000e+03 4.290000000000000000e+03 2.860000000000000000e+03 4.510000000000000000e+03
1.219446900000000000e+08 2.910000000000000000e+03 4.300000000000000000e+03 2.860000000000000000e+03 4.480000000000000000e+03
1.219448980000000000e+08 2.920000000000000000e+03 4.290000000000000000e+03 2.860000000000000000e+03 4.480000000000000000e+03
1.219451060000000000e+08 2.920000000000000000e+03 4.290000000000000000e+03 2.860000000000000000e+03 4.500000000000000000e+03
1.219453130000000000e+08 2.920000000000000000e+03 4.270000000000000000e+03 2.860000000000000000e+03 4.580000000000000000e+03
1.219455220000000000e+08 2.920000000000000000e+03 4.290000000000000000e+03 2.870000000000000000e+03 4.670000000000000000e+03
1.219457300000000000e+08 2.920000000000000000e+03 4.300000000000000000e+03 2.870000000000000000e+03 4.690000000000000000e+03
