1.444163910000000000e+08 4.440000000000000000e+03 5.430000000000000000e+03 2.210000000000000000e+03 3.010000000000000000e+03
1.444165980000000000e+08 4.440000000000000000e+03 5.420000000000000000e+03 2.220000000000000000e+03 3.010000000000000000e+03
1.444168060000000000e+08 4.440000000000000000e+03 5.480000000000000000e+03 2.210000000000000000e+03 3.010000000000000000e+03
1.444170140000000000e+08 4.440000000000000000e+03 5.420000000000000000e+03 2.210000000000000000e+03 3.020000000000000000e+03
1.444172220000000000e+08 4.440000000000000000e+03 5.420000000000000000e+03 2.210000000000000000e+03 3.010000000000000000e+03
1.444174300000000000e+08 4.440000000000000000e+03 5.410000000000000000e+03 2.210000000000000000e+03 3.010000000000000000e+03
1.444176380000000000e+08 4.450000000000000000e+03 5.410000000000000000e+03 2.210000000000000000e+03 3.000000000000000000e+03
1.444178460000000000e+08 4.440000000000000000e+03 5.410000000000000000e+03 2.200000000000000000e+03 3.010000000000000000e+03
1.444180540000000000e+08 4.430000000000000000e+03 5.450000000000000000e+03 2.200000000000000000e+03 3.010000000000000000e+03
1.444182620000000000e+08 4.440000000000000000e+03 5.480000000000000000e+03 2.200000000000000000e+03 3.010000000000000000e+03
1.444184700000000000e+08 4.440000000000000000e+03 5.440000000000000000e+03 2.200000000000000000e+03 3.020000000000000000e+03
1.444186780000000000e+08 4.440000000000000000e+03 5.460000000000000000e+03 2.210000000000000000e+03 3.020000000000000000e+03
1.444188850000000000e+08 4.440000000000000000e+03 5.420000000000000000e+03 2.220000000000000000e+03 3.020000000000000000e+03
1.444190940000000000e+08 4.440000000000000000e+03 5.410000000000000000e+03 2.220000000000000000e+03 3.020000000000000000e+03
1.444193020000000000e+08 4.440000000000000000e+03 5.470000000000000000e+03 2.220000000000000000e+03 3.020000000000000000e+03
1.444195100000000000e+08 4.440000000000000000e+03 5.430000000000000000e+03 2.210000000000000000e+03 3.010000000000000000e+03
1.444197180000000000e+08 4.440000000000000000e+03 5.470000000000000000e+03 2.200000000000000000e+03 3.020000000000000000e+03
1.444199260000000000e+08 4.450000000000000000e+03 5.460000000000000000e+03 2.200000000000000000e+03 3.020000000000000000e+03
1.444201330000000000e+08 4.440000000000000000e+03 5.420000000000000000e+03 2.210000000000000000e+03 3.020000000000000000e+03
1.444203420000000000e+08 4.440000000000000000e+03 5.420000000000000000e+03 2.200000000000000000e+03 3.020000000000000000e+03
1.444205500000000000e+08 4.440000000000000000e+03 5.480000000000000000e+03 2.210000000000000000e+03 3.020000000000000000e+03
1.444207570000000000e+08 4.450000000000000000e+03 5.470000000000000000e+03 2.200000000000000000e+03 3.030000000000000000e+03
1.444209650000000000e+08 4.450000000000000000e+03 5.470000000000000000e+03 2.200000000000000000e+03 3.020000000000000000e+03
1.444211730000000000e+08 4.440000000000000000e+03 5.470000000000000000e+03 2.200000000000000000e+03 3.020000000000000000e+03
1.444213810000000000e+08 4.440000000000000000e+03 5.480000000000000000e+03 2.200000000000000000e+03 3.020000000000000000e+03
1.444215890000000000e+08 4.440000000000000000e+03 5.470000000000000000e+03 2.210000000000000000e+03 3.020000000000000000e+03
1.444217970000000000e+08 4.440000000000000000e+03 5.430000000000000000e+03 2.210000000000000000e+03 3.020000000000000000e+03
1.444220050000000000e+08 4.450000000000000000e+03 5.420000000000000000e+03 2.200000000000000000e+03 3.020000000000000000e+03
1.444222130000000000e+08 4.450000000000000000e+03 5.480000000000000000e+03 2.200000000000000000e+03 3.020000000000000000e+03
1.444224210000000000e+08 4.450000000000000000e+03 5.470000000000000000e+03 2.210000000000000000e+03 3.010000000000000000e+03
1.444226290000000000e+08 4.450000000000000000e+03 5.470000000000000000e+03 2.220000000000000000e+03 3.020000000000000000e+03
1.444228370000000000e+08 4.440000000000000000e+03 5.450000000000000000e+03 2.210000000000000000e+03 3.020000000000000000e+03
1.444230450000000000e+08 4.440000000000000000e+03 5.480000000000000000e+03 2.210000000000000000e+03 3.030000000000000000e+03
1.444232530000000000e+08 4.440000000000000000e+03 5.420000000000000000e+03 2.200000000000000000e+03 3.030000000000000000e+03
1.444234610000000000e+08 4.440000000000000000e+03 5.420000000000000000e+03 2.220000000000000000e+03 3.030000000000000000e+03
1.444236690000000000e+08 4.440000000000000000e+03 5.470000000000000000e+03 2.210000000000000000e+03 3.030000000000000000e+03
1.444238770000000000e+08 4.440000000000000000e+03 5.430000000000000000e+03 2.200000000000000000e+03 3.030000000000000000e+03
1.444240850000000000e+08 4.440000000000000000e+03 5.490000000000000000e+03 2.200000000000000000e+03 3.030000000000000000e+03
1.444242930000000000e+08 4.450000000000000000e+03 5.470000000000000000e+03 2.210000000000000000e+03 3.020000000000000000e+03
1.444245010000000000e+08 4.450000000000000000e+03 5.490000000000000000e+03 2.200000000000000000e+03 3.030000000000000000e+03
1.444247090000000000e+08 4.440000000000000000e+03 5.470000000000000000e+03 2.200000000000000000e+03 3.030000000000000000e+03
1.444249170000000000e+08 4.440000000000000000e+03 5.460000000000000000e+03 2.200000000000000000e+03 3.030000000000000000e+03
1.444251240000000000e+08 4.450000000000000000e+03 5.450000000000000000e+03 2.210000000000000000e+03 3.030000000000000000e+03
1.444253320000000000e+08 4.450000000000000000e+03 5.420000000000000000e+03 2.210000000000000000e+03 3.010000000000000000e+03
1.444255400000000000e+08 4.450000000000000000e+03 5.480000000000000000e+03 2.220000000000000000e+03 3.010000000000000000e+03
1.444257480000000000e+08 4.450000000000000000e+03 5.420000000000000000e+03 2.210000000000000000e+03 3.020000000000000000e+03
1.444259560000000000e+08 4.450000000000000000e+03 5.470000000000000000e+03 2.210000000000000000e+03 3.020000000000000000e+03
1.444261640000000000e+08 4.450000000000000000e+03 5.450000000000000000e+03 2.220000000000000000e+03 3.020000000000000000e+03
1.444263720000000000e+08 4.460000000000000000e+03 5.460000000000000000e+03 2.210000000000000000e+03 3.020000000000000000e+03
1.444265800000000000e+08 4.450000000000000000e+03 5.410000000000000000e+03 2.210000000000000000e+03 3.020000000000000000e+03
1.444267870000000000e+08 4.450000000000000000e+03 5.450000000000000000e+03 2.210000000000000000e+03 3.030000000000000000e+03
1.444269960000000000e+08 4.450000000000000000e+03 5.430000000000000000e+03 2.210000000000000000e+03 3.030000000000000000e+03
1.444272040000000000e+08 4.460000000000000000e+03 5.410000000000000000e+03 2.220000000000000000e+03 3.030000000000000000e+03
1.444274120000000000e+08 4.450000000000000000e+03 5.450000000000000000e+03 2.230000000000000000e+03 3.030000000000000000e+03
1.444276200000000000e+08 4.450000000000000000e+03 5.410000000000000000e+03 2.220000000000000000e+03 3.030000000000000000e+03
1.444278280000000000e+08 4.450000000000000000e+03 5.430000000000000000e+03 2.210000000000000000e+03 3.030000000000000000e+03
1.444280360000000000e+08 4.450000000000000000e+03 5.470000000000000000e+03 2.210000000000000000e+03 3.030000000000000000e+03
1.444282440000000000e+08 4.450000000000000000e+03 5.410000000000000000e+03 2.220000000000000000e+03 3.050000000000000000e+03
1.444284520000000000e+08 4.440000000000000000e+03 5.430000000000000000e+03 2.220000000000000000e+03 3.050000000000000000e+03
1.444286600000000000e+08 4.450000000000000000e+03 5.430000000000000000e+03 2.210000000000000000e+03 3.050000000000000000e+03
1.444288680000000000e+08 4.450000000000000000e+03 5.430000000000000000e+03 2.210000000000000000e+03 3.030000000000000000e+03
1.444290750000000000e+08 4.440000000000000000e+03 5.420000000000000000e+03 2.200000000000000000e+03 3.030000000000000000e+03
1.444292830000000000e+08 4.440000000000000000e+03 5.480000000000000000e+03 2.200000000000000000e+03 3.030000000000000000e+03
1.444294910000000000e+08 4.450000000000000000e+03 5.490000000000000000e+03 2.200000000000000000e+03 3.010000000000000000e+03
1.444296990000000000e+08 4.440000000000000000e+03 5.490000000000000000e+03 2.220000000000000000e+03 3.000000000000000000e+03
1.444299080000000000e+08 4.440000000000000000e+03 5.420000000000000000e+03 2.210000000000000000e+03 3.010000000000000000e+03
1.444301160000000000e+08 4.440000000000000000e+03 5.440000000000000000e+03 2.210000000000000000e+03 3.010000000000000000e+03
1.444303230000000000e+08 4.440000000000000000e+03 5.440000000000000000e+03 2.200000000000000000e+03 3.010000000000000000e+03
1.444305310000000000e+08 4.450000000000000000e+03 5.440000000000000000e+03 2.200000000000000000e+03 3.020000000000000000e+03
1.444307380000000000e+08 4.450000000000000000e+03 5.420000000000000000e+03 2.200000000000000000e+03 3.020000000000000000e+03
1.444309470000000000e+08 4.440000000000000000e+03 5.420000000000000000e+03 2.210000000000000000e+03 3.020000000000000000e+03
1.444311550000000000e+08 4.440000000000000000e+03 5.480000000000000000e+03 2.210000000000000000e+03 3.020000000000000000e+03
1.444313630000000000e+08 4.430000000000000000e+03 5.480000000000000000e+03 2.210000000000000000e+03 3.020000000000000000e+03
1.444315710000000000e+08 4.430000000000000000e+03 5.440000000000000000e+03 2.200000000000000000e+03 3.010000000000000000e+03
1.444317790000000000e+08 4.440000000000000000e+03 5.410000000000000000e+03 2.200000000000000000e+03 3.010000000000000000e+03
1.444319870000000000e+08 4.440000000000000000e+03 5.450000000000000000e+03 2.230000000000000000e+03 3.010000000000000000e+03
1.444321950000000000e+08 4.440000000000000000e+03 5.430000000000000000e+03 2.230000000000000000e+03 3.010000000000000000e+03
1.444324030000000000e+08 4.440000000000000000e+03 5.410000000000000000e+03 2.210000000000000000e+03 3.010000000000000000e+03
1.444326110000000000e+08 4.440000000000000000e+03 5.430000000000000000e+03 2.210000000000000000e+03 3.010000000000000000e+03
1.444328190000000000e+08 4.440000000000000000e+03 5.430000000000000000e+03 2.220000000000000000e+03 3.010000000000000000e+03
1.444330270000000000e+08 4.440000000000000000e+03 5.420000000000000000e+03 2.210000000000000000e+03 3.000000000000000000e+03
1.444332350000000000e+08 4.450000000000000000e+03 5.410000000000000000e+03 2.220000000000000000e+03 3.000000000000000000e+03
1.444336510000000000e+08 4.440000000000000000e+03 5.470000000000000000e+03 2.210000000000000000e+03 3.000000000000000000e+03
1.444338590000000000e+08 4.440000000000000000e+03 5.430000000000000000e+03 2.200000000000000000e+03 3.000000000000000000e+03
1.444340660000000000e+08 4.440000000000000000e+03 5.410000000000000000e+03 2.200000000000000000e+03 3.010000000000000000e+03
1.444342740000000000e+08 4.450000000000000000e+03 5.450000000000000000e+03 2.200000000000000000e+03 3.020000000000000000e+03
1.444344820000000000e+08 4.450000000000000000e+03 5.410000000000000000e+03 2.200000000000000000e+03 3.020000000000000000e+03
1.444346900000000000e+08 4.450000000000000000e+03 5.430000000000000000e+03 2.210000000000000000e+03 3.020000000000000000e+03
1.444348980000000000e+08 4.450000000000000000e+03 5.430000000000000000e+03 2.220000000000000000e+03 3.020000000000000000e+03
1.444351060000000000e+08 4.440000000000000000e+03 5.470000000000000000e+03 2.210000000000000000e+03 3.020000000000000000e+03
1.444353140000000000e+08 4.450000000000000000e+03 5.430000000000000000e+03 2.220000000000000000e+03 3.020000000000000000e+03
1.444355220000000000e+08 4.450000000000000000e+03 5.450000000000000000e+03 2.220000000000000000e+03 3.020000000000000000e+03
1.444357300000000000e+08 4.450000000000000000e+03 5.450000000000000000e+03 2.210000000000000000e+03 3.020000000000000000e+03
1.444359380000000000e+08 4.450000000000000000e+03 5.410000000000000000e+03 2.210000000000000000e+03 3.020000000000000000e+03
1.444361460000000000e+08 4.450000000000000000e+03 5.410000000000000000e+03 2.210000000000000000e+03 3.020000000000000000e+03
1.444363540000000000e+08 4.440000000000000000e+03 5.420000000000000000e+03 2.200000000000000000e+03 3.020000000000000000e+03
1.444365620000000000e+08 4.440000000000000000e+03 5.420000000000000000e+03 2.200000000000000000e+03 3.020000000000000000e+03
1.444367700000000000e+08 4.440000000000000000e+03 5.440000000000000000e+03 2.200000000000000000e+03 3.030000000000000000e+03
1.444369780000000000e+08 4.440000000000000000e+03 5.480000000000000000e+03 2.200000000000000000e+03 3.020000000000000000e+03
1.444371860000000000e+08 4.440000000000000000e+03 5.420000000000000000e+03 2.200000000000000000e+03 3.020000000000000000e+03
1.444373940000000000e+08 4.450000000000000000e+03 5.420000000000000000e+03 2.200000000000000000e+03 3.020000000000000000e+03
1.444376020000000000e+08 4.450000000000000000e+03 5.460000000000000000e+03 2.200000000000000000e+03 3.010000000000000000e+03
1.444378100000000000e+08 4.440000000000000000e+03 5.420000000000000000e+03 2.200000000000000000e+03 3.020000000000000000e+03
1.444380180000000000e+08 4.450000000000000000e+03 5.430000000000000000e+03 2.210000000000000000e+03 3.020000000000000000e+03
1.444382260000000000e+08 4.450000000000000000e+03 5.400000000000000000e+03 2.220000000000000000e+03 3.010000000000000000e+03
1.444384330000000000e+08 4.450000000000000000e+03 5.450000000000000000e+03 2.210000000000000000e+03 3.020000000000000000e+03
1.444386410000000000e+08 4.450000000000000000e+03 5.450000000000000000e+03 2.210000000000000000e+03 3.020000000000000000e+03
1.444388490000000000e+08 4.450000000000000000e+03 5.460000000000000000e+03 2.210000000000000000e+03 3.020000000000000000e+03
1.444390570000000000e+08 4.450000000000000000e+03 5.470000000000000000e+03 2.210000000000000000e+03 3.020000000000000000e+03
1.444392650000000000e+08 4.450000000000000000e+03 5.460000000000000000e+03 2.210000000000000000e+03 3.010000000000000000e+03
1.444394730000000000e+08 4.450000000000000000e+03 5.500000000000000000e+03 2.210000000000000000e+03 3.020000000000000000e+03
1.444396810000000000e+08 4.450000000000000000e+03 5.500000000000000000e+03 2.210000000000000000e+03 3.020000000000000000e+03
1.444398890000000000e+08 4.440000000000000000e+03 5.500000000000000000e+03 2.200000000000000000e+03 3.020000000000000000e+03
1.444400970000000000e+08 4.440000000000000000e+03 5.470000000000000000e+03 2.200000000000000000e+03 3.010000000000000000e+03
1.444403050000000000e+08 4.440000000000000000e+03 5.450000000000000000e+03 2.200000000000000000e+03 3.020000000000000000e+03
1.444405130000000000e+08 4.450000000000000000e+03 5.440000000000000000e+03 2.200000000000000000e+03 3.010000000000000000e+03
1.444407210000000000e+08 4.460000000000000000e+03 5.480000000000000000e+03 2.210000000000000000e+03 3.020000000000000000e+03
1.444409290000000000e+08 4.450000000000000000e+03 5.430000000000000000e+03 2.190000000000000000e+03 3.030000000000000000e+03
1.444411370000000000e+08 4.450000000000000000e+03 5.470000000000000000e+03 2.200000000000000000e+03 3.060000000000000000e+03
1.444413450000000000e+08 4.460000000000000000e+03 5.430000000000000000e+03 2.200000000000000000e+03 3.060000000000000000e+03
1.444415530000000000e+08 4.460000000000000000e+03 5.490000000000000000e+03 2.200000000000000000e+03 3.050000000000000000e+03
1.444417610000000000e+08 4.450000000000000000e+03 5.450000000000000000e+03 2.210000000000000000e+03 3.050000000000000000e+03
1.444419690000000000e+08 4.450000000000000000e+03 5.440000000000000000e+03 2.200000000000000000e+03 3.030000000000000000e+03
1.444421770000000000e+08 4.450000000000000000e+03 5.490000000000000000e+03 2.200000000000000000e+03 3.020000000000000000e+03
1.444423840000000000e+08 4.450000000000000000e+03 5.430000000000000000e+03 2.200000000000000000e+03 3.020000000000000000e+03
1.444425920000000000e+08 4.450000000000000000e+03 4.970000000000000000e+03 2.200000000000000000e+03 3.490000000000000000e+03
1.444428000000000000e+08 4.450000000000000000e+03 4.980000000000000000e+03 2.210000000000000000e+03 3.490000000000000000e+03
1.444430080000000000e+08 4.440000000000000000e+03 4.970000000000000000e+03 2.220000000000000000e+03 3.540000000000000000e+03
1.444432160000000000e+08 4.440000000000000000e+03 4.970000000000000000e+03 2.220000000000000000e+03 3.480000000000000000e+03
1.444434240000000000e+08 4.440000000000000000e+03 4.980000000000000000e+03 2.220000000000000000e+03 3.480000000000000000e+03
1.444436320000000000e+08 4.440000000000000000e+03 4.990000000000000000e+03 2.210000000000000000e+03 3.490000000000000000e+03
1.444438400000000000e+08 4.440000000000000000e+03 4.990000000000000000e+03 2.210000000000000000e+03 3.490000000000000000e+03
1.444440480000000000e+08 4.450000000000000000e+03 4.990000000000000000e+03 2.200000000000000000e+03 3.530000000000000000e+03
1.444442560000000000e+08 4.440000000000000000e+03 4.980000000000000000e+03 2.190000000000000000e+03 3.530000000000000000e+03
1.444444640000000000e+08 4.440000000000000000e+03 4.970000000000000000e+03 2.190000000000000000e+03 3.470000000000000000e+03
1.444446720000000000e+08 4.430000000000000000e+03 4.970000000000000000e+03 2.190000000000000000e+03 3.470000000000000000e+03
1.444448800000000000e+08 4.440000000000000000e+03 4.960000000000000000e+03 2.190000000000000000e+03 3.460000000000000000e+03
1.444450880000000000e+08 4.440000000000000000e+03 4.960000000000000000e+03 2.190000000000000000e+03 3.520000000000000000e+03
1.444452960000000000e+08 4.440000000000000000e+03 4.950000000000000000e+03 2.210000000000000000e+03 3.460000000000000000e+03
1.444455040000000000e+08 4.440000000000000000e+03 4.950000000000000000e+03 2.210000000000000000e+03 3.530000000000000000e+03
1.444457120000000000e+08 4.440000000000000000e+03 4.950000000000000000e+03 2.220000000000000000e+03 3.490000000000000000e+03
1.444459200000000000e+08 4.440000000000000000e+03 4.950000000000000000e+03 2.220000000000000000e+03 3.470000000000000000e+03
1.444461280000000000e+08 4.450000000000000000e+03 4.950000000000000000e+03 2.230000000000000000e+03 3.520000000000000000e+03
1.444463360000000000e+08 4.450000000000000000e+03 4.950000000000000000e+03 2.230000000000000000e+03 3.500000000000000000e+03
1.444465440000000000e+08 4.450000000000000000e+03 4.950000000000000000e+03 2.230000000000000000e+03 3.540000000000000000e+03
1.444467520000000000e+08 4.450000000000000000e+03 4.960000000000000000e+03 2.230000000000000000e+03 3.480000000000000000e+03
1.444469590000000000e+08 4.450000000000000000e+03 4.960000000000000000e+03 2.210000000000000000e+03 3.510000000000000000e+03
1.444471670000000000e+08 4.450000000000000000e+03 4.960000000000000000e+03 2.210000000000000000e+03 3.510000000000000000e+03
1.444473750000000000e+08 4.450000000000000000e+03 4.950000000000000000e+03 2.200000000000000000e+03 3.510000000000000000e+03
1.444475830000000000e+08 4.450000000000000000e+03 4.950000000000000000e+03 2.210000000000000000e+03 3.530000000000000000e+03
1.444477910000000000e+08 4.450000000000000000e+03 4.940000000000000000e+03 2.210000000000000000e+03 3.550000000000000000e+03
1.444479990000000000e+08 4.450000000000000000e+03 4.940000000000000000e+03 2.200000000000000000e+03 3.530000000000000000e+03
1.444482070000000000e+08 4.450000000000000000e+03 4.950000000000000000e+03 2.200000000000000000e+03 3.550000000000000000e+03
1.444484150000000000e+08 4.450000000000000000e+03 4.960000000000000000e+03 2.200000000000000000e+03 3.510000000000000000e+03
1.444486230000000000e+08 4.450000000000000000e+03 4.960000000000000000e+03 2.200000000000000000e+03 3.530000000000000000e+03
1.444488310000000000e+08 4.440000000000000000e+03 4.960000000000000000e+03 2.200000000000000000e+03 3.490000000000000000e+03
1.444490390000000000e+08 4.440000000000000000e+03 4.970000000000000000e+03 2.200000000000000000e+03 3.490000000000000000e+03
1.444492470000000000e+08 4.440000000000000000e+03 4.970000000000000000e+03 2.210000000000000000e+03 3.510000000000000000e+03
1.444494540000000000e+08 4.440000000000000000e+03 4.970000000000000000e+03 2.210000000000000000e+03 3.550000000000000000e+03
1.444496630000000000e+08 4.440000000000000000e+03 4.960000000000000000e+03 2.220000000000000000e+03 3.510000000000000000e+03
1.444498710000000000e+08 4.450000000000000000e+03 4.970000000000000000e+03 2.220000000000000000e+03 3.550000000000000000e+03
1.444500790000000000e+08 4.450000000000000000e+03 4.970000000000000000e+03 2.230000000000000000e+03 3.550000000000000000e+03
1.444502870000000000e+08 4.450000000000000000e+03 4.970000000000000000e+03 2.220000000000000000e+03 3.530000000000000000e+03
1.444504950000000000e+08 4.450000000000000000e+03 4.970000000000000000e+03 2.220000000000000000e+03 3.510000000000000000e+03
1.444507030000000000e+08 4.450000000000000000e+03 4.970000000000000000e+03 2.220000000000000000e+03 3.490000000000000000e+03
1.444509110000000000e+08 4.450000000000000000e+03 4.970000000000000000e+03 2.200000000000000000e+03 3.510000000000000000e+03
1.444511180000000000e+08 4.450000000000000000e+03 4.970000000000000000e+03 2.200000000000000000e+03 3.550000000000000000e+03
1.444513260000000000e+08 4.450000000000000000e+03 4.970000000000000000e+03 2.200000000000000000e+03 3.530000000000000000e+03
1.444517440000000000e+08 4.450000000000000000e+03 4.970000000000000000e+03 2.200000000000000000e+03 3.490000000000000000e+03
1.444519500000000000e+08 4.450000000000000000e+03 4.970000000000000000e+03 2.210000000000000000e+03 3.550000000000000000e+03
1.444521580000000000e+08 4.450000000000000000e+03 4.970000000000000000e+03 2.210000000000000000e+03 3.530000000000000000e+03
1.444523660000000000e+08 4.440000000000000000e+03 4.970000000000000000e+03 2.220000000000000000e+03 3.490000000000000000e+03
1.444525740000000000e+08 4.440000000000000000e+03 4.960000000000000000e+03 2.220000000000000000e+03 3.510000000000000000e+03
1.444527820000000000e+08 4.440000000000000000e+03 4.950000000000000000e+03 2.210000000000000000e+03 3.520000000000000000e+03
1.444529900000000000e+08 4.450000000000000000e+03 4.950000000000000000e+03 2.230000000000000000e+03 3.510000000000000000e+03
1.444531980000000000e+08 4.450000000000000000e+03 4.950000000000000000e+03 2.220000000000000000e+03 3.550000000000000000e+03
1.444534060000000000e+08 4.450000000000000000e+03 4.950000000000000000e+03 2.220000000000000000e+03 3.550000000000000000e+03
1.444536130000000000e+08 4.450000000000000000e+03 4.950000000000000000e+03 2.210000000000000000e+03 3.490000000000000000e+03
1.444538220000000000e+08 4.450000000000000000e+03 4.950000000000000000e+03 2.210000000000000000e+03 3.510000000000000000e+03
1.444540300000000000e+08 4.450000000000000000e+03 4.950000000000000000e+03 2.200000000000000000e+03 3.490000000000000000e+03
1.444542380000000000e+08 4.450000000000000000e+03 4.960000000000000000e+03 2.200000000000000000e+03 3.510000000000000000e+03
1.444544460000000000e+08 4.450000000000000000e+03 4.960000000000000000e+03 2.200000000000000000e+03 3.490000000000000000e+03
1.444546540000000000e+08 4.440000000000000000e+03 4.960000000000000000e+03 2.210000000000000000e+03 3.510000000000000000e+03
1.444548620000000000e+08 4.430000000000000000e+03 4.960000000000000000e+03 2.210000000000000000e+03 3.490000000000000000e+03
1.444550690000000000e+08 4.430000000000000000e+03 4.960000000000000000e+03 2.210000000000000000e+03 3.520000000000000000e+03
1.444552770000000000e+08 4.430000000000000000e+03 4.960000000000000000e+03 2.210000000000000000e+03 3.540000000000000000e+03
1.444554860000000000e+08 4.430000000000000000e+03 4.960000000000000000e+03 2.210000000000000000e+03 3.530000000000000000e+03
1.444556930000000000e+08 4.430000000000000000e+03 4.960000000000000000e+03 2.210000000000000000e+03 3.510000000000000000e+03
1.444559010000000000e+08 4.440000000000000000e+03 4.960000000000000000e+03 2.210000000000000000e+03 3.570000000000000000e+03
1.444561090000000000e+08 4.460000000000000000e+03 4.960000000000000000e+03 2.220000000000000000e+03 3.510000000000000000e+03
1.444563170000000000e+08 4.460000000000000000e+03 4.950000000000000000e+03 2.230000000000000000e+03 3.540000000000000000e+03
1.444565250000000000e+08 4.460000000000000000e+03 4.950000000000000000e+03 2.220000000000000000e+03 3.570000000000000000e+03
1.444567330000000000e+08 4.450000000000000000e+03 4.950000000000000000e+03 2.210000000000000000e+03 3.510000000000000000e+03
1.444569410000000000e+08 4.450000000000000000e+03 4.940000000000000000e+03 2.210000000000000000e+03 3.480000000000000000e+03
1.444571490000000000e+08 4.450000000000000000e+03 4.940000000000000000e+03 2.210000000000000000e+03 3.510000000000000000e+03
1.444573570000000000e+08 4.450000000000000000e+03 4.950000000000000000e+03 2.210000000000000000e+03 3.550000000000000000e+03
1.444575650000000000e+08 4.440000000000000000e+03 4.950000000000000000e+03 2.210000000000000000e+03 3.500000000000000000e+03
1.444577730000000000e+08 4.440000000000000000e+03 4.950000000000000000e+03 2.210000000000000000e+03 3.500000000000000000e+03
1.444579810000000000e+08 4.440000000000000000e+03 4.950000000000000000e+03 2.210000000000000000e+03 3.540000000000000000e+03
1.444581880000000000e+08 4.440000000000000000e+03 4.950000000000000000e+03 2.210000000000000000e+03 3.510000000000000000e+03
1.444583970000000000e+08 4.440000000000000000e+03 4.950000000000000000e+03 2.210000000000000000e+03 3.510000000000000000e+03
1.444586050000000000e+08 4.450000000000000000e+03 4.940000000000000000e+03 2.210000000000000000e+03 3.510000000000000000e+03
1.444588130000000000e+08 4.450000000000000000e+03 4.940000000000000000e+03 2.210000000000000000e+03 3.530000000000000000e+03
1.444590210000000000e+08 4.450000000000000000e+03 4.940000000000000000e+03 2.210000000000000000e+03 3.550000000000000000e+03
1.444592290000000000e+08 4.450000000000000000e+03 4.950000000000000000e+03 2.200000000000000000e+03 3.490000000000000000e+03
1.444594370000000000e+08 4.440000000000000000e+03 4.950000000000000000e+03 2.210000000000000000e+03 3.470000000000000000e+03
1.444596450000000000e+08 4.440000000000000000e+03 4.950000000000000000e+03 2.210000000000000000e+03 3.470000000000000000e+03
1.444598530000000000e+08 4.440000000000000000e+03 4.950000000000000000e+03 2.210000000000000000e+03 3.490000000000000000e+03
1.445000610000000000e+08 4.450000000000000000e+03 4.950000000000000000e+03 2.220000000000000000e+03 3.480000000000000000e+03
1.445002700000000000e+08 4.450000000000000000e+03 4.950000000000000000e+03 2.230000000000000000e+03 3.550000000000000000e+03
1.445004760000000000e+08 4.450000000000000000e+03 4.950000000000000000e+03 2.220000000000000000e+03 3.540000000000000000e+03
1.445006840000000000e+08 4.450000000000000000e+03 4.950000000000000000e+03 2.210000000000000000e+03 3.520000000000000000e+03
1.445008920000000000e+08 4.450000000000000000e+03 4.940000000000000000e+03 2.200000000000000000e+03 3.510000000000000000e+03
1.445011000000000000e+08 4.450000000000000000e+03 4.940000000000000000e+03 2.200000000000000000e+03 3.510000000000000000e+03
1.445013080000000000e+08 4.450000000000000000e+03 4.930000000000000000e+03 2.200000000000000000e+03 3.530000000000000000e+03
1.445015160000000000e+08 4.450000000000000000e+03 4.930000000000000000e+03 2.200000000000000000e+03 3.550000000000000000e+03
1.445017240000000000e+08 4.450000000000000000e+03 4.930000000000000000e+03 2.210000000000000000e+03 3.510000000000000000e+03
1.445019320000000000e+08 4.450000000000000000e+03 4.920000000000000000e+03 2.220000000000000000e+03 3.510000000000000000e+03
1.445021400000000000e+08 4.450000000000000000e+03 4.930000000000000000e+03 2.220000000000000000e+03 3.510000000000000000e+03
1.445023480000000000e+08 4.450000000000000000e+03 4.940000000000000000e+03 2.220000000000000000e+03 3.510000000000000000e+03
1.445025560000000000e+08 4.450000000000000000e+03 4.940000000000000000e+03 2.220000000000000000e+03 3.490000000000000000e+03
1.445027640000000000e+08 4.450000000000000000e+03 4.940000000000000000e+03 2.210000000000000000e+03 3.550000000000000000e+03
1.445029720000000000e+08 4.450000000000000000e+03 4.950000000000000000e+03 2.230000000000000000e+03 3.550000000000000000e+03
1.445031800000000000e+08 4.450000000000000000e+03 4.950000000000000000e+03 2.220000000000000000e+03 3.530000000000000000e+03
1.445033880000000000e+08 4.460000000000000000e+03 4.950000000000000000e+03 2.220000000000000000e+03 3.540000000000000000e+03
1.445035960000000000e+08 4.450000000000000000e+03 4.950000000000000000e+03 2.210000000000000000e+03 3.560000000000000000e+03
1.445038030000000000e+08 4.460000000000000000e+03 4.950000000000000000e+03 2.220000000000000000e+03 3.540000000000000000e+03
1.445040120000000000e+08 4.450000000000000000e+03 4.950000000000000000e+03 2.210000000000000000e+03 3.570000000000000000e+03
1.445042200000000000e+08 4.450000000000000000e+03 4.950000000000000000e+03 2.220000000000000000e+03 3.510000000000000000e+03
1.445044280000000000e+08 4.450000000000000000e+03 4.940000000000000000e+03 2.220000000000000000e+03 3.490000000000000000e+03
1.445046350000000000e+08 4.450000000000000000e+03 4.940000000000000000e+03 2.230000000000000000e+03 3.490000000000000000e+03
1.445048430000000000e+08 4.450000000000000000e+03 4.940000000000000000e+03 2.220000000000000000e+03 3.510000000000000000e+03
1.445050510000000000e+08 4.440000000000000000e+03 4.940000000000000000e+03 2.220000000000000000e+03 3.490000000000000000e+03
1.445052590000000000e+08 4.440000000000000000e+03 4.940000000000000000e+03 2.230000000000000000e+03 3.480000000000000000e+03
1.445054670000000000e+08 4.440000000000000000e+03 4.940000000000000000e+03 2.220000000000000000e+03 3.490000000000000000e+03
1.445056750000000000e+08 4.450000000000000000e+03 4.940000000000000000e+03 2.220000000000000000e+03 3.520000000000000000e+03
1.445058820000000000e+08 4.440000000000000000e+03 4.940000000000000000e+03 2.210000000000000000e+03 3.520000000000000000e+03
1.445060910000000000e+08 4.450000000000000000e+03 4.950000000000000000e+03 2.210000000000000000e+03 3.500000000000000000e+03
1.445062980000000000e+08 4.450000000000000000e+03 4.950000000000000000e+03 2.200000000000000000e+03 3.480000000000000000e+03
1.445065070000000000e+08 4.450000000000000000e+03 4.950000000000000000e+03 2.210000000000000000e+03 3.480000000000000000e+03
1.445067150000000000e+08 4.450000000000000000e+03 4.940000000000000000e+03 2.210000000000000000e+03 3.550000000000000000e+03
1.445069230000000000e+08 4.450000000000000000e+03 4.940000000000000000e+03 2.200000000000000000e+03 3.530000000000000000e+03
1.445071310000000000e+08 4.450000000000000000e+03 4.940000000000000000e+03 2.200000000000000000e+03 3.490000000000000000e+03
1.445073390000000000e+08 4.450000000000000000e+03 4.950000000000000000e+03 2.200000000000000000e+03 3.490000000000000000e+03
1.445075470000000000e+08 4.450000000000000000e+03 4.950000000000000000e+03 2.200000000000000000e+03 3.530000000000000000e+03
1.445077540000000000e+08 4.450000000000000000e+03 4.950000000000000000e+03 2.200000000000000000e+03 3.490000000000000000e+03
1.445079630000000000e+08 4.440000000000000000e+03 4.950000000000000000e+03 2.200000000000000000e+03 3.530000000000000000e+03
1.445081710000000000e+08 4.440000000000000000e+03 4.950000000000000000e+03 2.200000000000000000e+03 3.530000000000000000e+03
1.445083790000000000e+08 4.450000000000000000e+03 4.950000000000000000e+03 2.200000000000000000e+03 3.550000000000000000e+03
1.445085870000000000e+08 4.450000000000000000e+03 4.950000000000000000e+03 2.210000000000000000e+03 3.490000000000000000e+03
1.445087940000000000e+08 4.460000000000000000e+03 4.950000000000000000e+03 2.200000000000000000e+03 3.480000000000000000e+03
1.445090030000000000e+08 4.460000000000000000e+03 4.960000000000000000e+03 2.210000000000000000e+03 3.500000000000000000e+03
