1.539152240000000000e+08 3.130000000000000000e+03 3.130000000000000000e+03 4.610000000000000000e+03 3.830000000000000000e+03
1.539154320000000000e+08 3.140000000000000000e+03 3.130000000000000000e+03 4.580000000000000000e+03 3.830000000000000000e+03
1.539156390000000000e+08 3.140000000000000000e+03 3.130000000000000000e+03 4.470000000000000000e+03 3.820000000000000000e+03
1.539158480000000000e+08 3.130000000000000000e+03 3.120000000000000000e+03 4.450000000000000000e+03 3.830000000000000000e+03
1.539160550000000000e+08 3.140000000000000000e+03 3.120000000000000000e+03 4.430000000000000000e+03 3.840000000000000000e+03
1.539162640000000000e+08 3.150000000000000000e+03 3.110000000000000000e+03 4.410000000000000000e+03 3.830000000000000000e+03
1.539164720000000000e+08 3.150000000000000000e+03 3.110000000000000000e+03 4.400000000000000000e+03 3.830000000000000000e+03
1.539166800000000000e+08 3.150000000000000000e+03 3.110000000000000000e+03 4.390000000000000000e+03 3.830000000000000000e+03
1.539168880000000000e+08 3.150000000000000000e+03 3.100000000000000000e+03 4.400000000000000000e+03 3.840000000000000000e+03
1.539170960000000000e+08 3.140000000000000000e+03 3.110000000000000000e+03 4.410000000000000000e+03 3.840000000000000000e+03
1.539173030000000000e+08 3.140000000000000000e+03 3.120000000000000000e+03 4.540000000000000000e+03 3.840000000000000000e+03
1.539175120000000000e+08 3.140000000000000000e+03 3.120000000000000000e+03 4.540000000000000000e+03 3.840000000000000000e+03
1.539177200000000000e+08 3.140000000000000000e+03 3.120000000000000000e+03 4.610000000000000000e+03 3.840000000000000000e+03
1.539179120000000000e+08 3.120000000000000000e+03 3.120000000000000000e+03 4.600000000000000000e+03 3.830000000000000000e+03
1.539181200000000000e+08 3.120000000000000000e+03 3.120000000000000000e+03 4.560000000000000000e+03 3.830000000000000000e+03
1.539183280000000000e+08 3.120000000000000000e+03 3.120000000000000000e+03 4.520000000000000000e+03 3.820000000000000000e+03
1.539185350000000000e+08 3.120000000000000000e+03 3.130000000000000000e+03 4.510000000000000000e+03 3.810000000000000000e+03
1.539187430000000000e+08 3.120000000000000000e+03 3.130000000000000000e+03 4.540000000000000000e+03 3.810000000000000000e+03
1.539189510000000000e+08 3.120000000000000000e+03 3.130000000000000000e+03 4.560000000000000000e+03 3.820000000000000000e+03
1.539191590000000000e+08 3.140000000000000000e+03 3.120000000000000000e+03 4.520000000000000000e+03 3.830000000000000000e+03
1.539193670000000000e+08 3.130000000000000000e+03 3.120000000000000000e+03 4.480000000000000000e+03 3.820000000000000000e+03
1.539195750000000000e+08 3.130000000000000000e+03 3.130000000000000000e+03 4.440000000000000000e+03 3.830000000000000000e+03
1.539197830000000000e+08 3.130000000000000000e+03 3.130000000000000000e+03 4.410000000000000000e+03 3.830000000000000000e+03
1.539199910000000000e+08 3.150000000000000000e+03 3.130000000000000000e+03 4.340000000000000000e+03 3.820000000000000000e+03
1.539201990000000000e+08 3.160000000000000000e+03 3.120000000000000000e+03 4.390000000000000000e+03 3.820000000000000000e+03
1.539204070000000000e+08 3.150000000000000000e+03 3.120000000000000000e+03 4.440000000000000000e+03 3.820000000000000000e+03
1.539206150000000000e+08 3.150000000000000000e+03 3.120000000000000000e+03 4.410000000000000000e+03 3.830000000000000000e+03
1.539208230000000000e+08 3.150000000000000000e+03 3.120000000000000000e+03 4.400000000000000000e+03 3.830000000000000000e+03
1.539210310000000000e+08 3.150000000000000000e+03 3.120000000000000000e+03 4.420000000000000000e+03 3.830000000000000000e+03
1.539212390000000000e+08 3.160000000000000000e+03 3.110000000000000000e+03 4.480000000000000000e+03 3.830000000000000000e+03
1.539214310000000000e+08 3.160000000000000000e+03 3.110000000000000000e+03 4.460000000000000000e+03 3.830000000000000000e+03
1.539216390000000000e+08 3.160000000000000000e+03 3.120000000000000000e+03 4.480000000000000000e+03 3.830000000000000000e+03
1.539218470000000000e+08 3.160000000000000000e+03 3.120000000000000000e+03 4.450000000000000000e+03 3.840000000000000000e+03
1.539220550000000000e+08 3.140000000000000000e+03 3.120000000000000000e+03 4.430000000000000000e+03 3.840000000000000000e+03
1.539222620000000000e+08 3.130000000000000000e+03 3.110000000000000000e+03 4.420000000000000000e+03 3.840000000000000000e+03
1.539224700000000000e+08 3.140000000000000000e+03 3.120000000000000000e+03 4.400000000000000000e+03 3.830000000000000000e+03
1.539226790000000000e+08 3.130000000000000000e+03 3.130000000000000000e+03 4.400000000000000000e+03 3.830000000000000000e+03
1.539228860000000000e+08 3.120000000000000000e+03 3.130000000000000000e+03 4.400000000000000000e+03 3.840000000000000000e+03
1.539230940000000000e+08 3.130000000000000000e+03 3.140000000000000000e+03 4.400000000000000000e+03 3.840000000000000000e+03
1.539233020000000000e+08 3.140000000000000000e+03 3.140000000000000000e+03 4.410000000000000000e+03 3.840000000000000000e+03
1.539235100000000000e+08 3.120000000000000000e+03 3.130000000000000000e+03 4.400000000000000000e+03 3.840000000000000000e+03
1.539237180000000000e+08 3.140000000000000000e+03 3.120000000000000000e+03 4.380000000000000000e+03 3.840000000000000000e+03
1.539239260000000000e+08 3.130000000000000000e+03 3.120000000000000000e+03 4.360000000000000000e+03 3.840000000000000000e+03
1.539241340000000000e+08 3.130000000000000000e+03 3.130000000000000000e+03 4.380000000000000000e+03 3.840000000000000000e+03
1.539243420000000000e+08 3.130000000000000000e+03 3.130000000000000000e+03 4.400000000000000000e+03 3.830000000000000000e+03
1.539245500000000000e+08 3.120000000000000000e+03 3.130000000000000000e+03 4.420000000000000000e+03 3.840000000000000000e+03
1.539247580000000000e+08 3.110000000000000000e+03 3.120000000000000000e+03 4.450000000000000000e+03 3.840000000000000000e+03
1.539249500000000000e+08 3.100000000000000000e+03 3.120000000000000000e+03 4.470000000000000000e+03 3.840000000000000000e+03
1.539251580000000000e+08 3.090000000000000000e+03 3.130000000000000000e+03 4.440000000000000000e+03 3.840000000000000000e+03
1.539253660000000000e+08 3.110000000000000000e+03 3.130000000000000000e+03 4.420000000000000000e+03 3.840000000000000000e+03
1.539255740000000000e+08 3.110000000000000000e+03 3.130000000000000000e+03 4.410000000000000000e+03 3.840000000000000000e+03
1.539257820000000000e+08 3.130000000000000000e+03 3.130000000000000000e+03 4.390000000000000000e+03 3.840000000000000000e+03
1.539259900000000000e+08 3.130000000000000000e+03 3.130000000000000000e+03 4.390000000000000000e+03 3.840000000000000000e+03
1.539261980000000000e+08 3.140000000000000000e+03 3.130000000000000000e+03 4.380000000000000000e+03 3.840000000000000000e+03
1.539264060000000000e+08 3.130000000000000000e+03 3.120000000000000000e+03 4.360000000000000000e+03 3.840000000000000000e+03
1.539266140000000000e+08 3.120000000000000000e+03 3.110000000000000000e+03 4.330000000000000000e+03 3.840000000000000000e+03
1.539268210000000000e+08 3.120000000000000000e+03 3.110000000000000000e+03 4.310000000000000000e+03 3.840000000000000000e+03
1.539270290000000000e+08 3.120000000000000000e+03 3.100000000000000000e+03 4.300000000000000000e+03 3.840000000000000000e+03
1.539272370000000000e+08 3.140000000000000000e+03 3.100000000000000000e+03 4.290000000000000000e+03 3.830000000000000000e+03
1.539274450000000000e+08 3.150000000000000000e+03 3.100000000000000000e+03 4.290000000000000000e+03 3.830000000000000000e+03
1.539276530000000000e+08 3.140000000000000000e+03 3.110000000000000000e+03 4.300000000000000000e+03 3.830000000000000000e+03
1.539278610000000000e+08 3.130000000000000000e+03 3.120000000000000000e+03 4.290000000000000000e+03 3.830000000000000000e+03
1.539280690000000000e+08 3.130000000000000000e+03 3.120000000000000000e+03 4.290000000000000000e+03 3.820000000000000000e+03
1.539282610000000000e+08 3.120000000000000000e+03 3.130000000000000000e+03 4.300000000000000000e+03 3.820000000000000000e+03
1.539284700000000000e+08 3.120000000000000000e+03 3.120000000000000000e+03 4.290000000000000000e+03 3.830000000000000000e+03
1.539286770000000000e+08 3.130000000000000000e+03 3.110000000000000000e+03 4.290000000000000000e+03 3.830000000000000000e+03
1.539288850000000000e+08 3.140000000000000000e+03 3.110000000000000000e+03 4.300000000000000000e+03 3.830000000000000000e+03
1.539290930000000000e+08 3.140000000000000000e+03 3.110000000000000000e+03 4.310000000000000000e+03 3.820000000000000000e+03
1.539293010000000000e+08 3.140000000000000000e+03 3.110000000000000000e+03 4.310000000000000000e+03 3.820000000000000000e+03
1.539295090000000000e+08 3.140000000000000000e+03 3.110000000000000000e+03 4.330000000000000000e+03 3.820000000000000000e+03
1.539297160000000000e+08 3.120000000000000000e+03 3.110000000000000000e+03 4.360000000000000000e+03 3.820000000000000000e+03
1.539299250000000000e+08 3.120000000000000000e+03 3.120000000000000000e+03 4.360000000000000000e+03 3.820000000000000000e+03
1.539301330000000000e+08 3.130000000000000000e+03 3.130000000000000000e+03 4.400000000000000000e+03 3.810000000000000000e+03
1.539303410000000000e+08 3.130000000000000000e+03 3.120000000000000000e+03 4.380000000000000000e+03 3.820000000000000000e+03
1.539305490000000000e+08 3.130000000000000000e+03 3.120000000000000000e+03 4.380000000000000000e+03 3.830000000000000000e+03
1.539307570000000000e+08 3.140000000000000000e+03 3.120000000000000000e+03 4.380000000000000000e+03 3.830000000000000000e+03
1.539309650000000000e+08 3.150000000000000000e+03 3.130000000000000000e+03 4.360000000000000000e+03 3.830000000000000000e+03
1.539311730000000000e+08 3.150000000000000000e+03 3.120000000000000000e+03 4.340000000000000000e+03 3.840000000000000000e+03
1.539313810000000000e+08 3.160000000000000000e+03 3.120000000000000000e+03 4.320000000000000000e+03 3.830000000000000000e+03
1.539315890000000000e+08 3.150000000000000000e+03 3.110000000000000000e+03 4.390000000000000000e+03 3.850000000000000000e+03
1.539317800000000000e+08 3.150000000000000000e+03 3.110000000000000000e+03 4.440000000000000000e+03 3.850000000000000000e+03
1.539319880000000000e+08 3.150000000000000000e+03 3.110000000000000000e+03 4.450000000000000000e+03 3.840000000000000000e+03
1.539321960000000000e+08 3.140000000000000000e+03 3.110000000000000000e+03 4.470000000000000000e+03 3.830000000000000000e+03
1.539324040000000000e+08 3.150000000000000000e+03 3.110000000000000000e+03 4.440000000000000000e+03 3.820000000000000000e+03
1.539326120000000000e+08 3.140000000000000000e+03 3.120000000000000000e+03 4.400000000000000000e+03 3.830000000000000000e+03
1.539328210000000000e+08 3.130000000000000000e+03 3.120000000000000000e+03 4.350000000000000000e+03 3.830000000000000000e+03
1.539330280000000000e+08 3.130000000000000000e+03 3.120000000000000000e+03 4.320000000000000000e+03 3.830000000000000000e+03
1.539332360000000000e+08 3.130000000000000000e+03 3.130000000000000000e+03 4.310000000000000000e+03 3.830000000000000000e+03
1.539334440000000000e+08 3.140000000000000000e+03 3.120000000000000000e+03 4.310000000000000000e+03 3.830000000000000000e+03
1.539336520000000000e+08 3.130000000000000000e+03 3.130000000000000000e+03 4.310000000000000000e+03 3.830000000000000000e+03
1.539338600000000000e+08 3.130000000000000000e+03 3.130000000000000000e+03 4.310000000000000000e+03 3.830000000000000000e+03
1.539340670000000000e+08 3.120000000000000000e+03 3.120000000000000000e+03 4.320000000000000000e+03 3.820000000000000000e+03
1.539342760000000000e+08 3.120000000000000000e+03 3.110000000000000000e+03 4.320000000000000000e+03 3.820000000000000000e+03
1.539344840000000000e+08 3.140000000000000000e+03 3.110000000000000000e+03 4.320000000000000000e+03 3.820000000000000000e+03
1.539346920000000000e+08 3.130000000000000000e+03 3.120000000000000000e+03 4.310000000000000000e+03 3.820000000000000000e+03
1.539349000000000000e+08 3.120000000000000000e+03 3.130000000000000000e+03 4.300000000000000000e+03 3.830000000000000000e+03
1.539350920000000000e+08 3.140000000000000000e+03 3.140000000000000000e+03 4.300000000000000000e+03 3.830000000000000000e+03
1.539353000000000000e+08 3.130000000000000000e+03 3.140000000000000000e+03 4.330000000000000000e+03 3.830000000000000000e+03
1.539355080000000000e+08 3.130000000000000000e+03 3.140000000000000000e+03 4.330000000000000000e+03 3.830000000000000000e+03
1.539357160000000000e+08 3.130000000000000000e+03 3.140000000000000000e+03 4.310000000000000000e+03 3.820000000000000000e+03
1.539359230000000000e+08 3.130000000000000000e+03 3.140000000000000000e+03 4.560000000000000000e+03 3.830000000000000000e+03
1.539361310000000000e+08 3.130000000000000000e+03 3.140000000000000000e+03 4.720000000000000000e+03 3.820000000000000000e+03
1.539363390000000000e+08 3.130000000000000000e+03 3.150000000000000000e+03 4.830000000000000000e+03 3.820000000000000000e+03
1.539365470000000000e+08 3.150000000000000000e+03 3.150000000000000000e+03 4.890000000000000000e+03 3.830000000000000000e+03
1.539367550000000000e+08 3.160000000000000000e+03 3.140000000000000000e+03 4.960000000000000000e+03 3.830000000000000000e+03
1.539369630000000000e+08 3.160000000000000000e+03 3.130000000000000000e+03 4.990000000000000000e+03 3.830000000000000000e+03
1.539371710000000000e+08 3.150000000000000000e+03 3.120000000000000000e+03 5.020000000000000000e+03 3.830000000000000000e+03
1.539373790000000000e+08 3.140000000000000000e+03 3.110000000000000000e+03 5.040000000000000000e+03 3.830000000000000000e+03
1.539375870000000000e+08 3.140000000000000000e+03 3.120000000000000000e+03 4.800000000000000000e+03 3.810000000000000000e+03
1.539377950000000000e+08 3.150000000000000000e+03 3.120000000000000000e+03 4.650000000000000000e+03 3.820000000000000000e+03
1.539380030000000000e+08 3.140000000000000000e+03 3.130000000000000000e+03 4.530000000000000000e+03 3.820000000000000000e+03
1.539382110000000000e+08 3.140000000000000000e+03 3.140000000000000000e+03 4.440000000000000000e+03 3.810000000000000000e+03
1.539384190000000000e+08 3.150000000000000000e+03 3.140000000000000000e+03 4.400000000000000000e+03 3.810000000000000000e+03
1.539386110000000000e+08 3.150000000000000000e+03 3.140000000000000000e+03 4.410000000000000000e+03 3.810000000000000000e+03
1.539388190000000000e+08 3.140000000000000000e+03 3.130000000000000000e+03 4.640000000000000000e+03 3.820000000000000000e+03
1.539390270000000000e+08 3.140000000000000000e+03 3.130000000000000000e+03 4.660000000000000000e+03 3.820000000000000000e+03
1.539392350000000000e+08 3.130000000000000000e+03 3.120000000000000000e+03 4.520000000000000000e+03 3.820000000000000000e+03
1.539394430000000000e+08 3.130000000000000000e+03 3.120000000000000000e+03 4.420000000000000000e+03 3.820000000000000000e+03
1.539396510000000000e+08 3.140000000000000000e+03 3.120000000000000000e+03 4.370000000000000000e+03 3.820000000000000000e+03
1.539398590000000000e+08 3.130000000000000000e+03 3.130000000000000000e+03 4.320000000000000000e+03 3.830000000000000000e+03
1.539400670000000000e+08 3.120000000000000000e+03 3.130000000000000000e+03 4.290000000000000000e+03 3.830000000000000000e+03
1.539402740000000000e+08 3.120000000000000000e+03 3.120000000000000000e+03 4.250000000000000000e+03 3.830000000000000000e+03
1.539404820000000000e+08 3.120000000000000000e+03 3.120000000000000000e+03 4.250000000000000000e+03 3.820000000000000000e+03
1.539406900000000000e+08 3.130000000000000000e+03 3.130000000000000000e+03 4.270000000000000000e+03 3.820000000000000000e+03
1.539408980000000000e+08 3.140000000000000000e+03 3.130000000000000000e+03 4.290000000000000000e+03 3.820000000000000000e+03
1.539411060000000000e+08 3.140000000000000000e+03 3.120000000000000000e+03 4.300000000000000000e+03 3.820000000000000000e+03
1.539413140000000000e+08 3.140000000000000000e+03 3.130000000000000000e+03 4.310000000000000000e+03 3.820000000000000000e+03
1.539415240000000000e+08 3.130000000000000000e+03 3.130000000000000000e+03 4.400000000000000000e+03 3.820000000000000000e+03
1.539417300000000000e+08 3.130000000000000000e+03 3.120000000000000000e+03 4.540000000000000000e+03 3.830000000000000000e+03
1.539419220000000000e+08 3.140000000000000000e+03 3.120000000000000000e+03 4.460000000000000000e+03 3.830000000000000000e+03
1.539421300000000000e+08 3.130000000000000000e+03 3.120000000000000000e+03 4.420000000000000000e+03 3.830000000000000000e+03
1.539423380000000000e+08 3.130000000000000000e+03 3.120000000000000000e+03 4.370000000000000000e+03 3.830000000000000000e+03
1.539425450000000000e+08 3.120000000000000000e+03 3.110000000000000000e+03 4.370000000000000000e+03 3.830000000000000000e+03
1.539427540000000000e+08 3.120000000000000000e+03 3.120000000000000000e+03 4.500000000000000000e+03 3.820000000000000000e+03
1.539429620000000000e+08 3.130000000000000000e+03 3.120000000000000000e+03 4.540000000000000000e+03 3.820000000000000000e+03
1.539431700000000000e+08 3.140000000000000000e+03 3.110000000000000000e+03 4.480000000000000000e+03 3.820000000000000000e+03
1.539433780000000000e+08 3.130000000000000000e+03 3.120000000000000000e+03 4.430000000000000000e+03 3.830000000000000000e+03
1.539435860000000000e+08 3.120000000000000000e+03 3.110000000000000000e+03 4.400000000000000000e+03 3.830000000000000000e+03
1.539437940000000000e+08 3.130000000000000000e+03 3.120000000000000000e+03 4.370000000000000000e+03 3.830000000000000000e+03
1.539440020000000000e+08 3.140000000000000000e+03 3.120000000000000000e+03 4.370000000000000000e+03 3.840000000000000000e+03
1.539442090000000000e+08 3.140000000000000000e+03 3.120000000000000000e+03 4.460000000000000000e+03 3.830000000000000000e+03
1.539444180000000000e+08 3.130000000000000000e+03 3.130000000000000000e+03 4.810000000000000000e+03 3.830000000000000000e+03
1.539446260000000000e+08 3.130000000000000000e+03 3.120000000000000000e+03 5.000000000000000000e+03 3.830000000000000000e+03
1.539448330000000000e+08 3.130000000000000000e+03 3.140000000000000000e+03 5.040000000000000000e+03 3.840000000000000000e+03
1.539450410000000000e+08 3.130000000000000000e+03 3.140000000000000000e+03 5.050000000000000000e+03 3.840000000000000000e+03
1.539452490000000000e+08 3.140000000000000000e+03 3.140000000000000000e+03 5.050000000000000000e+03 3.840000000000000000e+03
1.539454410000000000e+08 3.130000000000000000e+03 3.140000000000000000e+03 5.060000000000000000e+03 3.830000000000000000e+03
1.539456490000000000e+08 3.130000000000000000e+03 3.130000000000000000e+03 5.060000000000000000e+03 3.820000000000000000e+03
1.539458570000000000e+08 3.140000000000000000e+03 3.140000000000000000e+03 5.050000000000000000e+03 3.830000000000000000e+03
1.539460650000000000e+08 3.130000000000000000e+03 3.120000000000000000e+03 5.050000000000000000e+03 3.830000000000000000e+03
1.539462730000000000e+08 3.150000000000000000e+03 3.130000000000000000e+03 5.080000000000000000e+03 3.830000000000000000e+03
1.539533440000000000e+08 3.280000000000000000e+03 3.110000000000000000e+03 3.890000000000000000e+03 3.830000000000000000e+03
1.539535510000000000e+08 3.300000000000000000e+03 3.110000000000000000e+03 3.890000000000000000e+03 3.830000000000000000e+03
1.539537600000000000e+08 3.300000000000000000e+03 3.110000000000000000e+03 3.890000000000000000e+03 3.820000000000000000e+03
1.539539670000000000e+08 3.280000000000000000e+03 3.130000000000000000e+03 3.900000000000000000e+03 3.820000000000000000e+03
1.539541750000000000e+08 3.290000000000000000e+03 3.140000000000000000e+03 3.900000000000000000e+03 3.830000000000000000e+03
1.539543830000000000e+08 3.480000000000000000e+03 3.120000000000000000e+03 3.900000000000000000e+03 3.840000000000000000e+03
1.539545910000000000e+08 3.720000000000000000e+03 3.110000000000000000e+03 3.900000000000000000e+03 3.830000000000000000e+03
1.539547980000000000e+08 4.820000000000000000e+03 3.120000000000000000e+03 3.900000000000000000e+03 3.840000000000000000e+03
1.539558390000000000e+08 4.600000000000000000e+03 3.130000000000000000e+03 3.900000000000000000e+03 3.830000000000000000e+03
1.539560470000000000e+08 4.230000000000000000e+03 3.120000000000000000e+03 3.900000000000000000e+03 3.830000000000000000e+03
1.539562550000000000e+08 3.990000000000000000e+03 3.120000000000000000e+03 3.910000000000000000e+03 3.830000000000000000e+03
1.539564630000000000e+08 3.820000000000000000e+03 3.110000000000000000e+03 3.920000000000000000e+03 3.830000000000000000e+03
1.539566710000000000e+08 3.640000000000000000e+03 3.110000000000000000e+03 3.910000000000000000e+03 3.830000000000000000e+03
1.539568790000000000e+08 3.560000000000000000e+03 3.110000000000000000e+03 3.910000000000000000e+03 3.820000000000000000e+03
1.539570870000000000e+08 3.510000000000000000e+03 3.130000000000000000e+03 3.900000000000000000e+03 3.830000000000000000e+03
1.539572950000000000e+08 3.500000000000000000e+03 3.130000000000000000e+03 3.910000000000000000e+03 3.830000000000000000e+03
1.539575030000000000e+08 3.470000000000000000e+03 3.120000000000000000e+03 3.910000000000000000e+03 3.830000000000000000e+03
1.539577100000000000e+08 3.700000000000000000e+03 3.120000000000000000e+03 3.920000000000000000e+03 3.830000000000000000e+03
1.539579190000000000e+08 3.880000000000000000e+03 3.110000000000000000e+03 3.910000000000000000e+03 3.820000000000000000e+03
1.539581270000000000e+08 4.010000000000000000e+03 3.120000000000000000e+03 3.910000000000000000e+03 3.820000000000000000e+03
1.539583340000000000e+08 4.090000000000000000e+03 3.120000000000000000e+03 3.910000000000000000e+03 3.820000000000000000e+03
1.539585420000000000e+08 4.150000000000000000e+03 3.120000000000000000e+03 3.900000000000000000e+03 3.820000000000000000e+03
1.539587500000000000e+08 4.190000000000000000e+03 3.120000000000000000e+03 3.900000000000000000e+03 3.820000000000000000e+03
1.539589570000000000e+08 4.220000000000000000e+03 3.110000000000000000e+03 3.910000000000000000e+03 3.820000000000000000e+03
1.539591660000000000e+08 4.230000000000000000e+03 3.110000000000000000e+03 3.910000000000000000e+03 3.820000000000000000e+03
1.539593740000000000e+08 4.210000000000000000e+03 3.110000000000000000e+03 3.910000000000000000e+03 3.830000000000000000e+03
1.539595810000000000e+08 4.100000000000000000e+03 3.110000000000000000e+03 3.900000000000000000e+03 3.830000000000000000e+03
1.539597900000000000e+08 4.140000000000000000e+03 3.110000000000000000e+03 3.900000000000000000e+03 3.840000000000000000e+03
1.539599980000000000e+08 4.170000000000000000e+03 3.110000000000000000e+03 3.900000000000000000e+03 3.840000000000000000e+03
1.540002060000000000e+08 4.150000000000000000e+03 3.110000000000000000e+03 3.900000000000000000e+03 3.830000000000000000e+03
1.540004140000000000e+08 4.120000000000000000e+03 3.110000000000000000e+03 3.900000000000000000e+03 3.840000000000000000e+03
1.540006220000000000e+08 4.120000000000000000e+03 3.110000000000000000e+03 3.910000000000000000e+03 3.840000000000000000e+03
1.540008300000000000e+08 4.520000000000000000e+03 3.110000000000000000e+03 3.910000000000000000e+03 3.830000000000000000e+03
1.540018860000000000e+08 4.730000000000000000e+03 3.120000000000000000e+03 3.910000000000000000e+03 3.830000000000000000e+03
1.540020940000000000e+08 4.450000000000000000e+03 3.120000000000000000e+03 3.910000000000000000e+03 3.820000000000000000e+03
1.540023020000000000e+08 4.160000000000000000e+03 3.120000000000000000e+03 3.910000000000000000e+03 3.830000000000000000e+03
1.540025090000000000e+08 3.950000000000000000e+03 3.130000000000000000e+03 3.910000000000000000e+03 3.840000000000000000e+03
1.540027180000000000e+08 3.820000000000000000e+03 3.130000000000000000e+03 3.920000000000000000e+03 3.830000000000000000e+03
1.540029250000000000e+08 3.720000000000000000e+03 3.130000000000000000e+03 3.920000000000000000e+03 3.840000000000000000e+03
1.540031330000000000e+08 3.680000000000000000e+03 3.140000000000000000e+03 3.920000000000000000e+03 3.840000000000000000e+03
1.540033410000000000e+08 3.610000000000000000e+03 3.130000000000000000e+03 3.920000000000000000e+03 3.830000000000000000e+03
1.540035490000000000e+08 3.600000000000000000e+03 3.140000000000000000e+03 3.920000000000000000e+03 3.830000000000000000e+03
1.540037570000000000e+08 3.570000000000000000e+03 3.130000000000000000e+03 3.910000000000000000e+03 3.830000000000000000e+03
1.540039650000000000e+08 3.560000000000000000e+03 3.140000000000000000e+03 3.920000000000000000e+03 3.820000000000000000e+03
1.540041730000000000e+08 3.560000000000000000e+03 3.120000000000000000e+03 3.920000000000000000e+03 3.820000000000000000e+03
1.540043810000000000e+08 3.540000000000000000e+03 3.120000000000000000e+03 3.900000000000000000e+03 3.820000000000000000e+03
1.540045890000000000e+08 3.530000000000000000e+03 3.130000000000000000e+03 3.900000000000000000e+03 3.820000000000000000e+03
1.540047970000000000e+08 3.500000000000000000e+03 3.120000000000000000e+03 3.910000000000000000e+03 3.830000000000000000e+03
1.540050050000000000e+08 3.490000000000000000e+03 3.130000000000000000e+03 3.910000000000000000e+03 3.830000000000000000e+03
1.540052130000000000e+08 3.470000000000000000e+03 3.120000000000000000e+03 3.910000000000000000e+03 3.830000000000000000e+03
1.540054210000000000e+08 3.480000000000000000e+03 3.110000000000000000e+03 3.910000000000000000e+03 3.830000000000000000e+03
1.540056290000000000e+08 3.480000000000000000e+03 3.110000000000000000e+03 3.900000000000000000e+03 3.830000000000000000e+03
1.540058370000000000e+08 3.500000000000000000e+03 3.110000000000000000e+03 3.910000000000000000e+03 3.830000000000000000e+03
1.540060450000000000e+08 3.500000000000000000e+03 3.110000000000000000e+03 3.910000000000000000e+03 3.830000000000000000e+03
1.540062530000000000e+08 3.490000000000000000e+03 3.110000000000000000e+03 3.910000000000000000e+03 3.830000000000000000e+03
1.540064600000000000e+08 3.460000000000000000e+03 3.110000000000000000e+03 3.900000000000000000e+03 3.830000000000000000e+03
1.540066680000000000e+08 3.460000000000000000e+03 3.110000000000000000e+03 3.910000000000000000e+03 3.830000000000000000e+03
1.540068770000000000e+08 3.440000000000000000e+03 3.120000000000000000e+03 3.910000000000000000e+03 3.830000000000000000e+03
1.540070840000000000e+08 3.440000000000000000e+03 3.120000000000000000e+03 3.910000000000000000e+03 3.830000000000000000e+03
1.540072920000000000e+08 3.440000000000000000e+03 3.120000000000000000e+03 3.910000000000000000e+03 3.830000000000000000e+03
1.540075000000000000e+08 3.430000000000000000e+03 3.120000000000000000e+03 3.920000000000000000e+03 3.830000000000000000e+03
1.540079160000000000e+08 3.440000000000000000e+03 3.110000000000000000e+03 3.920000000000000000e+03 3.830000000000000000e+03
1.540081240000000000e+08 3.430000000000000000e+03 3.110000000000000000e+03 3.920000000000000000e+03 3.820000000000000000e+03
1.540083320000000000e+08 3.440000000000000000e+03 3.120000000000000000e+03 3.920000000000000000e+03 3.820000000000000000e+03
1.540085400000000000e+08 3.420000000000000000e+03 3.120000000000000000e+03 3.910000000000000000e+03 3.820000000000000000e+03
1.540087480000000000e+08 3.410000000000000000e+03 3.120000000000000000e+03 3.910000000000000000e+03 3.820000000000000000e+03
1.540089560000000000e+08 3.430000000000000000e+03 3.120000000000000000e+03 3.900000000000000000e+03 3.820000000000000000e+03
1.540091640000000000e+08 3.430000000000000000e+03 3.110000000000000000e+03 3.900000000000000000e+03 3.820000000000000000e+03
1.540093720000000000e+08 3.430000000000000000e+03 3.110000000000000000e+03 3.900000000000000000e+03 3.820000000000000000e+03
1.540095800000000000e+08 3.440000000000000000e+03 3.110000000000000000e+03 3.900000000000000000e+03 3.820000000000000000e+03
1.540097880000000000e+08 3.430000000000000000e+03 3.120000000000000000e+03 3.900000000000000000e+03 3.830000000000000000e+03
1.540099960000000000e+08 3.440000000000000000e+03 3.130000000000000000e+03 3.900000000000000000e+03 3.820000000000000000e+03
1.540102040000000000e+08 3.430000000000000000e+03 3.140000000000000000e+03 3.900000000000000000e+03 3.830000000000000000e+03
1.540104120000000000e+08 3.410000000000000000e+03 3.140000000000000000e+03 3.910000000000000000e+03 3.830000000000000000e+03
1.540106200000000000e+08 3.400000000000000000e+03 3.140000000000000000e+03 3.910000000000000000e+03 3.820000000000000000e+03
1.540108280000000000e+08 3.380000000000000000e+03 3.140000000000000000e+03 3.910000000000000000e+03 3.820000000000000000e+03
1.540110360000000000e+08 3.360000000000000000e+03 3.130000000000000000e+03 3.910000000000000000e+03 3.820000000000000000e+03
1.540112430000000000e+08 3.340000000000000000e+03 3.120000000000000000e+03 3.910000000000000000e+03 3.820000000000000000e+03
1.540114510000000000e+08 3.340000000000000000e+03 3.120000000000000000e+03 3.910000000000000000e+03 3.820000000000000000e+03
1.540116590000000000e+08 3.340000000000000000e+03 3.120000000000000000e+03 3.900000000000000000e+03 3.820000000000000000e+03
1.540118670000000000e+08 3.340000000000000000e+03 3.120000000000000000e+03 3.900000000000000000e+03 3.820000000000000000e+03
1.540120750000000000e+08 3.360000000000000000e+03 3.110000000000000000e+03 3.900000000000000000e+03 3.820000000000000000e+03
1.540122830000000000e+08 3.360000000000000000e+03 3.130000000000000000e+03 3.910000000000000000e+03 3.820000000000000000e+03
1.540124910000000000e+08 3.360000000000000000e+03 3.120000000000000000e+03 3.900000000000000000e+03 3.820000000000000000e+03
1.540126990000000000e+08 3.340000000000000000e+03 3.130000000000000000e+03 3.890000000000000000e+03 3.820000000000000000e+03
1.540129070000000000e+08 3.620000000000000000e+03 3.140000000000000000e+03 3.880000000000000000e+03 3.820000000000000000e+03
1.540131150000000000e+08 3.820000000000000000e+03 3.140000000000000000e+03 3.870000000000000000e+03 3.820000000000000000e+03
1.540133230000000000e+08 3.950000000000000000e+03 3.130000000000000000e+03 3.880000000000000000e+03 3.820000000000000000e+03
1.540135310000000000e+08 4.030000000000000000e+03 3.130000000000000000e+03 3.880000000000000000e+03 3.830000000000000000e+03
1.540137390000000000e+08 3.930000000000000000e+03 3.120000000000000000e+03 3.880000000000000000e+03 3.830000000000000000e+03
1.540139470000000000e+08 3.910000000000000000e+03 3.130000000000000000e+03 3.870000000000000000e+03 3.830000000000000000e+03
1.540141550000000000e+08 3.900000000000000000e+03 3.140000000000000000e+03 3.880000000000000000e+03 3.820000000000000000e+03
1.540143630000000000e+08 3.820000000000000000e+03 3.140000000000000000e+03 3.890000000000000000e+03 3.820000000000000000e+03
1.540145710000000000e+08 3.780000000000000000e+03 3.120000000000000000e+03 3.880000000000000000e+03 3.830000000000000000e+03
1.540147780000000000e+08 3.730000000000000000e+03 3.120000000000000000e+03 3.880000000000000000e+03 3.830000000000000000e+03
1.540149860000000000e+08 3.690000000000000000e+03 3.120000000000000000e+03 3.890000000000000000e+03 3.820000000000000000e+03
1.540151940000000000e+08 3.650000000000000000e+03 3.130000000000000000e+03 3.900000000000000000e+03 3.830000000000000000e+03
1.540154020000000000e+08 3.850000000000000000e+03 3.130000000000000000e+03 3.900000000000000000e+03 3.830000000000000000e+03
1.540156200000000000e+08 3.940000000000000000e+03 3.130000000000000000e+03 3.900000000000000000e+03 3.830000000000000000e+03
1.540158180000000000e+08 3.990000000000000000e+03 3.130000000000000000e+03 3.900000000000000000e+03 3.830000000000000000e+03
1.540160350000000000e+08 3.880000000000000000e+03 3.130000000000000000e+03 3.910000000000000000e+03 3.830000000000000000e+03
1.540162340000000000e+08 3.740000000000000000e+03 3.130000000000000000e+03 3.910000000000000000e+03 3.830000000000000000e+03
1.540164420000000000e+08 3.580000000000000000e+03 3.130000000000000000e+03 3.900000000000000000e+03 3.840000000000000000e+03
1.540166500000000000e+08 3.490000000000000000e+03 3.130000000000000000e+03 3.910000000000000000e+03 3.830000000000000000e+03
1.540168580000000000e+08 3.440000000000000000e+03 3.130000000000000000e+03 3.910000000000000000e+03 3.830000000000000000e+03
1.540170660000000000e+08 3.410000000000000000e+03 3.130000000000000000e+03 3.900000000000000000e+03 3.820000000000000000e+03
1.540172740000000000e+08 3.380000000000000000e+03 3.120000000000000000e+03 3.900000000000000000e+03 3.820000000000000000e+03
1.540174820000000000e+08 3.360000000000000000e+03 3.120000000000000000e+03 3.910000000000000000e+03 3.820000000000000000e+03
1.540176900000000000e+08 3.330000000000000000e+03 3.120000000000000000e+03 3.900000000000000000e+03 3.830000000000000000e+03
1.540178980000000000e+08 3.310000000000000000e+03 3.120000000000000000e+03 3.910000000000000000e+03 3.840000000000000000e+03
