1.541304740000000000e+08 3.670000000000000000e+03 3.440000000000000000e+03 3.510000000000000000e+03 3.390000000000000000e+03
1.541306820000000000e+08 3.630000000000000000e+03 3.440000000000000000e+03 3.520000000000000000e+03 3.390000000000000000e+03
1.541308890000000000e+08 3.630000000000000000e+03 3.440000000000000000e+03 3.520000000000000000e+03 3.390000000000000000e+03
1.541310970000000000e+08 3.630000000000000000e+03 3.440000000000000000e+03 3.520000000000000000e+03 3.390000000000000000e+03
1.541313050000000000e+08 3.650000000000000000e+03 3.430000000000000000e+03 3.520000000000000000e+03 3.390000000000000000e+03
1.541315120000000000e+08 3.670000000000000000e+03 3.420000000000000000e+03 3.520000000000000000e+03 3.390000000000000000e+03
1.541317210000000000e+08 3.680000000000000000e+03 3.420000000000000000e+03 3.520000000000000000e+03 3.390000000000000000e+03
1.541319290000000000e+08 3.680000000000000000e+03 3.430000000000000000e+03 3.520000000000000000e+03 3.390000000000000000e+03
1.541321370000000000e+08 3.730000000000000000e+03 3.440000000000000000e+03 3.520000000000000000e+03 3.390000000000000000e+03
1.541323440000000000e+08 3.800000000000000000e+03 3.440000000000000000e+03 3.520000000000000000e+03 3.390000000000000000e+03
1.541325530000000000e+08 3.840000000000000000e+03 3.440000000000000000e+03 3.520000000000000000e+03 3.390000000000000000e+03
1.541327610000000000e+08 3.880000000000000000e+03 3.440000000000000000e+03 3.520000000000000000e+03 3.400000000000000000e+03
1.541329690000000000e+08 3.870000000000000000e+03 3.450000000000000000e+03 3.510000000000000000e+03 3.400000000000000000e+03
1.541331770000000000e+08 3.930000000000000000e+03 3.450000000000000000e+03 3.520000000000000000e+03 3.390000000000000000e+03
1.541333850000000000e+08 3.980000000000000000e+03 3.460000000000000000e+03 3.520000000000000000e+03 3.390000000000000000e+03
1.541335930000000000e+08 3.940000000000000000e+03 3.450000000000000000e+03 3.520000000000000000e+03 3.390000000000000000e+03
1.541338010000000000e+08 3.940000000000000000e+03 3.460000000000000000e+03 3.530000000000000000e+03 3.380000000000000000e+03
1.541340090000000000e+08 4.010000000000000000e+03 3.450000000000000000e+03 3.530000000000000000e+03 3.380000000000000000e+03
1.541342170000000000e+08 4.060000000000000000e+03 3.440000000000000000e+03 3.530000000000000000e+03 3.380000000000000000e+03
1.541344250000000000e+08 4.090000000000000000e+03 3.450000000000000000e+03 3.530000000000000000e+03 3.370000000000000000e+03
1.541346330000000000e+08 3.920000000000000000e+03 3.470000000000000000e+03 3.510000000000000000e+03 3.370000000000000000e+03
1.541348400000000000e+08 3.920000000000000000e+03 3.460000000000000000e+03 3.510000000000000000e+03 3.380000000000000000e+03
1.541350480000000000e+08 3.840000000000000000e+03 3.460000000000000000e+03 3.520000000000000000e+03 3.390000000000000000e+03
1.541352560000000000e+08 3.810000000000000000e+03 3.460000000000000000e+03 3.520000000000000000e+03 3.390000000000000000e+03
1.541354640000000000e+08 3.860000000000000000e+03 3.460000000000000000e+03 3.520000000000000000e+03 3.380000000000000000e+03
1.541356720000000000e+08 3.880000000000000000e+03 3.470000000000000000e+03 3.520000000000000000e+03 3.390000000000000000e+03
1.541358800000000000e+08 3.980000000000000000e+03 3.470000000000000000e+03 3.520000000000000000e+03 3.380000000000000000e+03
1.541360880000000000e+08 4.010000000000000000e+03 3.470000000000000000e+03 3.520000000000000000e+03 3.380000000000000000e+03
1.541362960000000000e+08 4.010000000000000000e+03 3.450000000000000000e+03 3.510000000000000000e+03 3.380000000000000000e+03
1.541365040000000000e+08 4.030000000000000000e+03 3.460000000000000000e+03 3.510000000000000000e+03 3.380000000000000000e+03
1.541367130000000000e+08 4.010000000000000000e+03 3.450000000000000000e+03 3.520000000000000000e+03 3.380000000000000000e+03
1.541369200000000000e+08 4.000000000000000000e+03 3.440000000000000000e+03 3.520000000000000000e+03 3.370000000000000000e+03
1.541371280000000000e+08 3.980000000000000000e+03 3.450000000000000000e+03 3.520000000000000000e+03 3.380000000000000000e+03
1.541373360000000000e+08 3.950000000000000000e+03 3.450000000000000000e+03 3.520000000000000000e+03 3.390000000000000000e+03
1.541375440000000000e+08 3.980000000000000000e+03 3.460000000000000000e+03 3.520000000000000000e+03 3.390000000000000000e+03
1.541377520000000000e+08 3.990000000000000000e+03 3.450000000000000000e+03 3.520000000000000000e+03 3.390000000000000000e+03
1.541379600000000000e+08 3.920000000000000000e+03 3.450000000000000000e+03 3.520000000000000000e+03 3.390000000000000000e+03
1.541381670000000000e+08 3.890000000000000000e+03 3.450000000000000000e+03 3.520000000000000000e+03 3.390000000000000000e+03
1.541383760000000000e+08 3.890000000000000000e+03 3.440000000000000000e+03 3.520000000000000000e+03 3.390000000000000000e+03
1.541385840000000000e+08 3.850000000000000000e+03 3.440000000000000000e+03 3.520000000000000000e+03 3.400000000000000000e+03
1.541387940000000000e+08 3.830000000000000000e+03 3.440000000000000000e+03 3.530000000000000000e+03 3.400000000000000000e+03
1.541390000000000000e+08 3.810000000000000000e+03 3.440000000000000000e+03 3.520000000000000000e+03 3.400000000000000000e+03
1.541392080000000000e+08 3.820000000000000000e+03 3.440000000000000000e+03 3.520000000000000000e+03 3.400000000000000000e+03
1.541394160000000000e+08 3.850000000000000000e+03 3.440000000000000000e+03 3.530000000000000000e+03 3.400000000000000000e+03
1.541396240000000000e+08 3.850000000000000000e+03 3.440000000000000000e+03 3.520000000000000000e+03 3.400000000000000000e+03
1.541398310000000000e+08 3.850000000000000000e+03 3.450000000000000000e+03 3.510000000000000000e+03 3.400000000000000000e+03
1.541400390000000000e+08 3.860000000000000000e+03 3.450000000000000000e+03 3.510000000000000000e+03 3.390000000000000000e+03
1.541402470000000000e+08 3.870000000000000000e+03 3.450000000000000000e+03 3.510000000000000000e+03 3.390000000000000000e+03
1.541404550000000000e+08 3.840000000000000000e+03 3.450000000000000000e+03 3.510000000000000000e+03 3.390000000000000000e+03
1.541406630000000000e+08 3.820000000000000000e+03 3.440000000000000000e+03 3.510000000000000000e+03 3.390000000000000000e+03
1.541408700000000000e+08 3.820000000000000000e+03 3.430000000000000000e+03 3.510000000000000000e+03 3.390000000000000000e+03
1.541410790000000000e+08 3.810000000000000000e+03 3.440000000000000000e+03 3.510000000000000000e+03 3.390000000000000000e+03
1.541412870000000000e+08 3.810000000000000000e+03 3.440000000000000000e+03 3.510000000000000000e+03 3.380000000000000000e+03
1.541414950000000000e+08 3.810000000000000000e+03 3.440000000000000000e+03 3.520000000000000000e+03 3.390000000000000000e+03
1.541417030000000000e+08 3.800000000000000000e+03 3.430000000000000000e+03 3.530000000000000000e+03 3.390000000000000000e+03
1.541419110000000000e+08 3.790000000000000000e+03 3.430000000000000000e+03 3.520000000000000000e+03 3.390000000000000000e+03
1.541421190000000000e+08 3.780000000000000000e+03 3.450000000000000000e+03 3.520000000000000000e+03 3.390000000000000000e+03
1.541423270000000000e+08 3.770000000000000000e+03 3.450000000000000000e+03 3.530000000000000000e+03 3.390000000000000000e+03
1.541425350000000000e+08 3.770000000000000000e+03 3.450000000000000000e+03 3.530000000000000000e+03 3.390000000000000000e+03
1.541427430000000000e+08 3.760000000000000000e+03 3.440000000000000000e+03 3.530000000000000000e+03 3.380000000000000000e+03
1.541429510000000000e+08 3.770000000000000000e+03 3.450000000000000000e+03 3.530000000000000000e+03 3.400000000000000000e+03
1.541431730000000000e+08 3.790000000000000000e+03 3.450000000000000000e+03 3.530000000000000000e+03 3.410000000000000000e+03
1.541433670000000000e+08 3.790000000000000000e+03 3.450000000000000000e+03 3.530000000000000000e+03 3.410000000000000000e+03
1.541435750000000000e+08 3.800000000000000000e+03 3.450000000000000000e+03 3.530000000000000000e+03 3.410000000000000000e+03
1.541437820000000000e+08 3.800000000000000000e+03 3.450000000000000000e+03 3.530000000000000000e+03 3.400000000000000000e+03
1.541439900000000000e+08 3.800000000000000000e+03 3.450000000000000000e+03 3.530000000000000000e+03 3.390000000000000000e+03
1.541441980000000000e+08 3.790000000000000000e+03 3.460000000000000000e+03 3.530000000000000000e+03 3.390000000000000000e+03
1.541444060000000000e+08 3.790000000000000000e+03 3.460000000000000000e+03 3.520000000000000000e+03 3.380000000000000000e+03
1.541446140000000000e+08 3.790000000000000000e+03 3.460000000000000000e+03 3.520000000000000000e+03 3.380000000000000000e+03
1.541448220000000000e+08 3.790000000000000000e+03 3.460000000000000000e+03 3.530000000000000000e+03 3.380000000000000000e+03
1.541450300000000000e+08 3.770000000000000000e+03 3.450000000000000000e+03 3.530000000000000000e+03 3.380000000000000000e+03
1.541452380000000000e+08 3.770000000000000000e+03 3.440000000000000000e+03 3.530000000000000000e+03 3.380000000000000000e+03
1.541454460000000000e+08 3.770000000000000000e+03 3.440000000000000000e+03 3.530000000000000000e+03 3.380000000000000000e+03
1.541456540000000000e+08 3.770000000000000000e+03 3.450000000000000000e+03 3.530000000000000000e+03 3.390000000000000000e+03
1.541458620000000000e+08 3.770000000000000000e+03 3.450000000000000000e+03 3.520000000000000000e+03 3.390000000000000000e+03
1.541460700000000000e+08 3.760000000000000000e+03 3.450000000000000000e+03 3.520000000000000000e+03 3.390000000000000000e+03
1.541462780000000000e+08 3.760000000000000000e+03 3.440000000000000000e+03 3.520000000000000000e+03 3.390000000000000000e+03
1.541464860000000000e+08 3.770000000000000000e+03 3.450000000000000000e+03 3.520000000000000000e+03 3.390000000000000000e+03
1.541466930000000000e+08 3.770000000000000000e+03 3.440000000000000000e+03 3.520000000000000000e+03 3.390000000000000000e+03
1.541469020000000000e+08 3.770000000000000000e+03 3.440000000000000000e+03 3.520000000000000000e+03 3.390000000000000000e+03
1.541471260000000000e+08 3.770000000000000000e+03 3.440000000000000000e+03 3.520000000000000000e+03 3.390000000000000000e+03
1.541473340000000000e+08 3.780000000000000000e+03 3.440000000000000000e+03 3.520000000000000000e+03 3.390000000000000000e+03
1.541475420000000000e+08 3.770000000000000000e+03 3.440000000000000000e+03 3.520000000000000000e+03 3.400000000000000000e+03
1.541477500000000000e+08 3.770000000000000000e+03 3.450000000000000000e+03 3.530000000000000000e+03 3.400000000000000000e+03
1.541479580000000000e+08 3.760000000000000000e+03 3.440000000000000000e+03 3.530000000000000000e+03 3.400000000000000000e+03
1.541481660000000000e+08 3.750000000000000000e+03 3.440000000000000000e+03 3.530000000000000000e+03 3.400000000000000000e+03
1.541483730000000000e+08 3.750000000000000000e+03 3.450000000000000000e+03 3.530000000000000000e+03 3.390000000000000000e+03
1.541485810000000000e+08 3.740000000000000000e+03 3.460000000000000000e+03 3.530000000000000000e+03 3.390000000000000000e+03
1.541488500000000000e+08 3.740000000000000000e+03 3.460000000000000000e+03 3.530000000000000000e+03 3.390000000000000000e+03
1.541489970000000000e+08 3.740000000000000000e+03 3.460000000000000000e+03 3.530000000000000000e+03 3.390000000000000000e+03
1.541492050000000000e+08 3.730000000000000000e+03 3.450000000000000000e+03 3.530000000000000000e+03 3.400000000000000000e+03
1.541494130000000000e+08 3.730000000000000000e+03 3.450000000000000000e+03 3.530000000000000000e+03 3.390000000000000000e+03
1.541496210000000000e+08 3.730000000000000000e+03 3.460000000000000000e+03 3.530000000000000000e+03 3.390000000000000000e+03
1.541498290000000000e+08 3.720000000000000000e+03 3.450000000000000000e+03 3.520000000000000000e+03 3.390000000000000000e+03
1.541500370000000000e+08 3.740000000000000000e+03 3.450000000000000000e+03 3.520000000000000000e+03 3.400000000000000000e+03
1.541502450000000000e+08 3.740000000000000000e+03 3.450000000000000000e+03 3.520000000000000000e+03 3.400000000000000000e+03
1.541504530000000000e+08 3.730000000000000000e+03 3.450000000000000000e+03 3.520000000000000000e+03 3.400000000000000000e+03
1.541506610000000000e+08 3.730000000000000000e+03 3.450000000000000000e+03 3.520000000000000000e+03 3.400000000000000000e+03
1.541508690000000000e+08 3.730000000000000000e+03 3.450000000000000000e+03 3.520000000000000000e+03 3.390000000000000000e+03
1.541510770000000000e+08 3.740000000000000000e+03 3.450000000000000000e+03 3.530000000000000000e+03 3.390000000000000000e+03
1.541512850000000000e+08 3.750000000000000000e+03 3.450000000000000000e+03 3.530000000000000000e+03 3.390000000000000000e+03
1.541514930000000000e+08 3.750000000000000000e+03 3.450000000000000000e+03 3.530000000000000000e+03 3.390000000000000000e+03
1.541517010000000000e+08 3.740000000000000000e+03 3.450000000000000000e+03 3.530000000000000000e+03 3.390000000000000000e+03
1.541519090000000000e+08 3.740000000000000000e+03 3.450000000000000000e+03 3.540000000000000000e+03 3.390000000000000000e+03
1.541521170000000000e+08 3.730000000000000000e+03 3.450000000000000000e+03 3.530000000000000000e+03 3.390000000000000000e+03
1.541523240000000000e+08 3.740000000000000000e+03 3.450000000000000000e+03 3.530000000000000000e+03 3.390000000000000000e+03
1.541525330000000000e+08 3.760000000000000000e+03 3.450000000000000000e+03 3.530000000000000000e+03 3.390000000000000000e+03
1.541527410000000000e+08 3.770000000000000000e+03 3.450000000000000000e+03 3.530000000000000000e+03 3.390000000000000000e+03
1.541529480000000000e+08 3.750000000000000000e+03 3.450000000000000000e+03 3.530000000000000000e+03 3.390000000000000000e+03
1.541531560000000000e+08 3.740000000000000000e+03 3.440000000000000000e+03 3.520000000000000000e+03 3.390000000000000000e+03
1.541533640000000000e+08 3.750000000000000000e+03 3.440000000000000000e+03 3.520000000000000000e+03 3.390000000000000000e+03
1.541535720000000000e+08 3.760000000000000000e+03 3.440000000000000000e+03 3.520000000000000000e+03 3.390000000000000000e+03
1.541537800000000000e+08 3.780000000000000000e+03 3.440000000000000000e+03 3.520000000000000000e+03 3.390000000000000000e+03
1.541539880000000000e+08 3.770000000000000000e+03 3.450000000000000000e+03 3.520000000000000000e+03 3.390000000000000000e+03
1.541541960000000000e+08 3.760000000000000000e+03 3.450000000000000000e+03 3.520000000000000000e+03 3.390000000000000000e+03
1.541544040000000000e+08 3.750000000000000000e+03 3.450000000000000000e+03 3.520000000000000000e+03 3.390000000000000000e+03
1.541546120000000000e+08 3.750000000000000000e+03 3.450000000000000000e+03 3.520000000000000000e+03 3.390000000000000000e+03
1.541548200000000000e+08 3.760000000000000000e+03 3.450000000000000000e+03 3.520000000000000000e+03 3.390000000000000000e+03
1.541550280000000000e+08 3.760000000000000000e+03 3.460000000000000000e+03 3.510000000000000000e+03 3.390000000000000000e+03
1.541552350000000000e+08 3.740000000000000000e+03 3.460000000000000000e+03 3.520000000000000000e+03 3.390000000000000000e+03
1.541554440000000000e+08 3.730000000000000000e+03 3.460000000000000000e+03 3.520000000000000000e+03 3.390000000000000000e+03
1.541556520000000000e+08 3.720000000000000000e+03 3.460000000000000000e+03 3.510000000000000000e+03 3.390000000000000000e+03
1.541558600000000000e+08 3.710000000000000000e+03 3.460000000000000000e+03 3.520000000000000000e+03 3.390000000000000000e+03
1.541560680000000000e+08 3.700000000000000000e+03 3.460000000000000000e+03 3.520000000000000000e+03 3.390000000000000000e+03
1.541562760000000000e+08 3.710000000000000000e+03 3.460000000000000000e+03 3.520000000000000000e+03 3.390000000000000000e+03
1.541564840000000000e+08 3.710000000000000000e+03 3.440000000000000000e+03 3.510000000000000000e+03 3.390000000000000000e+03
1.541566920000000000e+08 3.700000000000000000e+03 3.450000000000000000e+03 3.510000000000000000e+03 3.390000000000000000e+03
1.541569000000000000e+08 3.710000000000000000e+03 3.460000000000000000e+03 3.510000000000000000e+03 3.380000000000000000e+03
1.541571070000000000e+08 3.710000000000000000e+03 3.450000000000000000e+03 3.510000000000000000e+03 3.390000000000000000e+03
1.541573150000000000e+08 3.700000000000000000e+03 3.440000000000000000e+03 3.510000000000000000e+03 3.390000000000000000e+03
1.541575230000000000e+08 3.700000000000000000e+03 3.430000000000000000e+03 3.520000000000000000e+03 3.390000000000000000e+03
1.541577310000000000e+08 3.700000000000000000e+03 3.440000000000000000e+03 3.510000000000000000e+03 3.390000000000000000e+03
1.541579390000000000e+08 3.700000000000000000e+03 3.460000000000000000e+03 3.510000000000000000e+03 3.390000000000000000e+03
1.541581470000000000e+08 3.710000000000000000e+03 3.460000000000000000e+03 3.520000000000000000e+03 3.390000000000000000e+03
1.541583550000000000e+08 3.710000000000000000e+03 3.460000000000000000e+03 3.520000000000000000e+03 3.390000000000000000e+03
1.541585630000000000e+08 3.710000000000000000e+03 3.470000000000000000e+03 3.520000000000000000e+03 3.390000000000000000e+03
1.541587710000000000e+08 3.700000000000000000e+03 3.470000000000000000e+03 3.520000000000000000e+03 3.390000000000000000e+03
1.541589790000000000e+08 3.690000000000000000e+03 3.470000000000000000e+03 3.520000000000000000e+03 3.390000000000000000e+03
1.541591870000000000e+08 3.690000000000000000e+03 3.470000000000000000e+03 3.510000000000000000e+03 3.390000000000000000e+03
1.541593950000000000e+08 3.700000000000000000e+03 3.470000000000000000e+03 3.510000000000000000e+03 3.390000000000000000e+03
1.541596030000000000e+08 3.700000000000000000e+03 3.450000000000000000e+03 3.510000000000000000e+03 3.390000000000000000e+03
1.541598110000000000e+08 3.700000000000000000e+03 3.450000000000000000e+03 3.510000000000000000e+03 3.390000000000000000e+03
1.542000180000000000e+08 3.700000000000000000e+03 3.450000000000000000e+03 3.510000000000000000e+03 3.390000000000000000e+03
1.542002270000000000e+08 3.700000000000000000e+03 3.450000000000000000e+03 3.520000000000000000e+03 3.400000000000000000e+03
1.542004350000000000e+08 3.700000000000000000e+03 3.440000000000000000e+03 3.520000000000000000e+03 3.400000000000000000e+03
1.542006430000000000e+08 3.700000000000000000e+03 3.440000000000000000e+03 3.520000000000000000e+03 3.400000000000000000e+03
1.542008510000000000e+08 3.700000000000000000e+03 3.430000000000000000e+03 3.530000000000000000e+03 3.390000000000000000e+03
1.542010590000000000e+08 3.690000000000000000e+03 3.450000000000000000e+03 3.530000000000000000e+03 3.390000000000000000e+03
1.542012670000000000e+08 3.690000000000000000e+03 3.450000000000000000e+03 3.530000000000000000e+03 3.390000000000000000e+03
1.542014740000000000e+08 3.700000000000000000e+03 3.450000000000000000e+03 3.530000000000000000e+03 3.390000000000000000e+03
1.542016820000000000e+08 3.700000000000000000e+03 3.450000000000000000e+03 3.520000000000000000e+03 3.390000000000000000e+03
1.542018900000000000e+08 3.700000000000000000e+03 3.460000000000000000e+03 3.510000000000000000e+03 3.390000000000000000e+03
1.542020980000000000e+08 3.700000000000000000e+03 3.440000000000000000e+03 3.510000000000000000e+03 3.390000000000000000e+03
1.542023060000000000e+08 3.700000000000000000e+03 3.470000000000000000e+03 3.510000000000000000e+03 3.390000000000000000e+03
1.542025140000000000e+08 3.720000000000000000e+03 3.470000000000000000e+03 3.510000000000000000e+03 3.380000000000000000e+03
1.542027220000000000e+08 3.720000000000000000e+03 3.470000000000000000e+03 3.510000000000000000e+03 3.380000000000000000e+03
1.542029300000000000e+08 3.720000000000000000e+03 3.470000000000000000e+03 3.520000000000000000e+03 3.390000000000000000e+03
1.542031380000000000e+08 3.740000000000000000e+03 3.470000000000000000e+03 3.520000000000000000e+03 3.390000000000000000e+03
1.542033460000000000e+08 3.730000000000000000e+03 3.470000000000000000e+03 3.520000000000000000e+03 3.390000000000000000e+03
1.542035540000000000e+08 3.720000000000000000e+03 3.470000000000000000e+03 3.530000000000000000e+03 3.400000000000000000e+03
1.542037620000000000e+08 3.710000000000000000e+03 3.480000000000000000e+03 3.530000000000000000e+03 3.400000000000000000e+03
1.542104010000000000e+08 3.490000000000000000e+03 3.780000000000000000e+03 3.510000000000000000e+03 3.390000000000000000e+03
1.542106080000000000e+08 3.490000000000000000e+03 3.750000000000000000e+03 3.510000000000000000e+03 3.400000000000000000e+03
1.542108160000000000e+08 3.490000000000000000e+03 3.780000000000000000e+03 3.510000000000000000e+03 3.400000000000000000e+03
1.542110240000000000e+08 3.490000000000000000e+03 3.830000000000000000e+03 3.510000000000000000e+03 3.400000000000000000e+03
1.542112320000000000e+08 3.490000000000000000e+03 3.760000000000000000e+03 3.520000000000000000e+03 3.390000000000000000e+03
1.542114400000000000e+08 3.490000000000000000e+03 3.830000000000000000e+03 3.520000000000000000e+03 3.390000000000000000e+03
1.542116480000000000e+08 3.490000000000000000e+03 3.830000000000000000e+03 3.520000000000000000e+03 3.390000000000000000e+03
1.542118570000000000e+08 3.480000000000000000e+03 3.840000000000000000e+03 3.520000000000000000e+03 3.380000000000000000e+03
1.542120640000000000e+08 3.480000000000000000e+03 3.890000000000000000e+03 3.520000000000000000e+03 3.380000000000000000e+03
1.542122720000000000e+08 3.480000000000000000e+03 3.910000000000000000e+03 3.520000000000000000e+03 3.390000000000000000e+03
1.542124790000000000e+08 3.490000000000000000e+03 4.020000000000000000e+03 3.520000000000000000e+03 3.390000000000000000e+03
1.542128960000000000e+08 3.490000000000000000e+03 3.950000000000000000e+03 3.520000000000000000e+03 3.390000000000000000e+03
1.542131040000000000e+08 3.480000000000000000e+03 3.890000000000000000e+03 3.520000000000000000e+03 3.400000000000000000e+03
1.542133130000000000e+08 3.470000000000000000e+03 3.840000000000000000e+03 3.530000000000000000e+03 3.400000000000000000e+03
1.542135200000000000e+08 3.470000000000000000e+03 3.800000000000000000e+03 3.530000000000000000e+03 3.390000000000000000e+03
1.542137120000000000e+08 3.470000000000000000e+03 3.780000000000000000e+03 3.540000000000000000e+03 3.390000000000000000e+03
1.542139190000000000e+08 3.470000000000000000e+03 3.770000000000000000e+03 3.530000000000000000e+03 3.390000000000000000e+03
1.542141280000000000e+08 3.480000000000000000e+03 3.770000000000000000e+03 3.530000000000000000e+03 3.390000000000000000e+03
1.542143360000000000e+08 3.480000000000000000e+03 3.770000000000000000e+03 3.530000000000000000e+03 3.390000000000000000e+03
1.542145440000000000e+08 3.480000000000000000e+03 3.770000000000000000e+03 3.530000000000000000e+03 3.400000000000000000e+03
1.542147520000000000e+08 3.480000000000000000e+03 3.770000000000000000e+03 3.530000000000000000e+03 3.400000000000000000e+03
1.542149590000000000e+08 3.480000000000000000e+03 3.750000000000000000e+03 3.530000000000000000e+03 3.400000000000000000e+03
1.542151670000000000e+08 3.490000000000000000e+03 3.740000000000000000e+03 3.520000000000000000e+03 3.400000000000000000e+03
1.542153750000000000e+08 3.490000000000000000e+03 3.740000000000000000e+03 3.530000000000000000e+03 3.400000000000000000e+03
1.542155830000000000e+08 3.490000000000000000e+03 3.730000000000000000e+03 3.530000000000000000e+03 3.400000000000000000e+03
1.542157910000000000e+08 3.490000000000000000e+03 3.730000000000000000e+03 3.530000000000000000e+03 3.400000000000000000e+03
1.542159990000000000e+08 3.490000000000000000e+03 3.720000000000000000e+03 3.530000000000000000e+03 3.400000000000000000e+03
1.542162070000000000e+08 3.490000000000000000e+03 3.740000000000000000e+03 3.530000000000000000e+03 3.400000000000000000e+03
1.542164150000000000e+08 3.490000000000000000e+03 3.740000000000000000e+03 3.520000000000000000e+03 3.400000000000000000e+03
1.542166230000000000e+08 3.490000000000000000e+03 3.740000000000000000e+03 3.520000000000000000e+03 3.400000000000000000e+03
1.542168310000000000e+08 3.480000000000000000e+03 3.740000000000000000e+03 3.520000000000000000e+03 3.400000000000000000e+03
1.542170230000000000e+08 3.480000000000000000e+03 3.750000000000000000e+03 3.520000000000000000e+03 3.390000000000000000e+03
1.542172310000000000e+08 3.480000000000000000e+03 3.750000000000000000e+03 3.520000000000000000e+03 3.390000000000000000e+03
1.542174390000000000e+08 3.480000000000000000e+03 3.750000000000000000e+03 3.520000000000000000e+03 3.390000000000000000e+03
1.542176460000000000e+08 3.480000000000000000e+03 3.760000000000000000e+03 3.530000000000000000e+03 3.390000000000000000e+03
1.542178540000000000e+08 3.480000000000000000e+03 3.760000000000000000e+03 3.530000000000000000e+03 3.390000000000000000e+03
1.542180630000000000e+08 3.470000000000000000e+03 3.750000000000000000e+03 3.530000000000000000e+03 3.400000000000000000e+03
1.542182710000000000e+08 3.480000000000000000e+03 3.750000000000000000e+03 3.530000000000000000e+03 3.410000000000000000e+03
1.542184780000000000e+08 3.480000000000000000e+03 3.750000000000000000e+03 3.530000000000000000e+03 3.400000000000000000e+03
1.542186860000000000e+08 3.480000000000000000e+03 3.750000000000000000e+03 3.530000000000000000e+03 3.400000000000000000e+03
1.542188940000000000e+08 3.480000000000000000e+03 3.740000000000000000e+03 3.540000000000000000e+03 3.390000000000000000e+03
1.542191030000000000e+08 3.480000000000000000e+03 3.740000000000000000e+03 3.540000000000000000e+03 3.390000000000000000e+03
1.542193100000000000e+08 3.480000000000000000e+03 3.750000000000000000e+03 3.540000000000000000e+03 3.390000000000000000e+03
1.542195180000000000e+08 3.480000000000000000e+03 3.750000000000000000e+03 3.530000000000000000e+03 3.390000000000000000e+03
1.542197260000000000e+08 3.480000000000000000e+03 3.740000000000000000e+03 3.530000000000000000e+03 3.390000000000000000e+03
1.542199340000000000e+08 3.480000000000000000e+03 3.740000000000000000e+03 3.530000000000000000e+03 3.390000000000000000e+03
1.542201880000000000e+08 3.480000000000000000e+03 3.740000000000000000e+03 3.520000000000000000e+03 3.390000000000000000e+03
1.542203500000000000e+08 3.480000000000000000e+03 3.730000000000000000e+03 3.520000000000000000e+03 3.380000000000000000e+03
1.542205420000000000e+08 3.470000000000000000e+03 3.740000000000000000e+03 3.520000000000000000e+03 3.390000000000000000e+03
1.542207500000000000e+08 3.470000000000000000e+03 3.740000000000000000e+03 3.520000000000000000e+03 3.400000000000000000e+03
1.542209590000000000e+08 3.480000000000000000e+03 3.740000000000000000e+03 3.520000000000000000e+03 3.400000000000000000e+03
1.542211660000000000e+08 3.470000000000000000e+03 3.740000000000000000e+03 3.530000000000000000e+03 3.400000000000000000e+03
1.542213740000000000e+08 3.470000000000000000e+03 3.740000000000000000e+03 3.530000000000000000e+03 3.400000000000000000e+03
1.542215820000000000e+08 3.470000000000000000e+03 3.740000000000000000e+03 3.530000000000000000e+03 3.400000000000000000e+03
1.542217900000000000e+08 3.470000000000000000e+03 3.740000000000000000e+03 3.520000000000000000e+03 3.390000000000000000e+03
1.542219980000000000e+08 3.470000000000000000e+03 3.740000000000000000e+03 3.510000000000000000e+03 3.390000000000000000e+03
1.542222060000000000e+08 3.480000000000000000e+03 3.730000000000000000e+03 3.510000000000000000e+03 3.390000000000000000e+03
1.542224130000000000e+08 3.490000000000000000e+03 3.720000000000000000e+03 3.510000000000000000e+03 3.390000000000000000e+03
1.542226220000000000e+08 3.490000000000000000e+03 3.720000000000000000e+03 3.510000000000000000e+03 3.390000000000000000e+03
1.542228300000000000e+08 3.490000000000000000e+03 3.730000000000000000e+03 3.510000000000000000e+03 3.390000000000000000e+03
1.542230380000000000e+08 3.490000000000000000e+03 3.730000000000000000e+03 3.510000000000000000e+03 3.390000000000000000e+03
1.542232460000000000e+08 3.490000000000000000e+03 3.720000000000000000e+03 3.520000000000000000e+03 3.390000000000000000e+03
1.542234540000000000e+08 3.490000000000000000e+03 3.740000000000000000e+03 3.520000000000000000e+03 3.390000000000000000e+03
1.542236620000000000e+08 3.490000000000000000e+03 3.730000000000000000e+03 3.530000000000000000e+03 3.400000000000000000e+03
1.542238530000000000e+08 3.480000000000000000e+03 3.730000000000000000e+03 3.530000000000000000e+03 3.390000000000000000e+03
1.542240610000000000e+08 3.490000000000000000e+03 3.720000000000000000e+03 3.530000000000000000e+03 3.390000000000000000e+03
1.542242690000000000e+08 3.490000000000000000e+03 3.710000000000000000e+03 3.530000000000000000e+03 3.400000000000000000e+03
1.542244770000000000e+08 3.490000000000000000e+03 3.710000000000000000e+03 3.530000000000000000e+03 3.400000000000000000e+03
1.542246850000000000e+08 3.500000000000000000e+03 3.710000000000000000e+03 3.530000000000000000e+03 3.410000000000000000e+03
1.542248930000000000e+08 3.500000000000000000e+03 3.710000000000000000e+03 3.530000000000000000e+03 3.410000000000000000e+03
1.542251010000000000e+08 3.500000000000000000e+03 3.720000000000000000e+03 3.530000000000000000e+03 3.410000000000000000e+03
1.542253090000000000e+08 3.500000000000000000e+03 3.720000000000000000e+03 3.520000000000000000e+03 3.410000000000000000e+03
1.542255170000000000e+08 3.500000000000000000e+03 3.730000000000000000e+03 3.520000000000000000e+03 3.410000000000000000e+03
1.542257250000000000e+08 3.500000000000000000e+03 3.730000000000000000e+03 3.520000000000000000e+03 3.390000000000000000e+03
1.542259330000000000e+08 3.490000000000000000e+03 3.730000000000000000e+03 3.510000000000000000e+03 3.390000000000000000e+03
1.542261410000000000e+08 3.490000000000000000e+03 3.730000000000000000e+03 3.510000000000000000e+03 3.390000000000000000e+03
1.542263490000000000e+08 3.480000000000000000e+03 3.730000000000000000e+03 3.510000000000000000e+03 3.390000000000000000e+03
1.542265570000000000e+08 3.480000000000000000e+03 3.730000000000000000e+03 3.520000000000000000e+03 3.390000000000000000e+03
1.542267650000000000e+08 3.480000000000000000e+03 3.720000000000000000e+03 3.530000000000000000e+03 3.370000000000000000e+03
1.542269730000000000e+08 3.480000000000000000e+03 3.720000000000000000e+03 3.520000000000000000e+03 3.370000000000000000e+03
1.542271810000000000e+08 3.480000000000000000e+03 3.720000000000000000e+03 3.530000000000000000e+03 3.370000000000000000e+03
1.542273730000000000e+08 3.480000000000000000e+03 3.710000000000000000e+03 3.530000000000000000e+03 3.380000000000000000e+03
1.542275810000000000e+08 3.480000000000000000e+03 3.700000000000000000e+03 3.530000000000000000e+03 3.390000000000000000e+03
1.542277890000000000e+08 3.480000000000000000e+03 3.700000000000000000e+03 3.530000000000000000e+03 3.390000000000000000e+03
1.542279960000000000e+08 3.480000000000000000e+03 3.700000000000000000e+03 3.530000000000000000e+03 3.380000000000000000e+03
1.542282040000000000e+08 3.500000000000000000e+03 3.700000000000000000e+03 3.520000000000000000e+03 3.380000000000000000e+03
1.542284120000000000e+08 3.490000000000000000e+03 3.700000000000000000e+03 3.520000000000000000e+03 3.370000000000000000e+03
1.542286200000000000e+08 3.480000000000000000e+03 3.710000000000000000e+03 3.530000000000000000e+03 3.370000000000000000e+03
1.542288280000000000e+08 3.480000000000000000e+03 3.720000000000000000e+03 3.530000000000000000e+03 3.360000000000000000e+03
1.542290360000000000e+08 3.480000000000000000e+03 3.720000000000000000e+03 3.530000000000000000e+03 3.360000000000000000e+03
1.542292440000000000e+08 3.480000000000000000e+03 3.720000000000000000e+03 3.530000000000000000e+03 3.360000000000000000e+03
1.542294520000000000e+08 3.480000000000000000e+03 3.730000000000000000e+03 3.530000000000000000e+03 3.370000000000000000e+03
1.542296600000000000e+08 3.480000000000000000e+03 3.730000000000000000e+03 3.530000000000000000e+03 3.380000000000000000e+03
1.542298680000000000e+08 3.490000000000000000e+03 3.740000000000000000e+03 3.530000000000000000e+03 3.390000000000000000e+03
1.542300760000000000e+08 3.490000000000000000e+03 3.740000000000000000e+03 3.530000000000000000e+03 3.390000000000000000e+03
1.542302840000000000e+08 3.490000000000000000e+03 3.750000000000000000e+03 3.530000000000000000e+03 3.390000000000000000e+03
1.542304920000000000e+08 3.480000000000000000e+03 3.760000000000000000e+03 3.530000000000000000e+03 3.390000000000000000e+03
1.542306840000000000e+08 3.490000000000000000e+03 3.750000000000000000e+03 3.520000000000000000e+03 3.410000000000000000e+03
1.542308920000000000e+08 3.490000000000000000e+03 3.740000000000000000e+03 3.520000000000000000e+03 3.410000000000000000e+03
1.542311000000000000e+08 3.490000000000000000e+03 3.730000000000000000e+03 3.530000000000000000e+03 3.410000000000000000e+03
1.542313080000000000e+08 3.500000000000000000e+03 3.720000000000000000e+03 3.530000000000000000e+03 3.410000000000000000e+03
1.542315160000000000e+08 3.490000000000000000e+03 3.710000000000000000e+03 3.530000000000000000e+03 3.410000000000000000e+03
1.542317240000000000e+08 3.490000000000000000e+03 3.720000000000000000e+03 3.530000000000000000e+03 3.400000000000000000e+03
1.542319320000000000e+08 3.490000000000000000e+03 3.730000000000000000e+03 3.520000000000000000e+03 3.390000000000000000e+03
1.542321400000000000e+08 3.490000000000000000e+03 3.720000000000000000e+03 3.520000000000000000e+03 3.390000000000000000e+03
1.542323480000000000e+08 3.490000000000000000e+03 3.730000000000000000e+03 3.530000000000000000e+03 3.390000000000000000e+03
1.542325560000000000e+08 3.490000000000000000e+03 3.730000000000000000e+03 3.520000000000000000e+03 3.390000000000000000e+03
1.542327630000000000e+08 3.480000000000000000e+03 3.740000000000000000e+03 3.530000000000000000e+03 3.390000000000000000e+03
1.542329710000000000e+08 3.490000000000000000e+03 3.750000000000000000e+03 3.530000000000000000e+03 3.390000000000000000e+03
1.542331790000000000e+08 3.480000000000000000e+03 3.760000000000000000e+03 3.530000000000000000e+03 3.390000000000000000e+03
1.542333870000000000e+08 3.480000000000000000e+03 3.770000000000000000e+03 3.530000000000000000e+03 3.390000000000000000e+03
1.542335950000000000e+08 3.470000000000000000e+03 3.770000000000000000e+03 3.530000000000000000e+03 3.390000000000000000e+03
1.542338030000000000e+08 3.480000000000000000e+03 3.770000000000000000e+03 3.520000000000000000e+03 3.390000000000000000e+03
1.542340110000000000e+08 3.490000000000000000e+03 3.770000000000000000e+03 3.520000000000000000e+03 3.400000000000000000e+03
1.542342020000000000e+08 3.490000000000000000e+03 3.760000000000000000e+03 3.530000000000000000e+03 3.390000000000000000e+03
