1.609082890000000000e+08 3.300000000000000000e+03 2.440000000000000000e+03 4.560000000000000000e+03 4.510000000000000000e+03
1.609084970000000000e+08 3.310000000000000000e+03 2.430000000000000000e+03 4.570000000000000000e+03 4.550000000000000000e+03
1.609087050000000000e+08 3.320000000000000000e+03 2.430000000000000000e+03 4.570000000000000000e+03 4.620000000000000000e+03
1.609089130000000000e+08 3.320000000000000000e+03 2.440000000000000000e+03 4.570000000000000000e+03 4.670000000000000000e+03
1.609091210000000000e+08 3.320000000000000000e+03 2.440000000000000000e+03 4.570000000000000000e+03 4.670000000000000000e+03
1.609093290000000000e+08 3.320000000000000000e+03 2.430000000000000000e+03 4.570000000000000000e+03 4.630000000000000000e+03
1.609095370000000000e+08 3.320000000000000000e+03 2.440000000000000000e+03 4.570000000000000000e+03 4.540000000000000000e+03
1.609097450000000000e+08 3.310000000000000000e+03 2.430000000000000000e+03 4.570000000000000000e+03 4.450000000000000000e+03
1.609099530000000000e+08 3.310000000000000000e+03 2.430000000000000000e+03 4.570000000000000000e+03 4.420000000000000000e+03
1.609101610000000000e+08 3.310000000000000000e+03 2.400000000000000000e+03 4.570000000000000000e+03 4.390000000000000000e+03
1.609103690000000000e+08 3.310000000000000000e+03 2.400000000000000000e+03 4.570000000000000000e+03 4.420000000000000000e+03
1.609105770000000000e+08 3.310000000000000000e+03 2.400000000000000000e+03 4.570000000000000000e+03 4.480000000000000000e+03
1.609107850000000000e+08 3.310000000000000000e+03 2.400000000000000000e+03 4.570000000000000000e+03 4.540000000000000000e+03
1.609109930000000000e+08 3.310000000000000000e+03 2.420000000000000000e+03 4.560000000000000000e+03 4.510000000000000000e+03
1.609112010000000000e+08 3.310000000000000000e+03 2.420000000000000000e+03 4.550000000000000000e+03 4.530000000000000000e+03
1.609114090000000000e+08 3.310000000000000000e+03 2.430000000000000000e+03 4.560000000000000000e+03 4.640000000000000000e+03
1.609116170000000000e+08 3.310000000000000000e+03 2.420000000000000000e+03 4.560000000000000000e+03 4.620000000000000000e+03
1.609118250000000000e+08 3.310000000000000000e+03 2.420000000000000000e+03 4.550000000000000000e+03 4.660000000000000000e+03
1.609120330000000000e+08 3.310000000000000000e+03 2.430000000000000000e+03 4.550000000000000000e+03 4.520000000000000000e+03
1.609122410000000000e+08 3.310000000000000000e+03 2.420000000000000000e+03 4.550000000000000000e+03 4.430000000000000000e+03
1.609124480000000000e+08 3.310000000000000000e+03 2.430000000000000000e+03 4.550000000000000000e+03 4.480000000000000000e+03
1.609126560000000000e+08 3.310000000000000000e+03 2.440000000000000000e+03 4.550000000000000000e+03 4.540000000000000000e+03
1.609128640000000000e+08 3.310000000000000000e+03 2.450000000000000000e+03 4.550000000000000000e+03 4.560000000000000000e+03
1.609130720000000000e+08 3.310000000000000000e+03 2.450000000000000000e+03 4.550000000000000000e+03 4.570000000000000000e+03
1.609132800000000000e+08 3.310000000000000000e+03 2.450000000000000000e+03 4.550000000000000000e+03 4.550000000000000000e+03
1.609134880000000000e+08 3.310000000000000000e+03 2.440000000000000000e+03 4.550000000000000000e+03 4.560000000000000000e+03
1.609136960000000000e+08 3.310000000000000000e+03 2.450000000000000000e+03 4.550000000000000000e+03 4.580000000000000000e+03
1.609139040000000000e+08 3.310000000000000000e+03 2.440000000000000000e+03 4.550000000000000000e+03 4.610000000000000000e+03
1.609141120000000000e+08 3.320000000000000000e+03 2.450000000000000000e+03 4.550000000000000000e+03 4.640000000000000000e+03
1.609143200000000000e+08 3.320000000000000000e+03 2.440000000000000000e+03 4.550000000000000000e+03 4.670000000000000000e+03
1.609145280000000000e+08 3.310000000000000000e+03 2.430000000000000000e+03 4.550000000000000000e+03 4.660000000000000000e+03
1.609147360000000000e+08 3.310000000000000000e+03 2.420000000000000000e+03 4.560000000000000000e+03 4.620000000000000000e+03
1.609149430000000000e+08 3.310000000000000000e+03 2.430000000000000000e+03 4.560000000000000000e+03 4.610000000000000000e+03
1.609151510000000000e+08 3.310000000000000000e+03 2.430000000000000000e+03 4.560000000000000000e+03 4.570000000000000000e+03
1.609153600000000000e+08 3.310000000000000000e+03 2.420000000000000000e+03 4.560000000000000000e+03 4.580000000000000000e+03
1.609155680000000000e+08 3.310000000000000000e+03 2.430000000000000000e+03 4.550000000000000000e+03 4.600000000000000000e+03
1.609157760000000000e+08 3.310000000000000000e+03 2.430000000000000000e+03 4.550000000000000000e+03 4.630000000000000000e+03
1.609159840000000000e+08 3.310000000000000000e+03 2.420000000000000000e+03 4.550000000000000000e+03 4.630000000000000000e+03
1.609161920000000000e+08 3.320000000000000000e+03 2.400000000000000000e+03 4.550000000000000000e+03 4.600000000000000000e+03
1.609164000000000000e+08 3.320000000000000000e+03 2.400000000000000000e+03 4.560000000000000000e+03 4.650000000000000000e+03
1.609166070000000000e+08 3.320000000000000000e+03 2.420000000000000000e+03 4.570000000000000000e+03 4.680000000000000000e+03
1.609169110000000000e+08 3.320000000000000000e+03 2.400000000000000000e+03 4.560000000000000000e+03 4.700000000000000000e+03
1.609170230000000000e+08 3.320000000000000000e+03 2.430000000000000000e+03 4.560000000000000000e+03 4.760000000000000000e+03
1.609172300000000000e+08 3.310000000000000000e+03 2.420000000000000000e+03 4.560000000000000000e+03 4.790000000000000000e+03
1.609174390000000000e+08 3.310000000000000000e+03 2.400000000000000000e+03 4.550000000000000000e+03 4.780000000000000000e+03
1.609176470000000000e+08 3.310000000000000000e+03 2.400000000000000000e+03 4.550000000000000000e+03 4.770000000000000000e+03
1.609178550000000000e+08 3.310000000000000000e+03 2.400000000000000000e+03 4.550000000000000000e+03 4.770000000000000000e+03
1.609180630000000000e+08 3.310000000000000000e+03 2.430000000000000000e+03 4.550000000000000000e+03 4.790000000000000000e+03
1.609182710000000000e+08 3.310000000000000000e+03 2.440000000000000000e+03 4.550000000000000000e+03 4.720000000000000000e+03
1.609184780000000000e+08 3.310000000000000000e+03 2.430000000000000000e+03 4.550000000000000000e+03 4.720000000000000000e+03
1.609186870000000000e+08 3.310000000000000000e+03 2.450000000000000000e+03 4.550000000000000000e+03 4.720000000000000000e+03
1.609188950000000000e+08 3.310000000000000000e+03 2.450000000000000000e+03 4.550000000000000000e+03 4.670000000000000000e+03
1.609191030000000000e+08 3.310000000000000000e+03 2.450000000000000000e+03 4.550000000000000000e+03 4.630000000000000000e+03
1.609193110000000000e+08 3.310000000000000000e+03 2.450000000000000000e+03 4.550000000000000000e+03 4.580000000000000000e+03
1.609195190000000000e+08 3.310000000000000000e+03 2.440000000000000000e+03 4.550000000000000000e+03 4.580000000000000000e+03
1.609197270000000000e+08 3.310000000000000000e+03 2.430000000000000000e+03 4.550000000000000000e+03 4.620000000000000000e+03
1.609199350000000000e+08 3.320000000000000000e+03 2.430000000000000000e+03 4.560000000000000000e+03 4.630000000000000000e+03
1.609203500000000000e+08 3.320000000000000000e+03 2.440000000000000000e+03 4.560000000000000000e+03 4.630000000000000000e+03
1.609205590000000000e+08 3.310000000000000000e+03 2.430000000000000000e+03 4.560000000000000000e+03 4.610000000000000000e+03
1.609207660000000000e+08 3.310000000000000000e+03 2.420000000000000000e+03 4.550000000000000000e+03 4.600000000000000000e+03
1.609209740000000000e+08 3.310000000000000000e+03 2.400000000000000000e+03 4.550000000000000000e+03 4.600000000000000000e+03
1.609211820000000000e+08 3.310000000000000000e+03 2.420000000000000000e+03 4.550000000000000000e+03 4.630000000000000000e+03
1.609213900000000000e+08 3.310000000000000000e+03 2.440000000000000000e+03 4.550000000000000000e+03 4.660000000000000000e+03
1.609215980000000000e+08 3.310000000000000000e+03 2.430000000000000000e+03 4.560000000000000000e+03 4.690000000000000000e+03
1.609218060000000000e+08 3.310000000000000000e+03 2.430000000000000000e+03 4.560000000000000000e+03 4.710000000000000000e+03
1.609220290000000000e+08 3.310000000000000000e+03 2.440000000000000000e+03 4.570000000000000000e+03 4.730000000000000000e+03
1.609222220000000000e+08 3.310000000000000000e+03 2.430000000000000000e+03 4.570000000000000000e+03 4.740000000000000000e+03
1.609224300000000000e+08 3.310000000000000000e+03 2.420000000000000000e+03 4.560000000000000000e+03 4.750000000000000000e+03
1.609226380000000000e+08 3.310000000000000000e+03 2.420000000000000000e+03 4.570000000000000000e+03 4.750000000000000000e+03
1.609228460000000000e+08 3.310000000000000000e+03 2.420000000000000000e+03 4.570000000000000000e+03 4.730000000000000000e+03
1.609230540000000000e+08 3.310000000000000000e+03 2.440000000000000000e+03 4.560000000000000000e+03 4.700000000000000000e+03
1.609232620000000000e+08 3.310000000000000000e+03 2.430000000000000000e+03 4.560000000000000000e+03 4.680000000000000000e+03
1.609234700000000000e+08 3.310000000000000000e+03 2.420000000000000000e+03 4.560000000000000000e+03 4.670000000000000000e+03
1.609236780000000000e+08 3.310000000000000000e+03 2.420000000000000000e+03 4.560000000000000000e+03 4.660000000000000000e+03
1.609238860000000000e+08 3.310000000000000000e+03 2.420000000000000000e+03 4.570000000000000000e+03 4.650000000000000000e+03
1.609240940000000000e+08 3.310000000000000000e+03 2.400000000000000000e+03 4.570000000000000000e+03 4.640000000000000000e+03
1.609243020000000000e+08 3.310000000000000000e+03 2.400000000000000000e+03 4.570000000000000000e+03 4.670000000000000000e+03
1.609245090000000000e+08 3.310000000000000000e+03 2.400000000000000000e+03 4.570000000000000000e+03 4.740000000000000000e+03
1.609247180000000000e+08 3.310000000000000000e+03 2.400000000000000000e+03 4.570000000000000000e+03 4.780000000000000000e+03
1.609249260000000000e+08 3.310000000000000000e+03 2.400000000000000000e+03 4.570000000000000000e+03 4.820000000000000000e+03
1.609251330000000000e+08 3.310000000000000000e+03 2.400000000000000000e+03 4.580000000000000000e+03 4.840000000000000000e+03
1.609253410000000000e+08 3.310000000000000000e+03 2.420000000000000000e+03 4.580000000000000000e+03 4.860000000000000000e+03
1.609255490000000000e+08 3.320000000000000000e+03 2.430000000000000000e+03 4.580000000000000000e+03 4.870000000000000000e+03
1.609257570000000000e+08 3.320000000000000000e+03 2.440000000000000000e+03 4.580000000000000000e+03 4.830000000000000000e+03
1.609259650000000000e+08 3.320000000000000000e+03 2.420000000000000000e+03 4.580000000000000000e+03 4.830000000000000000e+03
1.609261730000000000e+08 3.320000000000000000e+03 2.420000000000000000e+03 4.580000000000000000e+03 4.850000000000000000e+03
1.609263810000000000e+08 3.320000000000000000e+03 2.440000000000000000e+03 4.580000000000000000e+03 4.870000000000000000e+03
1.609265890000000000e+08 3.310000000000000000e+03 2.440000000000000000e+03 4.580000000000000000e+03 4.880000000000000000e+03
1.609267970000000000e+08 3.320000000000000000e+03 2.440000000000000000e+03 4.570000000000000000e+03 4.870000000000000000e+03
1.609270050000000000e+08 3.320000000000000000e+03 2.430000000000000000e+03 4.560000000000000000e+03 4.850000000000000000e+03
1.609272130000000000e+08 3.320000000000000000e+03 2.430000000000000000e+03 4.550000000000000000e+03 4.840000000000000000e+03
1.609274210000000000e+08 3.320000000000000000e+03 2.440000000000000000e+03 4.550000000000000000e+03 4.820000000000000000e+03
1.609353230000000000e+08 3.310000000000000000e+03 2.440000000000000000e+03 4.840000000000000000e+03 3.900000000000000000e+03
1.609355310000000000e+08 3.310000000000000000e+03 2.430000000000000000e+03 4.840000000000000000e+03 3.900000000000000000e+03
1.609357390000000000e+08 3.310000000000000000e+03 2.420000000000000000e+03 4.890000000000000000e+03 3.900000000000000000e+03
1.609359470000000000e+08 3.310000000000000000e+03 2.420000000000000000e+03 5.050000000000000000e+03 3.900000000000000000e+03
1.609361550000000000e+08 3.310000000000000000e+03 2.430000000000000000e+03 4.980000000000000000e+03 3.910000000000000000e+03
1.609363630000000000e+08 3.310000000000000000e+03 2.450000000000000000e+03 5.080000000000000000e+03 3.910000000000000000e+03
1.609365710000000000e+08 3.320000000000000000e+03 2.450000000000000000e+03 5.010000000000000000e+03 3.900000000000000000e+03
1.609374030000000000e+08 3.320000000000000000e+03 2.430000000000000000e+03 4.880000000000000000e+03 3.900000000000000000e+03
1.609376100000000000e+08 3.320000000000000000e+03 2.420000000000000000e+03 4.910000000000000000e+03 3.900000000000000000e+03
1.609378030000000000e+08 3.320000000000000000e+03 2.430000000000000000e+03 5.090000000000000000e+03 3.890000000000000000e+03
1.609380110000000000e+08 3.320000000000000000e+03 2.440000000000000000e+03 6.360000000000000000e+03 3.880000000000000000e+03
1.609382190000000000e+08 3.320000000000000000e+03 2.430000000000000000e+03 6.160000000000000000e+03 3.880000000000000000e+03
1.609388420000000000e+08 3.310000000000000000e+03 2.440000000000000000e+03 6.310000000000000000e+03 3.890000000000000000e+03
1.609390500000000000e+08 3.310000000000000000e+03 2.440000000000000000e+03 6.070000000000000000e+03 3.890000000000000000e+03
1.609392580000000000e+08 3.310000000000000000e+03 2.450000000000000000e+03 5.880000000000000000e+03 3.890000000000000000e+03
1.609394660000000000e+08 3.310000000000000000e+03 2.440000000000000000e+03 5.620000000000000000e+03 3.900000000000000000e+03
1.609396740000000000e+08 3.310000000000000000e+03 2.440000000000000000e+03 5.430000000000000000e+03 3.910000000000000000e+03
1.609398820000000000e+08 3.310000000000000000e+03 2.430000000000000000e+03 5.250000000000000000e+03 3.910000000000000000e+03
1.609400900000000000e+08 3.310000000000000000e+03 2.440000000000000000e+03 6.470000000000000000e+03 3.900000000000000000e+03
1.609402980000000000e+08 3.300000000000000000e+03 2.450000000000000000e+03 6.220000000000000000e+03 3.900000000000000000e+03
1.609405060000000000e+08 3.300000000000000000e+03 2.430000000000000000e+03 6.040000000000000000e+03 3.900000000000000000e+03
1.609407140000000000e+08 3.300000000000000000e+03 2.430000000000000000e+03 5.910000000000000000e+03 3.890000000000000000e+03
1.609409220000000000e+08 3.300000000000000000e+03 2.430000000000000000e+03 5.810000000000000000e+03 3.890000000000000000e+03
1.609411140000000000e+08 3.310000000000000000e+03 2.430000000000000000e+03 5.750000000000000000e+03 3.900000000000000000e+03
1.609413220000000000e+08 3.320000000000000000e+03 2.420000000000000000e+03 5.700000000000000000e+03 3.900000000000000000e+03
1.609415300000000000e+08 3.320000000000000000e+03 2.420000000000000000e+03 5.670000000000000000e+03 3.900000000000000000e+03
1.609417380000000000e+08 3.320000000000000000e+03 2.420000000000000000e+03 5.670000000000000000e+03 3.910000000000000000e+03
1.609419460000000000e+08 3.320000000000000000e+03 2.420000000000000000e+03 5.680000000000000000e+03 3.920000000000000000e+03
1.609421540000000000e+08 3.320000000000000000e+03 2.430000000000000000e+03 5.680000000000000000e+03 3.910000000000000000e+03
1.609423620000000000e+08 3.320000000000000000e+03 2.430000000000000000e+03 5.660000000000000000e+03 3.910000000000000000e+03
1.609425700000000000e+08 3.320000000000000000e+03 2.420000000000000000e+03 5.540000000000000000e+03 3.900000000000000000e+03
1.609427780000000000e+08 3.310000000000000000e+03 2.400000000000000000e+03 5.400000000000000000e+03 3.910000000000000000e+03
1.609429850000000000e+08 3.310000000000000000e+03 2.420000000000000000e+03 5.310000000000000000e+03 3.910000000000000000e+03
1.609431930000000000e+08 3.320000000000000000e+03 2.440000000000000000e+03 5.380000000000000000e+03 3.930000000000000000e+03
1.609434010000000000e+08 3.320000000000000000e+03 2.430000000000000000e+03 5.440000000000000000e+03 3.920000000000000000e+03
1.609436090000000000e+08 3.320000000000000000e+03 2.420000000000000000e+03 5.480000000000000000e+03 3.920000000000000000e+03
1.609438170000000000e+08 3.320000000000000000e+03 2.430000000000000000e+03 5.510000000000000000e+03 3.920000000000000000e+03
1.609440250000000000e+08 3.320000000000000000e+03 2.420000000000000000e+03 5.540000000000000000e+03 3.920000000000000000e+03
1.609442330000000000e+08 3.320000000000000000e+03 2.420000000000000000e+03 5.540000000000000000e+03 3.910000000000000000e+03
1.609444410000000000e+08 3.320000000000000000e+03 2.420000000000000000e+03 5.540000000000000000e+03 3.910000000000000000e+03
1.609446330000000000e+08 3.320000000000000000e+03 2.420000000000000000e+03 5.540000000000000000e+03 3.910000000000000000e+03
1.609448550000000000e+08 3.320000000000000000e+03 2.430000000000000000e+03 5.680000000000000000e+03 3.910000000000000000e+03
1.609450490000000000e+08 3.320000000000000000e+03 2.420000000000000000e+03 6.000000000000000000e+03 3.900000000000000000e+03
1.609452570000000000e+08 3.320000000000000000e+03 2.430000000000000000e+03 5.930000000000000000e+03 3.900000000000000000e+03
1.609454650000000000e+08 3.310000000000000000e+03 2.430000000000000000e+03 5.680000000000000000e+03 3.900000000000000000e+03
1.609456730000000000e+08 3.310000000000000000e+03 2.420000000000000000e+03 5.620000000000000000e+03 3.890000000000000000e+03
1.609458810000000000e+08 3.310000000000000000e+03 2.430000000000000000e+03 5.470000000000000000e+03 3.890000000000000000e+03
1.609460890000000000e+08 3.310000000000000000e+03 2.440000000000000000e+03 5.490000000000000000e+03 3.900000000000000000e+03
1.609462970000000000e+08 3.310000000000000000e+03 2.420000000000000000e+03 5.510000000000000000e+03 3.890000000000000000e+03
1.609465050000000000e+08 3.310000000000000000e+03 2.420000000000000000e+03 5.510000000000000000e+03 3.890000000000000000e+03
1.609467130000000000e+08 3.310000000000000000e+03 2.420000000000000000e+03 5.540000000000000000e+03 3.900000000000000000e+03
1.609469200000000000e+08 3.310000000000000000e+03 2.420000000000000000e+03 5.570000000000000000e+03 3.900000000000000000e+03
1.609471280000000000e+08 3.310000000000000000e+03 2.420000000000000000e+03 5.600000000000000000e+03 3.910000000000000000e+03
1.609473360000000000e+08 3.310000000000000000e+03 2.430000000000000000e+03 5.630000000000000000e+03 3.910000000000000000e+03
1.609475440000000000e+08 3.310000000000000000e+03 2.440000000000000000e+03 5.630000000000000000e+03 3.910000000000000000e+03
1.609477520000000000e+08 3.310000000000000000e+03 2.450000000000000000e+03 5.610000000000000000e+03 3.910000000000000000e+03
1.609479600000000000e+08 3.310000000000000000e+03 2.440000000000000000e+03 5.610000000000000000e+03 3.900000000000000000e+03
1.609481520000000000e+08 3.310000000000000000e+03 2.440000000000000000e+03 5.510000000000000000e+03 3.910000000000000000e+03
1.609483590000000000e+08 3.310000000000000000e+03 2.440000000000000000e+03 5.400000000000000000e+03 3.900000000000000000e+03
1.609485680000000000e+08 3.300000000000000000e+03 2.450000000000000000e+03 5.310000000000000000e+03 3.900000000000000000e+03
1.609487760000000000e+08 3.310000000000000000e+03 2.460000000000000000e+03 5.340000000000000000e+03 3.900000000000000000e+03
1.609489840000000000e+08 3.320000000000000000e+03 2.460000000000000000e+03 5.340000000000000000e+03 3.900000000000000000e+03
1.609491920000000000e+08 3.320000000000000000e+03 2.450000000000000000e+03 5.340000000000000000e+03 3.900000000000000000e+03
1.609494000000000000e+08 3.320000000000000000e+03 2.450000000000000000e+03 5.320000000000000000e+03 3.910000000000000000e+03
1.609496080000000000e+08 3.320000000000000000e+03 2.450000000000000000e+03 5.310000000000000000e+03 3.910000000000000000e+03
1.609498160000000000e+08 3.320000000000000000e+03 2.450000000000000000e+03 5.300000000000000000e+03 3.910000000000000000e+03
1.609500240000000000e+08 3.310000000000000000e+03 2.440000000000000000e+03 5.350000000000000000e+03 3.910000000000000000e+03
1.609502310000000000e+08 3.310000000000000000e+03 2.440000000000000000e+03 5.400000000000000000e+03 3.910000000000000000e+03
1.609504400000000000e+08 3.310000000000000000e+03 2.440000000000000000e+03 5.420000000000000000e+03 3.910000000000000000e+03
1.609506480000000000e+08 3.310000000000000000e+03 2.430000000000000000e+03 5.410000000000000000e+03 3.910000000000000000e+03
1.609508550000000000e+08 3.310000000000000000e+03 2.430000000000000000e+03 5.430000000000000000e+03 3.910000000000000000e+03
1.609510640000000000e+08 3.310000000000000000e+03 2.420000000000000000e+03 5.440000000000000000e+03 3.910000000000000000e+03
1.609512710000000000e+08 3.310000000000000000e+03 2.430000000000000000e+03 5.420000000000000000e+03 3.900000000000000000e+03
1.609514630000000000e+08 3.310000000000000000e+03 2.420000000000000000e+03 5.210000000000000000e+03 3.890000000000000000e+03
1.609516710000000000e+08 3.310000000000000000e+03 2.420000000000000000e+03 5.230000000000000000e+03 3.890000000000000000e+03
1.609518790000000000e+08 3.310000000000000000e+03 2.420000000000000000e+03 5.250000000000000000e+03 3.900000000000000000e+03
1.609520870000000000e+08 3.300000000000000000e+03 2.420000000000000000e+03 5.200000000000000000e+03 3.900000000000000000e+03
1.609522950000000000e+08 3.310000000000000000e+03 2.400000000000000000e+03 5.200000000000000000e+03 3.900000000000000000e+03
1.609525030000000000e+08 3.310000000000000000e+03 2.420000000000000000e+03 5.320000000000000000e+03 3.900000000000000000e+03
1.609527110000000000e+08 3.310000000000000000e+03 2.420000000000000000e+03 5.320000000000000000e+03 3.900000000000000000e+03
1.609529190000000000e+08 3.300000000000000000e+03 2.420000000000000000e+03 5.210000000000000000e+03 3.890000000000000000e+03
1.609531270000000000e+08 3.300000000000000000e+03 2.400000000000000000e+03 5.250000000000000000e+03 3.890000000000000000e+03
1.609533350000000000e+08 3.310000000000000000e+03 2.440000000000000000e+03 5.210000000000000000e+03 3.890000000000000000e+03
1.609535420000000000e+08 3.310000000000000000e+03 2.450000000000000000e+03 5.080000000000000000e+03 3.890000000000000000e+03
1.609537510000000000e+08 3.310000000000000000e+03 2.450000000000000000e+03 4.980000000000000000e+03 3.890000000000000000e+03
1.609539670000000000e+08 3.310000000000000000e+03 2.440000000000000000e+03 5.010000000000000000e+03 3.900000000000000000e+03
1.609541670000000000e+08 3.310000000000000000e+03 2.440000000000000000e+03 4.990000000000000000e+03 3.900000000000000000e+03
1.609543740000000000e+08 3.310000000000000000e+03 2.450000000000000000e+03 4.960000000000000000e+03 3.900000000000000000e+03
1.609545820000000000e+08 3.310000000000000000e+03 2.430000000000000000e+03 4.890000000000000000e+03 3.910000000000000000e+03
1.609547910000000000e+08 3.310000000000000000e+03 2.430000000000000000e+03 5.050000000000000000e+03 3.900000000000000000e+03
1.609549830000000000e+08 3.320000000000000000e+03 2.420000000000000000e+03 5.000000000000000000e+03 3.910000000000000000e+03
1.609551910000000000e+08 3.320000000000000000e+03 2.430000000000000000e+03 5.130000000000000000e+03 3.910000000000000000e+03
1.609553990000000000e+08 3.320000000000000000e+03 2.420000000000000000e+03 5.070000000000000000e+03 3.910000000000000000e+03
1.609556070000000000e+08 3.310000000000000000e+03 2.420000000000000000e+03 5.070000000000000000e+03 3.900000000000000000e+03
1.609558150000000000e+08 3.310000000000000000e+03 2.400000000000000000e+03 4.990000000000000000e+03 3.900000000000000000e+03
1.609560230000000000e+08 3.300000000000000000e+03 2.420000000000000000e+03 4.940000000000000000e+03 3.900000000000000000e+03
1.609562310000000000e+08 3.300000000000000000e+03 2.400000000000000000e+03 4.890000000000000000e+03 3.910000000000000000e+03
1.609564380000000000e+08 3.310000000000000000e+03 2.400000000000000000e+03 4.860000000000000000e+03 3.920000000000000000e+03
1.609566460000000000e+08 3.310000000000000000e+03 2.420000000000000000e+03 5.270000000000000000e+03 3.910000000000000000e+03
1.609568540000000000e+08 3.310000000000000000e+03 2.420000000000000000e+03 6.500000000000000000e+03 3.910000000000000000e+03
1.609570620000000000e+08 3.310000000000000000e+03 2.440000000000000000e+03 6.210000000000000000e+03 3.910000000000000000e+03
1.609572700000000000e+08 3.310000000000000000e+03 2.420000000000000000e+03 5.860000000000000000e+03 3.910000000000000000e+03
1.609574780000000000e+08 3.310000000000000000e+03 2.440000000000000000e+03 5.580000000000000000e+03 3.900000000000000000e+03
1.609576860000000000e+08 3.310000000000000000e+03 2.440000000000000000e+03 5.360000000000000000e+03 3.900000000000000000e+03
1.609578940000000000e+08 3.310000000000000000e+03 2.420000000000000000e+03 5.210000000000000000e+03 3.900000000000000000e+03
1.609581020000000000e+08 3.310000000000000000e+03 2.420000000000000000e+03 5.090000000000000000e+03 3.900000000000000000e+03
1.609582940000000000e+08 3.310000000000000000e+03 2.400000000000000000e+03 5.040000000000000000e+03 3.890000000000000000e+03
1.609585020000000000e+08 3.320000000000000000e+03 2.420000000000000000e+03 5.010000000000000000e+03 3.900000000000000000e+03
1.609587100000000000e+08 3.310000000000000000e+03 2.430000000000000000e+03 5.080000000000000000e+03 3.890000000000000000e+03
1.609589180000000000e+08 3.310000000000000000e+03 2.400000000000000000e+03 4.970000000000000000e+03 3.890000000000000000e+03
1.609591260000000000e+08 3.310000000000000000e+03 2.420000000000000000e+03 5.010000000000000000e+03 3.890000000000000000e+03
1.609593330000000000e+08 3.310000000000000000e+03 2.400000000000000000e+03 5.050000000000000000e+03 3.900000000000000000e+03
1.609595410000000000e+08 3.310000000000000000e+03 2.420000000000000000e+03 5.080000000000000000e+03 3.900000000000000000e+03
1.609597490000000000e+08 3.310000000000000000e+03 2.430000000000000000e+03 5.030000000000000000e+03 3.900000000000000000e+03
1.609599580000000000e+08 3.310000000000000000e+03 2.430000000000000000e+03 5.000000000000000000e+03 3.900000000000000000e+03
1.610001660000000000e+08 3.310000000000000000e+03 2.430000000000000000e+03 5.000000000000000000e+03 3.900000000000000000e+03
1.610003730000000000e+08 3.310000000000000000e+03 2.440000000000000000e+03 4.950000000000000000e+03 3.910000000000000000e+03
1.610005820000000000e+08 3.310000000000000000e+03 2.440000000000000000e+03 4.870000000000000000e+03 3.910000000000000000e+03
1.610007890000000000e+08 3.310000000000000000e+03 2.430000000000000000e+03 4.830000000000000000e+03 3.920000000000000000e+03
1.610009970000000000e+08 3.320000000000000000e+03 2.440000000000000000e+03 4.840000000000000000e+03 3.910000000000000000e+03
1.610012050000000000e+08 3.320000000000000000e+03 2.420000000000000000e+03 4.890000000000000000e+03 3.910000000000000000e+03
1.610014130000000000e+08 3.320000000000000000e+03 2.420000000000000000e+03 4.860000000000000000e+03 3.910000000000000000e+03
1.610016210000000000e+08 3.320000000000000000e+03 2.430000000000000000e+03 4.860000000000000000e+03 3.900000000000000000e+03
1.610018130000000000e+08 3.310000000000000000e+03 2.430000000000000000e+03 4.820000000000000000e+03 3.900000000000000000e+03
1.610020210000000000e+08 3.310000000000000000e+03 2.440000000000000000e+03 4.800000000000000000e+03 3.900000000000000000e+03
1.610022290000000000e+08 3.310000000000000000e+03 2.440000000000000000e+03 4.810000000000000000e+03 3.900000000000000000e+03
1.610024370000000000e+08 3.310000000000000000e+03 2.450000000000000000e+03 4.840000000000000000e+03 3.900000000000000000e+03
1.610026450000000000e+08 3.310000000000000000e+03 2.440000000000000000e+03 4.850000000000000000e+03 3.910000000000000000e+03
1.610028530000000000e+08 3.310000000000000000e+03 2.440000000000000000e+03 4.860000000000000000e+03 3.910000000000000000e+03
1.610030610000000000e+08 3.310000000000000000e+03 2.440000000000000000e+03 4.840000000000000000e+03 3.900000000000000000e+03
1.610032690000000000e+08 3.310000000000000000e+03 2.420000000000000000e+03 4.810000000000000000e+03 3.910000000000000000e+03
1.610034770000000000e+08 3.310000000000000000e+03 2.420000000000000000e+03 4.790000000000000000e+03 3.910000000000000000e+03
1.610036840000000000e+08 3.310000000000000000e+03 2.430000000000000000e+03 4.740000000000000000e+03 3.910000000000000000e+03
1.610038930000000000e+08 3.310000000000000000e+03 2.400000000000000000e+03 4.710000000000000000e+03 3.900000000000000000e+03
1.610041010000000000e+08 3.310000000000000000e+03 2.400000000000000000e+03 4.690000000000000000e+03 3.900000000000000000e+03
