1.614176420000000000e+08 3.130000000000000000e+03 2.000000000000000000e+03 5.430000000000000000e+03 4.830000000000000000e+03
1.614178510000000000e+08 3.140000000000000000e+03 2.000000000000000000e+03 5.440000000000000000e+03 4.830000000000000000e+03
1.614180590000000000e+08 3.170000000000000000e+03 2.000000000000000000e+03 5.440000000000000000e+03 4.830000000000000000e+03
1.614182670000000000e+08 3.200000000000000000e+03 2.000000000000000000e+03 5.440000000000000000e+03 4.820000000000000000e+03
1.614184580000000000e+08 3.320000000000000000e+03 2.000000000000000000e+03 5.440000000000000000e+03 4.820000000000000000e+03
1.614188750000000000e+08 3.440000000000000000e+03 2.010000000000000000e+03 5.430000000000000000e+03 4.830000000000000000e+03
1.614190830000000000e+08 3.370000000000000000e+03 2.000000000000000000e+03 5.430000000000000000e+03 4.830000000000000000e+03
1.614192910000000000e+08 3.250000000000000000e+03 2.010000000000000000e+03 5.430000000000000000e+03 4.830000000000000000e+03
1.614194990000000000e+08 3.200000000000000000e+03 2.000000000000000000e+03 5.420000000000000000e+03 4.830000000000000000e+03
1.614197070000000000e+08 3.230000000000000000e+03 2.000000000000000000e+03 5.430000000000000000e+03 4.840000000000000000e+03
1.614199140000000000e+08 3.250000000000000000e+03 2.010000000000000000e+03 5.440000000000000000e+03 4.830000000000000000e+03
1.614201230000000000e+08 3.270000000000000000e+03 2.010000000000000000e+03 5.440000000000000000e+03 4.820000000000000000e+03
1.614203300000000000e+08 3.250000000000000000e+03 2.010000000000000000e+03 5.430000000000000000e+03 4.820000000000000000e+03
1.614205380000000000e+08 3.260000000000000000e+03 2.010000000000000000e+03 5.430000000000000000e+03 4.830000000000000000e+03
1.614207460000000000e+08 3.260000000000000000e+03 2.020000000000000000e+03 5.430000000000000000e+03 4.830000000000000000e+03
1.614209540000000000e+08 3.270000000000000000e+03 2.020000000000000000e+03 5.440000000000000000e+03 4.820000000000000000e+03
1.614211620000000000e+08 3.270000000000000000e+03 2.010000000000000000e+03 5.440000000000000000e+03 4.830000000000000000e+03
1.614213700000000000e+08 3.260000000000000000e+03 2.010000000000000000e+03 5.440000000000000000e+03 4.830000000000000000e+03
1.614215780000000000e+08 3.280000000000000000e+03 2.010000000000000000e+03 5.440000000000000000e+03 4.840000000000000000e+03
1.614217860000000000e+08 3.290000000000000000e+03 2.000000000000000000e+03 5.440000000000000000e+03 4.840000000000000000e+03
1.614219940000000000e+08 3.290000000000000000e+03 2.000000000000000000e+03 5.440000000000000000e+03 4.840000000000000000e+03
1.614221860000000000e+08 3.300000000000000000e+03 2.010000000000000000e+03 5.440000000000000000e+03 4.840000000000000000e+03
1.614223930000000000e+08 3.300000000000000000e+03 2.010000000000000000e+03 5.440000000000000000e+03 4.830000000000000000e+03
1.614226020000000000e+08 3.300000000000000000e+03 2.010000000000000000e+03 5.440000000000000000e+03 4.820000000000000000e+03
1.614228090000000000e+08 3.290000000000000000e+03 2.010000000000000000e+03 5.440000000000000000e+03 4.820000000000000000e+03
1.614230320000000000e+08 3.300000000000000000e+03 2.010000000000000000e+03 5.440000000000000000e+03 4.830000000000000000e+03
1.614232260000000000e+08 3.300000000000000000e+03 2.010000000000000000e+03 5.440000000000000000e+03 4.830000000000000000e+03
1.614234340000000000e+08 3.290000000000000000e+03 2.010000000000000000e+03 5.430000000000000000e+03 4.820000000000000000e+03
1.614236420000000000e+08 3.270000000000000000e+03 2.010000000000000000e+03 5.430000000000000000e+03 4.830000000000000000e+03
1.614238490000000000e+08 3.270000000000000000e+03 2.020000000000000000e+03 5.440000000000000000e+03 4.830000000000000000e+03
1.614240570000000000e+08 3.270000000000000000e+03 2.030000000000000000e+03 5.440000000000000000e+03 4.830000000000000000e+03
1.614242650000000000e+08 3.270000000000000000e+03 2.030000000000000000e+03 5.440000000000000000e+03 4.830000000000000000e+03
1.614244740000000000e+08 3.270000000000000000e+03 2.030000000000000000e+03 5.440000000000000000e+03 4.820000000000000000e+03
1.614246810000000000e+08 3.290000000000000000e+03 2.020000000000000000e+03 5.440000000000000000e+03 4.820000000000000000e+03
1.614248900000000000e+08 3.300000000000000000e+03 2.010000000000000000e+03 5.430000000000000000e+03 4.840000000000000000e+03
1.614250970000000000e+08 3.300000000000000000e+03 2.010000000000000000e+03 5.430000000000000000e+03 4.840000000000000000e+03
1.614253050000000000e+08 3.300000000000000000e+03 2.000000000000000000e+03 5.440000000000000000e+03 4.830000000000000000e+03
1.614254970000000000e+08 3.300000000000000000e+03 2.000000000000000000e+03 5.440000000000000000e+03 4.820000000000000000e+03
1.614257050000000000e+08 3.290000000000000000e+03 2.000000000000000000e+03 5.440000000000000000e+03 4.810000000000000000e+03
1.614259130000000000e+08 3.280000000000000000e+03 2.000000000000000000e+03 5.440000000000000000e+03 4.810000000000000000e+03
1.614261210000000000e+08 3.270000000000000000e+03 2.010000000000000000e+03 5.440000000000000000e+03 4.820000000000000000e+03
1.614263290000000000e+08 3.260000000000000000e+03 2.010000000000000000e+03 5.430000000000000000e+03 4.820000000000000000e+03
1.614265490000000000e+08 3.240000000000000000e+03 2.010000000000000000e+03 5.430000000000000000e+03 4.830000000000000000e+03
1.614267440000000000e+08 3.230000000000000000e+03 2.030000000000000000e+03 5.430000000000000000e+03 4.830000000000000000e+03
1.614269530000000000e+08 3.230000000000000000e+03 2.030000000000000000e+03 5.430000000000000000e+03 4.840000000000000000e+03
1.614271600000000000e+08 3.240000000000000000e+03 2.020000000000000000e+03 5.430000000000000000e+03 4.830000000000000000e+03
1.614273690000000000e+08 3.240000000000000000e+03 2.020000000000000000e+03 5.430000000000000000e+03 4.830000000000000000e+03
1.614275770000000000e+08 3.240000000000000000e+03 2.020000000000000000e+03 5.430000000000000000e+03 4.820000000000000000e+03
1.614278100000000000e+08 3.240000000000000000e+03 2.020000000000000000e+03 5.430000000000000000e+03 4.820000000000000000e+03
1.614279930000000000e+08 3.230000000000000000e+03 2.010000000000000000e+03 5.430000000000000000e+03 4.830000000000000000e+03
1.614282010000000000e+08 3.220000000000000000e+03 2.010000000000000000e+03 5.430000000000000000e+03 4.830000000000000000e+03
1.614284090000000000e+08 3.220000000000000000e+03 2.010000000000000000e+03 5.430000000000000000e+03 4.840000000000000000e+03
1.614286170000000000e+08 3.210000000000000000e+03 2.010000000000000000e+03 5.430000000000000000e+03 4.840000000000000000e+03
1.614288250000000000e+08 3.210000000000000000e+03 2.010000000000000000e+03 5.440000000000000000e+03 4.820000000000000000e+03
1.614290160000000000e+08 3.210000000000000000e+03 2.000000000000000000e+03 5.430000000000000000e+03 4.810000000000000000e+03
1.614292240000000000e+08 3.210000000000000000e+03 2.010000000000000000e+03 5.430000000000000000e+03 4.810000000000000000e+03
1.614294340000000000e+08 3.210000000000000000e+03 2.000000000000000000e+03 5.430000000000000000e+03 4.810000000000000000e+03
1.614296400000000000e+08 3.220000000000000000e+03 2.010000000000000000e+03 5.430000000000000000e+03 4.820000000000000000e+03
1.614298480000000000e+08 3.230000000000000000e+03 2.010000000000000000e+03 5.430000000000000000e+03 4.820000000000000000e+03
1.614300560000000000e+08 3.230000000000000000e+03 2.010000000000000000e+03 5.430000000000000000e+03 4.830000000000000000e+03
1.614302640000000000e+08 3.230000000000000000e+03 2.000000000000000000e+03 5.440000000000000000e+03 4.840000000000000000e+03
1.614304720000000000e+08 3.240000000000000000e+03 2.010000000000000000e+03 5.440000000000000000e+03 4.830000000000000000e+03
1.614306790000000000e+08 3.240000000000000000e+03 2.010000000000000000e+03 5.440000000000000000e+03 4.830000000000000000e+03
1.614308880000000000e+08 3.250000000000000000e+03 2.010000000000000000e+03 5.440000000000000000e+03 4.820000000000000000e+03
1.614310960000000000e+08 3.250000000000000000e+03 2.010000000000000000e+03 5.440000000000000000e+03 4.820000000000000000e+03
1.614313040000000000e+08 3.250000000000000000e+03 2.020000000000000000e+03 5.430000000000000000e+03 4.830000000000000000e+03
1.614315120000000000e+08 3.250000000000000000e+03 2.020000000000000000e+03 5.430000000000000000e+03 4.840000000000000000e+03
1.614317200000000000e+08 3.250000000000000000e+03 2.020000000000000000e+03 5.430000000000000000e+03 4.840000000000000000e+03
1.614319280000000000e+08 3.250000000000000000e+03 2.020000000000000000e+03 5.430000000000000000e+03 4.840000000000000000e+03
1.614321360000000000e+08 3.250000000000000000e+03 2.020000000000000000e+03 5.440000000000000000e+03 4.840000000000000000e+03
1.614323280000000000e+08 3.220000000000000000e+03 2.020000000000000000e+03 5.440000000000000000e+03 4.840000000000000000e+03
1.614325360000000000e+08 3.220000000000000000e+03 2.020000000000000000e+03 5.440000000000000000e+03 4.840000000000000000e+03
1.614327440000000000e+08 3.210000000000000000e+03 2.030000000000000000e+03 5.440000000000000000e+03 4.850000000000000000e+03
1.614329510000000000e+08 3.200000000000000000e+03 2.030000000000000000e+03 5.440000000000000000e+03 4.850000000000000000e+03
1.614335750000000000e+08 3.240000000000000000e+03 2.030000000000000000e+03 5.440000000000000000e+03 4.840000000000000000e+03
1.614337830000000000e+08 3.220000000000000000e+03 2.030000000000000000e+03 5.440000000000000000e+03 4.840000000000000000e+03
1.614339910000000000e+08 3.190000000000000000e+03 2.020000000000000000e+03 5.430000000000000000e+03 4.830000000000000000e+03
1.614341990000000000e+08 3.170000000000000000e+03 2.010000000000000000e+03 5.430000000000000000e+03 4.840000000000000000e+03
1.614344070000000000e+08 3.160000000000000000e+03 2.000000000000000000e+03 5.430000000000000000e+03 4.830000000000000000e+03
1.614346150000000000e+08 3.150000000000000000e+03 2.000000000000000000e+03 5.430000000000000000e+03 4.840000000000000000e+03
1.614348230000000000e+08 3.160000000000000000e+03 2.000000000000000000e+03 5.430000000000000000e+03 4.840000000000000000e+03
1.614350320000000000e+08 3.170000000000000000e+03 2.010000000000000000e+03 5.430000000000000000e+03 4.830000000000000000e+03
1.614352390000000000e+08 3.160000000000000000e+03 2.020000000000000000e+03 5.440000000000000000e+03 4.840000000000000000e+03
1.614354470000000000e+08 3.140000000000000000e+03 2.010000000000000000e+03 5.440000000000000000e+03 4.830000000000000000e+03
1.614356550000000000e+08 3.140000000000000000e+03 2.020000000000000000e+03 5.440000000000000000e+03 4.830000000000000000e+03
1.614358630000000000e+08 3.170000000000000000e+03 2.020000000000000000e+03 5.440000000000000000e+03 4.830000000000000000e+03
1.614360710000000000e+08 3.190000000000000000e+03 2.030000000000000000e+03 5.430000000000000000e+03 4.820000000000000000e+03
1.614362790000000000e+08 3.180000000000000000e+03 2.020000000000000000e+03 5.430000000000000000e+03 4.830000000000000000e+03
1.614364870000000000e+08 3.160000000000000000e+03 2.020000000000000000e+03 5.430000000000000000e+03 4.830000000000000000e+03
1.614366950000000000e+08 3.160000000000000000e+03 2.020000000000000000e+03 5.430000000000000000e+03 4.840000000000000000e+03
1.614369030000000000e+08 3.160000000000000000e+03 2.020000000000000000e+03 5.420000000000000000e+03 4.840000000000000000e+03
1.614371110000000000e+08 3.140000000000000000e+03 2.020000000000000000e+03 5.420000000000000000e+03 4.840000000000000000e+03
1.614373190000000000e+08 3.140000000000000000e+03 2.020000000000000000e+03 5.420000000000000000e+03 4.830000000000000000e+03
1.614375270000000000e+08 3.140000000000000000e+03 2.030000000000000000e+03 5.420000000000000000e+03 4.820000000000000000e+03
1.614377350000000000e+08 3.150000000000000000e+03 2.030000000000000000e+03 5.430000000000000000e+03 4.810000000000000000e+03
1.614379420000000000e+08 3.160000000000000000e+03 2.030000000000000000e+03 5.430000000000000000e+03 4.810000000000000000e+03
1.614381500000000000e+08 3.160000000000000000e+03 2.020000000000000000e+03 5.430000000000000000e+03 4.810000000000000000e+03
1.614383580000000000e+08 3.150000000000000000e+03 2.020000000000000000e+03 5.440000000000000000e+03 4.810000000000000000e+03
1.614385660000000000e+08 3.140000000000000000e+03 2.020000000000000000e+03 5.430000000000000000e+03 4.820000000000000000e+03
1.614387740000000000e+08 3.130000000000000000e+03 2.010000000000000000e+03 5.430000000000000000e+03 4.820000000000000000e+03
1.614389820000000000e+08 3.120000000000000000e+03 2.010000000000000000e+03 5.430000000000000000e+03 4.810000000000000000e+03
1.614391910000000000e+08 3.120000000000000000e+03 2.010000000000000000e+03 5.430000000000000000e+03 4.820000000000000000e+03
1.614393970000000000e+08 3.120000000000000000e+03 2.000000000000000000e+03 5.430000000000000000e+03 4.810000000000000000e+03
1.614396060000000000e+08 3.120000000000000000e+03 2.010000000000000000e+03 5.430000000000000000e+03 4.820000000000000000e+03
1.614398130000000000e+08 3.120000000000000000e+03 2.010000000000000000e+03 5.420000000000000000e+03 4.810000000000000000e+03
1.614400210000000000e+08 3.100000000000000000e+03 2.010000000000000000e+03 5.430000000000000000e+03 4.820000000000000000e+03
1.614402300000000000e+08 3.120000000000000000e+03 2.010000000000000000e+03 5.430000000000000000e+03 4.820000000000000000e+03
1.614404380000000000e+08 3.140000000000000000e+03 2.010000000000000000e+03 5.430000000000000000e+03 4.820000000000000000e+03
1.614406460000000000e+08 3.150000000000000000e+03 2.010000000000000000e+03 5.430000000000000000e+03 4.830000000000000000e+03
1.614408540000000000e+08 3.160000000000000000e+03 2.020000000000000000e+03 5.430000000000000000e+03 4.810000000000000000e+03
1.614410610000000000e+08 3.160000000000000000e+03 2.020000000000000000e+03 5.430000000000000000e+03 4.830000000000000000e+03
1.614412700000000000e+08 3.160000000000000000e+03 2.020000000000000000e+03 5.430000000000000000e+03 4.830000000000000000e+03
1.614414770000000000e+08 3.160000000000000000e+03 2.020000000000000000e+03 5.430000000000000000e+03 4.830000000000000000e+03
1.614418780000000000e+08 3.160000000000000000e+03 2.010000000000000000e+03 5.430000000000000000e+03 4.820000000000000000e+03
1.614420850000000000e+08 3.170000000000000000e+03 2.010000000000000000e+03 5.430000000000000000e+03 4.830000000000000000e+03
1.614422930000000000e+08 3.160000000000000000e+03 2.010000000000000000e+03 5.430000000000000000e+03 4.830000000000000000e+03
1.614425010000000000e+08 3.160000000000000000e+03 2.020000000000000000e+03 5.440000000000000000e+03 4.840000000000000000e+03
1.614427090000000000e+08 3.150000000000000000e+03 2.020000000000000000e+03 5.440000000000000000e+03 4.820000000000000000e+03
1.614429170000000000e+08 3.150000000000000000e+03 2.020000000000000000e+03 5.440000000000000000e+03 4.830000000000000000e+03
1.614431250000000000e+08 3.150000000000000000e+03 2.010000000000000000e+03 5.440000000000000000e+03 4.830000000000000000e+03
1.614433330000000000e+08 3.150000000000000000e+03 2.000000000000000000e+03 5.440000000000000000e+03 4.820000000000000000e+03
1.614435410000000000e+08 3.150000000000000000e+03 2.010000000000000000e+03 5.440000000000000000e+03 4.830000000000000000e+03
1.614437490000000000e+08 3.150000000000000000e+03 2.010000000000000000e+03 5.450000000000000000e+03 4.840000000000000000e+03
1.614530910000000000e+08 2.990000000000000000e+03 2.280000000000000000e+03 5.440000000000000000e+03 4.840000000000000000e+03
1.614532990000000000e+08 2.990000000000000000e+03 2.250000000000000000e+03 5.440000000000000000e+03 4.830000000000000000e+03
1.614535070000000000e+08 2.990000000000000000e+03 2.270000000000000000e+03 5.430000000000000000e+03 4.830000000000000000e+03
1.614537150000000000e+08 2.990000000000000000e+03 2.300000000000000000e+03 5.430000000000000000e+03 4.830000000000000000e+03
1.614539220000000000e+08 2.990000000000000000e+03 2.360000000000000000e+03 5.420000000000000000e+03 4.840000000000000000e+03
1.614541300000000000e+08 2.990000000000000000e+03 2.350000000000000000e+03 5.420000000000000000e+03 4.840000000000000000e+03
1.614543390000000000e+08 2.990000000000000000e+03 2.330000000000000000e+03 5.420000000000000000e+03 4.840000000000000000e+03
1.614545470000000000e+08 3.000000000000000000e+03 2.310000000000000000e+03 5.430000000000000000e+03 4.820000000000000000e+03
1.614547550000000000e+08 3.000000000000000000e+03 2.280000000000000000e+03 5.430000000000000000e+03 4.810000000000000000e+03
1.614549630000000000e+08 3.000000000000000000e+03 2.280000000000000000e+03 5.430000000000000000e+03 4.820000000000000000e+03
1.614551540000000000e+08 2.990000000000000000e+03 2.300000000000000000e+03 5.430000000000000000e+03 4.810000000000000000e+03
1.614553620000000000e+08 2.990000000000000000e+03 2.300000000000000000e+03 5.430000000000000000e+03 4.810000000000000000e+03
1.614555710000000000e+08 2.990000000000000000e+03 2.300000000000000000e+03 5.430000000000000000e+03 4.820000000000000000e+03
1.614557780000000000e+08 2.990000000000000000e+03 2.290000000000000000e+03 5.440000000000000000e+03 4.830000000000000000e+03
1.614559860000000000e+08 2.990000000000000000e+03 2.310000000000000000e+03 5.440000000000000000e+03 4.830000000000000000e+03
1.614561940000000000e+08 2.990000000000000000e+03 2.330000000000000000e+03 5.440000000000000000e+03 4.830000000000000000e+03
1.614564020000000000e+08 3.000000000000000000e+03 2.280000000000000000e+03 5.440000000000000000e+03 4.820000000000000000e+03
1.614566100000000000e+08 3.000000000000000000e+03 2.260000000000000000e+03 5.440000000000000000e+03 4.810000000000000000e+03
1.614568180000000000e+08 3.000000000000000000e+03 2.260000000000000000e+03 5.440000000000000000e+03 4.820000000000000000e+03
1.614570260000000000e+08 2.990000000000000000e+03 2.280000000000000000e+03 5.440000000000000000e+03 4.830000000000000000e+03
1.614572340000000000e+08 2.990000000000000000e+03 2.300000000000000000e+03 5.440000000000000000e+03 4.830000000000000000e+03
1.614574420000000000e+08 2.990000000000000000e+03 2.320000000000000000e+03 5.440000000000000000e+03 4.820000000000000000e+03
1.614576500000000000e+08 2.990000000000000000e+03 2.300000000000000000e+03 5.440000000000000000e+03 4.810000000000000000e+03
1.614578580000000000e+08 2.990000000000000000e+03 2.300000000000000000e+03 5.440000000000000000e+03 4.830000000000000000e+03
1.614580660000000000e+08 2.980000000000000000e+03 2.310000000000000000e+03 5.440000000000000000e+03 4.820000000000000000e+03
1.614582740000000000e+08 2.980000000000000000e+03 2.320000000000000000e+03 5.440000000000000000e+03 4.830000000000000000e+03
1.614584810000000000e+08 2.980000000000000000e+03 2.320000000000000000e+03 5.440000000000000000e+03 4.820000000000000000e+03
1.614586740000000000e+08 2.980000000000000000e+03 2.320000000000000000e+03 5.430000000000000000e+03 4.830000000000000000e+03
1.614588810000000000e+08 2.980000000000000000e+03 2.330000000000000000e+03 5.430000000000000000e+03 4.830000000000000000e+03
1.614590900000000000e+08 2.980000000000000000e+03 2.360000000000000000e+03 5.430000000000000000e+03 4.830000000000000000e+03
1.614592980000000000e+08 2.990000000000000000e+03 2.390000000000000000e+03 5.430000000000000000e+03 4.840000000000000000e+03
1.614595060000000000e+08 2.980000000000000000e+03 2.380000000000000000e+03 5.430000000000000000e+03 4.830000000000000000e+03
1.614597130000000000e+08 2.980000000000000000e+03 2.370000000000000000e+03 5.430000000000000000e+03 4.840000000000000000e+03
1.614599210000000000e+08 2.980000000000000000e+03 2.330000000000000000e+03 5.440000000000000000e+03 4.830000000000000000e+03
1.615001290000000000e+08 2.980000000000000000e+03 2.320000000000000000e+03 5.440000000000000000e+03 4.810000000000000000e+03
1.615003370000000000e+08 2.990000000000000000e+03 2.310000000000000000e+03 5.440000000000000000e+03 4.820000000000000000e+03
1.615005450000000000e+08 2.990000000000000000e+03 2.320000000000000000e+03 5.440000000000000000e+03 4.830000000000000000e+03
1.615007530000000000e+08 2.990000000000000000e+03 2.310000000000000000e+03 5.440000000000000000e+03 4.830000000000000000e+03
1.615009610000000000e+08 2.990000000000000000e+03 2.310000000000000000e+03 5.440000000000000000e+03 4.850000000000000000e+03
1.615011690000000000e+08 3.000000000000000000e+03 2.310000000000000000e+03 5.440000000000000000e+03 4.850000000000000000e+03
1.615013770000000000e+08 3.000000000000000000e+03 2.290000000000000000e+03 5.440000000000000000e+03 4.830000000000000000e+03
1.615015850000000000e+08 3.000000000000000000e+03 2.270000000000000000e+03 5.440000000000000000e+03 4.840000000000000000e+03
1.615017930000000000e+08 3.010000000000000000e+03 2.210000000000000000e+03 5.440000000000000000e+03 4.830000000000000000e+03
1.615019850000000000e+08 3.010000000000000000e+03 2.250000000000000000e+03 5.440000000000000000e+03 4.830000000000000000e+03
1.615021930000000000e+08 3.010000000000000000e+03 2.280000000000000000e+03 5.440000000000000000e+03 4.830000000000000000e+03
1.615024010000000000e+08 3.000000000000000000e+03 2.280000000000000000e+03 5.440000000000000000e+03 4.820000000000000000e+03
1.615026090000000000e+08 3.000000000000000000e+03 2.310000000000000000e+03 5.440000000000000000e+03 4.820000000000000000e+03
1.615028170000000000e+08 3.000000000000000000e+03 2.300000000000000000e+03 5.440000000000000000e+03 4.810000000000000000e+03
1.615030250000000000e+08 2.980000000000000000e+03 2.300000000000000000e+03 5.430000000000000000e+03 4.800000000000000000e+03
1.615032330000000000e+08 2.980000000000000000e+03 2.290000000000000000e+03 5.430000000000000000e+03 4.810000000000000000e+03
1.615034400000000000e+08 2.990000000000000000e+03 2.290000000000000000e+03 5.440000000000000000e+03 4.810000000000000000e+03
1.615036490000000000e+08 2.980000000000000000e+03 2.290000000000000000e+03 5.440000000000000000e+03 4.810000000000000000e+03
1.615038570000000000e+08 2.980000000000000000e+03 2.310000000000000000e+03 5.430000000000000000e+03 4.810000000000000000e+03
1.615040640000000000e+08 2.990000000000000000e+03 2.320000000000000000e+03 5.430000000000000000e+03 4.820000000000000000e+03
1.615042720000000000e+08 3.000000000000000000e+03 2.280000000000000000e+03 5.440000000000000000e+03 4.810000000000000000e+03
1.615044810000000000e+08 2.990000000000000000e+03 2.280000000000000000e+03 5.440000000000000000e+03 4.830000000000000000e+03
1.615046880000000000e+08 2.990000000000000000e+03 2.240000000000000000e+03 5.440000000000000000e+03 4.830000000000000000e+03
1.615048960000000000e+08 2.990000000000000000e+03 2.300000000000000000e+03 5.440000000000000000e+03 4.820000000000000000e+03
1.615051040000000000e+08 2.990000000000000000e+03 2.300000000000000000e+03 5.440000000000000000e+03 4.830000000000000000e+03
1.615053120000000000e+08 3.000000000000000000e+03 2.250000000000000000e+03 5.440000000000000000e+03 4.840000000000000000e+03
1.615055040000000000e+08 2.990000000000000000e+03 2.290000000000000000e+03 5.430000000000000000e+03 4.840000000000000000e+03
1.615057120000000000e+08 2.980000000000000000e+03 2.310000000000000000e+03 5.420000000000000000e+03 4.840000000000000000e+03
1.615059200000000000e+08 2.990000000000000000e+03 2.300000000000000000e+03 5.420000000000000000e+03 4.830000000000000000e+03
1.615061280000000000e+08 2.990000000000000000e+03 2.340000000000000000e+03 5.420000000000000000e+03 4.830000000000000000e+03
1.615063360000000000e+08 2.970000000000000000e+03 2.340000000000000000e+03 5.420000000000000000e+03 4.830000000000000000e+03
1.615065430000000000e+08 2.990000000000000000e+03 2.300000000000000000e+03 5.430000000000000000e+03 4.820000000000000000e+03
1.615067510000000000e+08 2.990000000000000000e+03 2.440000000000000000e+03 5.430000000000000000e+03 4.830000000000000000e+03
1.615069640000000000e+08 3.000000000000000000e+03 2.420000000000000000e+03 5.430000000000000000e+03 4.830000000000000000e+03
1.615071680000000000e+08 2.990000000000000000e+03 2.400000000000000000e+03 5.440000000000000000e+03 4.830000000000000000e+03
1.615073760000000000e+08 2.990000000000000000e+03 2.340000000000000000e+03 5.440000000000000000e+03 4.830000000000000000e+03
1.615075840000000000e+08 2.990000000000000000e+03 2.530000000000000000e+03 5.440000000000000000e+03 4.820000000000000000e+03
1.615077920000000000e+08 2.990000000000000000e+03 2.460000000000000000e+03 5.430000000000000000e+03 4.820000000000000000e+03
1.615079990000000000e+08 2.990000000000000000e+03 2.450000000000000000e+03 5.430000000000000000e+03 4.810000000000000000e+03
1.615082080000000000e+08 2.990000000000000000e+03 2.390000000000000000e+03 5.430000000000000000e+03 4.810000000000000000e+03
1.615084160000000000e+08 2.990000000000000000e+03 2.360000000000000000e+03 5.430000000000000000e+03 4.820000000000000000e+03
1.615086230000000000e+08 3.000000000000000000e+03 2.460000000000000000e+03 5.430000000000000000e+03 4.820000000000000000e+03
1.615088150000000000e+08 3.000000000000000000e+03 2.400000000000000000e+03 5.430000000000000000e+03 4.810000000000000000e+03
1.615090240000000000e+08 3.000000000000000000e+03 2.360000000000000000e+03 5.440000000000000000e+03 4.810000000000000000e+03
1.615092310000000000e+08 3.000000000000000000e+03 2.360000000000000000e+03 5.430000000000000000e+03 4.820000000000000000e+03
1.615094390000000000e+08 3.000000000000000000e+03 2.350000000000000000e+03 5.430000000000000000e+03 4.830000000000000000e+03
1.615096470000000000e+08 2.980000000000000000e+03 2.330000000000000000e+03 5.430000000000000000e+03 4.830000000000000000e+03
1.615098550000000000e+08 2.980000000000000000e+03 2.310000000000000000e+03 5.430000000000000000e+03 4.830000000000000000e+03
1.615100620000000000e+08 2.980000000000000000e+03 2.310000000000000000e+03 5.430000000000000000e+03 4.820000000000000000e+03
1.615102710000000000e+08 2.980000000000000000e+03 2.310000000000000000e+03 5.430000000000000000e+03 4.830000000000000000e+03
1.615104790000000000e+08 2.990000000000000000e+03 2.310000000000000000e+03 5.430000000000000000e+03 4.820000000000000000e+03
1.615106870000000000e+08 2.980000000000000000e+03 2.300000000000000000e+03 5.430000000000000000e+03 4.820000000000000000e+03
1.615108950000000000e+08 2.990000000000000000e+03 2.290000000000000000e+03 5.430000000000000000e+03 4.830000000000000000e+03
1.615111030000000000e+08 2.990000000000000000e+03 2.280000000000000000e+03 5.430000000000000000e+03 4.830000000000000000e+03
1.615113100000000000e+08 2.990000000000000000e+03 2.270000000000000000e+03 5.440000000000000000e+03 4.820000000000000000e+03
1.615115190000000000e+08 3.000000000000000000e+03 2.290000000000000000e+03 5.440000000000000000e+03 4.820000000000000000e+03
1.615117270000000000e+08 3.000000000000000000e+03 2.290000000000000000e+03 5.440000000000000000e+03 4.830000000000000000e+03
1.615119350000000000e+08 3.000000000000000000e+03 2.330000000000000000e+03 5.440000000000000000e+03 4.820000000000000000e+03
1.615121430000000000e+08 3.000000000000000000e+03 2.340000000000000000e+03 5.440000000000000000e+03 4.820000000000000000e+03
1.615123350000000000e+08 3.000000000000000000e+03 2.310000000000000000e+03 5.430000000000000000e+03 4.810000000000000000e+03
1.615125430000000000e+08 3.000000000000000000e+03 2.300000000000000000e+03 5.430000000000000000e+03 4.820000000000000000e+03
1.615127510000000000e+08 2.990000000000000000e+03 2.290000000000000000e+03 5.420000000000000000e+03 4.820000000000000000e+03
1.615129580000000000e+08 2.990000000000000000e+03 2.290000000000000000e+03 5.420000000000000000e+03 4.840000000000000000e+03
1.615131670000000000e+08 2.990000000000000000e+03 2.310000000000000000e+03 5.430000000000000000e+03 4.830000000000000000e+03
1.615133740000000000e+08 2.990000000000000000e+03 2.330000000000000000e+03 5.430000000000000000e+03 4.830000000000000000e+03
1.615135820000000000e+08 3.000000000000000000e+03 2.370000000000000000e+03 5.430000000000000000e+03 4.840000000000000000e+03
1.615137900000000000e+08 2.990000000000000000e+03 2.400000000000000000e+03 5.430000000000000000e+03 4.840000000000000000e+03
1.615139980000000000e+08 2.990000000000000000e+03 2.440000000000000000e+03 5.420000000000000000e+03 4.830000000000000000e+03
1.615142060000000000e+08 2.990000000000000000e+03 2.450000000000000000e+03 5.420000000000000000e+03 4.820000000000000000e+03
1.615144140000000000e+08 2.990000000000000000e+03 2.450000000000000000e+03 5.420000000000000000e+03 4.830000000000000000e+03
1.615146220000000000e+08 2.990000000000000000e+03 2.450000000000000000e+03 5.420000000000000000e+03 4.830000000000000000e+03
1.615148300000000000e+08 2.980000000000000000e+03 2.440000000000000000e+03 5.420000000000000000e+03 4.830000000000000000e+03
