1.616147050000000000e+08 3.470000000000000000e+03 1.690000000000000000e+03 5.780000000000000000e+03 4.660000000000000000e+03
1.616149120000000000e+08 3.470000000000000000e+03 1.720000000000000000e+03 5.780000000000000000e+03 4.660000000000000000e+03
1.616151200000000000e+08 3.470000000000000000e+03 1.720000000000000000e+03 5.780000000000000000e+03 4.660000000000000000e+03
1.616153280000000000e+08 3.470000000000000000e+03 1.750000000000000000e+03 5.780000000000000000e+03 4.660000000000000000e+03
1.616155360000000000e+08 3.480000000000000000e+03 1.820000000000000000e+03 5.790000000000000000e+03 4.660000000000000000e+03
1.616157440000000000e+08 3.480000000000000000e+03 1.930000000000000000e+03 5.780000000000000000e+03 4.660000000000000000e+03
1.616159520000000000e+08 3.480000000000000000e+03 1.970000000000000000e+03 5.780000000000000000e+03 4.660000000000000000e+03
1.616161610000000000e+08 3.480000000000000000e+03 1.930000000000000000e+03 5.780000000000000000e+03 4.660000000000000000e+03
1.616163680000000000e+08 3.480000000000000000e+03 1.920000000000000000e+03 5.780000000000000000e+03 4.650000000000000000e+03
1.616165600000000000e+08 3.480000000000000000e+03 1.890000000000000000e+03 5.790000000000000000e+03 4.650000000000000000e+03
1.616167680000000000e+08 3.480000000000000000e+03 1.870000000000000000e+03 5.780000000000000000e+03 4.640000000000000000e+03
1.616169750000000000e+08 3.480000000000000000e+03 1.840000000000000000e+03 5.780000000000000000e+03 4.660000000000000000e+03
1.616171840000000000e+08 3.480000000000000000e+03 1.810000000000000000e+03 5.780000000000000000e+03 4.660000000000000000e+03
1.616173920000000000e+08 3.470000000000000000e+03 1.800000000000000000e+03 5.780000000000000000e+03 4.650000000000000000e+03
1.616175990000000000e+08 3.480000000000000000e+03 1.800000000000000000e+03 5.780000000000000000e+03 4.650000000000000000e+03
1.616178080000000000e+08 3.480000000000000000e+03 1.780000000000000000e+03 5.780000000000000000e+03 4.650000000000000000e+03
1.616180160000000000e+08 3.470000000000000000e+03 1.800000000000000000e+03 5.780000000000000000e+03 4.650000000000000000e+03
1.616182230000000000e+08 3.470000000000000000e+03 1.870000000000000000e+03 5.780000000000000000e+03 4.650000000000000000e+03
1.616184320000000000e+08 3.470000000000000000e+03 1.930000000000000000e+03 5.780000000000000000e+03 4.650000000000000000e+03
1.616186400000000000e+08 3.480000000000000000e+03 1.960000000000000000e+03 5.780000000000000000e+03 4.650000000000000000e+03
1.616188480000000000e+08 3.480000000000000000e+03 1.990000000000000000e+03 5.780000000000000000e+03 4.650000000000000000e+03
1.616190560000000000e+08 3.480000000000000000e+03 2.020000000000000000e+03 5.780000000000000000e+03 4.650000000000000000e+03
1.616192630000000000e+08 3.470000000000000000e+03 2.030000000000000000e+03 5.780000000000000000e+03 4.650000000000000000e+03
1.616194710000000000e+08 3.480000000000000000e+03 2.050000000000000000e+03 5.780000000000000000e+03 4.640000000000000000e+03
1.616196790000000000e+08 3.490000000000000000e+03 2.050000000000000000e+03 5.780000000000000000e+03 4.650000000000000000e+03
1.616198870000000000e+08 3.490000000000000000e+03 2.050000000000000000e+03 5.780000000000000000e+03 4.660000000000000000e+03
1.616200790000000000e+08 3.490000000000000000e+03 2.050000000000000000e+03 5.780000000000000000e+03 4.650000000000000000e+03
1.616202880000000000e+08 3.490000000000000000e+03 2.050000000000000000e+03 5.780000000000000000e+03 4.660000000000000000e+03
1.616204950000000000e+08 3.490000000000000000e+03 2.060000000000000000e+03 5.780000000000000000e+03 4.660000000000000000e+03
1.616207030000000000e+08 3.480000000000000000e+03 2.050000000000000000e+03 5.790000000000000000e+03 4.670000000000000000e+03
1.616209100000000000e+08 3.490000000000000000e+03 2.050000000000000000e+03 5.790000000000000000e+03 4.660000000000000000e+03
1.616211190000000000e+08 3.480000000000000000e+03 2.050000000000000000e+03 5.780000000000000000e+03 4.660000000000000000e+03
1.616213270000000000e+08 3.480000000000000000e+03 2.050000000000000000e+03 5.780000000000000000e+03 4.660000000000000000e+03
1.616215340000000000e+08 3.470000000000000000e+03 2.050000000000000000e+03 5.780000000000000000e+03 4.660000000000000000e+03
1.616217430000000000e+08 3.470000000000000000e+03 2.050000000000000000e+03 5.780000000000000000e+03 4.660000000000000000e+03
1.616219510000000000e+08 3.480000000000000000e+03 2.050000000000000000e+03 5.780000000000000000e+03 4.660000000000000000e+03
1.616221590000000000e+08 3.480000000000000000e+03 2.060000000000000000e+03 5.780000000000000000e+03 4.660000000000000000e+03
1.616223670000000000e+08 3.490000000000000000e+03 2.040000000000000000e+03 5.780000000000000000e+03 4.660000000000000000e+03
1.616225750000000000e+08 3.490000000000000000e+03 1.970000000000000000e+03 5.780000000000000000e+03 4.670000000000000000e+03
1.616227830000000000e+08 3.490000000000000000e+03 1.920000000000000000e+03 5.780000000000000000e+03 4.660000000000000000e+03
1.616229910000000000e+08 3.490000000000000000e+03 1.920000000000000000e+03 5.790000000000000000e+03 4.660000000000000000e+03
1.616231990000000000e+08 3.490000000000000000e+03 1.930000000000000000e+03 5.790000000000000000e+03 4.650000000000000000e+03
1.616233900000000000e+08 3.490000000000000000e+03 1.900000000000000000e+03 5.790000000000000000e+03 4.660000000000000000e+03
1.616235980000000000e+08 3.480000000000000000e+03 1.920000000000000000e+03 5.790000000000000000e+03 4.660000000000000000e+03
1.616238060000000000e+08 3.480000000000000000e+03 1.920000000000000000e+03 5.790000000000000000e+03 4.660000000000000000e+03
1.616240140000000000e+08 3.470000000000000000e+03 1.920000000000000000e+03 5.780000000000000000e+03 4.660000000000000000e+03
1.616242220000000000e+08 3.480000000000000000e+03 1.910000000000000000e+03 5.780000000000000000e+03 4.660000000000000000e+03
1.616244300000000000e+08 3.480000000000000000e+03 1.890000000000000000e+03 5.780000000000000000e+03 4.660000000000000000e+03
1.616246380000000000e+08 3.480000000000000000e+03 1.890000000000000000e+03 5.790000000000000000e+03 4.660000000000000000e+03
1.616248460000000000e+08 3.480000000000000000e+03 1.890000000000000000e+03 5.790000000000000000e+03 4.660000000000000000e+03
1.616250540000000000e+08 3.480000000000000000e+03 1.910000000000000000e+03 5.790000000000000000e+03 4.660000000000000000e+03
1.616252620000000000e+08 3.470000000000000000e+03 1.900000000000000000e+03 5.780000000000000000e+03 4.660000000000000000e+03
1.616254690000000000e+08 3.460000000000000000e+03 1.910000000000000000e+03 5.780000000000000000e+03 4.660000000000000000e+03
1.616256780000000000e+08 3.470000000000000000e+03 1.920000000000000000e+03 5.780000000000000000e+03 4.660000000000000000e+03
1.616258860000000000e+08 3.470000000000000000e+03 1.950000000000000000e+03 5.780000000000000000e+03 4.670000000000000000e+03
1.616260940000000000e+08 3.480000000000000000e+03 1.950000000000000000e+03 5.780000000000000000e+03 4.660000000000000000e+03
1.616263020000000000e+08 3.480000000000000000e+03 1.980000000000000000e+03 5.780000000000000000e+03 4.670000000000000000e+03
1.616265100000000000e+08 3.480000000000000000e+03 2.020000000000000000e+03 5.780000000000000000e+03 4.660000000000000000e+03
1.616267180000000000e+08 3.480000000000000000e+03 2.040000000000000000e+03 5.780000000000000000e+03 4.670000000000000000e+03
1.616269100000000000e+08 3.480000000000000000e+03 2.060000000000000000e+03 5.780000000000000000e+03 4.660000000000000000e+03
1.616271180000000000e+08 3.490000000000000000e+03 2.040000000000000000e+03 5.780000000000000000e+03 4.650000000000000000e+03
1.616273260000000000e+08 3.490000000000000000e+03 2.000000000000000000e+03 5.780000000000000000e+03 4.650000000000000000e+03
1.616275340000000000e+08 3.490000000000000000e+03 1.990000000000000000e+03 5.780000000000000000e+03 4.660000000000000000e+03
1.616277420000000000e+08 3.490000000000000000e+03 1.980000000000000000e+03 5.780000000000000000e+03 4.660000000000000000e+03
1.616279500000000000e+08 3.490000000000000000e+03 1.970000000000000000e+03 5.780000000000000000e+03 4.660000000000000000e+03
1.616281570000000000e+08 3.490000000000000000e+03 1.970000000000000000e+03 5.780000000000000000e+03 4.670000000000000000e+03
1.616283650000000000e+08 3.490000000000000000e+03 1.990000000000000000e+03 5.780000000000000000e+03 4.660000000000000000e+03
1.616285730000000000e+08 3.490000000000000000e+03 2.070000000000000000e+03 5.780000000000000000e+03 4.660000000000000000e+03
1.616287810000000000e+08 3.480000000000000000e+03 2.070000000000000000e+03 5.780000000000000000e+03 4.660000000000000000e+03
1.616289890000000000e+08 3.470000000000000000e+03 2.050000000000000000e+03 5.770000000000000000e+03 4.660000000000000000e+03
1.616291970000000000e+08 3.460000000000000000e+03 2.030000000000000000e+03 5.770000000000000000e+03 4.660000000000000000e+03
1.616294050000000000e+08 3.470000000000000000e+03 1.970000000000000000e+03 5.770000000000000000e+03 4.660000000000000000e+03
1.616296130000000000e+08 3.470000000000000000e+03 2.000000000000000000e+03 5.770000000000000000e+03 4.660000000000000000e+03
1.616298210000000000e+08 3.470000000000000000e+03 1.990000000000000000e+03 5.770000000000000000e+03 4.660000000000000000e+03
1.616300290000000000e+08 3.470000000000000000e+03 1.980000000000000000e+03 5.770000000000000000e+03 4.660000000000000000e+03
1.616302210000000000e+08 3.470000000000000000e+03 1.950000000000000000e+03 5.780000000000000000e+03 4.660000000000000000e+03
1.616304290000000000e+08 3.470000000000000000e+03 1.950000000000000000e+03 5.780000000000000000e+03 4.660000000000000000e+03
1.616306370000000000e+08 3.470000000000000000e+03 1.910000000000000000e+03 5.790000000000000000e+03 4.660000000000000000e+03
1.616308450000000000e+08 3.480000000000000000e+03 1.910000000000000000e+03 5.790000000000000000e+03 4.660000000000000000e+03
1.616310530000000000e+08 3.480000000000000000e+03 1.890000000000000000e+03 5.790000000000000000e+03 4.660000000000000000e+03
1.616312610000000000e+08 3.470000000000000000e+03 1.890000000000000000e+03 5.790000000000000000e+03 4.670000000000000000e+03
1.616314690000000000e+08 3.490000000000000000e+03 1.900000000000000000e+03 5.790000000000000000e+03 4.660000000000000000e+03
1.616316770000000000e+08 3.490000000000000000e+03 1.890000000000000000e+03 5.790000000000000000e+03 4.660000000000000000e+03
1.616318850000000000e+08 3.490000000000000000e+03 1.880000000000000000e+03 5.790000000000000000e+03 4.660000000000000000e+03
1.616320920000000000e+08 3.480000000000000000e+03 1.870000000000000000e+03 5.790000000000000000e+03 4.660000000000000000e+03
1.616323000000000000e+08 3.490000000000000000e+03 1.850000000000000000e+03 5.790000000000000000e+03 4.670000000000000000e+03
1.616325080000000000e+08 3.480000000000000000e+03 1.850000000000000000e+03 5.790000000000000000e+03 4.660000000000000000e+03
1.616327160000000000e+08 3.480000000000000000e+03 1.850000000000000000e+03 5.790000000000000000e+03 4.670000000000000000e+03
1.616329240000000000e+08 3.470000000000000000e+03 1.870000000000000000e+03 5.790000000000000000e+03 4.660000000000000000e+03
1.616331340000000000e+08 3.470000000000000000e+03 1.890000000000000000e+03 5.790000000000000000e+03 4.650000000000000000e+03
1.616333400000000000e+08 3.480000000000000000e+03 1.900000000000000000e+03 5.780000000000000000e+03 4.650000000000000000e+03
1.616335480000000000e+08 3.480000000000000000e+03 1.890000000000000000e+03 5.780000000000000000e+03 4.650000000000000000e+03
1.616337400000000000e+08 3.480000000000000000e+03 1.880000000000000000e+03 5.780000000000000000e+03 4.650000000000000000e+03
1.616339480000000000e+08 3.480000000000000000e+03 1.870000000000000000e+03 5.790000000000000000e+03 4.660000000000000000e+03
1.616341550000000000e+08 3.480000000000000000e+03 1.850000000000000000e+03 5.790000000000000000e+03 4.670000000000000000e+03
1.616343630000000000e+08 3.470000000000000000e+03 1.850000000000000000e+03 5.790000000000000000e+03 4.670000000000000000e+03
1.616345710000000000e+08 3.480000000000000000e+03 1.860000000000000000e+03 5.780000000000000000e+03 4.660000000000000000e+03
1.616347800000000000e+08 3.470000000000000000e+03 1.860000000000000000e+03 5.780000000000000000e+03 4.660000000000000000e+03
1.616349870000000000e+08 3.480000000000000000e+03 1.890000000000000000e+03 5.780000000000000000e+03 4.670000000000000000e+03
1.616351960000000000e+08 3.480000000000000000e+03 1.910000000000000000e+03 5.780000000000000000e+03 4.670000000000000000e+03
1.616354040000000000e+08 3.470000000000000000e+03 1.930000000000000000e+03 5.790000000000000000e+03 4.660000000000000000e+03
1.616356120000000000e+08 3.490000000000000000e+03 1.920000000000000000e+03 5.790000000000000000e+03 4.660000000000000000e+03
1.616358190000000000e+08 3.490000000000000000e+03 1.920000000000000000e+03 5.790000000000000000e+03 4.650000000000000000e+03
1.616360270000000000e+08 3.490000000000000000e+03 1.930000000000000000e+03 5.790000000000000000e+03 4.650000000000000000e+03
1.616362360000000000e+08 3.480000000000000000e+03 1.930000000000000000e+03 5.790000000000000000e+03 4.650000000000000000e+03
1.616364440000000000e+08 3.490000000000000000e+03 1.940000000000000000e+03 5.790000000000000000e+03 4.650000000000000000e+03
1.616366510000000000e+08 3.480000000000000000e+03 1.940000000000000000e+03 5.790000000000000000e+03 4.640000000000000000e+03
1.616368590000000000e+08 3.480000000000000000e+03 1.940000000000000000e+03 5.790000000000000000e+03 4.640000000000000000e+03
1.616370670000000000e+08 3.480000000000000000e+03 1.920000000000000000e+03 5.790000000000000000e+03 4.640000000000000000e+03
1.616372590000000000e+08 3.480000000000000000e+03 1.920000000000000000e+03 5.790000000000000000e+03 4.640000000000000000e+03
1.616374670000000000e+08 3.480000000000000000e+03 1.920000000000000000e+03 5.780000000000000000e+03 4.650000000000000000e+03
1.616376750000000000e+08 3.490000000000000000e+03 1.930000000000000000e+03 5.780000000000000000e+03 4.650000000000000000e+03
1.616378830000000000e+08 3.480000000000000000e+03 1.910000000000000000e+03 5.780000000000000000e+03 4.660000000000000000e+03
1.616380910000000000e+08 3.480000000000000000e+03 1.930000000000000000e+03 5.780000000000000000e+03 4.660000000000000000e+03
1.616382990000000000e+08 3.470000000000000000e+03 1.930000000000000000e+03 5.780000000000000000e+03 4.660000000000000000e+03
1.616385070000000000e+08 3.460000000000000000e+03 1.930000000000000000e+03 5.780000000000000000e+03 4.650000000000000000e+03
1.616387150000000000e+08 3.460000000000000000e+03 1.930000000000000000e+03 5.780000000000000000e+03 4.640000000000000000e+03
1.616389230000000000e+08 3.470000000000000000e+03 1.920000000000000000e+03 5.780000000000000000e+03 4.640000000000000000e+03
1.616391310000000000e+08 3.470000000000000000e+03 1.930000000000000000e+03 5.780000000000000000e+03 4.640000000000000000e+03
1.616393390000000000e+08 3.460000000000000000e+03 1.920000000000000000e+03 5.790000000000000000e+03 4.650000000000000000e+03
1.616395470000000000e+08 3.460000000000000000e+03 1.930000000000000000e+03 5.790000000000000000e+03 4.650000000000000000e+03
1.616397550000000000e+08 3.460000000000000000e+03 1.940000000000000000e+03 5.790000000000000000e+03 4.650000000000000000e+03
1.616399630000000000e+08 3.460000000000000000e+03 1.930000000000000000e+03 5.790000000000000000e+03 4.660000000000000000e+03
1.616401700000000000e+08 3.460000000000000000e+03 1.920000000000000000e+03 5.780000000000000000e+03 4.650000000000000000e+03
1.616403780000000000e+08 3.470000000000000000e+03 1.930000000000000000e+03 5.790000000000000000e+03 4.650000000000000000e+03
1.616405710000000000e+08 3.470000000000000000e+03 1.920000000000000000e+03 5.790000000000000000e+03 4.650000000000000000e+03
1.616407790000000000e+08 3.470000000000000000e+03 1.930000000000000000e+03 5.790000000000000000e+03 4.650000000000000000e+03
1.616409870000000000e+08 3.470000000000000000e+03 1.920000000000000000e+03 5.790000000000000000e+03 4.650000000000000000e+03
1.616411950000000000e+08 3.460000000000000000e+03 1.940000000000000000e+03 5.790000000000000000e+03 4.650000000000000000e+03
1.616414020000000000e+08 3.470000000000000000e+03 1.940000000000000000e+03 5.790000000000000000e+03 4.650000000000000000e+03
1.616416100000000000e+08 3.480000000000000000e+03 1.930000000000000000e+03 5.780000000000000000e+03 4.650000000000000000e+03
1.616418180000000000e+08 3.470000000000000000e+03 1.940000000000000000e+03 5.780000000000000000e+03 4.650000000000000000e+03
1.616420260000000000e+08 3.470000000000000000e+03 1.960000000000000000e+03 5.780000000000000000e+03 4.660000000000000000e+03
1.616422340000000000e+08 3.470000000000000000e+03 1.980000000000000000e+03 5.780000000000000000e+03 4.670000000000000000e+03
1.616424420000000000e+08 3.480000000000000000e+03 2.030000000000000000e+03 5.780000000000000000e+03 4.660000000000000000e+03
1.616426500000000000e+08 3.490000000000000000e+03 2.070000000000000000e+03 5.780000000000000000e+03 4.650000000000000000e+03
1.616428580000000000e+08 3.480000000000000000e+03 2.070000000000000000e+03 5.790000000000000000e+03 4.650000000000000000e+03
1.616430660000000000e+08 3.480000000000000000e+03 2.110000000000000000e+03 5.780000000000000000e+03 4.640000000000000000e+03
1.616432740000000000e+08 3.470000000000000000e+03 2.070000000000000000e+03 5.780000000000000000e+03 4.640000000000000000e+03
1.616434820000000000e+08 3.470000000000000000e+03 2.030000000000000000e+03 5.780000000000000000e+03 4.650000000000000000e+03
1.616436900000000000e+08 3.470000000000000000e+03 1.970000000000000000e+03 5.780000000000000000e+03 4.650000000000000000e+03
1.616438980000000000e+08 3.470000000000000000e+03 1.920000000000000000e+03 5.770000000000000000e+03 4.650000000000000000e+03
1.616440900000000000e+08 3.470000000000000000e+03 1.920000000000000000e+03 5.770000000000000000e+03 4.650000000000000000e+03
1.616442970000000000e+08 3.460000000000000000e+03 1.920000000000000000e+03 5.770000000000000000e+03 4.650000000000000000e+03
1.616445050000000000e+08 3.470000000000000000e+03 1.920000000000000000e+03 5.780000000000000000e+03 4.670000000000000000e+03
1.616447140000000000e+08 3.470000000000000000e+03 1.910000000000000000e+03 5.790000000000000000e+03 4.680000000000000000e+03
1.616449210000000000e+08 3.470000000000000000e+03 1.910000000000000000e+03 5.790000000000000000e+03 4.670000000000000000e+03
1.616451300000000000e+08 3.470000000000000000e+03 1.890000000000000000e+03 5.790000000000000000e+03 4.660000000000000000e+03
1.616528240000000000e+08 3.480000000000000000e+03 1.490000000000000000e+03 5.800000000000000000e+03 5.050000000000000000e+03
1.616530320000000000e+08 3.470000000000000000e+03 1.490000000000000000e+03 5.790000000000000000e+03 4.970000000000000000e+03
1.616532400000000000e+08 3.470000000000000000e+03 1.490000000000000000e+03 5.790000000000000000e+03 4.890000000000000000e+03
1.616534470000000000e+08 3.470000000000000000e+03 1.490000000000000000e+03 5.780000000000000000e+03 4.860000000000000000e+03
1.616536550000000000e+08 3.490000000000000000e+03 1.500000000000000000e+03 5.780000000000000000e+03 4.860000000000000000e+03
1.616538630000000000e+08 3.480000000000000000e+03 1.510000000000000000e+03 5.780000000000000000e+03 4.840000000000000000e+03
1.616540720000000000e+08 3.490000000000000000e+03 1.500000000000000000e+03 5.780000000000000000e+03 4.840000000000000000e+03
1.616542790000000000e+08 3.470000000000000000e+03 1.510000000000000000e+03 5.780000000000000000e+03 4.840000000000000000e+03
1.616544870000000000e+08 3.480000000000000000e+03 1.500000000000000000e+03 5.780000000000000000e+03 4.850000000000000000e+03
1.616546950000000000e+08 3.470000000000000000e+03 1.490000000000000000e+03 5.770000000000000000e+03 4.880000000000000000e+03
1.616549030000000000e+08 3.470000000000000000e+03 1.490000000000000000e+03 5.770000000000000000e+03 4.910000000000000000e+03
1.616551110000000000e+08 3.470000000000000000e+03 1.500000000000000000e+03 5.770000000000000000e+03 4.870000000000000000e+03
1.616553190000000000e+08 3.460000000000000000e+03 1.490000000000000000e+03 5.780000000000000000e+03 4.860000000000000000e+03
1.616555260000000000e+08 3.480000000000000000e+03 1.490000000000000000e+03 5.780000000000000000e+03 4.870000000000000000e+03
1.616557350000000000e+08 3.480000000000000000e+03 1.470000000000000000e+03 5.780000000000000000e+03 4.890000000000000000e+03
1.616559430000000000e+08 3.470000000000000000e+03 1.490000000000000000e+03 5.780000000000000000e+03 4.920000000000000000e+03
1.616561510000000000e+08 3.490000000000000000e+03 1.470000000000000000e+03 5.780000000000000000e+03 4.920000000000000000e+03
1.616563590000000000e+08 3.480000000000000000e+03 1.470000000000000000e+03 5.780000000000000000e+03 4.910000000000000000e+03
1.616565660000000000e+08 3.480000000000000000e+03 1.470000000000000000e+03 5.790000000000000000e+03 4.910000000000000000e+03
1.616567750000000000e+08 3.470000000000000000e+03 1.470000000000000000e+03 5.790000000000000000e+03 4.910000000000000000e+03
1.616569830000000000e+08 3.480000000000000000e+03 1.470000000000000000e+03 5.780000000000000000e+03 4.890000000000000000e+03
1.616571910000000000e+08 3.470000000000000000e+03 1.470000000000000000e+03 5.780000000000000000e+03 5.140000000000000000e+03
1.616573990000000000e+08 3.480000000000000000e+03 1.470000000000000000e+03 5.780000000000000000e+03 5.300000000000000000e+03
1.616576070000000000e+08 3.470000000000000000e+03 1.490000000000000000e+03 5.790000000000000000e+03 5.560000000000000000e+03
1.616578150000000000e+08 3.480000000000000000e+03 1.460000000000000000e+03 5.790000000000000000e+03 5.630000000000000000e+03
1.616580230000000000e+08 3.480000000000000000e+03 1.460000000000000000e+03 5.790000000000000000e+03 5.730000000000000000e+03
1.616582300000000000e+08 3.480000000000000000e+03 1.470000000000000000e+03 5.780000000000000000e+03 5.650000000000000000e+03
1.616584390000000000e+08 3.490000000000000000e+03 1.470000000000000000e+03 5.780000000000000000e+03 5.630000000000000000e+03
1.616586460000000000e+08 3.480000000000000000e+03 1.490000000000000000e+03 5.780000000000000000e+03 5.610000000000000000e+03
1.616588540000000000e+08 3.490000000000000000e+03 1.490000000000000000e+03 5.780000000000000000e+03 5.620000000000000000e+03
1.616590620000000000e+08 3.490000000000000000e+03 1.470000000000000000e+03 5.780000000000000000e+03 5.650000000000000000e+03
1.616592700000000000e+08 3.480000000000000000e+03 1.490000000000000000e+03 5.780000000000000000e+03 5.670000000000000000e+03
1.616594780000000000e+08 3.470000000000000000e+03 1.470000000000000000e+03 5.780000000000000000e+03 5.700000000000000000e+03
1.616596870000000000e+08 3.470000000000000000e+03 1.460000000000000000e+03 5.780000000000000000e+03 5.700000000000000000e+03
1.616598940000000000e+08 3.480000000000000000e+03 1.460000000000000000e+03 5.780000000000000000e+03 5.500000000000000000e+03
1.617001020000000000e+08 3.480000000000000000e+03 1.460000000000000000e+03 5.780000000000000000e+03 5.570000000000000000e+03
1.617003100000000000e+08 3.480000000000000000e+03 1.460000000000000000e+03 5.780000000000000000e+03 5.570000000000000000e+03
1.617005180000000000e+08 3.480000000000000000e+03 1.490000000000000000e+03 5.790000000000000000e+03 5.580000000000000000e+03
1.617007260000000000e+08 3.480000000000000000e+03 1.470000000000000000e+03 5.790000000000000000e+03 5.560000000000000000e+03
1.617009340000000000e+08 3.490000000000000000e+03 1.470000000000000000e+03 5.800000000000000000e+03 5.520000000000000000e+03
1.617011420000000000e+08 3.480000000000000000e+03 1.470000000000000000e+03 5.790000000000000000e+03 5.520000000000000000e+03
1.617013500000000000e+08 3.480000000000000000e+03 1.500000000000000000e+03 5.790000000000000000e+03 5.510000000000000000e+03
1.617015580000000000e+08 3.480000000000000000e+03 1.500000000000000000e+03 5.790000000000000000e+03 5.500000000000000000e+03
1.617017650000000000e+08 3.490000000000000000e+03 1.500000000000000000e+03 5.790000000000000000e+03 5.480000000000000000e+03
1.617019730000000000e+08 3.500000000000000000e+03 1.490000000000000000e+03 5.780000000000000000e+03 5.460000000000000000e+03
1.617021820000000000e+08 3.500000000000000000e+03 1.490000000000000000e+03 5.780000000000000000e+03 5.470000000000000000e+03
1.617023900000000000e+08 3.490000000000000000e+03 1.470000000000000000e+03 5.780000000000000000e+03 5.500000000000000000e+03
1.617025980000000000e+08 3.500000000000000000e+03 1.460000000000000000e+03 5.780000000000000000e+03 5.520000000000000000e+03
1.617028050000000000e+08 3.500000000000000000e+03 1.460000000000000000e+03 5.780000000000000000e+03 5.560000000000000000e+03
1.617030140000000000e+08 3.490000000000000000e+03 1.460000000000000000e+03 5.780000000000000000e+03 5.550000000000000000e+03
1.617032220000000000e+08 3.480000000000000000e+03 1.470000000000000000e+03 5.790000000000000000e+03 5.550000000000000000e+03
1.617034290000000000e+08 3.480000000000000000e+03 1.470000000000000000e+03 5.790000000000000000e+03 5.550000000000000000e+03
1.617036370000000000e+08 3.480000000000000000e+03 1.460000000000000000e+03 5.790000000000000000e+03 5.540000000000000000e+03
1.617038450000000000e+08 3.470000000000000000e+03 1.470000000000000000e+03 5.790000000000000000e+03 5.550000000000000000e+03
1.617040530000000000e+08 3.470000000000000000e+03 1.470000000000000000e+03 5.790000000000000000e+03 5.560000000000000000e+03
1.617042610000000000e+08 3.480000000000000000e+03 1.460000000000000000e+03 5.790000000000000000e+03 5.620000000000000000e+03
1.617044690000000000e+08 3.480000000000000000e+03 1.490000000000000000e+03 5.790000000000000000e+03 5.430000000000000000e+03
1.617046770000000000e+08 3.470000000000000000e+03 1.490000000000000000e+03 5.780000000000000000e+03 5.350000000000000000e+03
1.617048840000000000e+08 3.460000000000000000e+03 1.490000000000000000e+03 5.780000000000000000e+03 5.330000000000000000e+03
1.617050930000000000e+08 3.460000000000000000e+03 1.470000000000000000e+03 5.790000000000000000e+03 5.300000000000000000e+03
1.617053010000000000e+08 3.470000000000000000e+03 1.470000000000000000e+03 5.790000000000000000e+03 5.280000000000000000e+03
1.617055090000000000e+08 3.470000000000000000e+03 1.490000000000000000e+03 5.790000000000000000e+03 5.260000000000000000e+03
1.617057170000000000e+08 3.460000000000000000e+03 1.490000000000000000e+03 5.790000000000000000e+03 5.240000000000000000e+03
1.617059250000000000e+08 3.460000000000000000e+03 1.490000000000000000e+03 5.790000000000000000e+03 5.200000000000000000e+03
1.617061320000000000e+08 3.460000000000000000e+03 1.500000000000000000e+03 5.790000000000000000e+03 5.120000000000000000e+03
1.617063410000000000e+08 3.460000000000000000e+03 1.500000000000000000e+03 5.780000000000000000e+03 5.050000000000000000e+03
1.617065490000000000e+08 3.470000000000000000e+03 1.490000000000000000e+03 5.780000000000000000e+03 5.020000000000000000e+03
1.617067560000000000e+08 3.490000000000000000e+03 1.500000000000000000e+03 5.780000000000000000e+03 4.990000000000000000e+03
1.617069650000000000e+08 3.490000000000000000e+03 1.500000000000000000e+03 5.780000000000000000e+03 4.990000000000000000e+03
1.617071730000000000e+08 3.480000000000000000e+03 1.470000000000000000e+03 5.780000000000000000e+03 5.010000000000000000e+03
1.617073800000000000e+08 3.470000000000000000e+03 1.470000000000000000e+03 5.780000000000000000e+03 5.050000000000000000e+03
1.617075880000000000e+08 3.470000000000000000e+03 1.490000000000000000e+03 5.790000000000000000e+03 5.070000000000000000e+03
1.617077960000000000e+08 3.470000000000000000e+03 1.490000000000000000e+03 5.790000000000000000e+03 5.080000000000000000e+03
1.617080040000000000e+08 3.470000000000000000e+03 1.500000000000000000e+03 5.790000000000000000e+03 5.080000000000000000e+03
1.617082120000000000e+08 3.470000000000000000e+03 1.500000000000000000e+03 5.790000000000000000e+03 5.040000000000000000e+03
1.617084200000000000e+08 3.470000000000000000e+03 1.500000000000000000e+03 5.780000000000000000e+03 5.030000000000000000e+03
1.617086280000000000e+08 3.470000000000000000e+03 1.500000000000000000e+03 5.780000000000000000e+03 5.060000000000000000e+03
1.617088360000000000e+08 3.480000000000000000e+03 1.500000000000000000e+03 5.780000000000000000e+03 5.040000000000000000e+03
1.617090440000000000e+08 3.470000000000000000e+03 1.490000000000000000e+03 5.780000000000000000e+03 5.030000000000000000e+03
1.617092520000000000e+08 3.470000000000000000e+03 1.490000000000000000e+03 5.780000000000000000e+03 5.020000000000000000e+03
1.617094590000000000e+08 3.480000000000000000e+03 1.490000000000000000e+03 5.780000000000000000e+03 5.020000000000000000e+03
1.617096680000000000e+08 3.470000000000000000e+03 1.490000000000000000e+03 5.780000000000000000e+03 5.070000000000000000e+03
1.617098760000000000e+08 3.470000000000000000e+03 1.490000000000000000e+03 5.780000000000000000e+03 5.110000000000000000e+03
1.617100830000000000e+08 3.480000000000000000e+03 1.490000000000000000e+03 5.780000000000000000e+03 5.140000000000000000e+03
1.617102920000000000e+08 3.470000000000000000e+03 1.490000000000000000e+03 5.790000000000000000e+03 5.140000000000000000e+03
1.617105000000000000e+08 3.480000000000000000e+03 1.490000000000000000e+03 5.790000000000000000e+03 5.110000000000000000e+03
1.617107080000000000e+08 3.480000000000000000e+03 1.490000000000000000e+03 5.790000000000000000e+03 5.100000000000000000e+03
1.617109160000000000e+08 3.480000000000000000e+03 1.490000000000000000e+03 5.790000000000000000e+03 5.070000000000000000e+03
1.617111230000000000e+08 3.480000000000000000e+03 1.490000000000000000e+03 5.790000000000000000e+03 5.070000000000000000e+03
1.617113310000000000e+08 3.480000000000000000e+03 1.470000000000000000e+03 5.780000000000000000e+03 5.060000000000000000e+03
1.617115400000000000e+08 3.480000000000000000e+03 1.470000000000000000e+03 5.780000000000000000e+03 5.100000000000000000e+03
1.617117480000000000e+08 3.480000000000000000e+03 1.470000000000000000e+03 5.780000000000000000e+03 5.090000000000000000e+03
1.617119550000000000e+08 3.470000000000000000e+03 1.470000000000000000e+03 5.780000000000000000e+03 5.090000000000000000e+03
1.617121630000000000e+08 3.460000000000000000e+03 1.460000000000000000e+03 5.790000000000000000e+03 5.080000000000000000e+03
1.617123710000000000e+08 3.460000000000000000e+03 1.470000000000000000e+03 5.790000000000000000e+03 5.070000000000000000e+03
1.617125790000000000e+08 3.460000000000000000e+03 1.490000000000000000e+03 5.790000000000000000e+03 5.070000000000000000e+03
1.617127870000000000e+08 3.470000000000000000e+03 1.490000000000000000e+03 5.790000000000000000e+03 5.100000000000000000e+03
1.617129950000000000e+08 3.470000000000000000e+03 1.470000000000000000e+03 5.790000000000000000e+03 5.070000000000000000e+03
1.617132030000000000e+08 3.470000000000000000e+03 1.470000000000000000e+03 5.790000000000000000e+03 5.100000000000000000e+03
1.617134110000000000e+08 3.480000000000000000e+03 1.470000000000000000e+03 5.790000000000000000e+03 5.150000000000000000e+03
1.617136200000000000e+08 3.470000000000000000e+03 1.470000000000000000e+03 5.780000000000000000e+03 5.160000000000000000e+03
1.617138270000000000e+08 3.460000000000000000e+03 1.460000000000000000e+03 5.780000000000000000e+03 5.160000000000000000e+03
1.617140350000000000e+08 3.470000000000000000e+03 1.470000000000000000e+03 5.780000000000000000e+03 5.160000000000000000e+03
1.617142430000000000e+08 3.470000000000000000e+03 1.470000000000000000e+03 5.780000000000000000e+03 5.170000000000000000e+03
1.617144670000000000e+08 3.470000000000000000e+03 1.490000000000000000e+03 5.780000000000000000e+03 5.170000000000000000e+03
1.617146590000000000e+08 3.470000000000000000e+03 1.490000000000000000e+03 5.780000000000000000e+03 5.160000000000000000e+03
1.617148670000000000e+08 3.460000000000000000e+03 1.500000000000000000e+03 5.780000000000000000e+03 5.150000000000000000e+03
1.617150750000000000e+08 3.460000000000000000e+03 1.500000000000000000e+03 5.790000000000000000e+03 5.160000000000000000e+03
1.617152820000000000e+08 3.460000000000000000e+03 1.500000000000000000e+03 5.790000000000000000e+03 5.170000000000000000e+03
1.617154910000000000e+08 3.450000000000000000e+03 1.500000000000000000e+03 5.790000000000000000e+03 5.190000000000000000e+03
1.617156980000000000e+08 3.450000000000000000e+03 1.490000000000000000e+03 5.790000000000000000e+03 5.180000000000000000e+03
1.617159070000000000e+08 3.460000000000000000e+03 1.490000000000000000e+03 5.790000000000000000e+03 5.170000000000000000e+03
1.617161140000000000e+08 3.480000000000000000e+03 1.490000000000000000e+03 5.790000000000000000e+03 5.160000000000000000e+03
1.617163230000000000e+08 3.480000000000000000e+03 1.490000000000000000e+03 5.790000000000000000e+03 5.180000000000000000e+03
1.617165300000000000e+08 3.480000000000000000e+03 1.470000000000000000e+03 5.790000000000000000e+03 5.170000000000000000e+03
1.617167380000000000e+08 3.480000000000000000e+03 1.490000000000000000e+03 5.790000000000000000e+03 5.150000000000000000e+03
1.617169460000000000e+08 3.490000000000000000e+03 1.490000000000000000e+03 5.790000000000000000e+03 5.150000000000000000e+03
1.617171540000000000e+08 3.500000000000000000e+03 1.490000000000000000e+03 5.780000000000000000e+03 5.150000000000000000e+03
1.617173620000000000e+08 3.500000000000000000e+03 1.470000000000000000e+03 5.790000000000000000e+03 5.150000000000000000e+03
1.617175700000000000e+08 3.500000000000000000e+03 1.490000000000000000e+03 5.790000000000000000e+03 5.160000000000000000e+03
1.617177780000000000e+08 3.500000000000000000e+03 1.470000000000000000e+03 5.780000000000000000e+03 5.160000000000000000e+03
1.617179850000000000e+08 3.490000000000000000e+03 1.490000000000000000e+03 5.780000000000000000e+03 5.170000000000000000e+03
1.617181930000000000e+08 3.490000000000000000e+03 1.470000000000000000e+03 5.780000000000000000e+03 5.190000000000000000e+03
1.617184030000000000e+08 3.500000000000000000e+03 1.470000000000000000e+03 5.780000000000000000e+03 5.180000000000000000e+03
1.617186090000000000e+08 3.490000000000000000e+03 1.490000000000000000e+03 5.780000000000000000e+03 5.190000000000000000e+03
1.617188290000000000e+08 3.480000000000000000e+03 1.490000000000000000e+03 5.790000000000000000e+03 5.180000000000000000e+03
1.617190260000000000e+08 3.480000000000000000e+03 1.490000000000000000e+03 5.790000000000000000e+03 5.140000000000000000e+03
1.617192330000000000e+08 3.490000000000000000e+03 1.490000000000000000e+03 5.790000000000000000e+03 5.130000000000000000e+03
