9.251421900000000000e+07 3.170000000000000000e+03 4.700000000000000000e+03 2.770000000000000000e+03 4.620000000000000000e+03
9.251442700000000000e+07 3.140000000000000000e+03 4.700000000000000000e+03 2.780000000000000000e+03 4.620000000000000000e+03
9.251463500000000000e+07 3.140000000000000000e+03 4.690000000000000000e+03 2.790000000000000000e+03 4.620000000000000000e+03
9.251484200000000000e+07 3.160000000000000000e+03 4.700000000000000000e+03 2.790000000000000000e+03 4.630000000000000000e+03
9.251525900000000000e+07 3.130000000000000000e+03 4.700000000000000000e+03 2.790000000000000000e+03 4.630000000000000000e+03
9.251546700000000000e+07 3.120000000000000000e+03 4.710000000000000000e+03 2.780000000000000000e+03 4.630000000000000000e+03
9.251567500000000000e+07 3.110000000000000000e+03 4.700000000000000000e+03 2.770000000000000000e+03 4.620000000000000000e+03
9.251588300000000000e+07 3.160000000000000000e+03 4.700000000000000000e+03 2.770000000000000000e+03 4.610000000000000000e+03
9.251609100000000000e+07 3.160000000000000000e+03 4.700000000000000000e+03 2.770000000000000000e+03 4.610000000000000000e+03
9.251629900000000000e+07 3.160000000000000000e+03 4.700000000000000000e+03 2.770000000000000000e+03 4.610000000000000000e+03
9.251650600000000000e+07 3.140000000000000000e+03 4.700000000000000000e+03 2.780000000000000000e+03 4.600000000000000000e+03
9.251671400000000000e+07 3.100000000000000000e+03 4.710000000000000000e+03 2.770000000000000000e+03 4.610000000000000000e+03
9.251692200000000000e+07 3.120000000000000000e+03 4.710000000000000000e+03 2.770000000000000000e+03 4.610000000000000000e+03
9.251713100000000000e+07 3.160000000000000000e+03 4.710000000000000000e+03 2.770000000000000000e+03 4.620000000000000000e+03
9.251733900000000000e+07 3.110000000000000000e+03 4.720000000000000000e+03 2.770000000000000000e+03 4.610000000000000000e+03
9.251754700000000000e+07 3.090000000000000000e+03 4.710000000000000000e+03 2.780000000000000000e+03 4.610000000000000000e+03
9.251775500000000000e+07 3.150000000000000000e+03 4.710000000000000000e+03 2.780000000000000000e+03 4.610000000000000000e+03
9.251796300000000000e+07 3.120000000000000000e+03 4.710000000000000000e+03 2.780000000000000000e+03 4.610000000000000000e+03
9.251817100000000000e+07 3.140000000000000000e+03 4.710000000000000000e+03 2.770000000000000000e+03 4.620000000000000000e+03
9.251837900000000000e+07 3.100000000000000000e+03 4.710000000000000000e+03 2.770000000000000000e+03 4.620000000000000000e+03
9.251858700000000000e+07 3.120000000000000000e+03 4.710000000000000000e+03 2.770000000000000000e+03 4.620000000000000000e+03
9.251879400000000000e+07 3.080000000000000000e+03 4.710000000000000000e+03 2.770000000000000000e+03 4.610000000000000000e+03
9.251900200000000000e+07 3.100000000000000000e+03 4.700000000000000000e+03 2.770000000000000000e+03 4.610000000000000000e+03
9.251921000000000000e+07 3.080000000000000000e+03 4.700000000000000000e+03 2.770000000000000000e+03 4.610000000000000000e+03
9.251941800000000000e+07 3.090000000000000000e+03 4.700000000000000000e+03 2.770000000000000000e+03 4.620000000000000000e+03
9.251962600000000000e+07 3.150000000000000000e+03 4.700000000000000000e+03 2.770000000000000000e+03 4.620000000000000000e+03
9.251983400000000000e+07 3.080000000000000000e+03 4.700000000000000000e+03 2.770000000000000000e+03 4.610000000000000000e+03
9.252004200000000000e+07 3.100000000000000000e+03 4.700000000000000000e+03 2.780000000000000000e+03 4.610000000000000000e+03
9.252025000000000000e+07 3.150000000000000000e+03 4.700000000000000000e+03 2.780000000000000000e+03 4.600000000000000000e+03
9.252045800000000000e+07 3.130000000000000000e+03 4.700000000000000000e+03 2.780000000000000000e+03 4.610000000000000000e+03
9.252066600000000000e+07 3.080000000000000000e+03 4.700000000000000000e+03 2.780000000000000000e+03 4.610000000000000000e+03
9.252087400000000000e+07 3.090000000000000000e+03 4.710000000000000000e+03 2.780000000000000000e+03 4.610000000000000000e+03
9.252108200000000000e+07 3.120000000000000000e+03 4.700000000000000000e+03 2.780000000000000000e+03 4.620000000000000000e+03
9.252128900000000000e+07 3.140000000000000000e+03 4.700000000000000000e+03 2.780000000000000000e+03 4.620000000000000000e+03
9.252149800000000000e+07 3.100000000000000000e+03 4.700000000000000000e+03 2.780000000000000000e+03 4.610000000000000000e+03
9.252170600000000000e+07 3.140000000000000000e+03 4.700000000000000000e+03 2.780000000000000000e+03 4.600000000000000000e+03
9.252191400000000000e+07 3.110000000000000000e+03 4.700000000000000000e+03 2.780000000000000000e+03 4.610000000000000000e+03
9.252212200000000000e+07 3.110000000000000000e+03 4.710000000000000000e+03 2.780000000000000000e+03 4.600000000000000000e+03
9.252232900000000000e+07 3.150000000000000000e+03 4.710000000000000000e+03 2.780000000000000000e+03 4.600000000000000000e+03
9.252253800000000000e+07 3.090000000000000000e+03 4.710000000000000000e+03 2.780000000000000000e+03 4.600000000000000000e+03
9.252274600000000000e+07 3.100000000000000000e+03 4.710000000000000000e+03 2.780000000000000000e+03 4.600000000000000000e+03
9.252295300000000000e+07 3.110000000000000000e+03 4.700000000000000000e+03 2.780000000000000000e+03 4.600000000000000000e+03
9.252316100000000000e+07 3.110000000000000000e+03 4.700000000000000000e+03 2.770000000000000000e+03 4.600000000000000000e+03
9.252336900000000000e+07 3.100000000000000000e+03 4.710000000000000000e+03 2.770000000000000000e+03 4.610000000000000000e+03
9.252357700000000000e+07 3.080000000000000000e+03 4.700000000000000000e+03 2.770000000000000000e+03 4.620000000000000000e+03
9.252378500000000000e+07 3.110000000000000000e+03 4.700000000000000000e+03 2.770000000000000000e+03 4.620000000000000000e+03
9.252399300000000000e+07 3.110000000000000000e+03 4.710000000000000000e+03 2.770000000000000000e+03 4.620000000000000000e+03
9.252420100000000000e+07 3.110000000000000000e+03 4.710000000000000000e+03 2.770000000000000000e+03 4.610000000000000000e+03
9.252440900000000000e+07 3.090000000000000000e+03 4.710000000000000000e+03 2.770000000000000000e+03 4.620000000000000000e+03
9.252461700000000000e+07 3.150000000000000000e+03 4.710000000000000000e+03 2.760000000000000000e+03 4.610000000000000000e+03
9.252482500000000000e+07 3.130000000000000000e+03 4.710000000000000000e+03 2.760000000000000000e+03 4.610000000000000000e+03
9.252503300000000000e+07 3.090000000000000000e+03 4.710000000000000000e+03 2.760000000000000000e+03 4.610000000000000000e+03
9.252524100000000000e+07 3.150000000000000000e+03 4.710000000000000000e+03 2.760000000000000000e+03 4.610000000000000000e+03
9.252544900000000000e+07 3.090000000000000000e+03 4.710000000000000000e+03 2.760000000000000000e+03 4.610000000000000000e+03
9.252565600000000000e+07 3.100000000000000000e+03 4.710000000000000000e+03 2.760000000000000000e+03 4.610000000000000000e+03
9.252586500000000000e+07 3.100000000000000000e+03 4.710000000000000000e+03 2.770000000000000000e+03 4.610000000000000000e+03
9.252607300000000000e+07 3.120000000000000000e+03 4.710000000000000000e+03 2.770000000000000000e+03 4.620000000000000000e+03
9.252628100000000000e+07 3.140000000000000000e+03 4.710000000000000000e+03 2.760000000000000000e+03 4.620000000000000000e+03
9.252648900000000000e+07 3.070000000000000000e+03 4.720000000000000000e+03 2.760000000000000000e+03 4.620000000000000000e+03
9.252669600000000000e+07 3.070000000000000000e+03 4.710000000000000000e+03 2.760000000000000000e+03 4.620000000000000000e+03
9.252690500000000000e+07 3.070000000000000000e+03 4.710000000000000000e+03 2.760000000000000000e+03 4.620000000000000000e+03
9.252711200000000000e+07 3.130000000000000000e+03 4.710000000000000000e+03 2.760000000000000000e+03 4.610000000000000000e+03
9.252732000000000000e+07 3.120000000000000000e+03 4.710000000000000000e+03 2.760000000000000000e+03 4.620000000000000000e+03
9.252752800000000000e+07 3.120000000000000000e+03 4.710000000000000000e+03 2.760000000000000000e+03 4.610000000000000000e+03
9.252773600000000000e+07 3.090000000000000000e+03 4.710000000000000000e+03 2.760000000000000000e+03 4.620000000000000000e+03
9.252794400000000000e+07 3.140000000000000000e+03 4.710000000000000000e+03 2.770000000000000000e+03 4.620000000000000000e+03
9.252815200000000000e+07 3.100000000000000000e+03 4.710000000000000000e+03 2.780000000000000000e+03 4.610000000000000000e+03
9.252836000000000000e+07 3.130000000000000000e+03 4.710000000000000000e+03 2.780000000000000000e+03 4.620000000000000000e+03
9.252856800000000000e+07 3.080000000000000000e+03 4.710000000000000000e+03 2.780000000000000000e+03 4.620000000000000000e+03
9.252877600000000000e+07 3.130000000000000000e+03 4.710000000000000000e+03 2.780000000000000000e+03 4.620000000000000000e+03
9.252898500000000000e+07 3.090000000000000000e+03 4.710000000000000000e+03 2.770000000000000000e+03 4.610000000000000000e+03
9.252919200000000000e+07 3.150000000000000000e+03 4.710000000000000000e+03 2.770000000000000000e+03 4.610000000000000000e+03
9.252940000000000000e+07 3.140000000000000000e+03 4.710000000000000000e+03 2.780000000000000000e+03 4.620000000000000000e+03
9.252960800000000000e+07 3.140000000000000000e+03 4.710000000000000000e+03 2.780000000000000000e+03 4.610000000000000000e+03
9.252981600000000000e+07 3.100000000000000000e+03 4.710000000000000000e+03 2.770000000000000000e+03 4.610000000000000000e+03
9.253002400000000000e+07 3.140000000000000000e+03 4.700000000000000000e+03 2.770000000000000000e+03 4.620000000000000000e+03
9.253023200000000000e+07 3.080000000000000000e+03 4.700000000000000000e+03 2.780000000000000000e+03 4.610000000000000000e+03
9.253044000000000000e+07 3.130000000000000000e+03 4.700000000000000000e+03 2.780000000000000000e+03 4.610000000000000000e+03
9.253064700000000000e+07 3.080000000000000000e+03 4.710000000000000000e+03 2.780000000000000000e+03 4.610000000000000000e+03
9.253085500000000000e+07 3.060000000000000000e+03 4.710000000000000000e+03 2.780000000000000000e+03 4.610000000000000000e+03
9.253106400000000000e+07 3.090000000000000000e+03 4.710000000000000000e+03 2.770000000000000000e+03 4.610000000000000000e+03
9.253127200000000000e+07 3.070000000000000000e+03 4.710000000000000000e+03 2.770000000000000000e+03 4.600000000000000000e+03
9.253147900000000000e+07 3.140000000000000000e+03 4.710000000000000000e+03 2.770000000000000000e+03 4.600000000000000000e+03
9.253168700000000000e+07 3.090000000000000000e+03 4.710000000000000000e+03 2.780000000000000000e+03 4.600000000000000000e+03
9.253189500000000000e+07 3.150000000000000000e+03 4.710000000000000000e+03 2.780000000000000000e+03 4.600000000000000000e+03
9.253210200000000000e+07 3.070000000000000000e+03 4.710000000000000000e+03 2.780000000000000000e+03 4.610000000000000000e+03
9.253231100000000000e+07 3.100000000000000000e+03 4.710000000000000000e+03 2.780000000000000000e+03 4.610000000000000000e+03
9.253251800000000000e+07 3.130000000000000000e+03 4.720000000000000000e+03 2.770000000000000000e+03 4.620000000000000000e+03
9.253272700000000000e+07 3.080000000000000000e+03 4.710000000000000000e+03 2.770000000000000000e+03 4.610000000000000000e+03
9.253293500000000000e+07 3.080000000000000000e+03 4.700000000000000000e+03 2.770000000000000000e+03 4.610000000000000000e+03
9.253314300000000000e+07 3.120000000000000000e+03 4.690000000000000000e+03 2.770000000000000000e+03 4.610000000000000000e+03
9.253335100000000000e+07 3.060000000000000000e+03 4.700000000000000000e+03 2.780000000000000000e+03 4.620000000000000000e+03
9.253355900000000000e+07 3.080000000000000000e+03 4.690000000000000000e+03 2.780000000000000000e+03 4.620000000000000000e+03
9.253376700000000000e+07 3.140000000000000000e+03 4.690000000000000000e+03 2.780000000000000000e+03 4.620000000000000000e+03
9.253397400000000000e+07 3.080000000000000000e+03 4.700000000000000000e+03 2.780000000000000000e+03 4.620000000000000000e+03
9.253418200000000000e+07 3.120000000000000000e+03 4.700000000000000000e+03 2.770000000000000000e+03 4.620000000000000000e+03
9.253439100000000000e+07 3.100000000000000000e+03 4.700000000000000000e+03 2.770000000000000000e+03 4.620000000000000000e+03
9.253459900000000000e+07 3.070000000000000000e+03 4.700000000000000000e+03 2.770000000000000000e+03 4.620000000000000000e+03
9.253480600000000000e+07 3.140000000000000000e+03 4.700000000000000000e+03 2.770000000000000000e+03 4.630000000000000000e+03
9.253501500000000000e+07 3.080000000000000000e+03 4.700000000000000000e+03 2.770000000000000000e+03 4.630000000000000000e+03
9.253522200000000000e+07 3.070000000000000000e+03 4.700000000000000000e+03 2.770000000000000000e+03 4.630000000000000000e+03
9.253543100000000000e+07 3.080000000000000000e+03 4.700000000000000000e+03 2.770000000000000000e+03 4.630000000000000000e+03
9.253563800000000000e+07 3.100000000000000000e+03 4.700000000000000000e+03 2.770000000000000000e+03 4.620000000000000000e+03
9.253584600000000000e+07 3.110000000000000000e+03 4.700000000000000000e+03 2.770000000000000000e+03 4.610000000000000000e+03
9.253605400000000000e+07 3.070000000000000000e+03 4.700000000000000000e+03 2.770000000000000000e+03 4.600000000000000000e+03
9.253626200000000000e+07 3.140000000000000000e+03 4.700000000000000000e+03 2.770000000000000000e+03 4.600000000000000000e+03
9.253647000000000000e+07 2.620000000000000000e+03 5.160000000000000000e+03 2.770000000000000000e+03 4.610000000000000000e+03
9.253667800000000000e+07 2.620000000000000000e+03 5.220000000000000000e+03 2.780000000000000000e+03 4.610000000000000000e+03
9.253688600000000000e+07 2.620000000000000000e+03 5.220000000000000000e+03 2.780000000000000000e+03 4.610000000000000000e+03
9.253709300000000000e+07 2.620000000000000000e+03 5.180000000000000000e+03 2.770000000000000000e+03 4.610000000000000000e+03
9.253730200000000000e+07 2.620000000000000000e+03 5.220000000000000000e+03 2.760000000000000000e+03 4.600000000000000000e+03
9.253751000000000000e+07 2.610000000000000000e+03 5.190000000000000000e+03 2.760000000000000000e+03 4.610000000000000000e+03
9.253771800000000000e+07 2.610000000000000000e+03 5.170000000000000000e+03 2.770000000000000000e+03 4.610000000000000000e+03
9.253792600000000000e+07 2.620000000000000000e+03 5.190000000000000000e+03 2.770000000000000000e+03 4.610000000000000000e+03
9.253813400000000000e+07 2.620000000000000000e+03 5.190000000000000000e+03 2.780000000000000000e+03 4.610000000000000000e+03
9.253834200000000000e+07 2.620000000000000000e+03 5.190000000000000000e+03 2.780000000000000000e+03 4.610000000000000000e+03
9.253855000000000000e+07 2.620000000000000000e+03 5.170000000000000000e+03 2.780000000000000000e+03 4.610000000000000000e+03
9.253875800000000000e+07 2.620000000000000000e+03 5.170000000000000000e+03 2.770000000000000000e+03 4.610000000000000000e+03
9.253896600000000000e+07 2.620000000000000000e+03 5.210000000000000000e+03 2.770000000000000000e+03 4.610000000000000000e+03
9.253917300000000000e+07 2.620000000000000000e+03 5.200000000000000000e+03 2.770000000000000000e+03 4.610000000000000000e+03
9.253938100000000000e+07 2.620000000000000000e+03 5.190000000000000000e+03 2.780000000000000000e+03 4.610000000000000000e+03
9.253959000000000000e+07 2.620000000000000000e+03 5.200000000000000000e+03 2.770000000000000000e+03 4.610000000000000000e+03
9.253979700000000000e+07 2.620000000000000000e+03 5.180000000000000000e+03 2.770000000000000000e+03 4.610000000000000000e+03
9.254000500000000000e+07 2.620000000000000000e+03 5.180000000000000000e+03 2.770000000000000000e+03 4.610000000000000000e+03
9.254021300000000000e+07 2.620000000000000000e+03 5.180000000000000000e+03 2.770000000000000000e+03 4.610000000000000000e+03
9.254042100000000000e+07 2.620000000000000000e+03 5.180000000000000000e+03 2.770000000000000000e+03 4.610000000000000000e+03
9.254062900000000000e+07 2.630000000000000000e+03 5.170000000000000000e+03 2.770000000000000000e+03 4.610000000000000000e+03
9.254083700000000000e+07 2.630000000000000000e+03 5.230000000000000000e+03 2.770000000000000000e+03 4.610000000000000000e+03
9.254104500000000000e+07 2.640000000000000000e+03 5.170000000000000000e+03 2.770000000000000000e+03 4.610000000000000000e+03
9.254125200000000000e+07 2.640000000000000000e+03 5.230000000000000000e+03 2.770000000000000000e+03 4.610000000000000000e+03
9.254146100000000000e+07 2.640000000000000000e+03 5.200000000000000000e+03 2.770000000000000000e+03 4.610000000000000000e+03
9.254166900000000000e+07 2.640000000000000000e+03 5.180000000000000000e+03 2.780000000000000000e+03 4.610000000000000000e+03
9.254187700000000000e+07 2.630000000000000000e+03 5.200000000000000000e+03 2.780000000000000000e+03 4.610000000000000000e+03
9.254208500000000000e+07 2.630000000000000000e+03 5.170000000000000000e+03 2.780000000000000000e+03 4.600000000000000000e+03
9.254229300000000000e+07 2.630000000000000000e+03 5.160000000000000000e+03 2.780000000000000000e+03 4.600000000000000000e+03
9.254250100000000000e+07 2.630000000000000000e+03 5.160000000000000000e+03 2.770000000000000000e+03 4.600000000000000000e+03
9.254270800000000000e+07 2.630000000000000000e+03 5.150000000000000000e+03 2.770000000000000000e+03 4.610000000000000000e+03
9.254291700000000000e+07 2.630000000000000000e+03 5.150000000000000000e+03 2.770000000000000000e+03 4.610000000000000000e+03
9.254312500000000000e+07 2.630000000000000000e+03 5.150000000000000000e+03 2.770000000000000000e+03 4.610000000000000000e+03
9.254333300000000000e+07 2.630000000000000000e+03 5.150000000000000000e+03 2.770000000000000000e+03 4.600000000000000000e+03
9.254354000000000000e+07 2.620000000000000000e+03 5.180000000000000000e+03 2.770000000000000000e+03 4.600000000000000000e+03
9.254374800000000000e+07 2.620000000000000000e+03 5.200000000000000000e+03 2.770000000000000000e+03 4.620000000000000000e+03
9.254395700000000000e+07 2.620000000000000000e+03 5.180000000000000000e+03 2.770000000000000000e+03 4.620000000000000000e+03
9.254416500000000000e+07 2.620000000000000000e+03 5.200000000000000000e+03 2.770000000000000000e+03 4.610000000000000000e+03
9.254437200000000000e+07 2.620000000000000000e+03 5.220000000000000000e+03 2.770000000000000000e+03 4.600000000000000000e+03
9.254458000000000000e+07 2.620000000000000000e+03 5.200000000000000000e+03 2.770000000000000000e+03 4.600000000000000000e+03
9.254478800000000000e+07 2.620000000000000000e+03 5.160000000000000000e+03 2.770000000000000000e+03 4.600000000000000000e+03
9.254499600000000000e+07 2.620000000000000000e+03 5.160000000000000000e+03 2.770000000000000000e+03 4.610000000000000000e+03
9.254520400000000000e+07 2.620000000000000000e+03 5.200000000000000000e+03 2.770000000000000000e+03 4.610000000000000000e+03
9.254541200000000000e+07 2.620000000000000000e+03 5.170000000000000000e+03 2.770000000000000000e+03 4.610000000000000000e+03
9.254562000000000000e+07 2.610000000000000000e+03 5.230000000000000000e+03 2.770000000000000000e+03 4.610000000000000000e+03
9.254582800000000000e+07 2.620000000000000000e+03 5.210000000000000000e+03 2.770000000000000000e+03 4.610000000000000000e+03
9.254603600000000000e+07 2.620000000000000000e+03 5.210000000000000000e+03 2.770000000000000000e+03 4.620000000000000000e+03
9.254624400000000000e+07 2.620000000000000000e+03 5.170000000000000000e+03 2.770000000000000000e+03 4.620000000000000000e+03
9.254645200000000000e+07 2.620000000000000000e+03 5.180000000000000000e+03 2.770000000000000000e+03 4.620000000000000000e+03
9.254666000000000000e+07 2.620000000000000000e+03 5.160000000000000000e+03 2.770000000000000000e+03 4.610000000000000000e+03
9.254686800000000000e+07 2.620000000000000000e+03 5.200000000000000000e+03 2.770000000000000000e+03 4.610000000000000000e+03
9.254707600000000000e+07 2.620000000000000000e+03 5.150000000000000000e+03 2.760000000000000000e+03 4.610000000000000000e+03
9.254728300000000000e+07 2.620000000000000000e+03 5.150000000000000000e+03 2.760000000000000000e+03 4.610000000000000000e+03
9.254749100000000000e+07 2.620000000000000000e+03 5.160000000000000000e+03 2.760000000000000000e+03 4.610000000000000000e+03
9.254770000000000000e+07 2.620000000000000000e+03 5.200000000000000000e+03 2.770000000000000000e+03 4.610000000000000000e+03
9.254790800000000000e+07 2.630000000000000000e+03 5.170000000000000000e+03 2.770000000000000000e+03 4.620000000000000000e+03
9.254811600000000000e+07 2.630000000000000000e+03 5.230000000000000000e+03 2.770000000000000000e+03 4.620000000000000000e+03
9.254832400000000000e+07 2.630000000000000000e+03 5.190000000000000000e+03 2.760000000000000000e+03 4.620000000000000000e+03
9.254853100000000000e+07 2.640000000000000000e+03 5.220000000000000000e+03 2.760000000000000000e+03 4.620000000000000000e+03
9.254873900000000000e+07 2.640000000000000000e+03 5.160000000000000000e+03 2.770000000000000000e+03 4.620000000000000000e+03
9.254894700000000000e+07 2.640000000000000000e+03 5.180000000000000000e+03 2.780000000000000000e+03 4.610000000000000000e+03
9.254915500000000000e+07 2.630000000000000000e+03 5.190000000000000000e+03 2.780000000000000000e+03 4.620000000000000000e+03
9.254936300000000000e+07 2.630000000000000000e+03 5.150000000000000000e+03 2.780000000000000000e+03 4.610000000000000000e+03
9.254957100000000000e+07 2.630000000000000000e+03 5.150000000000000000e+03 2.780000000000000000e+03 4.610000000000000000e+03
9.254977900000000000e+07 2.630000000000000000e+03 5.190000000000000000e+03 2.780000000000000000e+03 4.610000000000000000e+03
9.254998700000000000e+07 2.630000000000000000e+03 5.210000000000000000e+03 2.780000000000000000e+03 4.610000000000000000e+03
9.255019400000000000e+07 2.630000000000000000e+03 5.170000000000000000e+03 2.780000000000000000e+03 4.620000000000000000e+03
9.255040200000000000e+07 2.630000000000000000e+03 5.180000000000000000e+03 2.780000000000000000e+03 4.610000000000000000e+03
9.255061100000000000e+07 2.630000000000000000e+03 5.220000000000000000e+03 2.780000000000000000e+03 4.610000000000000000e+03
9.255081900000000000e+07 2.630000000000000000e+03 5.160000000000000000e+03 2.780000000000000000e+03 4.610000000000000000e+03
9.255102700000000000e+07 2.620000000000000000e+03 5.150000000000000000e+03 2.780000000000000000e+03 4.610000000000000000e+03
9.255123500000000000e+07 2.620000000000000000e+03 5.170000000000000000e+03 2.780000000000000000e+03 4.610000000000000000e+03
9.255144300000000000e+07 2.620000000000000000e+03 5.180000000000000000e+03 2.780000000000000000e+03 4.610000000000000000e+03
9.255165100000000000e+07 2.620000000000000000e+03 5.160000000000000000e+03 2.780000000000000000e+03 4.610000000000000000e+03
9.255185900000000000e+07 2.620000000000000000e+03 5.170000000000000000e+03 2.780000000000000000e+03 4.610000000000000000e+03
9.255206700000000000e+07 2.620000000000000000e+03 5.170000000000000000e+03 2.780000000000000000e+03 4.600000000000000000e+03
9.255227500000000000e+07 2.620000000000000000e+03 5.220000000000000000e+03 2.770000000000000000e+03 4.600000000000000000e+03
9.255248200000000000e+07 2.620000000000000000e+03 5.180000000000000000e+03 2.770000000000000000e+03 4.610000000000000000e+03
9.255269000000000000e+07 2.620000000000000000e+03 5.210000000000000000e+03 2.770000000000000000e+03 4.610000000000000000e+03
9.255289800000000000e+07 2.620000000000000000e+03 5.200000000000000000e+03 2.770000000000000000e+03 4.610000000000000000e+03
9.255310600000000000e+07 2.620000000000000000e+03 5.160000000000000000e+03 2.780000000000000000e+03 4.610000000000000000e+03
9.255331400000000000e+07 2.630000000000000000e+03 5.160000000000000000e+03 2.780000000000000000e+03 4.630000000000000000e+03
9.255352200000000000e+07 2.630000000000000000e+03 5.180000000000000000e+03 2.780000000000000000e+03 4.620000000000000000e+03
9.255373000000000000e+07 2.630000000000000000e+03 5.180000000000000000e+03 2.780000000000000000e+03 4.620000000000000000e+03
9.255393800000000000e+07 2.620000000000000000e+03 5.180000000000000000e+03 2.770000000000000000e+03 4.620000000000000000e+03
9.255414600000000000e+07 2.620000000000000000e+03 5.160000000000000000e+03 2.770000000000000000e+03 4.620000000000000000e+03
9.255435300000000000e+07 2.620000000000000000e+03 5.220000000000000000e+03 2.770000000000000000e+03 4.610000000000000000e+03
9.255456200000000000e+07 2.620000000000000000e+03 5.180000000000000000e+03 2.770000000000000000e+03 4.610000000000000000e+03
9.255477000000000000e+07 2.620000000000000000e+03 5.220000000000000000e+03 2.770000000000000000e+03 4.610000000000000000e+03
9.255497800000000000e+07 2.620000000000000000e+03 5.220000000000000000e+03 2.770000000000000000e+03 4.600000000000000000e+03
9.255518500000000000e+07 2.620000000000000000e+03 5.170000000000000000e+03 2.760000000000000000e+03 4.610000000000000000e+03
9.255539400000000000e+07 2.620000000000000000e+03 5.160000000000000000e+03 2.760000000000000000e+03 4.610000000000000000e+03
9.255560200000000000e+07 2.620000000000000000e+03 5.170000000000000000e+03 2.760000000000000000e+03 4.600000000000000000e+03
9.255581000000000000e+07 2.620000000000000000e+03 5.190000000000000000e+03 2.760000000000000000e+03 4.600000000000000000e+03
9.255601700000000000e+07 2.620000000000000000e+03 5.230000000000000000e+03 2.760000000000000000e+03 4.600000000000000000e+03
9.255622600000000000e+07 2.620000000000000000e+03 5.200000000000000000e+03 2.760000000000000000e+03 4.600000000000000000e+03
9.255643400000000000e+07 2.620000000000000000e+03 5.190000000000000000e+03 2.760000000000000000e+03 4.600000000000000000e+03
9.255664200000000000e+07 2.620000000000000000e+03 5.170000000000000000e+03 2.770000000000000000e+03 4.600000000000000000e+03
9.255685000000000000e+07 2.620000000000000000e+03 5.230000000000000000e+03 2.770000000000000000e+03 4.600000000000000000e+03
9.255705700000000000e+07 2.610000000000000000e+03 5.190000000000000000e+03 2.770000000000000000e+03 4.600000000000000000e+03
9.255726500000000000e+07 2.600000000000000000e+03 5.190000000000000000e+03 2.770000000000000000e+03 4.600000000000000000e+03
9.255747300000000000e+07 2.610000000000000000e+03 5.190000000000000000e+03 2.770000000000000000e+03 4.600000000000000000e+03
9.255768100000000000e+07 2.620000000000000000e+03 5.170000000000000000e+03 2.770000000000000000e+03 4.600000000000000000e+03
9.255788800000000000e+07 2.620000000000000000e+03 5.170000000000000000e+03 2.780000000000000000e+03 4.610000000000000000e+03
9.255809700000000000e+07 2.620000000000000000e+03 5.150000000000000000e+03 2.780000000000000000e+03 4.610000000000000000e+03
9.255830500000000000e+07 2.620000000000000000e+03 5.170000000000000000e+03 2.780000000000000000e+03 4.610000000000000000e+03
9.255851400000000000e+07 2.620000000000000000e+03 5.220000000000000000e+03 2.780000000000000000e+03 4.620000000000000000e+03
9.255872100000000000e+07 2.610000000000000000e+03 5.160000000000000000e+03 2.780000000000000000e+03 4.610000000000000000e+03
