1.626510070000000000e+08 4.560000000000000000e+03 3.300000000000000000e+03 4.020000000000000000e+03 2.540000000000000000e+03
1.626512150000000000e+08 4.550000000000000000e+03 3.300000000000000000e+03 4.020000000000000000e+03 2.520000000000000000e+03
1.626514230000000000e+08 4.550000000000000000e+03 3.290000000000000000e+03 4.030000000000000000e+03 2.550000000000000000e+03
1.626516310000000000e+08 4.550000000000000000e+03 3.290000000000000000e+03 4.020000000000000000e+03 2.550000000000000000e+03
1.626518380000000000e+08 4.550000000000000000e+03 3.300000000000000000e+03 4.030000000000000000e+03 2.590000000000000000e+03
1.626520470000000000e+08 4.540000000000000000e+03 3.300000000000000000e+03 4.030000000000000000e+03 2.620000000000000000e+03
1.626522550000000000e+08 4.540000000000000000e+03 3.290000000000000000e+03 4.030000000000000000e+03 2.640000000000000000e+03
1.626524630000000000e+08 4.540000000000000000e+03 3.280000000000000000e+03 4.020000000000000000e+03 2.690000000000000000e+03
1.626526710000000000e+08 4.540000000000000000e+03 3.290000000000000000e+03 4.020000000000000000e+03 2.720000000000000000e+03
1.626528790000000000e+08 4.550000000000000000e+03 3.290000000000000000e+03 4.020000000000000000e+03 2.750000000000000000e+03
1.626530870000000000e+08 4.550000000000000000e+03 3.290000000000000000e+03 4.020000000000000000e+03 2.700000000000000000e+03
1.626532950000000000e+08 4.550000000000000000e+03 3.280000000000000000e+03 4.020000000000000000e+03 2.700000000000000000e+03
1.626535030000000000e+08 4.550000000000000000e+03 3.280000000000000000e+03 4.020000000000000000e+03 2.710000000000000000e+03
1.626537110000000000e+08 4.550000000000000000e+03 3.290000000000000000e+03 4.010000000000000000e+03 2.710000000000000000e+03
1.626539190000000000e+08 4.550000000000000000e+03 3.290000000000000000e+03 4.010000000000000000e+03 2.690000000000000000e+03
1.626541260000000000e+08 4.540000000000000000e+03 3.290000000000000000e+03 4.010000000000000000e+03 2.660000000000000000e+03
1.626543340000000000e+08 4.550000000000000000e+03 3.290000000000000000e+03 4.010000000000000000e+03 2.640000000000000000e+03
1.626545420000000000e+08 4.550000000000000000e+03 3.290000000000000000e+03 4.020000000000000000e+03 2.630000000000000000e+03
1.626547500000000000e+08 4.550000000000000000e+03 3.290000000000000000e+03 4.010000000000000000e+03 2.640000000000000000e+03
1.626549590000000000e+08 4.550000000000000000e+03 3.290000000000000000e+03 4.020000000000000000e+03 2.640000000000000000e+03
1.626551660000000000e+08 4.550000000000000000e+03 3.280000000000000000e+03 4.020000000000000000e+03 2.640000000000000000e+03
1.626553750000000000e+08 4.550000000000000000e+03 3.280000000000000000e+03 4.020000000000000000e+03 2.640000000000000000e+03
1.626555820000000000e+08 4.550000000000000000e+03 3.290000000000000000e+03 4.020000000000000000e+03 2.630000000000000000e+03
1.626557900000000000e+08 4.550000000000000000e+03 3.280000000000000000e+03 4.020000000000000000e+03 2.620000000000000000e+03
1.626559980000000000e+08 4.550000000000000000e+03 3.280000000000000000e+03 4.020000000000000000e+03 2.620000000000000000e+03
1.626562060000000000e+08 4.550000000000000000e+03 3.280000000000000000e+03 4.020000000000000000e+03 2.630000000000000000e+03
1.626564140000000000e+08 4.550000000000000000e+03 3.290000000000000000e+03 4.020000000000000000e+03 2.670000000000000000e+03
1.626566220000000000e+08 4.550000000000000000e+03 3.290000000000000000e+03 4.020000000000000000e+03 2.700000000000000000e+03
1.626568300000000000e+08 4.550000000000000000e+03 3.290000000000000000e+03 4.020000000000000000e+03 2.720000000000000000e+03
1.626570380000000000e+08 4.550000000000000000e+03 3.290000000000000000e+03 4.020000000000000000e+03 2.720000000000000000e+03
1.626572460000000000e+08 4.550000000000000000e+03 3.270000000000000000e+03 4.020000000000000000e+03 2.740000000000000000e+03
1.626574540000000000e+08 4.550000000000000000e+03 3.270000000000000000e+03 4.020000000000000000e+03 2.740000000000000000e+03
1.626576620000000000e+08 4.550000000000000000e+03 3.280000000000000000e+03 4.020000000000000000e+03 2.740000000000000000e+03
1.626578690000000000e+08 4.550000000000000000e+03 3.280000000000000000e+03 4.020000000000000000e+03 2.720000000000000000e+03
1.626580780000000000e+08 4.550000000000000000e+03 3.270000000000000000e+03 4.020000000000000000e+03 2.720000000000000000e+03
1.626582850000000000e+08 4.550000000000000000e+03 3.270000000000000000e+03 4.010000000000000000e+03 2.720000000000000000e+03
1.626584930000000000e+08 4.550000000000000000e+03 3.270000000000000000e+03 4.000000000000000000e+03 2.720000000000000000e+03
1.626587020000000000e+08 4.550000000000000000e+03 3.270000000000000000e+03 4.000000000000000000e+03 2.720000000000000000e+03
1.626589090000000000e+08 4.550000000000000000e+03 3.270000000000000000e+03 4.000000000000000000e+03 2.710000000000000000e+03
1.626591170000000000e+08 4.540000000000000000e+03 3.270000000000000000e+03 4.000000000000000000e+03 2.720000000000000000e+03
1.626593250000000000e+08 4.540000000000000000e+03 3.270000000000000000e+03 4.000000000000000000e+03 2.740000000000000000e+03
1.626595330000000000e+08 4.540000000000000000e+03 3.280000000000000000e+03 4.010000000000000000e+03 2.740000000000000000e+03
1.626597410000000000e+08 4.540000000000000000e+03 3.280000000000000000e+03 4.020000000000000000e+03 2.760000000000000000e+03
1.626599490000000000e+08 4.540000000000000000e+03 3.280000000000000000e+03 4.020000000000000000e+03 2.760000000000000000e+03
1.627001570000000000e+08 4.550000000000000000e+03 3.270000000000000000e+03 4.010000000000000000e+03 2.760000000000000000e+03
1.627003650000000000e+08 4.550000000000000000e+03 3.270000000000000000e+03 4.020000000000000000e+03 2.750000000000000000e+03
1.627005730000000000e+08 4.550000000000000000e+03 3.270000000000000000e+03 4.030000000000000000e+03 2.720000000000000000e+03
1.627007810000000000e+08 4.550000000000000000e+03 3.270000000000000000e+03 4.030000000000000000e+03 2.740000000000000000e+03
1.627009890000000000e+08 4.540000000000000000e+03 3.280000000000000000e+03 4.040000000000000000e+03 2.720000000000000000e+03
1.627011970000000000e+08 4.550000000000000000e+03 3.280000000000000000e+03 4.030000000000000000e+03 2.710000000000000000e+03
1.627014050000000000e+08 4.550000000000000000e+03 3.280000000000000000e+03 4.030000000000000000e+03 2.740000000000000000e+03
1.627016130000000000e+08 4.550000000000000000e+03 3.270000000000000000e+03 4.040000000000000000e+03 2.750000000000000000e+03
1.627018210000000000e+08 4.560000000000000000e+03 3.280000000000000000e+03 4.030000000000000000e+03 2.750000000000000000e+03
1.627020290000000000e+08 4.550000000000000000e+03 3.280000000000000000e+03 4.030000000000000000e+03 2.770000000000000000e+03
1.627022370000000000e+08 4.550000000000000000e+03 3.280000000000000000e+03 4.030000000000000000e+03 2.760000000000000000e+03
1.627024450000000000e+08 4.550000000000000000e+03 3.270000000000000000e+03 4.020000000000000000e+03 2.760000000000000000e+03
1.627026520000000000e+08 4.550000000000000000e+03 3.270000000000000000e+03 4.010000000000000000e+03 2.760000000000000000e+03
1.627028610000000000e+08 4.550000000000000000e+03 3.260000000000000000e+03 4.000000000000000000e+03 2.760000000000000000e+03
1.627030680000000000e+08 4.550000000000000000e+03 3.260000000000000000e+03 4.010000000000000000e+03 2.780000000000000000e+03
1.627032760000000000e+08 4.550000000000000000e+03 3.260000000000000000e+03 4.000000000000000000e+03 2.810000000000000000e+03
1.627034850000000000e+08 4.550000000000000000e+03 3.270000000000000000e+03 4.010000000000000000e+03 2.810000000000000000e+03
1.627036930000000000e+08 4.550000000000000000e+03 3.270000000000000000e+03 4.010000000000000000e+03 2.800000000000000000e+03
1.627039000000000000e+08 4.550000000000000000e+03 3.280000000000000000e+03 4.010000000000000000e+03 2.800000000000000000e+03
1.627041080000000000e+08 4.550000000000000000e+03 3.280000000000000000e+03 4.010000000000000000e+03 2.780000000000000000e+03
1.627043160000000000e+08 4.550000000000000000e+03 3.290000000000000000e+03 4.020000000000000000e+03 2.780000000000000000e+03
1.627045240000000000e+08 4.550000000000000000e+03 3.280000000000000000e+03 4.020000000000000000e+03 2.780000000000000000e+03
1.627047320000000000e+08 4.540000000000000000e+03 3.280000000000000000e+03 4.030000000000000000e+03 2.790000000000000000e+03
1.627049400000000000e+08 4.550000000000000000e+03 3.270000000000000000e+03 4.030000000000000000e+03 2.800000000000000000e+03
1.627051480000000000e+08 4.550000000000000000e+03 3.270000000000000000e+03 4.020000000000000000e+03 2.800000000000000000e+03
1.627053560000000000e+08 4.550000000000000000e+03 3.270000000000000000e+03 4.020000000000000000e+03 2.800000000000000000e+03
1.627055640000000000e+08 4.540000000000000000e+03 3.280000000000000000e+03 4.020000000000000000e+03 2.800000000000000000e+03
1.627057720000000000e+08 4.550000000000000000e+03 3.290000000000000000e+03 4.030000000000000000e+03 2.820000000000000000e+03
1.627059800000000000e+08 4.540000000000000000e+03 3.290000000000000000e+03 4.030000000000000000e+03 2.830000000000000000e+03
1.627061880000000000e+08 4.540000000000000000e+03 3.290000000000000000e+03 4.030000000000000000e+03 2.850000000000000000e+03
1.627063960000000000e+08 4.540000000000000000e+03 3.290000000000000000e+03 4.030000000000000000e+03 2.880000000000000000e+03
1.627066040000000000e+08 4.550000000000000000e+03 3.290000000000000000e+03 4.030000000000000000e+03 2.910000000000000000e+03
1.627068120000000000e+08 4.550000000000000000e+03 3.280000000000000000e+03 4.030000000000000000e+03 2.750000000000000000e+03
1.627070190000000000e+08 4.550000000000000000e+03 3.280000000000000000e+03 4.030000000000000000e+03 2.680000000000000000e+03
1.627072280000000000e+08 4.550000000000000000e+03 3.280000000000000000e+03 4.030000000000000000e+03 2.620000000000000000e+03
1.627074360000000000e+08 4.550000000000000000e+03 3.280000000000000000e+03 4.030000000000000000e+03 2.580000000000000000e+03
1.627076440000000000e+08 4.550000000000000000e+03 3.280000000000000000e+03 4.030000000000000000e+03 2.600000000000000000e+03
1.627078520000000000e+08 4.550000000000000000e+03 3.280000000000000000e+03 4.030000000000000000e+03 2.690000000000000000e+03
1.627080600000000000e+08 4.550000000000000000e+03 3.280000000000000000e+03 4.020000000000000000e+03 2.790000000000000000e+03
1.627082670000000000e+08 4.550000000000000000e+03 3.280000000000000000e+03 4.020000000000000000e+03 2.820000000000000000e+03
1.627084750000000000e+08 4.550000000000000000e+03 3.280000000000000000e+03 4.020000000000000000e+03 2.820000000000000000e+03
1.627086830000000000e+08 4.550000000000000000e+03 3.290000000000000000e+03 4.010000000000000000e+03 2.810000000000000000e+03
1.627088910000000000e+08 4.550000000000000000e+03 3.280000000000000000e+03 4.010000000000000000e+03 2.820000000000000000e+03
1.627090990000000000e+08 4.550000000000000000e+03 3.270000000000000000e+03 4.010000000000000000e+03 2.840000000000000000e+03
1.627093070000000000e+08 4.550000000000000000e+03 3.270000000000000000e+03 4.010000000000000000e+03 2.840000000000000000e+03
1.627095150000000000e+08 4.550000000000000000e+03 3.270000000000000000e+03 4.010000000000000000e+03 2.840000000000000000e+03
1.627097230000000000e+08 4.550000000000000000e+03 3.280000000000000000e+03 4.010000000000000000e+03 2.850000000000000000e+03
1.627099310000000000e+08 4.550000000000000000e+03 3.290000000000000000e+03 4.010000000000000000e+03 2.880000000000000000e+03
1.627101390000000000e+08 4.550000000000000000e+03 3.300000000000000000e+03 4.020000000000000000e+03 2.900000000000000000e+03
1.627103470000000000e+08 4.560000000000000000e+03 3.300000000000000000e+03 4.030000000000000000e+03 2.900000000000000000e+03
1.627107630000000000e+08 4.560000000000000000e+03 3.280000000000000000e+03 4.030000000000000000e+03 2.900000000000000000e+03
1.627109710000000000e+08 4.560000000000000000e+03 3.290000000000000000e+03 4.030000000000000000e+03 2.890000000000000000e+03
1.627111790000000000e+08 4.560000000000000000e+03 3.300000000000000000e+03 4.030000000000000000e+03 2.870000000000000000e+03
1.627113870000000000e+08 4.550000000000000000e+03 3.300000000000000000e+03 4.020000000000000000e+03 2.870000000000000000e+03
1.627115950000000000e+08 4.550000000000000000e+03 3.300000000000000000e+03 4.020000000000000000e+03 2.870000000000000000e+03
1.627118030000000000e+08 4.550000000000000000e+03 3.300000000000000000e+03 4.030000000000000000e+03 2.880000000000000000e+03
1.627120110000000000e+08 4.550000000000000000e+03 3.290000000000000000e+03 4.020000000000000000e+03 2.920000000000000000e+03
1.627122190000000000e+08 4.550000000000000000e+03 3.280000000000000000e+03 4.020000000000000000e+03 2.880000000000000000e+03
1.627124260000000000e+08 4.550000000000000000e+03 3.280000000000000000e+03 4.020000000000000000e+03 2.850000000000000000e+03
1.627126350000000000e+08 4.540000000000000000e+03 3.270000000000000000e+03 4.020000000000000000e+03 2.880000000000000000e+03
1.627128420000000000e+08 4.540000000000000000e+03 3.270000000000000000e+03 4.020000000000000000e+03 2.830000000000000000e+03
1.627130500000000000e+08 4.540000000000000000e+03 3.280000000000000000e+03 4.020000000000000000e+03 2.780000000000000000e+03
1.627132580000000000e+08 4.550000000000000000e+03 3.280000000000000000e+03 4.010000000000000000e+03 2.720000000000000000e+03
1.627134660000000000e+08 4.550000000000000000e+03 3.270000000000000000e+03 4.020000000000000000e+03 2.710000000000000000e+03
1.627136740000000000e+08 4.550000000000000000e+03 3.270000000000000000e+03 4.020000000000000000e+03 2.640000000000000000e+03
1.627138820000000000e+08 4.550000000000000000e+03 3.280000000000000000e+03 4.020000000000000000e+03 2.760000000000000000e+03
1.627140910000000000e+08 4.550000000000000000e+03 3.280000000000000000e+03 4.020000000000000000e+03 2.800000000000000000e+03
1.627142980000000000e+08 4.540000000000000000e+03 3.280000000000000000e+03 4.030000000000000000e+03 2.810000000000000000e+03
1.627145060000000000e+08 4.540000000000000000e+03 3.290000000000000000e+03 4.030000000000000000e+03 2.800000000000000000e+03
1.627147140000000000e+08 4.540000000000000000e+03 3.280000000000000000e+03 4.030000000000000000e+03 2.790000000000000000e+03
1.627149220000000000e+08 4.540000000000000000e+03 3.280000000000000000e+03 4.030000000000000000e+03 2.770000000000000000e+03
1.627151300000000000e+08 4.540000000000000000e+03 3.280000000000000000e+03 4.040000000000000000e+03 2.770000000000000000e+03
1.627153380000000000e+08 4.540000000000000000e+03 3.290000000000000000e+03 4.040000000000000000e+03 2.760000000000000000e+03
1.627155460000000000e+08 4.550000000000000000e+03 3.290000000000000000e+03 4.040000000000000000e+03 2.770000000000000000e+03
1.627157550000000000e+08 4.550000000000000000e+03 3.300000000000000000e+03 4.030000000000000000e+03 2.800000000000000000e+03
1.627159620000000000e+08 4.550000000000000000e+03 3.290000000000000000e+03 4.020000000000000000e+03 2.830000000000000000e+03
1.627161700000000000e+08 4.550000000000000000e+03 3.270000000000000000e+03 4.020000000000000000e+03 2.850000000000000000e+03
1.627163780000000000e+08 4.550000000000000000e+03 3.280000000000000000e+03 4.020000000000000000e+03 2.870000000000000000e+03
1.627165860000000000e+08 4.550000000000000000e+03 3.280000000000000000e+03 4.020000000000000000e+03 2.880000000000000000e+03
1.627168030000000000e+08 4.550000000000000000e+03 3.280000000000000000e+03 4.010000000000000000e+03 2.890000000000000000e+03
1.627170010000000000e+08 4.550000000000000000e+03 3.270000000000000000e+03 4.010000000000000000e+03 2.890000000000000000e+03
1.627172090000000000e+08 4.550000000000000000e+03 3.270000000000000000e+03 4.010000000000000000e+03 2.900000000000000000e+03
1.627174170000000000e+08 4.560000000000000000e+03 3.280000000000000000e+03 4.010000000000000000e+03 2.910000000000000000e+03
1.627176250000000000e+08 4.560000000000000000e+03 3.280000000000000000e+03 4.020000000000000000e+03 2.910000000000000000e+03
1.627178330000000000e+08 4.560000000000000000e+03 3.280000000000000000e+03 4.020000000000000000e+03 2.900000000000000000e+03
1.627180410000000000e+08 4.560000000000000000e+03 3.280000000000000000e+03 4.020000000000000000e+03 2.870000000000000000e+03
1.627182490000000000e+08 4.550000000000000000e+03 3.280000000000000000e+03 4.020000000000000000e+03 2.850000000000000000e+03
1.627184570000000000e+08 4.550000000000000000e+03 3.280000000000000000e+03 4.020000000000000000e+03 2.820000000000000000e+03
1.627186650000000000e+08 4.550000000000000000e+03 3.280000000000000000e+03 4.020000000000000000e+03 2.790000000000000000e+03
1.627188730000000000e+08 4.550000000000000000e+03 3.290000000000000000e+03 4.020000000000000000e+03 2.770000000000000000e+03
1.627273990000000000e+08 4.540000000000000000e+03 3.280000000000000000e+03 4.390000000000000000e+03 2.380000000000000000e+03
1.627276070000000000e+08 4.530000000000000000e+03 3.280000000000000000e+03 4.360000000000000000e+03 2.380000000000000000e+03
1.627278140000000000e+08 4.530000000000000000e+03 3.280000000000000000e+03 4.520000000000000000e+03 2.390000000000000000e+03
1.627280230000000000e+08 4.530000000000000000e+03 3.270000000000000000e+03 4.670000000000000000e+03 2.400000000000000000e+03
1.627284380000000000e+08 4.540000000000000000e+03 3.270000000000000000e+03 4.620000000000000000e+03 2.390000000000000000e+03
1.627286460000000000e+08 4.540000000000000000e+03 3.280000000000000000e+03 4.550000000000000000e+03 2.390000000000000000e+03
1.627288550000000000e+08 4.550000000000000000e+03 3.280000000000000000e+03 4.490000000000000000e+03 2.390000000000000000e+03
1.627290470000000000e+08 4.550000000000000000e+03 3.280000000000000000e+03 4.420000000000000000e+03 2.400000000000000000e+03
1.627292540000000000e+08 4.550000000000000000e+03 3.290000000000000000e+03 4.370000000000000000e+03 2.420000000000000000e+03
1.627294630000000000e+08 4.540000000000000000e+03 3.290000000000000000e+03 4.350000000000000000e+03 2.420000000000000000e+03
1.627296710000000000e+08 4.550000000000000000e+03 3.280000000000000000e+03 4.340000000000000000e+03 2.420000000000000000e+03
1.627298790000000000e+08 4.550000000000000000e+03 3.280000000000000000e+03 4.360000000000000000e+03 2.400000000000000000e+03
1.627300870000000000e+08 4.550000000000000000e+03 3.280000000000000000e+03 4.350000000000000000e+03 2.420000000000000000e+03
1.627302950000000000e+08 4.550000000000000000e+03 3.280000000000000000e+03 4.340000000000000000e+03 2.420000000000000000e+03
1.627305020000000000e+08 4.550000000000000000e+03 3.280000000000000000e+03 4.330000000000000000e+03 2.420000000000000000e+03
1.627307100000000000e+08 4.550000000000000000e+03 3.280000000000000000e+03 4.300000000000000000e+03 2.400000000000000000e+03
1.627309180000000000e+08 4.550000000000000000e+03 3.290000000000000000e+03 4.290000000000000000e+03 2.390000000000000000e+03
1.627311260000000000e+08 4.550000000000000000e+03 3.280000000000000000e+03 4.300000000000000000e+03 2.390000000000000000e+03
1.627313340000000000e+08 4.550000000000000000e+03 3.280000000000000000e+03 4.330000000000000000e+03 2.390000000000000000e+03
1.627315420000000000e+08 4.550000000000000000e+03 3.290000000000000000e+03 4.310000000000000000e+03 2.390000000000000000e+03
1.627317510000000000e+08 4.550000000000000000e+03 3.290000000000000000e+03 4.300000000000000000e+03 2.380000000000000000e+03
1.627319580000000000e+08 4.540000000000000000e+03 3.290000000000000000e+03 4.290000000000000000e+03 2.380000000000000000e+03
1.627321660000000000e+08 4.540000000000000000e+03 3.300000000000000000e+03 4.290000000000000000e+03 2.380000000000000000e+03
1.627323740000000000e+08 4.540000000000000000e+03 3.290000000000000000e+03 4.300000000000000000e+03 2.380000000000000000e+03
1.627325660000000000e+08 4.540000000000000000e+03 3.290000000000000000e+03 4.300000000000000000e+03 2.380000000000000000e+03
1.627327740000000000e+08 4.540000000000000000e+03 3.300000000000000000e+03 4.300000000000000000e+03 2.380000000000000000e+03
1.627329820000000000e+08 4.540000000000000000e+03 3.290000000000000000e+03 4.320000000000000000e+03 2.400000000000000000e+03
1.627331900000000000e+08 4.540000000000000000e+03 3.290000000000000000e+03 4.330000000000000000e+03 2.400000000000000000e+03
1.627333980000000000e+08 4.540000000000000000e+03 3.290000000000000000e+03 4.360000000000000000e+03 2.390000000000000000e+03
1.627336060000000000e+08 4.540000000000000000e+03 3.280000000000000000e+03 4.370000000000000000e+03 2.380000000000000000e+03
1.627338140000000000e+08 4.540000000000000000e+03 3.280000000000000000e+03 4.380000000000000000e+03 2.380000000000000000e+03
1.627340220000000000e+08 4.540000000000000000e+03 3.270000000000000000e+03 4.380000000000000000e+03 2.380000000000000000e+03
1.627342300000000000e+08 4.540000000000000000e+03 3.270000000000000000e+03 4.370000000000000000e+03 2.390000000000000000e+03
1.627344380000000000e+08 4.540000000000000000e+03 3.280000000000000000e+03 4.380000000000000000e+03 2.390000000000000000e+03
1.627346460000000000e+08 4.540000000000000000e+03 3.290000000000000000e+03 4.410000000000000000e+03 2.380000000000000000e+03
1.627348540000000000e+08 4.540000000000000000e+03 3.290000000000000000e+03 4.410000000000000000e+03 2.400000000000000000e+03
1.627350610000000000e+08 4.530000000000000000e+03 3.280000000000000000e+03 4.400000000000000000e+03 2.400000000000000000e+03
1.627352690000000000e+08 4.530000000000000000e+03 3.280000000000000000e+03 4.430000000000000000e+03 2.390000000000000000e+03
1.627354770000000000e+08 4.530000000000000000e+03 3.280000000000000000e+03 4.390000000000000000e+03 2.390000000000000000e+03
1.627356850000000000e+08 4.530000000000000000e+03 3.280000000000000000e+03 4.370000000000000000e+03 2.390000000000000000e+03
1.627358770000000000e+08 4.540000000000000000e+03 3.280000000000000000e+03 4.350000000000000000e+03 2.390000000000000000e+03
1.627360850000000000e+08 4.540000000000000000e+03 3.290000000000000000e+03 4.340000000000000000e+03 2.390000000000000000e+03
1.627362930000000000e+08 4.540000000000000000e+03 3.280000000000000000e+03 4.330000000000000000e+03 2.390000000000000000e+03
1.627365010000000000e+08 4.540000000000000000e+03 3.280000000000000000e+03 4.320000000000000000e+03 2.400000000000000000e+03
1.627367090000000000e+08 4.540000000000000000e+03 3.280000000000000000e+03 4.310000000000000000e+03 2.400000000000000000e+03
1.627369160000000000e+08 4.540000000000000000e+03 3.290000000000000000e+03 4.310000000000000000e+03 2.390000000000000000e+03
1.627371250000000000e+08 4.540000000000000000e+03 3.280000000000000000e+03 4.310000000000000000e+03 2.380000000000000000e+03
1.627373330000000000e+08 4.540000000000000000e+03 3.280000000000000000e+03 4.300000000000000000e+03 2.380000000000000000e+03
1.627375400000000000e+08 4.540000000000000000e+03 3.270000000000000000e+03 4.300000000000000000e+03 2.380000000000000000e+03
1.627377490000000000e+08 4.540000000000000000e+03 3.270000000000000000e+03 4.290000000000000000e+03 2.380000000000000000e+03
1.627379560000000000e+08 4.530000000000000000e+03 3.280000000000000000e+03 4.300000000000000000e+03 2.390000000000000000e+03
1.627381650000000000e+08 4.540000000000000000e+03 3.290000000000000000e+03 4.290000000000000000e+03 2.390000000000000000e+03
1.627383730000000000e+08 4.550000000000000000e+03 3.290000000000000000e+03 4.290000000000000000e+03 2.390000000000000000e+03
1.627385800000000000e+08 4.550000000000000000e+03 3.290000000000000000e+03 4.290000000000000000e+03 2.390000000000000000e+03
1.627387890000000000e+08 4.550000000000000000e+03 3.280000000000000000e+03 4.300000000000000000e+03 2.390000000000000000e+03
1.627389970000000000e+08 4.550000000000000000e+03 3.280000000000000000e+03 4.310000000000000000e+03 2.380000000000000000e+03
1.627392030000000000e+08 4.550000000000000000e+03 3.290000000000000000e+03 4.330000000000000000e+03 2.390000000000000000e+03
1.627393960000000000e+08 4.550000000000000000e+03 3.290000000000000000e+03 4.380000000000000000e+03 2.390000000000000000e+03
1.627396040000000000e+08 4.550000000000000000e+03 3.270000000000000000e+03 4.380000000000000000e+03 2.390000000000000000e+03
1.627398120000000000e+08 4.550000000000000000e+03 3.280000000000000000e+03 4.380000000000000000e+03 2.390000000000000000e+03
1.627400190000000000e+08 4.550000000000000000e+03 3.280000000000000000e+03 4.440000000000000000e+03 2.390000000000000000e+03
1.627402280000000000e+08 4.550000000000000000e+03 3.280000000000000000e+03 4.430000000000000000e+03 2.390000000000000000e+03
1.627404360000000000e+08 4.540000000000000000e+03 3.280000000000000000e+03 4.460000000000000000e+03 2.400000000000000000e+03
1.627406440000000000e+08 4.540000000000000000e+03 3.290000000000000000e+03 4.440000000000000000e+03 2.400000000000000000e+03
1.627408520000000000e+08 4.540000000000000000e+03 3.290000000000000000e+03 4.460000000000000000e+03 2.400000000000000000e+03
1.627410600000000000e+08 4.540000000000000000e+03 3.290000000000000000e+03 4.450000000000000000e+03 2.400000000000000000e+03
1.627412680000000000e+08 4.530000000000000000e+03 3.290000000000000000e+03 4.430000000000000000e+03 2.400000000000000000e+03
1.627414760000000000e+08 4.530000000000000000e+03 3.290000000000000000e+03 4.400000000000000000e+03 2.400000000000000000e+03
1.627416840000000000e+08 4.540000000000000000e+03 3.290000000000000000e+03 4.390000000000000000e+03 2.400000000000000000e+03
1.627418920000000000e+08 4.540000000000000000e+03 3.290000000000000000e+03 4.380000000000000000e+03 2.400000000000000000e+03
1.627421000000000000e+08 4.540000000000000000e+03 3.280000000000000000e+03 4.400000000000000000e+03 2.390000000000000000e+03
1.627423080000000000e+08 4.550000000000000000e+03 3.280000000000000000e+03 4.390000000000000000e+03 2.390000000000000000e+03
1.627425160000000000e+08 4.550000000000000000e+03 3.290000000000000000e+03 4.390000000000000000e+03 2.390000000000000000e+03
1.627427240000000000e+08 4.550000000000000000e+03 3.290000000000000000e+03 4.380000000000000000e+03 2.390000000000000000e+03
1.627429150000000000e+08 4.550000000000000000e+03 3.300000000000000000e+03 4.370000000000000000e+03 2.400000000000000000e+03
1.627431250000000000e+08 4.550000000000000000e+03 3.300000000000000000e+03 4.360000000000000000e+03 2.400000000000000000e+03
1.627433310000000000e+08 4.550000000000000000e+03 3.300000000000000000e+03 4.330000000000000000e+03 2.400000000000000000e+03
1.627437470000000000e+08 4.550000000000000000e+03 3.300000000000000000e+03 4.330000000000000000e+03 2.420000000000000000e+03
1.627439550000000000e+08 4.550000000000000000e+03 3.290000000000000000e+03 4.330000000000000000e+03 2.420000000000000000e+03
1.627441630000000000e+08 4.540000000000000000e+03 3.290000000000000000e+03 4.330000000000000000e+03 2.400000000000000000e+03
1.627443710000000000e+08 4.540000000000000000e+03 3.290000000000000000e+03 4.330000000000000000e+03 2.390000000000000000e+03
1.627445790000000000e+08 4.530000000000000000e+03 3.280000000000000000e+03 4.380000000000000000e+03 2.380000000000000000e+03
1.627447870000000000e+08 4.540000000000000000e+03 3.290000000000000000e+03 4.370000000000000000e+03 2.390000000000000000e+03
1.627449960000000000e+08 4.550000000000000000e+03 3.290000000000000000e+03 4.360000000000000000e+03 2.390000000000000000e+03
1.627452030000000000e+08 4.550000000000000000e+03 3.290000000000000000e+03 4.360000000000000000e+03 2.380000000000000000e+03
1.627454110000000000e+08 4.550000000000000000e+03 3.300000000000000000e+03 4.350000000000000000e+03 2.370000000000000000e+03
1.627456190000000000e+08 4.550000000000000000e+03 3.290000000000000000e+03 4.320000000000000000e+03 2.370000000000000000e+03
1.627458270000000000e+08 4.540000000000000000e+03 3.290000000000000000e+03 4.290000000000000000e+03 2.370000000000000000e+03
1.627460350000000000e+08 4.540000000000000000e+03 3.280000000000000000e+03 4.290000000000000000e+03 2.370000000000000000e+03
1.627462270000000000e+08 4.550000000000000000e+03 3.270000000000000000e+03 4.300000000000000000e+03 2.360000000000000000e+03
1.627464340000000000e+08 4.540000000000000000e+03 3.270000000000000000e+03 4.310000000000000000e+03 2.360000000000000000e+03
1.627466640000000000e+08 4.540000000000000000e+03 3.270000000000000000e+03 4.300000000000000000e+03 2.360000000000000000e+03
1.627468500000000000e+08 4.550000000000000000e+03 3.280000000000000000e+03 4.270000000000000000e+03 2.360000000000000000e+03
1.627470590000000000e+08 4.540000000000000000e+03 3.280000000000000000e+03 4.270000000000000000e+03 2.380000000000000000e+03
1.627472670000000000e+08 4.540000000000000000e+03 3.290000000000000000e+03 4.270000000000000000e+03 2.380000000000000000e+03
1.627474740000000000e+08 4.540000000000000000e+03 3.280000000000000000e+03 4.270000000000000000e+03 2.370000000000000000e+03
1.627476820000000000e+08 4.540000000000000000e+03 3.280000000000000000e+03 4.270000000000000000e+03 2.390000000000000000e+03
1.627478900000000000e+08 4.540000000000000000e+03 3.290000000000000000e+03 4.270000000000000000e+03 2.390000000000000000e+03
1.627480980000000000e+08 4.540000000000000000e+03 3.290000000000000000e+03 4.260000000000000000e+03 2.390000000000000000e+03
1.627483060000000000e+08 4.540000000000000000e+03 3.290000000000000000e+03 4.270000000000000000e+03 2.390000000000000000e+03
1.627485140000000000e+08 4.540000000000000000e+03 3.290000000000000000e+03 4.260000000000000000e+03 2.380000000000000000e+03
