1.629027210000000000e+08 4.840000000000000000e+03 3.740000000000000000e+03 4.040000000000000000e+03 2.000000000000000000e+03
1.629029290000000000e+08 4.840000000000000000e+03 3.740000000000000000e+03 4.050000000000000000e+03 2.000000000000000000e+03
1.629031370000000000e+08 4.840000000000000000e+03 3.730000000000000000e+03 4.050000000000000000e+03 2.000000000000000000e+03
1.629033450000000000e+08 4.850000000000000000e+03 3.730000000000000000e+03 4.030000000000000000e+03 2.000000000000000000e+03
1.629035530000000000e+08 4.840000000000000000e+03 3.730000000000000000e+03 4.060000000000000000e+03 2.010000000000000000e+03
1.629037610000000000e+08 4.830000000000000000e+03 3.730000000000000000e+03 4.070000000000000000e+03 2.000000000000000000e+03
1.629039690000000000e+08 4.830000000000000000e+03 3.720000000000000000e+03 4.080000000000000000e+03 2.000000000000000000e+03
1.629041770000000000e+08 4.830000000000000000e+03 3.720000000000000000e+03 4.090000000000000000e+03 1.990000000000000000e+03
1.629043850000000000e+08 4.820000000000000000e+03 3.720000000000000000e+03 4.070000000000000000e+03 1.980000000000000000e+03
1.629045940000000000e+08 4.820000000000000000e+03 3.730000000000000000e+03 4.110000000000000000e+03 1.970000000000000000e+03
1.629048010000000000e+08 4.830000000000000000e+03 3.720000000000000000e+03 4.360000000000000000e+03 1.980000000000000000e+03
1.629050090000000000e+08 4.830000000000000000e+03 3.730000000000000000e+03 4.520000000000000000e+03 1.990000000000000000e+03
1.629052160000000000e+08 4.830000000000000000e+03 3.730000000000000000e+03 4.640000000000000000e+03 1.970000000000000000e+03
1.629054250000000000e+08 4.830000000000000000e+03 3.730000000000000000e+03 4.720000000000000000e+03 1.980000000000000000e+03
1.629056330000000000e+08 4.840000000000000000e+03 3.720000000000000000e+03 4.780000000000000000e+03 1.970000000000000000e+03
1.629058250000000000e+08 4.840000000000000000e+03 3.720000000000000000e+03 4.820000000000000000e+03 1.980000000000000000e+03
1.629060330000000000e+08 4.840000000000000000e+03 3.720000000000000000e+03 4.850000000000000000e+03 1.970000000000000000e+03
1.629062400000000000e+08 4.850000000000000000e+03 3.720000000000000000e+03 4.860000000000000000e+03 1.980000000000000000e+03
1.629064480000000000e+08 4.850000000000000000e+03 3.720000000000000000e+03 4.880000000000000000e+03 1.970000000000000000e+03
1.629066560000000000e+08 4.850000000000000000e+03 3.720000000000000000e+03 4.890000000000000000e+03 1.960000000000000000e+03
1.629068650000000000e+08 4.850000000000000000e+03 3.720000000000000000e+03 4.890000000000000000e+03 1.970000000000000000e+03
1.629070720000000000e+08 4.850000000000000000e+03 3.740000000000000000e+03 4.890000000000000000e+03 1.980000000000000000e+03
1.629072800000000000e+08 4.850000000000000000e+03 3.730000000000000000e+03 4.890000000000000000e+03 1.990000000000000000e+03
1.629074880000000000e+08 4.850000000000000000e+03 3.730000000000000000e+03 4.910000000000000000e+03 1.980000000000000000e+03
1.629076960000000000e+08 4.850000000000000000e+03 3.730000000000000000e+03 4.910000000000000000e+03 1.990000000000000000e+03
1.629079040000000000e+08 4.850000000000000000e+03 3.720000000000000000e+03 4.920000000000000000e+03 1.990000000000000000e+03
1.629081120000000000e+08 4.850000000000000000e+03 3.720000000000000000e+03 4.930000000000000000e+03 1.990000000000000000e+03
1.629083200000000000e+08 4.850000000000000000e+03 3.720000000000000000e+03 4.910000000000000000e+03 1.970000000000000000e+03
1.629085280000000000e+08 4.850000000000000000e+03 3.720000000000000000e+03 4.870000000000000000e+03 1.980000000000000000e+03
1.629087360000000000e+08 4.850000000000000000e+03 3.720000000000000000e+03 4.860000000000000000e+03 1.970000000000000000e+03
1.629089440000000000e+08 4.850000000000000000e+03 3.730000000000000000e+03 4.860000000000000000e+03 1.980000000000000000e+03
1.629091520000000000e+08 4.850000000000000000e+03 3.730000000000000000e+03 4.850000000000000000e+03 1.990000000000000000e+03
1.629093440000000000e+08 4.850000000000000000e+03 3.730000000000000000e+03 4.840000000000000000e+03 1.990000000000000000e+03
1.629095520000000000e+08 4.850000000000000000e+03 3.730000000000000000e+03 4.840000000000000000e+03 1.990000000000000000e+03
1.629097600000000000e+08 4.850000000000000000e+03 3.730000000000000000e+03 4.840000000000000000e+03 1.960000000000000000e+03
1.629099680000000000e+08 4.850000000000000000e+03 3.720000000000000000e+03 4.840000000000000000e+03 1.980000000000000000e+03
1.629101760000000000e+08 4.850000000000000000e+03 3.720000000000000000e+03 4.850000000000000000e+03 1.970000000000000000e+03
1.629103840000000000e+08 4.850000000000000000e+03 3.730000000000000000e+03 4.880000000000000000e+03 1.970000000000000000e+03
1.629105920000000000e+08 4.860000000000000000e+03 3.740000000000000000e+03 4.890000000000000000e+03 1.980000000000000000e+03
1.629108000000000000e+08 4.850000000000000000e+03 3.730000000000000000e+03 4.890000000000000000e+03 1.970000000000000000e+03
1.629110080000000000e+08 4.850000000000000000e+03 3.720000000000000000e+03 4.910000000000000000e+03 1.970000000000000000e+03
1.629112150000000000e+08 4.850000000000000000e+03 3.720000000000000000e+03 4.890000000000000000e+03 1.960000000000000000e+03
1.629114230000000000e+08 4.860000000000000000e+03 3.720000000000000000e+03 4.890000000000000000e+03 1.970000000000000000e+03
1.629116310000000000e+08 4.860000000000000000e+03 3.720000000000000000e+03 4.880000000000000000e+03 1.990000000000000000e+03
1.629118390000000000e+08 4.860000000000000000e+03 3.720000000000000000e+03 4.870000000000000000e+03 1.990000000000000000e+03
1.629120490000000000e+08 4.850000000000000000e+03 3.720000000000000000e+03 4.860000000000000000e+03 1.990000000000000000e+03
1.629122550000000000e+08 4.850000000000000000e+03 3.730000000000000000e+03 4.850000000000000000e+03 1.970000000000000000e+03
1.629124630000000000e+08 4.870000000000000000e+03 3.720000000000000000e+03 4.850000000000000000e+03 1.980000000000000000e+03
1.629126550000000000e+08 4.860000000000000000e+03 3.720000000000000000e+03 4.850000000000000000e+03 1.970000000000000000e+03
1.629128630000000000e+08 4.860000000000000000e+03 3.730000000000000000e+03 4.850000000000000000e+03 1.970000000000000000e+03
1.629130700000000000e+08 4.860000000000000000e+03 3.720000000000000000e+03 4.860000000000000000e+03 1.980000000000000000e+03
1.629132790000000000e+08 4.860000000000000000e+03 3.720000000000000000e+03 4.860000000000000000e+03 1.970000000000000000e+03
1.629134870000000000e+08 4.850000000000000000e+03 3.720000000000000000e+03 4.870000000000000000e+03 1.990000000000000000e+03
1.629136950000000000e+08 4.850000000000000000e+03 3.720000000000000000e+03 4.870000000000000000e+03 1.990000000000000000e+03
1.629139020000000000e+08 4.850000000000000000e+03 3.720000000000000000e+03 4.860000000000000000e+03 2.000000000000000000e+03
1.629141110000000000e+08 4.850000000000000000e+03 3.720000000000000000e+03 4.860000000000000000e+03 1.990000000000000000e+03
1.629143190000000000e+08 4.850000000000000000e+03 3.720000000000000000e+03 4.870000000000000000e+03 2.000000000000000000e+03
1.629145270000000000e+08 4.850000000000000000e+03 3.730000000000000000e+03 4.860000000000000000e+03 2.000000000000000000e+03
1.629147350000000000e+08 4.850000000000000000e+03 3.730000000000000000e+03 4.860000000000000000e+03 1.990000000000000000e+03
1.629149430000000000e+08 4.850000000000000000e+03 3.720000000000000000e+03 4.860000000000000000e+03 1.970000000000000000e+03
1.629151500000000000e+08 4.850000000000000000e+03 3.720000000000000000e+03 4.860000000000000000e+03 1.980000000000000000e+03
1.629153590000000000e+08 4.850000000000000000e+03 3.730000000000000000e+03 4.870000000000000000e+03 1.990000000000000000e+03
1.629155660000000000e+08 4.840000000000000000e+03 3.730000000000000000e+03 4.890000000000000000e+03 1.990000000000000000e+03
1.629157740000000000e+08 4.840000000000000000e+03 3.730000000000000000e+03 4.790000000000000000e+03 1.970000000000000000e+03
1.629159810000000000e+08 4.830000000000000000e+03 3.720000000000000000e+03 4.840000000000000000e+03 1.980000000000000000e+03
1.629161740000000000e+08 4.840000000000000000e+03 3.720000000000000000e+03 4.860000000000000000e+03 1.990000000000000000e+03
1.629163820000000000e+08 4.840000000000000000e+03 3.720000000000000000e+03 4.870000000000000000e+03 1.980000000000000000e+03
1.629165900000000000e+08 4.840000000000000000e+03 3.720000000000000000e+03 4.880000000000000000e+03 1.990000000000000000e+03
1.629167980000000000e+08 4.840000000000000000e+03 3.720000000000000000e+03 4.880000000000000000e+03 1.990000000000000000e+03
1.629170050000000000e+08 4.840000000000000000e+03 3.720000000000000000e+03 4.880000000000000000e+03 1.980000000000000000e+03
1.629172140000000000e+08 4.850000000000000000e+03 3.720000000000000000e+03 4.880000000000000000e+03 1.990000000000000000e+03
1.629174220000000000e+08 4.850000000000000000e+03 3.720000000000000000e+03 4.870000000000000000e+03 2.000000000000000000e+03
1.629176300000000000e+08 4.850000000000000000e+03 3.730000000000000000e+03 4.860000000000000000e+03 2.000000000000000000e+03
1.629178380000000000e+08 4.860000000000000000e+03 3.720000000000000000e+03 4.850000000000000000e+03 2.000000000000000000e+03
1.629180460000000000e+08 4.850000000000000000e+03 3.720000000000000000e+03 4.850000000000000000e+03 2.000000000000000000e+03
1.629182540000000000e+08 4.850000000000000000e+03 3.730000000000000000e+03 4.850000000000000000e+03 1.980000000000000000e+03
1.629184620000000000e+08 4.850000000000000000e+03 3.720000000000000000e+03 4.850000000000000000e+03 1.970000000000000000e+03
1.629186700000000000e+08 4.840000000000000000e+03 3.720000000000000000e+03 4.850000000000000000e+03 1.970000000000000000e+03
1.629188780000000000e+08 4.850000000000000000e+03 3.710000000000000000e+03 4.850000000000000000e+03 1.990000000000000000e+03
1.629190860000000000e+08 4.840000000000000000e+03 3.720000000000000000e+03 4.850000000000000000e+03 2.000000000000000000e+03
1.629192940000000000e+08 4.850000000000000000e+03 3.720000000000000000e+03 4.860000000000000000e+03 2.000000000000000000e+03
1.629194860000000000e+08 4.850000000000000000e+03 3.720000000000000000e+03 4.860000000000000000e+03 2.010000000000000000e+03
1.629196940000000000e+08 4.850000000000000000e+03 3.730000000000000000e+03 4.860000000000000000e+03 2.000000000000000000e+03
1.629199010000000000e+08 4.850000000000000000e+03 3.720000000000000000e+03 4.860000000000000000e+03 1.990000000000000000e+03
1.629201090000000000e+08 4.850000000000000000e+03 3.730000000000000000e+03 4.870000000000000000e+03 2.000000000000000000e+03
1.629203180000000000e+08 4.850000000000000000e+03 3.740000000000000000e+03 4.890000000000000000e+03 2.000000000000000000e+03
1.629205250000000000e+08 4.850000000000000000e+03 3.740000000000000000e+03 4.930000000000000000e+03 2.000000000000000000e+03
1.629207330000000000e+08 4.840000000000000000e+03 3.740000000000000000e+03 4.970000000000000000e+03 2.000000000000000000e+03
1.629209410000000000e+08 4.840000000000000000e+03 3.730000000000000000e+03 4.990000000000000000e+03 2.010000000000000000e+03
1.629211480000000000e+08 4.850000000000000000e+03 3.740000000000000000e+03 5.000000000000000000e+03 2.000000000000000000e+03
1.629213570000000000e+08 4.850000000000000000e+03 3.730000000000000000e+03 5.010000000000000000e+03 2.000000000000000000e+03
1.629215650000000000e+08 4.850000000000000000e+03 3.730000000000000000e+03 5.010000000000000000e+03 2.000000000000000000e+03
1.629217730000000000e+08 4.860000000000000000e+03 3.730000000000000000e+03 5.000000000000000000e+03 1.990000000000000000e+03
1.629219810000000000e+08 4.860000000000000000e+03 3.720000000000000000e+03 4.980000000000000000e+03 1.980000000000000000e+03
1.629221890000000000e+08 4.860000000000000000e+03 3.720000000000000000e+03 4.970000000000000000e+03 1.980000000000000000e+03
1.629223970000000000e+08 4.860000000000000000e+03 3.730000000000000000e+03 4.940000000000000000e+03 1.960000000000000000e+03
1.629226050000000000e+08 4.850000000000000000e+03 3.730000000000000000e+03 4.930000000000000000e+03 1.970000000000000000e+03
1.629228120000000000e+08 4.840000000000000000e+03 3.730000000000000000e+03 4.920000000000000000e+03 1.980000000000000000e+03
1.629230040000000000e+08 4.840000000000000000e+03 3.730000000000000000e+03 4.920000000000000000e+03 2.000000000000000000e+03
1.629232130000000000e+08 4.840000000000000000e+03 3.740000000000000000e+03 4.920000000000000000e+03 2.000000000000000000e+03
1.629234210000000000e+08 4.840000000000000000e+03 3.730000000000000000e+03 4.890000000000000000e+03 1.980000000000000000e+03
1.629236290000000000e+08 4.830000000000000000e+03 3.720000000000000000e+03 4.890000000000000000e+03 1.990000000000000000e+03
1.629238370000000000e+08 4.830000000000000000e+03 3.720000000000000000e+03 4.880000000000000000e+03 1.980000000000000000e+03
1.629240450000000000e+08 4.840000000000000000e+03 3.720000000000000000e+03 4.890000000000000000e+03 1.980000000000000000e+03
1.629242530000000000e+08 4.840000000000000000e+03 3.720000000000000000e+03 4.910000000000000000e+03 1.990000000000000000e+03
1.629244600000000000e+08 4.850000000000000000e+03 3.720000000000000000e+03 4.890000000000000000e+03 1.990000000000000000e+03
1.629246680000000000e+08 4.850000000000000000e+03 3.720000000000000000e+03 4.890000000000000000e+03 1.990000000000000000e+03
1.629248760000000000e+08 4.850000000000000000e+03 3.730000000000000000e+03 4.910000000000000000e+03 1.980000000000000000e+03
1.629250840000000000e+08 4.850000000000000000e+03 3.730000000000000000e+03 4.910000000000000000e+03 1.990000000000000000e+03
1.629252930000000000e+08 4.850000000000000000e+03 3.720000000000000000e+03 4.890000000000000000e+03 1.980000000000000000e+03
1.629255000000000000e+08 4.850000000000000000e+03 3.720000000000000000e+03 4.890000000000000000e+03 1.970000000000000000e+03
1.629257080000000000e+08 4.840000000000000000e+03 3.730000000000000000e+03 4.930000000000000000e+03 1.960000000000000000e+03
1.629259160000000000e+08 4.850000000000000000e+03 3.720000000000000000e+03 4.740000000000000000e+03 1.960000000000000000e+03
1.629261360000000000e+08 4.850000000000000000e+03 3.720000000000000000e+03 4.550000000000000000e+03 1.960000000000000000e+03
1.629263160000000000e+08 4.840000000000000000e+03 3.720000000000000000e+03 4.470000000000000000e+03 1.970000000000000000e+03
1.629265240000000000e+08 4.840000000000000000e+03 3.720000000000000000e+03 4.380000000000000000e+03 1.980000000000000000e+03
1.629267310000000000e+08 4.830000000000000000e+03 3.720000000000000000e+03 4.330000000000000000e+03 1.990000000000000000e+03
1.629354660000000000e+08 5.090000000000000000e+03 3.700000000000000000e+03 3.780000000000000000e+03 1.970000000000000000e+03
1.629356900000000000e+08 5.140000000000000000e+03 3.700000000000000000e+03 3.790000000000000000e+03 1.980000000000000000e+03
1.629358970000000000e+08 5.260000000000000000e+03 3.700000000000000000e+03 3.780000000000000000e+03 1.980000000000000000e+03
1.629361060000000000e+08 5.370000000000000000e+03 3.710000000000000000e+03 3.770000000000000000e+03 1.990000000000000000e+03
1.629363130000000000e+08 5.230000000000000000e+03 3.710000000000000000e+03 3.770000000000000000e+03 2.000000000000000000e+03
1.629365220000000000e+08 5.140000000000000000e+03 3.710000000000000000e+03 3.770000000000000000e+03 2.000000000000000000e+03
1.629367300000000000e+08 5.110000000000000000e+03 3.710000000000000000e+03 3.780000000000000000e+03 1.990000000000000000e+03
1.629369380000000000e+08 5.130000000000000000e+03 3.700000000000000000e+03 3.770000000000000000e+03 2.000000000000000000e+03
1.629371460000000000e+08 5.160000000000000000e+03 3.710000000000000000e+03 3.770000000000000000e+03 1.990000000000000000e+03
1.629373540000000000e+08 5.140000000000000000e+03 3.720000000000000000e+03 3.770000000000000000e+03 1.990000000000000000e+03
1.629375610000000000e+08 5.160000000000000000e+03 3.720000000000000000e+03 3.770000000000000000e+03 2.000000000000000000e+03
1.629377690000000000e+08 5.180000000000000000e+03 3.720000000000000000e+03 3.770000000000000000e+03 1.990000000000000000e+03
1.629379770000000000e+08 5.200000000000000000e+03 3.730000000000000000e+03 3.770000000000000000e+03 1.990000000000000000e+03
1.629381850000000000e+08 5.150000000000000000e+03 3.740000000000000000e+03 3.770000000000000000e+03 1.990000000000000000e+03
1.629383930000000000e+08 5.230000000000000000e+03 3.720000000000000000e+03 3.770000000000000000e+03 1.990000000000000000e+03
1.629386010000000000e+08 5.250000000000000000e+03 3.720000000000000000e+03 3.770000000000000000e+03 2.000000000000000000e+03
1.629388250000000000e+08 5.290000000000000000e+03 3.720000000000000000e+03 3.770000000000000000e+03 2.000000000000000000e+03
1.629390330000000000e+08 5.390000000000000000e+03 3.720000000000000000e+03 3.770000000000000000e+03 2.000000000000000000e+03
1.629392410000000000e+08 5.250000000000000000e+03 3.720000000000000000e+03 3.770000000000000000e+03 2.000000000000000000e+03
1.629394490000000000e+08 5.390000000000000000e+03 3.720000000000000000e+03 3.770000000000000000e+03 2.000000000000000000e+03
1.629396570000000000e+08 5.280000000000000000e+03 3.740000000000000000e+03 3.760000000000000000e+03 2.000000000000000000e+03
1.629398650000000000e+08 5.190000000000000000e+03 3.740000000000000000e+03 3.760000000000000000e+03 2.000000000000000000e+03
1.629400720000000000e+08 5.150000000000000000e+03 3.730000000000000000e+03 3.760000000000000000e+03 2.010000000000000000e+03
1.629402810000000000e+08 5.120000000000000000e+03 3.720000000000000000e+03 3.770000000000000000e+03 2.000000000000000000e+03
1.629404890000000000e+08 5.100000000000000000e+03 3.730000000000000000e+03 3.790000000000000000e+03 2.000000000000000000e+03
1.629406970000000000e+08 5.100000000000000000e+03 3.740000000000000000e+03 3.780000000000000000e+03 2.000000000000000000e+03
1.629409050000000000e+08 5.110000000000000000e+03 3.730000000000000000e+03 3.770000000000000000e+03 2.000000000000000000e+03
1.629411130000000000e+08 5.120000000000000000e+03 3.730000000000000000e+03 3.770000000000000000e+03 1.980000000000000000e+03
1.629413200000000000e+08 5.110000000000000000e+03 3.720000000000000000e+03 3.770000000000000000e+03 1.980000000000000000e+03
1.629415440000000000e+08 5.100000000000000000e+03 3.730000000000000000e+03 3.770000000000000000e+03 1.980000000000000000e+03
1.629417530000000000e+08 5.070000000000000000e+03 3.720000000000000000e+03 3.770000000000000000e+03 1.970000000000000000e+03
1.629419600000000000e+08 5.040000000000000000e+03 3.720000000000000000e+03 3.770000000000000000e+03 1.980000000000000000e+03
1.629421690000000000e+08 5.020000000000000000e+03 3.720000000000000000e+03 3.770000000000000000e+03 1.990000000000000000e+03
1.629423760000000000e+08 5.030000000000000000e+03 3.720000000000000000e+03 3.770000000000000000e+03 1.990000000000000000e+03
1.629425840000000000e+08 5.030000000000000000e+03 3.720000000000000000e+03 3.770000000000000000e+03 2.000000000000000000e+03
1.629427920000000000e+08 5.250000000000000000e+03 3.720000000000000000e+03 3.780000000000000000e+03 2.000000000000000000e+03
1.629430000000000000e+08 5.400000000000000000e+03 3.720000000000000000e+03 3.780000000000000000e+03 1.970000000000000000e+03
1.629432080000000000e+08 5.500000000000000000e+03 3.720000000000000000e+03 3.770000000000000000e+03 1.980000000000000000e+03
1.629434160000000000e+08 5.600000000000000000e+03 3.720000000000000000e+03 3.770000000000000000e+03 1.960000000000000000e+03
1.629436240000000000e+08 5.640000000000000000e+03 3.720000000000000000e+03 3.770000000000000000e+03 1.970000000000000000e+03
1.629438320000000000e+08 5.660000000000000000e+03 3.720000000000000000e+03 3.770000000000000000e+03 1.970000000000000000e+03
1.629440400000000000e+08 5.620000000000000000e+03 3.730000000000000000e+03 3.770000000000000000e+03 1.990000000000000000e+03
1.629442480000000000e+08 5.420000000000000000e+03 3.720000000000000000e+03 3.770000000000000000e+03 2.000000000000000000e+03
1.629444550000000000e+08 5.300000000000000000e+03 3.710000000000000000e+03 3.770000000000000000e+03 2.010000000000000000e+03
1.629446640000000000e+08 5.210000000000000000e+03 3.710000000000000000e+03 3.770000000000000000e+03 2.000000000000000000e+03
1.629448710000000000e+08 5.270000000000000000e+03 3.710000000000000000e+03 3.770000000000000000e+03 1.980000000000000000e+03
1.629450960000000000e+08 5.370000000000000000e+03 3.720000000000000000e+03 3.760000000000000000e+03 1.970000000000000000e+03
1.629453030000000000e+08 5.470000000000000000e+03 3.720000000000000000e+03 3.770000000000000000e+03 1.950000000000000000e+03
1.629455110000000000e+08 5.580000000000000000e+03 3.710000000000000000e+03 3.760000000000000000e+03 1.940000000000000000e+03
1.629457200000000000e+08 5.640000000000000000e+03 3.700000000000000000e+03 3.760000000000000000e+03 1.940000000000000000e+03
1.629459280000000000e+08 5.650000000000000000e+03 3.700000000000000000e+03 3.760000000000000000e+03 1.950000000000000000e+03
1.629461360000000000e+08 5.620000000000000000e+03 3.710000000000000000e+03 3.770000000000000000e+03 1.960000000000000000e+03
1.629463430000000000e+08 5.590000000000000000e+03 3.710000000000000000e+03 3.770000000000000000e+03 1.950000000000000000e+03
1.629465510000000000e+08 5.560000000000000000e+03 3.720000000000000000e+03 3.770000000000000000e+03 1.970000000000000000e+03
1.629467670000000000e+08 5.500000000000000000e+03 3.710000000000000000e+03 3.780000000000000000e+03 1.960000000000000000e+03
1.629469670000000000e+08 5.460000000000000000e+03 3.710000000000000000e+03 3.770000000000000000e+03 1.970000000000000000e+03
1.629471750000000000e+08 5.440000000000000000e+03 3.710000000000000000e+03 3.770000000000000000e+03 1.990000000000000000e+03
1.629473830000000000e+08 5.410000000000000000e+03 3.710000000000000000e+03 3.770000000000000000e+03 2.000000000000000000e+03
1.629475910000000000e+08 5.450000000000000000e+03 3.710000000000000000e+03 3.780000000000000000e+03 1.990000000000000000e+03
1.629477990000000000e+08 5.430000000000000000e+03 3.700000000000000000e+03 3.770000000000000000e+03 1.980000000000000000e+03
1.629480070000000000e+08 5.380000000000000000e+03 3.720000000000000000e+03 3.770000000000000000e+03 1.960000000000000000e+03
1.629482310000000000e+08 5.340000000000000000e+03 3.720000000000000000e+03 3.770000000000000000e+03 1.950000000000000000e+03
1.629484390000000000e+08 5.320000000000000000e+03 3.720000000000000000e+03 3.770000000000000000e+03 1.950000000000000000e+03
1.629486470000000000e+08 5.330000000000000000e+03 3.710000000000000000e+03 3.770000000000000000e+03 1.970000000000000000e+03
1.629488550000000000e+08 5.350000000000000000e+03 3.730000000000000000e+03 3.770000000000000000e+03 1.990000000000000000e+03
1.629490620000000000e+08 5.330000000000000000e+03 3.720000000000000000e+03 3.770000000000000000e+03 1.990000000000000000e+03
1.629492710000000000e+08 5.340000000000000000e+03 3.730000000000000000e+03 3.770000000000000000e+03 2.000000000000000000e+03
1.629494790000000000e+08 5.400000000000000000e+03 3.720000000000000000e+03 3.770000000000000000e+03 1.990000000000000000e+03
1.629496860000000000e+08 5.490000000000000000e+03 3.720000000000000000e+03 3.770000000000000000e+03 2.000000000000000000e+03
1.629498950000000000e+08 5.540000000000000000e+03 3.720000000000000000e+03 3.770000000000000000e+03 1.970000000000000000e+03
1.629501190000000000e+08 5.610000000000000000e+03 3.710000000000000000e+03 3.770000000000000000e+03 1.980000000000000000e+03
1.629503300000000000e+08 5.480000000000000000e+03 3.710000000000000000e+03 3.760000000000000000e+03 1.980000000000000000e+03
1.629505340000000000e+08 5.580000000000000000e+03 3.720000000000000000e+03 3.780000000000000000e+03 1.980000000000000000e+03
1.629507420000000000e+08 5.620000000000000000e+03 3.710000000000000000e+03 3.790000000000000000e+03 1.990000000000000000e+03
1.629509500000000000e+08 5.610000000000000000e+03 3.710000000000000000e+03 3.780000000000000000e+03 2.000000000000000000e+03
1.629511580000000000e+08 5.660000000000000000e+03 3.710000000000000000e+03 3.780000000000000000e+03 2.000000000000000000e+03
1.629513660000000000e+08 5.670000000000000000e+03 3.710000000000000000e+03 3.780000000000000000e+03 1.980000000000000000e+03
1.629515740000000000e+08 5.670000000000000000e+03 3.710000000000000000e+03 3.780000000000000000e+03 1.970000000000000000e+03
1.629517820000000000e+08 5.690000000000000000e+03 3.710000000000000000e+03 3.780000000000000000e+03 1.960000000000000000e+03
1.629519900000000000e+08 5.730000000000000000e+03 3.710000000000000000e+03 3.780000000000000000e+03 1.980000000000000000e+03
1.629521980000000000e+08 5.550000000000000000e+03 3.710000000000000000e+03 3.780000000000000000e+03 1.980000000000000000e+03
1.629524060000000000e+08 5.400000000000000000e+03 3.710000000000000000e+03 3.780000000000000000e+03 1.960000000000000000e+03
1.629526140000000000e+08 5.340000000000000000e+03 3.700000000000000000e+03 3.770000000000000000e+03 1.950000000000000000e+03
1.629528220000000000e+08 5.330000000000000000e+03 3.700000000000000000e+03 3.770000000000000000e+03 1.960000000000000000e+03
1.629530460000000000e+08 5.330000000000000000e+03 3.710000000000000000e+03 3.780000000000000000e+03 1.970000000000000000e+03
1.629532530000000000e+08 5.330000000000000000e+03 3.720000000000000000e+03 3.770000000000000000e+03 1.980000000000000000e+03
1.629534620000000000e+08 5.280000000000000000e+03 3.730000000000000000e+03 3.770000000000000000e+03 1.980000000000000000e+03
1.629536700000000000e+08 5.230000000000000000e+03 3.720000000000000000e+03 3.780000000000000000e+03 1.990000000000000000e+03
1.629538780000000000e+08 5.170000000000000000e+03 3.720000000000000000e+03 3.770000000000000000e+03 2.000000000000000000e+03
1.629540850000000000e+08 5.140000000000000000e+03 3.720000000000000000e+03 3.790000000000000000e+03 1.980000000000000000e+03
1.629542930000000000e+08 5.140000000000000000e+03 3.720000000000000000e+03 3.790000000000000000e+03 1.990000000000000000e+03
1.629545020000000000e+08 5.280000000000000000e+03 3.710000000000000000e+03 3.780000000000000000e+03 2.000000000000000000e+03
1.629547090000000000e+08 5.370000000000000000e+03 3.710000000000000000e+03 3.780000000000000000e+03 2.000000000000000000e+03
1.629549180000000000e+08 5.400000000000000000e+03 3.710000000000000000e+03 3.780000000000000000e+03 1.970000000000000000e+03
1.629551250000000000e+08 5.520000000000000000e+03 3.700000000000000000e+03 3.780000000000000000e+03 1.970000000000000000e+03
1.629553330000000000e+08 5.650000000000000000e+03 3.720000000000000000e+03 3.780000000000000000e+03 1.980000000000000000e+03
1.629556280000000000e+08 5.730000000000000000e+03 3.720000000000000000e+03 3.780000000000000000e+03 1.980000000000000000e+03
1.629557650000000000e+08 5.770000000000000000e+03 3.710000000000000000e+03 3.780000000000000000e+03 1.990000000000000000e+03
1.629559730000000000e+08 5.780000000000000000e+03 3.710000000000000000e+03 3.790000000000000000e+03 1.990000000000000000e+03
1.629561810000000000e+08 5.790000000000000000e+03 3.710000000000000000e+03 3.790000000000000000e+03 1.980000000000000000e+03
1.629563890000000000e+08 5.580000000000000000e+03 3.710000000000000000e+03 3.790000000000000000e+03 1.980000000000000000e+03
1.629565970000000000e+08 5.480000000000000000e+03 3.710000000000000000e+03 3.780000000000000000e+03 1.990000000000000000e+03
1.629568050000000000e+08 5.380000000000000000e+03 3.720000000000000000e+03 3.770000000000000000e+03 1.990000000000000000e+03
1.629570130000000000e+08 5.480000000000000000e+03 3.710000000000000000e+03 3.770000000000000000e+03 2.000000000000000000e+03
1.629572210000000000e+08 5.590000000000000000e+03 3.730000000000000000e+03 3.770000000000000000e+03 2.000000000000000000e+03
1.629574290000000000e+08 5.680000000000000000e+03 3.720000000000000000e+03 3.770000000000000000e+03 2.000000000000000000e+03
1.629576370000000000e+08 5.750000000000000000e+03 3.730000000000000000e+03 3.780000000000000000e+03 1.990000000000000000e+03
1.629578450000000000e+08 5.830000000000000000e+03 3.740000000000000000e+03 3.770000000000000000e+03 1.990000000000000000e+03
1.629580530000000000e+08 5.890000000000000000e+03 3.730000000000000000e+03 3.780000000000000000e+03 1.970000000000000000e+03
1.629582610000000000e+08 5.920000000000000000e+03 3.720000000000000000e+03 3.780000000000000000e+03 1.970000000000000000e+03
1.629584840000000000e+08 5.750000000000000000e+03 3.710000000000000000e+03 3.780000000000000000e+03 1.980000000000000000e+03
1.629586930000000000e+08 5.630000000000000000e+03 3.720000000000000000e+03 3.780000000000000000e+03 1.960000000000000000e+03
1.629589010000000000e+08 5.560000000000000000e+03 3.710000000000000000e+03 3.780000000000000000e+03 1.980000000000000000e+03
1.629591090000000000e+08 5.510000000000000000e+03 3.710000000000000000e+03 3.780000000000000000e+03 1.970000000000000000e+03
1.629593160000000000e+08 5.510000000000000000e+03 3.710000000000000000e+03 3.780000000000000000e+03 1.970000000000000000e+03
1.629595260000000000e+08 5.640000000000000000e+03 3.710000000000000000e+03 3.780000000000000000e+03 1.970000000000000000e+03
1.629597320000000000e+08 5.730000000000000000e+03 3.710000000000000000e+03 3.770000000000000000e+03 1.960000000000000000e+03
1.629599400000000000e+08 5.810000000000000000e+03 3.710000000000000000e+03 3.770000000000000000e+03 1.960000000000000000e+03
1.630001480000000000e+08 5.760000000000000000e+03 3.710000000000000000e+03 3.770000000000000000e+03 1.970000000000000000e+03
1.630003560000000000e+08 5.710000000000000000e+03 3.720000000000000000e+03 3.770000000000000000e+03 1.980000000000000000e+03
1.630005640000000000e+08 5.600000000000000000e+03 3.710000000000000000e+03 3.770000000000000000e+03 1.960000000000000000e+03
1.630007720000000000e+08 5.500000000000000000e+03 3.700000000000000000e+03 3.770000000000000000e+03 1.960000000000000000e+03
1.630009800000000000e+08 5.450000000000000000e+03 3.710000000000000000e+03 3.770000000000000000e+03 1.950000000000000000e+03
1.630011880000000000e+08 5.430000000000000000e+03 3.710000000000000000e+03 3.770000000000000000e+03 1.960000000000000000e+03
1.630013960000000000e+08 5.410000000000000000e+03 3.710000000000000000e+03 3.760000000000000000e+03 1.970000000000000000e+03
1.630016040000000000e+08 5.400000000000000000e+03 3.720000000000000000e+03 3.760000000000000000e+03 1.980000000000000000e+03
1.630018280000000000e+08 5.400000000000000000e+03 3.730000000000000000e+03 3.770000000000000000e+03 1.980000000000000000e+03
1.630020360000000000e+08 5.390000000000000000e+03 3.730000000000000000e+03 3.770000000000000000e+03 1.990000000000000000e+03
1.630022440000000000e+08 5.510000000000000000e+03 3.730000000000000000e+03 3.770000000000000000e+03 1.990000000000000000e+03
1.630024520000000000e+08 5.670000000000000000e+03 3.720000000000000000e+03 3.770000000000000000e+03 1.980000000000000000e+03
1.630026600000000000e+08 5.760000000000000000e+03 3.730000000000000000e+03 3.780000000000000000e+03 1.980000000000000000e+03
1.630028680000000000e+08 5.610000000000000000e+03 3.720000000000000000e+03 3.780000000000000000e+03 1.980000000000000000e+03
1.630030760000000000e+08 5.510000000000000000e+03 3.720000000000000000e+03 3.770000000000000000e+03 1.990000000000000000e+03
1.630032830000000000e+08 5.460000000000000000e+03 3.720000000000000000e+03 3.760000000000000000e+03 1.980000000000000000e+03
1.630034920000000000e+08 5.410000000000000000e+03 3.720000000000000000e+03 3.770000000000000000e+03 1.990000000000000000e+03
1.630037000000000000e+08 5.360000000000000000e+03 3.720000000000000000e+03 3.770000000000000000e+03 1.990000000000000000e+03
1.630039070000000000e+08 5.340000000000000000e+03 3.730000000000000000e+03 3.770000000000000000e+03 1.990000000000000000e+03
1.630041310000000000e+08 5.330000000000000000e+03 3.720000000000000000e+03 3.770000000000000000e+03 1.990000000000000000e+03
1.630043390000000000e+08 5.340000000000000000e+03 3.720000000000000000e+03 3.770000000000000000e+03 1.990000000000000000e+03
1.630045470000000000e+08 5.320000000000000000e+03 3.710000000000000000e+03 3.770000000000000000e+03 1.980000000000000000e+03
1.630047550000000000e+08 5.340000000000000000e+03 3.710000000000000000e+03 3.780000000000000000e+03 1.990000000000000000e+03
1.630049630000000000e+08 5.390000000000000000e+03 3.720000000000000000e+03 3.780000000000000000e+03 1.980000000000000000e+03
1.630051710000000000e+08 5.450000000000000000e+03 3.720000000000000000e+03 3.770000000000000000e+03 1.990000000000000000e+03
1.630053790000000000e+08 5.540000000000000000e+03 3.720000000000000000e+03 3.770000000000000000e+03 1.970000000000000000e+03
1.630055870000000000e+08 5.650000000000000000e+03 3.730000000000000000e+03 3.770000000000000000e+03 1.980000000000000000e+03
1.630057950000000000e+08 5.740000000000000000e+03 3.730000000000000000e+03 3.770000000000000000e+03 1.990000000000000000e+03
1.630060030000000000e+08 5.810000000000000000e+03 3.720000000000000000e+03 3.770000000000000000e+03 2.000000000000000000e+03
1.630062110000000000e+08 5.700000000000000000e+03 3.720000000000000000e+03 3.770000000000000000e+03 2.000000000000000000e+03
1.630064340000000000e+08 5.630000000000000000e+03 3.720000000000000000e+03 3.770000000000000000e+03 1.990000000000000000e+03
1.630066430000000000e+08 5.590000000000000000e+03 3.730000000000000000e+03 3.770000000000000000e+03 1.980000000000000000e+03
1.630068510000000000e+08 5.580000000000000000e+03 3.740000000000000000e+03 3.780000000000000000e+03 1.990000000000000000e+03
1.630070590000000000e+08 5.560000000000000000e+03 3.740000000000000000e+03 3.780000000000000000e+03 1.990000000000000000e+03
1.630072670000000000e+08 5.560000000000000000e+03 3.740000000000000000e+03 3.780000000000000000e+03 1.980000000000000000e+03
1.630074750000000000e+08 5.570000000000000000e+03 3.730000000000000000e+03 3.780000000000000000e+03 1.990000000000000000e+03
1.630076830000000000e+08 5.590000000000000000e+03 3.720000000000000000e+03 3.780000000000000000e+03 1.990000000000000000e+03
1.630078910000000000e+08 5.580000000000000000e+03 3.720000000000000000e+03 3.780000000000000000e+03 1.970000000000000000e+03
1.630080980000000000e+08 5.570000000000000000e+03 3.720000000000000000e+03 3.780000000000000000e+03 1.980000000000000000e+03
1.630083060000000000e+08 5.590000000000000000e+03 3.710000000000000000e+03 3.780000000000000000e+03 1.990000000000000000e+03
1.630085140000000000e+08 5.470000000000000000e+03 3.710000000000000000e+03 3.780000000000000000e+03 1.990000000000000000e+03
1.630087220000000000e+08 5.380000000000000000e+03 3.700000000000000000e+03 3.780000000000000000e+03 1.980000000000000000e+03
1.630089300000000000e+08 5.330000000000000000e+03 3.710000000000000000e+03 3.780000000000000000e+03 1.980000000000000000e+03
1.630091380000000000e+08 5.280000000000000000e+03 3.710000000000000000e+03 3.770000000000000000e+03 1.980000000000000000e+03
1.630093620000000000e+08 5.250000000000000000e+03 3.710000000000000000e+03 3.770000000000000000e+03 1.960000000000000000e+03
1.630095700000000000e+08 5.230000000000000000e+03 3.710000000000000000e+03 3.770000000000000000e+03 1.950000000000000000e+03
1.630097780000000000e+08 5.240000000000000000e+03 3.710000000000000000e+03 3.780000000000000000e+03 1.960000000000000000e+03
1.630099860000000000e+08 5.350000000000000000e+03 3.710000000000000000e+03 3.780000000000000000e+03 1.980000000000000000e+03
1.630101940000000000e+08 5.340000000000000000e+03 3.710000000000000000e+03 3.780000000000000000e+03 1.990000000000000000e+03
1.630104020000000000e+08 5.440000000000000000e+03 3.710000000000000000e+03 3.770000000000000000e+03 1.990000000000000000e+03
1.630106090000000000e+08 5.440000000000000000e+03 3.710000000000000000e+03 3.770000000000000000e+03 1.980000000000000000e+03
1.630108180000000000e+08 5.470000000000000000e+03 3.710000000000000000e+03 3.770000000000000000e+03 1.980000000000000000e+03
