1.707590360000000000e+08 5.330000000000000000e+03 3.580000000000000000e+03 4.230000000000000000e+03 1.730000000000000000e+03
1.707592440000000000e+08 5.300000000000000000e+03 3.580000000000000000e+03 4.220000000000000000e+03 1.740000000000000000e+03
1.707594510000000000e+08 5.290000000000000000e+03 3.570000000000000000e+03 4.220000000000000000e+03 1.740000000000000000e+03
1.707596590000000000e+08 5.290000000000000000e+03 3.570000000000000000e+03 4.240000000000000000e+03 1.740000000000000000e+03
1.707598640000000000e+08 5.290000000000000000e+03 3.570000000000000000e+03 4.240000000000000000e+03 1.740000000000000000e+03
1.708000640000000000e+08 5.320000000000000000e+03 3.580000000000000000e+03 4.240000000000000000e+03 1.740000000000000000e+03
1.708002780000000000e+08 5.320000000000000000e+03 3.580000000000000000e+03 4.250000000000000000e+03 1.730000000000000000e+03
1.708004890000000000e+08 5.330000000000000000e+03 3.570000000000000000e+03 4.240000000000000000e+03 1.730000000000000000e+03
1.708007010000000000e+08 5.330000000000000000e+03 3.580000000000000000e+03 4.250000000000000000e+03 1.740000000000000000e+03
1.708009060000000000e+08 5.330000000000000000e+03 3.580000000000000000e+03 4.240000000000000000e+03 1.750000000000000000e+03
1.708011150000000000e+08 5.310000000000000000e+03 3.590000000000000000e+03 4.240000000000000000e+03 1.740000000000000000e+03
1.708013220000000000e+08 5.310000000000000000e+03 3.590000000000000000e+03 4.240000000000000000e+03 1.740000000000000000e+03
1.708015300000000000e+08 5.320000000000000000e+03 3.580000000000000000e+03 4.230000000000000000e+03 1.740000000000000000e+03
1.708017350000000000e+08 5.330000000000000000e+03 3.590000000000000000e+03 4.230000000000000000e+03 1.730000000000000000e+03
1.708019400000000000e+08 5.340000000000000000e+03 3.580000000000000000e+03 4.230000000000000000e+03 1.730000000000000000e+03
1.708021460000000000e+08 5.360000000000000000e+03 3.580000000000000000e+03 4.230000000000000000e+03 1.730000000000000000e+03
1.708023530000000000e+08 5.370000000000000000e+03 3.570000000000000000e+03 4.240000000000000000e+03 1.730000000000000000e+03
1.708025710000000000e+08 5.390000000000000000e+03 3.570000000000000000e+03 4.240000000000000000e+03 1.730000000000000000e+03
1.708027790000000000e+08 5.430000000000000000e+03 3.570000000000000000e+03 4.240000000000000000e+03 1.730000000000000000e+03
1.708029860000000000e+08 5.440000000000000000e+03 3.580000000000000000e+03 4.240000000000000000e+03 1.730000000000000000e+03
1.708031850000000000e+08 5.440000000000000000e+03 3.580000000000000000e+03 4.240000000000000000e+03 1.730000000000000000e+03
1.708033870000000000e+08 5.430000000000000000e+03 3.580000000000000000e+03 4.240000000000000000e+03 1.730000000000000000e+03
1.708036100000000000e+08 5.450000000000000000e+03 3.580000000000000000e+03 4.230000000000000000e+03 1.730000000000000000e+03
1.708038150000000000e+08 5.480000000000000000e+03 3.580000000000000000e+03 4.230000000000000000e+03 1.730000000000000000e+03
1.708042100000000000e+08 5.480000000000000000e+03 3.590000000000000000e+03 4.230000000000000000e+03 1.720000000000000000e+03
1.708042340000000000e+08 5.480000000000000000e+03 3.580000000000000000e+03 4.230000000000000000e+03 1.720000000000000000e+03
1.708044370000000000e+08 5.490000000000000000e+03 3.590000000000000000e+03 4.230000000000000000e+03 1.720000000000000000e+03
1.708046500000000000e+08 5.590000000000000000e+03 3.590000000000000000e+03 4.240000000000000000e+03 1.720000000000000000e+03
1.708048500000000000e+08 5.540000000000000000e+03 3.590000000000000000e+03 4.240000000000000000e+03 1.720000000000000000e+03
1.708050660000000000e+08 5.500000000000000000e+03 3.590000000000000000e+03 4.250000000000000000e+03 1.720000000000000000e+03
1.708052620000000000e+08 5.540000000000000000e+03 3.580000000000000000e+03 4.240000000000000000e+03 1.700000000000000000e+03
1.708054970000000000e+08 5.500000000000000000e+03 3.580000000000000000e+03 4.240000000000000000e+03 1.700000000000000000e+03
1.708056950000000000e+08 5.460000000000000000e+03 3.580000000000000000e+03 4.250000000000000000e+03 1.700000000000000000e+03
1.708059050000000000e+08 5.470000000000000000e+03 3.570000000000000000e+03 4.240000000000000000e+03 1.710000000000000000e+03
1.708061140000000000e+08 5.480000000000000000e+03 3.580000000000000000e+03 4.250000000000000000e+03 1.720000000000000000e+03
1.708063290000000000e+08 5.450000000000000000e+03 3.580000000000000000e+03 4.240000000000000000e+03 1.720000000000000000e+03
1.708065380000000000e+08 5.420000000000000000e+03 3.580000000000000000e+03 4.230000000000000000e+03 1.700000000000000000e+03
1.708067400000000000e+08 5.460000000000000000e+03 3.580000000000000000e+03 4.230000000000000000e+03 1.690000000000000000e+03
1.708069530000000000e+08 5.480000000000000000e+03 3.580000000000000000e+03 4.230000000000000000e+03 1.690000000000000000e+03
1.708071600000000000e+08 5.510000000000000000e+03 3.580000000000000000e+03 4.250000000000000000e+03 1.700000000000000000e+03
1.708073620000000000e+08 5.580000000000000000e+03 3.570000000000000000e+03 4.250000000000000000e+03 1.720000000000000000e+03
1.708075780000000000e+08 5.630000000000000000e+03 3.580000000000000000e+03 4.250000000000000000e+03 1.720000000000000000e+03
1.708077820000000000e+08 5.630000000000000000e+03 3.580000000000000000e+03 4.240000000000000000e+03 1.730000000000000000e+03
1.708079850000000000e+08 5.640000000000000000e+03 3.570000000000000000e+03 4.240000000000000000e+03 1.730000000000000000e+03
1.708081950000000000e+08 5.620000000000000000e+03 3.570000000000000000e+03 4.240000000000000000e+03 1.730000000000000000e+03
1.708084240000000000e+08 5.610000000000000000e+03 3.570000000000000000e+03 4.240000000000000000e+03 1.720000000000000000e+03
1.708086240000000000e+08 5.590000000000000000e+03 3.570000000000000000e+03 4.230000000000000000e+03 1.720000000000000000e+03
1.708088300000000000e+08 5.550000000000000000e+03 3.570000000000000000e+03 4.230000000000000000e+03 1.720000000000000000e+03
1.708090360000000000e+08 5.510000000000000000e+03 3.580000000000000000e+03 4.230000000000000000e+03 1.710000000000000000e+03
1.708092580000000000e+08 5.480000000000000000e+03 3.580000000000000000e+03 4.230000000000000000e+03 1.710000000000000000e+03
1.708094650000000000e+08 5.470000000000000000e+03 3.580000000000000000e+03 4.240000000000000000e+03 1.720000000000000000e+03
1.708096710000000000e+08 5.480000000000000000e+03 3.580000000000000000e+03 4.240000000000000000e+03 1.720000000000000000e+03
1.708098820000000000e+08 5.510000000000000000e+03 3.570000000000000000e+03 4.240000000000000000e+03 1.720000000000000000e+03
1.708100890000000000e+08 5.560000000000000000e+03 3.580000000000000000e+03 4.240000000000000000e+03 1.720000000000000000e+03
1.708102940000000000e+08 5.570000000000000000e+03 3.590000000000000000e+03 4.240000000000000000e+03 1.730000000000000000e+03
1.708105050000000000e+08 5.570000000000000000e+03 3.580000000000000000e+03 4.240000000000000000e+03 1.730000000000000000e+03
1.708107130000000000e+08 5.540000000000000000e+03 3.580000000000000000e+03 4.240000000000000000e+03 1.730000000000000000e+03
1.708109200000000000e+08 5.570000000000000000e+03 3.580000000000000000e+03 4.230000000000000000e+03 1.730000000000000000e+03
1.708111210000000000e+08 5.550000000000000000e+03 3.590000000000000000e+03 4.230000000000000000e+03 1.730000000000000000e+03
1.708113230000000000e+08 5.520000000000000000e+03 3.580000000000000000e+03 4.240000000000000000e+03 1.720000000000000000e+03
1.708115610000000000e+08 5.490000000000000000e+03 3.590000000000000000e+03 4.240000000000000000e+03 1.710000000000000000e+03
1.708117690000000000e+08 5.460000000000000000e+03 3.580000000000000000e+03 4.240000000000000000e+03 1.720000000000000000e+03
1.708119770000000000e+08 5.450000000000000000e+03 3.580000000000000000e+03 4.230000000000000000e+03 1.720000000000000000e+03
1.708121850000000000e+08 5.430000000000000000e+03 3.580000000000000000e+03 4.230000000000000000e+03 1.730000000000000000e+03
1.708123930000000000e+08 5.430000000000000000e+03 3.580000000000000000e+03 4.230000000000000000e+03 1.730000000000000000e+03
1.708126000000000000e+08 5.420000000000000000e+03 3.580000000000000000e+03 4.230000000000000000e+03 1.720000000000000000e+03
1.708127990000000000e+08 5.430000000000000000e+03 3.580000000000000000e+03 4.230000000000000000e+03 1.720000000000000000e+03
1.708130170000000000e+08 5.420000000000000000e+03 3.590000000000000000e+03 4.240000000000000000e+03 1.720000000000000000e+03
1.708132170000000000e+08 5.410000000000000000e+03 3.590000000000000000e+03 4.250000000000000000e+03 1.730000000000000000e+03
1.708134180000000000e+08 5.410000000000000000e+03 3.590000000000000000e+03 4.250000000000000000e+03 1.730000000000000000e+03
1.708136380000000000e+08 5.420000000000000000e+03 3.590000000000000000e+03 4.240000000000000000e+03 1.730000000000000000e+03
1.708138440000000000e+08 5.420000000000000000e+03 3.590000000000000000e+03 4.250000000000000000e+03 1.730000000000000000e+03
1.708141650000000000e+08 5.420000000000000000e+03 3.590000000000000000e+03 4.240000000000000000e+03 1.740000000000000000e+03
1.708142580000000000e+08 5.420000000000000000e+03 3.590000000000000000e+03 4.240000000000000000e+03 1.730000000000000000e+03
1.708144680000000000e+08 5.430000000000000000e+03 3.590000000000000000e+03 4.240000000000000000e+03 1.730000000000000000e+03
1.708146790000000000e+08 5.430000000000000000e+03 3.590000000000000000e+03 4.240000000000000000e+03 1.720000000000000000e+03
1.708148880000000000e+08 5.430000000000000000e+03 3.590000000000000000e+03 4.240000000000000000e+03 1.720000000000000000e+03
1.708150870000000000e+08 5.430000000000000000e+03 3.590000000000000000e+03 4.250000000000000000e+03 1.720000000000000000e+03
1.708153040000000000e+08 5.420000000000000000e+03 3.590000000000000000e+03 4.240000000000000000e+03 1.720000000000000000e+03
1.708155110000000000e+08 5.420000000000000000e+03 3.580000000000000000e+03 4.240000000000000000e+03 1.700000000000000000e+03
1.708157140000000000e+08 5.420000000000000000e+03 3.590000000000000000e+03 4.240000000000000000e+03 1.710000000000000000e+03
1.708159180000000000e+08 5.420000000000000000e+03 3.580000000000000000e+03 4.260000000000000000e+03 1.710000000000000000e+03
1.708161360000000000e+08 5.410000000000000000e+03 3.580000000000000000e+03 4.250000000000000000e+03 1.710000000000000000e+03
1.708163440000000000e+08 5.410000000000000000e+03 3.580000000000000000e+03 4.240000000000000000e+03 1.720000000000000000e+03
1.708165520000000000e+08 5.390000000000000000e+03 3.590000000000000000e+03 4.240000000000000000e+03 1.720000000000000000e+03
1.708167600000000000e+08 5.360000000000000000e+03 3.580000000000000000e+03 4.250000000000000000e+03 1.720000000000000000e+03
1.708169680000000000e+08 5.380000000000000000e+03 3.590000000000000000e+03 4.240000000000000000e+03 1.720000000000000000e+03
1.708171760000000000e+08 5.400000000000000000e+03 3.580000000000000000e+03 4.240000000000000000e+03 1.710000000000000000e+03
1.708173850000000000e+08 5.430000000000000000e+03 3.590000000000000000e+03 4.230000000000000000e+03 1.710000000000000000e+03
1.708175920000000000e+08 5.440000000000000000e+03 3.590000000000000000e+03 4.230000000000000000e+03 1.710000000000000000e+03
1.708177930000000000e+08 5.450000000000000000e+03 3.590000000000000000e+03 4.250000000000000000e+03 1.710000000000000000e+03
1.708179940000000000e+08 5.470000000000000000e+03 3.580000000000000000e+03 4.240000000000000000e+03 1.720000000000000000e+03
1.708182130000000000e+08 5.470000000000000000e+03 3.570000000000000000e+03 4.260000000000000000e+03 1.720000000000000000e+03
1.708184240000000000e+08 5.470000000000000000e+03 3.570000000000000000e+03 4.250000000000000000e+03 1.730000000000000000e+03
1.708186290000000000e+08 5.460000000000000000e+03 3.570000000000000000e+03 4.240000000000000000e+03 1.730000000000000000e+03
1.708188400000000000e+08 5.460000000000000000e+03 3.570000000000000000e+03 4.240000000000000000e+03 1.730000000000000000e+03
1.708190480000000000e+08 5.460000000000000000e+03 3.570000000000000000e+03 4.240000000000000000e+03 1.730000000000000000e+03
1.708192560000000000e+08 5.460000000000000000e+03 3.580000000000000000e+03 4.240000000000000000e+03 1.730000000000000000e+03
1.708194630000000000e+08 5.470000000000000000e+03 3.570000000000000000e+03 4.240000000000000000e+03 1.720000000000000000e+03
1.708196870000000000e+08 5.470000000000000000e+03 3.570000000000000000e+03 4.250000000000000000e+03 1.730000000000000000e+03
1.708198930000000000e+08 5.460000000000000000e+03 3.570000000000000000e+03 4.250000000000000000e+03 1.730000000000000000e+03
1.708201020000000000e+08 5.460000000000000000e+03 3.570000000000000000e+03 4.240000000000000000e+03 1.730000000000000000e+03
1.708203110000000000e+08 5.460000000000000000e+03 3.580000000000000000e+03 4.240000000000000000e+03 1.720000000000000000e+03
1.708205160000000000e+08 5.460000000000000000e+03 3.580000000000000000e+03 4.240000000000000000e+03 1.720000000000000000e+03
1.708207270000000000e+08 5.440000000000000000e+03 3.580000000000000000e+03 4.240000000000000000e+03 1.710000000000000000e+03
1.708209340000000000e+08 5.440000000000000000e+03 3.590000000000000000e+03 4.230000000000000000e+03 1.710000000000000000e+03
1.708211430000000000e+08 5.440000000000000000e+03 3.590000000000000000e+03 4.230000000000000000e+03 1.710000000000000000e+03
1.708213510000000000e+08 5.440000000000000000e+03 3.580000000000000000e+03 4.240000000000000000e+03 1.720000000000000000e+03
1.708215600000000000e+08 5.440000000000000000e+03 3.580000000000000000e+03 4.230000000000000000e+03 1.720000000000000000e+03
1.708217560000000000e+08 5.440000000000000000e+03 3.570000000000000000e+03 4.240000000000000000e+03 1.710000000000000000e+03
1.708219750000000000e+08 5.440000000000000000e+03 3.570000000000000000e+03 4.230000000000000000e+03 1.710000000000000000e+03
1.708221830000000000e+08 5.440000000000000000e+03 3.570000000000000000e+03 4.230000000000000000e+03 1.710000000000000000e+03
1.708223910000000000e+08 5.430000000000000000e+03 3.570000000000000000e+03 4.230000000000000000e+03 1.710000000000000000e+03
1.708225990000000000e+08 5.430000000000000000e+03 3.570000000000000000e+03 4.230000000000000000e+03 1.700000000000000000e+03
1.708228070000000000e+08 5.430000000000000000e+03 3.570000000000000000e+03 4.230000000000000000e+03 1.700000000000000000e+03
1.708230310000000000e+08 5.440000000000000000e+03 3.570000000000000000e+03 4.230000000000000000e+03 1.720000000000000000e+03
1.708232380000000000e+08 5.430000000000000000e+03 3.580000000000000000e+03 4.230000000000000000e+03 1.710000000000000000e+03
1.708234460000000000e+08 5.430000000000000000e+03 3.580000000000000000e+03 4.230000000000000000e+03 1.710000000000000000e+03
1.708236410000000000e+08 5.430000000000000000e+03 3.580000000000000000e+03 4.230000000000000000e+03 1.710000000000000000e+03
1.708238620000000000e+08 5.430000000000000000e+03 3.570000000000000000e+03 4.230000000000000000e+03 1.720000000000000000e+03
1.708241990000000000e+08 5.430000000000000000e+03 3.580000000000000000e+03 4.230000000000000000e+03 1.720000000000000000e+03
1.708242790000000000e+08 5.460000000000000000e+03 3.580000000000000000e+03 4.240000000000000000e+03 1.720000000000000000e+03
1.708244860000000000e+08 5.400000000000000000e+03 3.580000000000000000e+03 4.230000000000000000e+03 1.710000000000000000e+03
1.708313500000000000e+08 5.190000000000000000e+03 3.580000000000000000e+03 4.340000000000000000e+03 1.720000000000000000e+03
1.708315570000000000e+08 5.190000000000000000e+03 3.580000000000000000e+03 4.360000000000000000e+03 1.730000000000000000e+03
1.708317570000000000e+08 5.190000000000000000e+03 3.570000000000000000e+03 4.380000000000000000e+03 1.730000000000000000e+03
1.708319690000000000e+08 5.190000000000000000e+03 3.570000000000000000e+03 4.380000000000000000e+03 1.730000000000000000e+03
1.708321830000000000e+08 5.200000000000000000e+03 3.570000000000000000e+03 4.630000000000000000e+03 1.730000000000000000e+03
1.708323890000000000e+08 5.200000000000000000e+03 3.570000000000000000e+03 4.560000000000000000e+03 1.730000000000000000e+03
1.708325970000000000e+08 5.200000000000000000e+03 3.580000000000000000e+03 4.540000000000000000e+03 1.730000000000000000e+03
1.708328570000000000e+08 5.200000000000000000e+03 3.590000000000000000e+03 4.480000000000000000e+03 1.720000000000000000e+03
1.708329970000000000e+08 5.190000000000000000e+03 3.590000000000000000e+03 4.430000000000000000e+03 1.720000000000000000e+03
1.708332050000000000e+08 5.190000000000000000e+03 3.590000000000000000e+03 4.410000000000000000e+03 1.730000000000000000e+03
1.708334130000000000e+08 5.190000000000000000e+03 3.580000000000000000e+03 4.390000000000000000e+03 1.730000000000000000e+03
1.708336210000000000e+08 5.190000000000000000e+03 3.580000000000000000e+03 4.420000000000000000e+03 1.720000000000000000e+03
1.708338290000000000e+08 5.200000000000000000e+03 3.580000000000000000e+03 4.450000000000000000e+03 1.730000000000000000e+03
1.708341820000000000e+08 5.200000000000000000e+03 3.580000000000000000e+03 4.460000000000000000e+03 1.730000000000000000e+03
1.708342420000000000e+08 5.190000000000000000e+03 3.580000000000000000e+03 4.420000000000000000e+03 1.720000000000000000e+03
1.708344430000000000e+08 5.190000000000000000e+03 3.590000000000000000e+03 4.680000000000000000e+03 1.710000000000000000e+03
1.708346590000000000e+08 5.190000000000000000e+03 3.590000000000000000e+03 4.840000000000000000e+03 1.710000000000000000e+03
1.708348540000000000e+08 5.180000000000000000e+03 3.590000000000000000e+03 4.980000000000000000e+03 1.700000000000000000e+03
1.708350770000000000e+08 5.180000000000000000e+03 3.600000000000000000e+03 5.090000000000000000e+03 1.720000000000000000e+03
1.708352830000000000e+08 5.190000000000000000e+03 3.600000000000000000e+03 5.120000000000000000e+03 1.730000000000000000e+03
1.708354860000000000e+08 5.190000000000000000e+03 3.600000000000000000e+03 5.160000000000000000e+03 1.730000000000000000e+03
1.708375560000000000e+08 5.200000000000000000e+03 3.580000000000000000e+03 5.010000000000000000e+03 1.720000000000000000e+03
1.708377600000000000e+08 5.190000000000000000e+03 3.580000000000000000e+03 4.810000000000000000e+03 1.730000000000000000e+03
1.708379730000000000e+08 5.200000000000000000e+03 3.570000000000000000e+03 4.810000000000000000e+03 1.730000000000000000e+03
1.708381800000000000e+08 5.200000000000000000e+03 3.570000000000000000e+03 4.950000000000000000e+03 1.740000000000000000e+03
1.708383770000000000e+08 5.210000000000000000e+03 3.570000000000000000e+03 5.050000000000000000e+03 1.730000000000000000e+03
1.708385940000000000e+08 5.210000000000000000e+03 3.570000000000000000e+03 5.090000000000000000e+03 1.720000000000000000e+03
1.708388030000000000e+08 5.200000000000000000e+03 3.570000000000000000e+03 5.140000000000000000e+03 1.710000000000000000e+03
1.708391940000000000e+08 5.200000000000000000e+03 3.570000000000000000e+03 5.090000000000000000e+03 1.720000000000000000e+03
1.708393980000000000e+08 5.200000000000000000e+03 3.580000000000000000e+03 5.080000000000000000e+03 1.720000000000000000e+03
1.708396050000000000e+08 5.200000000000000000e+03 3.580000000000000000e+03 5.120000000000000000e+03 1.720000000000000000e+03
1.708398260000000000e+08 5.190000000000000000e+03 3.580000000000000000e+03 5.060000000000000000e+03 1.710000000000000000e+03
1.708400330000000000e+08 5.190000000000000000e+03 3.580000000000000000e+03 4.890000000000000000e+03 1.720000000000000000e+03
1.708402340000000000e+08 5.200000000000000000e+03 3.580000000000000000e+03 4.950000000000000000e+03 1.720000000000000000e+03
1.708404370000000000e+08 5.200000000000000000e+03 3.580000000000000000e+03 4.780000000000000000e+03 1.720000000000000000e+03
1.708406580000000000e+08 5.200000000000000000e+03 3.580000000000000000e+03 4.680000000000000000e+03 1.720000000000000000e+03
1.708408580000000000e+08 5.200000000000000000e+03 3.580000000000000000e+03 4.600000000000000000e+03 1.720000000000000000e+03
1.708410750000000000e+08 5.200000000000000000e+03 3.580000000000000000e+03 4.580000000000000000e+03 1.720000000000000000e+03
1.708412770000000000e+08 5.210000000000000000e+03 3.580000000000000000e+03 4.500000000000000000e+03 1.720000000000000000e+03
1.708414910000000000e+08 5.210000000000000000e+03 3.580000000000000000e+03 4.450000000000000000e+03 1.720000000000000000e+03
1.708416990000000000e+08 5.210000000000000000e+03 3.580000000000000000e+03 4.440000000000000000e+03 1.720000000000000000e+03
1.708419040000000000e+08 5.200000000000000000e+03 3.580000000000000000e+03 4.420000000000000000e+03 1.720000000000000000e+03
1.708420990000000000e+08 5.200000000000000000e+03 3.580000000000000000e+03 4.410000000000000000e+03 1.720000000000000000e+03
1.708422950000000000e+08 5.200000000000000000e+03 3.590000000000000000e+03 4.380000000000000000e+03 1.730000000000000000e+03
1.708425160000000000e+08 5.190000000000000000e+03 3.580000000000000000e+03 4.350000000000000000e+03 1.730000000000000000e+03
1.708427230000000000e+08 5.190000000000000000e+03 3.580000000000000000e+03 4.320000000000000000e+03 1.730000000000000000e+03
1.708429310000000000e+08 5.190000000000000000e+03 3.580000000000000000e+03 4.310000000000000000e+03 1.720000000000000000e+03
1.708431390000000000e+08 5.190000000000000000e+03 3.580000000000000000e+03 4.430000000000000000e+03 1.730000000000000000e+03
1.708433460000000000e+08 5.200000000000000000e+03 3.580000000000000000e+03 4.400000000000000000e+03 1.730000000000000000e+03
1.708435500000000000e+08 5.200000000000000000e+03 3.580000000000000000e+03 4.390000000000000000e+03 1.740000000000000000e+03
1.708437630000000000e+08 5.200000000000000000e+03 3.590000000000000000e+03 4.410000000000000000e+03 1.740000000000000000e+03
1.708439650000000000e+08 5.190000000000000000e+03 3.590000000000000000e+03 4.450000000000000000e+03 1.740000000000000000e+03
1.708442780000000000e+08 5.200000000000000000e+03 3.580000000000000000e+03 4.440000000000000000e+03 1.730000000000000000e+03
1.708443870000000000e+08 5.200000000000000000e+03 3.570000000000000000e+03 4.430000000000000000e+03 1.730000000000000000e+03
1.708445950000000000e+08 5.210000000000000000e+03 3.570000000000000000e+03 4.410000000000000000e+03 1.730000000000000000e+03
1.708448020000000000e+08 5.210000000000000000e+03 3.570000000000000000e+03 4.400000000000000000e+03 1.730000000000000000e+03
1.708450110000000000e+08 5.210000000000000000e+03 3.570000000000000000e+03 4.370000000000000000e+03 1.740000000000000000e+03
1.708452190000000000e+08 5.200000000000000000e+03 3.580000000000000000e+03 4.350000000000000000e+03 1.730000000000000000e+03
1.708454250000000000e+08 5.200000000000000000e+03 3.580000000000000000e+03 4.340000000000000000e+03 1.730000000000000000e+03
1.708456100000000000e+08 5.200000000000000000e+03 3.580000000000000000e+03 4.330000000000000000e+03 1.720000000000000000e+03
1.708458220000000000e+08 5.200000000000000000e+03 3.580000000000000000e+03 4.320000000000000000e+03 1.720000000000000000e+03
1.708460240000000000e+08 5.200000000000000000e+03 3.580000000000000000e+03 4.320000000000000000e+03 1.710000000000000000e+03
1.708462310000000000e+08 5.200000000000000000e+03 3.570000000000000000e+03 4.360000000000000000e+03 1.700000000000000000e+03
1.708464410000000000e+08 5.200000000000000000e+03 3.580000000000000000e+03 4.390000000000000000e+03 1.700000000000000000e+03
1.708466460000000000e+08 5.200000000000000000e+03 3.580000000000000000e+03 4.410000000000000000e+03 1.700000000000000000e+03
1.708468670000000000e+08 5.200000000000000000e+03 3.580000000000000000e+03 4.420000000000000000e+03 1.710000000000000000e+03
1.708470750000000000e+08 5.200000000000000000e+03 3.580000000000000000e+03 4.440000000000000000e+03 1.720000000000000000e+03
1.708472820000000000e+08 5.200000000000000000e+03 3.590000000000000000e+03 4.420000000000000000e+03 1.720000000000000000e+03
1.708474880000000000e+08 5.200000000000000000e+03 3.580000000000000000e+03 4.410000000000000000e+03 1.730000000000000000e+03
1.708476880000000000e+08 5.200000000000000000e+03 3.580000000000000000e+03 4.420000000000000000e+03 1.720000000000000000e+03
1.708479020000000000e+08 5.200000000000000000e+03 3.580000000000000000e+03 4.400000000000000000e+03 1.720000000000000000e+03
1.708481150000000000e+08 5.200000000000000000e+03 3.580000000000000000e+03 4.390000000000000000e+03 1.720000000000000000e+03
1.708483160000000000e+08 5.200000000000000000e+03 3.580000000000000000e+03 4.390000000000000000e+03 1.720000000000000000e+03
1.708485280000000000e+08 5.210000000000000000e+03 3.580000000000000000e+03 4.390000000000000000e+03 1.720000000000000000e+03
1.708487380000000000e+08 5.200000000000000000e+03 3.580000000000000000e+03 4.380000000000000000e+03 1.720000000000000000e+03
1.708489270000000000e+08 5.210000000000000000e+03 3.580000000000000000e+03 4.370000000000000000e+03 1.720000000000000000e+03
1.708491380000000000e+08 5.210000000000000000e+03 3.580000000000000000e+03 4.370000000000000000e+03 1.720000000000000000e+03
1.708493420000000000e+08 5.210000000000000000e+03 3.570000000000000000e+03 4.370000000000000000e+03 1.720000000000000000e+03
1.708495540000000000e+08 5.210000000000000000e+03 3.570000000000000000e+03 4.370000000000000000e+03 1.720000000000000000e+03
1.708497510000000000e+08 5.210000000000000000e+03 3.580000000000000000e+03 4.360000000000000000e+03 1.720000000000000000e+03
1.708499620000000000e+08 5.210000000000000000e+03 3.580000000000000000e+03 4.360000000000000000e+03 1.730000000000000000e+03
1.708501760000000000e+08 5.210000000000000000e+03 3.580000000000000000e+03 4.380000000000000000e+03 1.730000000000000000e+03
1.708503860000000000e+08 5.210000000000000000e+03 3.580000000000000000e+03 4.380000000000000000e+03 1.730000000000000000e+03
1.708505940000000000e+08 5.210000000000000000e+03 3.580000000000000000e+03 4.500000000000000000e+03 1.730000000000000000e+03
1.708508020000000000e+08 5.210000000000000000e+03 3.580000000000000000e+03 4.460000000000000000e+03 1.730000000000000000e+03
1.708510090000000000e+08 5.200000000000000000e+03 3.580000000000000000e+03 4.430000000000000000e+03 1.730000000000000000e+03
1.708512030000000000e+08 5.200000000000000000e+03 3.590000000000000000e+03 4.490000000000000000e+03 1.730000000000000000e+03
1.708514150000000000e+08 5.200000000000000000e+03 3.580000000000000000e+03 4.490000000000000000e+03 1.720000000000000000e+03
1.708516340000000000e+08 5.200000000000000000e+03 3.580000000000000000e+03 4.480000000000000000e+03 1.710000000000000000e+03
1.708518370000000000e+08 5.190000000000000000e+03 3.580000000000000000e+03 4.470000000000000000e+03 1.710000000000000000e+03
1.708520400000000000e+08 5.190000000000000000e+03 3.580000000000000000e+03 4.430000000000000000e+03 1.710000000000000000e+03
1.708522410000000000e+08 5.180000000000000000e+03 3.580000000000000000e+03 4.390000000000000000e+03 1.730000000000000000e+03
1.708524500000000000e+08 5.180000000000000000e+03 3.570000000000000000e+03 4.350000000000000000e+03 1.730000000000000000e+03
1.708526570000000000e+08 5.190000000000000000e+03 3.570000000000000000e+03 4.340000000000000000e+03 1.730000000000000000e+03
1.708528640000000000e+08 5.190000000000000000e+03 3.580000000000000000e+03 4.340000000000000000e+03 1.730000000000000000e+03
1.708530730000000000e+08 5.200000000000000000e+03 3.580000000000000000e+03 4.340000000000000000e+03 1.720000000000000000e+03
1.708532750000000000e+08 5.190000000000000000e+03 3.580000000000000000e+03 4.350000000000000000e+03 1.710000000000000000e+03
1.708534830000000000e+08 5.190000000000000000e+03 3.580000000000000000e+03 4.370000000000000000e+03 1.710000000000000000e+03
1.708536960000000000e+08 5.190000000000000000e+03 3.580000000000000000e+03 4.370000000000000000e+03 1.710000000000000000e+03
1.708539040000000000e+08 5.190000000000000000e+03 3.580000000000000000e+03 4.370000000000000000e+03 1.720000000000000000e+03
1.708541910000000000e+08 5.190000000000000000e+03 3.580000000000000000e+03 4.360000000000000000e+03 1.730000000000000000e+03
1.708543150000000000e+08 5.190000000000000000e+03 3.580000000000000000e+03 4.340000000000000000e+03 1.730000000000000000e+03
1.708545260000000000e+08 5.180000000000000000e+03 3.570000000000000000e+03 4.330000000000000000e+03 1.720000000000000000e+03
1.708547250000000000e+08 5.190000000000000000e+03 3.570000000000000000e+03 4.330000000000000000e+03 1.730000000000000000e+03
1.708549450000000000e+08 5.190000000000000000e+03 3.570000000000000000e+03 4.330000000000000000e+03 1.730000000000000000e+03
1.708551400000000000e+08 5.190000000000000000e+03 3.570000000000000000e+03 4.350000000000000000e+03 1.720000000000000000e+03
1.708553460000000000e+08 5.190000000000000000e+03 3.570000000000000000e+03 4.390000000000000000e+03 1.710000000000000000e+03
1.708555560000000000e+08 5.200000000000000000e+03 3.570000000000000000e+03 4.430000000000000000e+03 1.710000000000000000e+03
1.708557530000000000e+08 5.200000000000000000e+03 3.570000000000000000e+03 4.410000000000000000e+03 1.710000000000000000e+03
1.708559690000000000e+08 5.210000000000000000e+03 3.580000000000000000e+03 4.400000000000000000e+03 1.720000000000000000e+03
1.708561700000000000e+08 5.210000000000000000e+03 3.570000000000000000e+03 4.400000000000000000e+03 1.720000000000000000e+03
1.708563850000000000e+08 5.210000000000000000e+03 3.570000000000000000e+03 4.390000000000000000e+03 1.730000000000000000e+03
1.708565890000000000e+08 5.210000000000000000e+03 3.570000000000000000e+03 4.390000000000000000e+03 1.730000000000000000e+03
1.708567950000000000e+08 5.210000000000000000e+03 3.570000000000000000e+03 4.380000000000000000e+03 1.730000000000000000e+03
1.708570070000000000e+08 5.200000000000000000e+03 3.570000000000000000e+03 4.380000000000000000e+03 1.730000000000000000e+03
1.708572180000000000e+08 5.200000000000000000e+03 3.570000000000000000e+03 4.430000000000000000e+03 1.730000000000000000e+03
1.708574240000000000e+08 5.200000000000000000e+03 3.570000000000000000e+03 4.460000000000000000e+03 1.730000000000000000e+03
1.708576300000000000e+08 5.200000000000000000e+03 3.580000000000000000e+03 4.460000000000000000e+03 1.730000000000000000e+03
1.708578400000000000e+08 5.200000000000000000e+03 3.580000000000000000e+03 4.460000000000000000e+03 1.730000000000000000e+03
1.708580390000000000e+08 5.200000000000000000e+03 3.580000000000000000e+03 4.450000000000000000e+03 1.720000000000000000e+03
1.708582560000000000e+08 5.190000000000000000e+03 3.580000000000000000e+03 4.450000000000000000e+03 1.720000000000000000e+03
1.708584580000000000e+08 5.200000000000000000e+03 3.580000000000000000e+03 4.440000000000000000e+03 1.730000000000000000e+03
1.708586630000000000e+08 5.190000000000000000e+03 3.580000000000000000e+03 4.440000000000000000e+03 1.720000000000000000e+03
1.708588750000000000e+08 5.200000000000000000e+03 3.580000000000000000e+03 4.440000000000000000e+03 1.710000000000000000e+03
1.708590590000000000e+08 5.210000000000000000e+03 3.580000000000000000e+03 4.440000000000000000e+03 1.710000000000000000e+03
1.708592680000000000e+08 5.210000000000000000e+03 3.580000000000000000e+03 4.440000000000000000e+03 1.710000000000000000e+03
1.708594880000000000e+08 5.210000000000000000e+03 3.570000000000000000e+03 4.450000000000000000e+03 1.710000000000000000e+03
1.708596930000000000e+08 5.210000000000000000e+03 3.580000000000000000e+03 4.450000000000000000e+03 1.710000000000000000e+03
1.708599040000000000e+08 5.200000000000000000e+03 3.590000000000000000e+03 4.450000000000000000e+03 1.720000000000000000e+03
1.709001120000000000e+08 5.210000000000000000e+03 3.590000000000000000e+03 4.460000000000000000e+03 1.720000000000000000e+03
1.709003210000000000e+08 5.230000000000000000e+03 3.590000000000000000e+03 4.440000000000000000e+03 1.720000000000000000e+03
1.709005290000000000e+08 5.230000000000000000e+03 3.580000000000000000e+03 4.580000000000000000e+03 1.720000000000000000e+03
1.709007370000000000e+08 5.210000000000000000e+03 3.580000000000000000e+03 4.720000000000000000e+03 1.730000000000000000e+03
1.709009450000000000e+08 5.210000000000000000e+03 3.580000000000000000e+03 4.620000000000000000e+03 1.730000000000000000e+03
1.709011520000000000e+08 5.200000000000000000e+03 3.580000000000000000e+03 4.540000000000000000e+03 1.720000000000000000e+03
