1.710087080000000000e+08 4.850000000000000000e+03 3.120000000000000000e+03 4.570000000000000000e+03 2.190000000000000000e+03
1.710089070000000000e+08 4.850000000000000000e+03 3.110000000000000000e+03 4.600000000000000000e+03 2.190000000000000000e+03
1.710091230000000000e+08 4.860000000000000000e+03 3.100000000000000000e+03 4.570000000000000000e+03 2.190000000000000000e+03
1.710093310000000000e+08 4.860000000000000000e+03 3.090000000000000000e+03 4.570000000000000000e+03 2.190000000000000000e+03
1.710095400000000000e+08 4.860000000000000000e+03 3.090000000000000000e+03 4.810000000000000000e+03 2.190000000000000000e+03
1.710097370000000000e+08 4.860000000000000000e+03 3.090000000000000000e+03 4.860000000000000000e+03 2.190000000000000000e+03
1.710099840000000000e+08 4.860000000000000000e+03 3.080000000000000000e+03 4.920000000000000000e+03 2.190000000000000000e+03
1.710101580000000000e+08 4.860000000000000000e+03 3.070000000000000000e+03 5.050000000000000000e+03 2.190000000000000000e+03
1.710111870000000000e+08 4.860000000000000000e+03 3.110000000000000000e+03 4.990000000000000000e+03 2.200000000000000000e+03
1.710113950000000000e+08 4.860000000000000000e+03 3.110000000000000000e+03 4.860000000000000000e+03 2.210000000000000000e+03
1.710116020000000000e+08 4.860000000000000000e+03 3.120000000000000000e+03 4.780000000000000000e+03 2.200000000000000000e+03
1.710118110000000000e+08 4.850000000000000000e+03 3.120000000000000000e+03 4.700000000000000000e+03 2.200000000000000000e+03
1.710120190000000000e+08 4.850000000000000000e+03 3.130000000000000000e+03 4.620000000000000000e+03 2.200000000000000000e+03
1.710122200000000000e+08 4.840000000000000000e+03 3.130000000000000000e+03 4.600000000000000000e+03 2.200000000000000000e+03
1.710124360000000000e+08 4.840000000000000000e+03 3.140000000000000000e+03 4.550000000000000000e+03 2.200000000000000000e+03
1.710126320000000000e+08 4.850000000000000000e+03 3.140000000000000000e+03 4.540000000000000000e+03 2.200000000000000000e+03
1.710128500000000000e+08 4.850000000000000000e+03 3.130000000000000000e+03 4.560000000000000000e+03 2.200000000000000000e+03
1.710130590000000000e+08 4.850000000000000000e+03 3.130000000000000000e+03 4.580000000000000000e+03 2.200000000000000000e+03
1.710132530000000000e+08 4.850000000000000000e+03 3.120000000000000000e+03 4.580000000000000000e+03 2.200000000000000000e+03
1.710134750000000000e+08 4.860000000000000000e+03 3.140000000000000000e+03 4.580000000000000000e+03 2.200000000000000000e+03
1.710136820000000000e+08 4.860000000000000000e+03 3.140000000000000000e+03 4.620000000000000000e+03 2.210000000000000000e+03
1.710138640000000000e+08 4.850000000000000000e+03 3.140000000000000000e+03 4.580000000000000000e+03 2.210000000000000000e+03
1.710142490000000000e+08 4.840000000000000000e+03 3.120000000000000000e+03 4.550000000000000000e+03 2.200000000000000000e+03
1.710142870000000000e+08 4.840000000000000000e+03 3.110000000000000000e+03 4.550000000000000000e+03 2.200000000000000000e+03
1.710144920000000000e+08 4.850000000000000000e+03 3.100000000000000000e+03 4.580000000000000000e+03 2.190000000000000000e+03
1.710146990000000000e+08 4.860000000000000000e+03 3.100000000000000000e+03 4.680000000000000000e+03 2.200000000000000000e+03
1.710149140000000000e+08 4.860000000000000000e+03 3.110000000000000000e+03 4.750000000000000000e+03 2.200000000000000000e+03
1.710151110000000000e+08 4.840000000000000000e+03 3.100000000000000000e+03 4.770000000000000000e+03 2.200000000000000000e+03
1.710153290000000000e+08 4.840000000000000000e+03 3.100000000000000000e+03 4.700000000000000000e+03 2.200000000000000000e+03
1.710155380000000000e+08 4.840000000000000000e+03 3.090000000000000000e+03 4.670000000000000000e+03 2.200000000000000000e+03
1.710157470000000000e+08 4.840000000000000000e+03 3.100000000000000000e+03 4.650000000000000000e+03 2.200000000000000000e+03
1.710159460000000000e+08 4.850000000000000000e+03 3.090000000000000000e+03 4.690000000000000000e+03 2.200000000000000000e+03
1.710161610000000000e+08 4.850000000000000000e+03 3.090000000000000000e+03 4.820000000000000000e+03 2.200000000000000000e+03
1.710163700000000000e+08 4.850000000000000000e+03 3.090000000000000000e+03 4.920000000000000000e+03 2.200000000000000000e+03
1.710165780000000000e+08 4.850000000000000000e+03 3.110000000000000000e+03 4.850000000000000000e+03 2.190000000000000000e+03
1.710167860000000000e+08 4.850000000000000000e+03 3.100000000000000000e+03 4.790000000000000000e+03 2.190000000000000000e+03
1.710169870000000000e+08 4.850000000000000000e+03 3.100000000000000000e+03 4.730000000000000000e+03 2.190000000000000000e+03
1.710172020000000000e+08 4.850000000000000000e+03 3.100000000000000000e+03 4.680000000000000000e+03 2.190000000000000000e+03
1.710173930000000000e+08 4.850000000000000000e+03 3.110000000000000000e+03 4.650000000000000000e+03 2.190000000000000000e+03
1.710176020000000000e+08 4.850000000000000000e+03 3.110000000000000000e+03 4.640000000000000000e+03 2.190000000000000000e+03
1.710178010000000000e+08 4.840000000000000000e+03 3.100000000000000000e+03 4.620000000000000000e+03 2.190000000000000000e+03
1.710180110000000000e+08 4.840000000000000000e+03 3.100000000000000000e+03 4.610000000000000000e+03 2.190000000000000000e+03
1.710182240000000000e+08 4.850000000000000000e+03 3.110000000000000000e+03 4.600000000000000000e+03 2.190000000000000000e+03
1.710184310000000000e+08 4.850000000000000000e+03 3.100000000000000000e+03 4.580000000000000000e+03 2.180000000000000000e+03
1.710186330000000000e+08 4.850000000000000000e+03 3.100000000000000000e+03 4.560000000000000000e+03 2.180000000000000000e+03
1.710188430000000000e+08 4.850000000000000000e+03 3.090000000000000000e+03 4.570000000000000000e+03 2.190000000000000000e+03
1.710192560000000000e+08 4.850000000000000000e+03 3.080000000000000000e+03 4.620000000000000000e+03 2.190000000000000000e+03
1.710194740000000000e+08 4.850000000000000000e+03 3.080000000000000000e+03 4.680000000000000000e+03 2.200000000000000000e+03
1.710196820000000000e+08 4.850000000000000000e+03 3.080000000000000000e+03 4.720000000000000000e+03 2.190000000000000000e+03
1.710198780000000000e+08 4.850000000000000000e+03 3.100000000000000000e+03 4.750000000000000000e+03 2.190000000000000000e+03
1.710200840000000000e+08 4.850000000000000000e+03 3.090000000000000000e+03 4.760000000000000000e+03 2.190000000000000000e+03
1.710203060000000000e+08 4.850000000000000000e+03 3.110000000000000000e+03 4.730000000000000000e+03 2.190000000000000000e+03
1.710205120000000000e+08 4.840000000000000000e+03 3.100000000000000000e+03 4.690000000000000000e+03 2.190000000000000000e+03
1.710206920000000000e+08 4.860000000000000000e+03 3.100000000000000000e+03 4.650000000000000000e+03 7.000000000000000000e+01
1.710208990000000000e+08 4.860000000000000000e+03 3.120000000000000000e+03 4.650000000000000000e+03 2.200000000000000000e+03
1.710211070000000000e+08 4.860000000000000000e+03 3.130000000000000000e+03 4.650000000000000000e+03 2.200000000000000000e+03
1.710213290000000000e+08 4.860000000000000000e+03 3.110000000000000000e+03 4.650000000000000000e+03 2.200000000000000000e+03
1.710215350000000000e+08 4.860000000000000000e+03 3.100000000000000000e+03 4.650000000000000000e+03 2.200000000000000000e+03
1.710217430000000000e+08 4.860000000000000000e+03 3.090000000000000000e+03 4.680000000000000000e+03 2.200000000000000000e+03
1.710219520000000000e+08 4.860000000000000000e+03 3.100000000000000000e+03 4.740000000000000000e+03 2.200000000000000000e+03
1.710221610000000000e+08 4.850000000000000000e+03 3.100000000000000000e+03 4.840000000000000000e+03 2.200000000000000000e+03
1.710223690000000000e+08 4.850000000000000000e+03 3.100000000000000000e+03 5.000000000000000000e+03 2.200000000000000000e+03
1.710225660000000000e+08 4.840000000000000000e+03 3.110000000000000000e+03 5.020000000000000000e+03 2.200000000000000000e+03
1.710227850000000000e+08 4.840000000000000000e+03 3.130000000000000000e+03 4.910000000000000000e+03 2.190000000000000000e+03
1.710229930000000000e+08 4.840000000000000000e+03 3.120000000000000000e+03 4.850000000000000000e+03 2.190000000000000000e+03
1.710232000000000000e+08 4.840000000000000000e+03 3.120000000000000000e+03 4.800000000000000000e+03 2.190000000000000000e+03
1.710234080000000000e+08 4.840000000000000000e+03 3.110000000000000000e+03 4.730000000000000000e+03 2.190000000000000000e+03
1.710236130000000000e+08 4.840000000000000000e+03 3.100000000000000000e+03 4.680000000000000000e+03 2.190000000000000000e+03
1.710238250000000000e+08 4.840000000000000000e+03 3.110000000000000000e+03 4.650000000000000000e+03 2.190000000000000000e+03
1.710240330000000000e+08 4.840000000000000000e+03 3.120000000000000000e+03 4.630000000000000000e+03 2.190000000000000000e+03
1.710242250000000000e+08 4.840000000000000000e+03 3.110000000000000000e+03 4.620000000000000000e+03 2.190000000000000000e+03
1.710244330000000000e+08 4.850000000000000000e+03 3.110000000000000000e+03 4.610000000000000000e+03 2.180000000000000000e+03
1.710246400000000000e+08 4.850000000000000000e+03 3.100000000000000000e+03 4.610000000000000000e+03 2.180000000000000000e+03
1.710248380000000000e+08 4.850000000000000000e+03 3.090000000000000000e+03 4.620000000000000000e+03 2.180000000000000000e+03
1.710250560000000000e+08 4.850000000000000000e+03 3.090000000000000000e+03 4.630000000000000000e+03 2.180000000000000000e+03
1.710252650000000000e+08 4.850000000000000000e+03 3.090000000000000000e+03 4.630000000000000000e+03 2.180000000000000000e+03
1.710254730000000000e+08 4.850000000000000000e+03 3.110000000000000000e+03 4.670000000000000000e+03 2.190000000000000000e+03
1.710256800000000000e+08 4.850000000000000000e+03 3.090000000000000000e+03 4.720000000000000000e+03 2.200000000000000000e+03
1.710258880000000000e+08 4.840000000000000000e+03 3.080000000000000000e+03 4.700000000000000000e+03 2.200000000000000000e+03
1.710260970000000000e+08 4.840000000000000000e+03 3.080000000000000000e+03 4.660000000000000000e+03 2.200000000000000000e+03
1.710262980000000000e+08 4.840000000000000000e+03 3.100000000000000000e+03 4.630000000000000000e+03 2.200000000000000000e+03
1.710265120000000000e+08 4.850000000000000000e+03 3.120000000000000000e+03 4.640000000000000000e+03 2.190000000000000000e+03
1.710267180000000000e+08 4.850000000000000000e+03 3.110000000000000000e+03 4.660000000000000000e+03 2.180000000000000000e+03
1.710269240000000000e+08 4.850000000000000000e+03 3.100000000000000000e+03 4.640000000000000000e+03 2.190000000000000000e+03
1.710272150000000000e+08 4.850000000000000000e+03 3.100000000000000000e+03 4.610000000000000000e+03 2.190000000000000000e+03
1.710273440000000000e+08 4.850000000000000000e+03 3.100000000000000000e+03 4.580000000000000000e+03 2.190000000000000000e+03
1.710275470000000000e+08 4.850000000000000000e+03 3.100000000000000000e+03 4.580000000000000000e+03 2.190000000000000000e+03
1.710277440000000000e+08 4.860000000000000000e+03 3.100000000000000000e+03 4.580000000000000000e+03 2.190000000000000000e+03
1.710279520000000000e+08 4.850000000000000000e+03 3.090000000000000000e+03 4.600000000000000000e+03 2.190000000000000000e+03
1.710281600000000000e+08 4.850000000000000000e+03 3.100000000000000000e+03 4.600000000000000000e+03 2.190000000000000000e+03
1.710283680000000000e+08 4.860000000000000000e+03 3.100000000000000000e+03 4.600000000000000000e+03 2.190000000000000000e+03
1.710285680000000000e+08 4.860000000000000000e+03 3.100000000000000000e+03 4.780000000000000000e+03 2.190000000000000000e+03
1.710287800000000000e+08 4.860000000000000000e+03 3.110000000000000000e+03 4.760000000000000000e+03 2.190000000000000000e+03
1.710289810000000000e+08 4.860000000000000000e+03 3.100000000000000000e+03 4.700000000000000000e+03 2.190000000000000000e+03
1.710291930000000000e+08 4.860000000000000000e+03 3.100000000000000000e+03 4.640000000000000000e+03 2.190000000000000000e+03
1.710294070000000000e+08 4.860000000000000000e+03 3.090000000000000000e+03 4.610000000000000000e+03 2.190000000000000000e+03
1.710296040000000000e+08 4.860000000000000000e+03 3.100000000000000000e+03 4.580000000000000000e+03 2.190000000000000000e+03
1.710298240000000000e+08 4.860000000000000000e+03 3.090000000000000000e+03 4.580000000000000000e+03 2.190000000000000000e+03
1.710300230000000000e+08 4.870000000000000000e+03 3.090000000000000000e+03 4.600000000000000000e+03 2.200000000000000000e+03
1.710302330000000000e+08 4.880000000000000000e+03 3.090000000000000000e+03 4.620000000000000000e+03 2.190000000000000000e+03
1.710304360000000000e+08 4.870000000000000000e+03 3.090000000000000000e+03 4.620000000000000000e+03 2.190000000000000000e+03
1.710306460000000000e+08 4.860000000000000000e+03 3.100000000000000000e+03 4.620000000000000000e+03 2.200000000000000000e+03
1.710308490000000000e+08 4.870000000000000000e+03 3.100000000000000000e+03 4.630000000000000000e+03 2.200000000000000000e+03
1.710310490000000000e+08 4.860000000000000000e+03 3.100000000000000000e+03 4.630000000000000000e+03 2.210000000000000000e+03
1.710312490000000000e+08 4.860000000000000000e+03 3.100000000000000000e+03 4.620000000000000000e+03 2.210000000000000000e+03
1.710314640000000000e+08 4.850000000000000000e+03 3.090000000000000000e+03 4.610000000000000000e+03 2.200000000000000000e+03
1.710316650000000000e+08 4.850000000000000000e+03 3.090000000000000000e+03 4.580000000000000000e+03 2.200000000000000000e+03
1.710318740000000000e+08 4.850000000000000000e+03 3.100000000000000000e+03 4.570000000000000000e+03 2.200000000000000000e+03
1.710320950000000000e+08 4.860000000000000000e+03 3.090000000000000000e+03 4.580000000000000000e+03 2.200000000000000000e+03
1.710322960000000000e+08 4.860000000000000000e+03 3.100000000000000000e+03 4.600000000000000000e+03 2.190000000000000000e+03
1.710325080000000000e+08 4.850000000000000000e+03 3.100000000000000000e+03 4.600000000000000000e+03 2.190000000000000000e+03
1.710422690000000000e+08 4.860000000000000000e+03 3.310000000000000000e+03 4.390000000000000000e+03 2.200000000000000000e+03
1.710424800000000000e+08 4.860000000000000000e+03 3.310000000000000000e+03 4.400000000000000000e+03 2.190000000000000000e+03
1.710426850000000000e+08 4.860000000000000000e+03 3.340000000000000000e+03 4.400000000000000000e+03 2.190000000000000000e+03
1.710428920000000000e+08 4.860000000000000000e+03 3.370000000000000000e+03 4.410000000000000000e+03 2.190000000000000000e+03
1.710430910000000000e+08 4.860000000000000000e+03 3.390000000000000000e+03 4.410000000000000000e+03 2.190000000000000000e+03
1.710432980000000000e+08 4.860000000000000000e+03 3.400000000000000000e+03 4.410000000000000000e+03 2.190000000000000000e+03
1.710435020000000000e+08 4.870000000000000000e+03 3.400000000000000000e+03 4.400000000000000000e+03 2.190000000000000000e+03
1.710437240000000000e+08 4.870000000000000000e+03 3.390000000000000000e+03 4.410000000000000000e+03 2.190000000000000000e+03
1.710439300000000000e+08 4.870000000000000000e+03 3.380000000000000000e+03 4.400000000000000000e+03 2.190000000000000000e+03
1.710442290000000000e+08 4.860000000000000000e+03 3.390000000000000000e+03 4.400000000000000000e+03 2.190000000000000000e+03
1.710443490000000000e+08 4.860000000000000000e+03 3.390000000000000000e+03 4.400000000000000000e+03 2.190000000000000000e+03
1.710445570000000000e+08 4.860000000000000000e+03 3.380000000000000000e+03 4.410000000000000000e+03 2.190000000000000000e+03
1.710447640000000000e+08 4.860000000000000000e+03 3.360000000000000000e+03 4.410000000000000000e+03 2.190000000000000000e+03
1.710449720000000000e+08 4.860000000000000000e+03 3.330000000000000000e+03 4.420000000000000000e+03 2.190000000000000000e+03
1.710451810000000000e+08 4.870000000000000000e+03 3.330000000000000000e+03 4.420000000000000000e+03 2.190000000000000000e+03
1.710453720000000000e+08 4.870000000000000000e+03 3.320000000000000000e+03 4.420000000000000000e+03 2.190000000000000000e+03
1.710455810000000000e+08 4.870000000000000000e+03 3.320000000000000000e+03 4.430000000000000000e+03 2.190000000000000000e+03
1.710457880000000000e+08 4.870000000000000000e+03 3.320000000000000000e+03 4.420000000000000000e+03 2.180000000000000000e+03
1.710459960000000000e+08 4.860000000000000000e+03 3.300000000000000000e+03 4.420000000000000000e+03 2.180000000000000000e+03
1.710462000000000000e+08 4.860000000000000000e+03 3.290000000000000000e+03 4.430000000000000000e+03 2.180000000000000000e+03
1.710464130000000000e+08 4.860000000000000000e+03 3.280000000000000000e+03 4.420000000000000000e+03 2.200000000000000000e+03
1.710466080000000000e+08 4.860000000000000000e+03 3.290000000000000000e+03 4.420000000000000000e+03 2.200000000000000000e+03
1.710468130000000000e+08 4.860000000000000000e+03 3.300000000000000000e+03 4.420000000000000000e+03 2.200000000000000000e+03
1.710470330000000000e+08 4.850000000000000000e+03 3.300000000000000000e+03 4.410000000000000000e+03 2.200000000000000000e+03
1.710472440000000000e+08 4.860000000000000000e+03 3.290000000000000000e+03 4.410000000000000000e+03 2.190000000000000000e+03
1.710474460000000000e+08 4.870000000000000000e+03 3.290000000000000000e+03 4.420000000000000000e+03 2.180000000000000000e+03
1.710476490000000000e+08 4.860000000000000000e+03 3.280000000000000000e+03 4.400000000000000000e+03 2.180000000000000000e+03
1.710478540000000000e+08 4.860000000000000000e+03 3.280000000000000000e+03 4.400000000000000000e+03 2.180000000000000000e+03
1.710480740000000000e+08 4.870000000000000000e+03 3.280000000000000000e+03 4.400000000000000000e+03 2.180000000000000000e+03
1.710482840000000000e+08 4.860000000000000000e+03 3.290000000000000000e+03 4.410000000000000000e+03 2.180000000000000000e+03
1.710484920000000000e+08 4.870000000000000000e+03 3.300000000000000000e+03 4.410000000000000000e+03 2.180000000000000000e+03
1.710486830000000000e+08 4.860000000000000000e+03 3.310000000000000000e+03 4.410000000000000000e+03 2.180000000000000000e+03
1.710488920000000000e+08 4.860000000000000000e+03 3.320000000000000000e+03 4.410000000000000000e+03 2.180000000000000000e+03
1.710490870000000000e+08 4.860000000000000000e+03 3.320000000000000000e+03 4.420000000000000000e+03 2.180000000000000000e+03
1.710493060000000000e+08 4.860000000000000000e+03 3.300000000000000000e+03 4.420000000000000000e+03 2.180000000000000000e+03
1.710495130000000000e+08 4.860000000000000000e+03 3.290000000000000000e+03 4.420000000000000000e+03 2.170000000000000000e+03
1.710497160000000000e+08 4.860000000000000000e+03 3.300000000000000000e+03 4.410000000000000000e+03 2.160000000000000000e+03
1.710499260000000000e+08 4.860000000000000000e+03 3.300000000000000000e+03 4.420000000000000000e+03 2.170000000000000000e+03
1.710501400000000000e+08 4.860000000000000000e+03 3.310000000000000000e+03 4.420000000000000000e+03 2.170000000000000000e+03
1.710503440000000000e+08 4.860000000000000000e+03 3.320000000000000000e+03 4.420000000000000000e+03 2.170000000000000000e+03
1.710505550000000000e+08 4.860000000000000000e+03 3.320000000000000000e+03 4.410000000000000000e+03 2.180000000000000000e+03
1.710507600000000000e+08 4.860000000000000000e+03 3.320000000000000000e+03 4.410000000000000000e+03 2.180000000000000000e+03
1.710509700000000000e+08 4.860000000000000000e+03 3.310000000000000000e+03 4.410000000000000000e+03 2.180000000000000000e+03
1.710511800000000000e+08 4.850000000000000000e+03 3.300000000000000000e+03 4.410000000000000000e+03 2.180000000000000000e+03
1.710513880000000000e+08 4.850000000000000000e+03 3.270000000000000000e+03 4.400000000000000000e+03 2.190000000000000000e+03
1.710515950000000000e+08 4.840000000000000000e+03 3.320000000000000000e+03 4.400000000000000000e+03 2.190000000000000000e+03
1.710517970000000000e+08 4.850000000000000000e+03 3.320000000000000000e+03 4.410000000000000000e+03 2.180000000000000000e+03
1.710520120000000000e+08 4.840000000000000000e+03 3.320000000000000000e+03 4.400000000000000000e+03 2.190000000000000000e+03
1.710522020000000000e+08 4.840000000000000000e+03 3.320000000000000000e+03 4.400000000000000000e+03 2.180000000000000000e+03
1.710523990000000000e+08 4.840000000000000000e+03 3.320000000000000000e+03 4.400000000000000000e+03 2.180000000000000000e+03
1.710526160000000000e+08 4.850000000000000000e+03 3.330000000000000000e+03 4.410000000000000000e+03 2.180000000000000000e+03
1.710528230000000000e+08 4.850000000000000000e+03 3.340000000000000000e+03 4.400000000000000000e+03 2.180000000000000000e+03
1.710530240000000000e+08 4.840000000000000000e+03 3.360000000000000000e+03 4.390000000000000000e+03 2.180000000000000000e+03
1.710532430000000000e+08 4.840000000000000000e+03 3.360000000000000000e+03 4.400000000000000000e+03 2.180000000000000000e+03
1.710534510000000000e+08 4.840000000000000000e+03 3.360000000000000000e+03 4.410000000000000000e+03 2.180000000000000000e+03
1.710536590000000000e+08 4.850000000000000000e+03 3.360000000000000000e+03 4.410000000000000000e+03 2.190000000000000000e+03
1.710538660000000000e+08 4.850000000000000000e+03 3.360000000000000000e+03 4.400000000000000000e+03 2.180000000000000000e+03
1.710542980000000000e+08 4.860000000000000000e+03 3.340000000000000000e+03 4.400000000000000000e+03 2.180000000000000000e+03
1.710542990000000000e+08 4.860000000000000000e+03 3.330000000000000000e+03 4.390000000000000000e+03 2.180000000000000000e+03
1.710544900000000000e+08 4.860000000000000000e+03 3.320000000000000000e+03 4.400000000000000000e+03 2.180000000000000000e+03
1.710546950000000000e+08 4.860000000000000000e+03 3.360000000000000000e+03 4.410000000000000000e+03 2.190000000000000000e+03
1.710549070000000000e+08 4.870000000000000000e+03 3.370000000000000000e+03 4.400000000000000000e+03 2.190000000000000000e+03
1.710551150000000000e+08 4.870000000000000000e+03 3.380000000000000000e+03 4.390000000000000000e+03 2.190000000000000000e+03
1.710553230000000000e+08 4.870000000000000000e+03 3.390000000000000000e+03 4.400000000000000000e+03 2.190000000000000000e+03
1.710555100000000000e+08 4.870000000000000000e+03 3.400000000000000000e+03 4.400000000000000000e+03 2.180000000000000000e+03
1.710557230000000000e+08 4.860000000000000000e+03 3.400000000000000000e+03 4.410000000000000000e+03 2.180000000000000000e+03
1.710559290000000000e+08 4.860000000000000000e+03 3.400000000000000000e+03 4.420000000000000000e+03 2.180000000000000000e+03
1.710561360000000000e+08 4.860000000000000000e+03 3.390000000000000000e+03 4.410000000000000000e+03 2.180000000000000000e+03
1.710563440000000000e+08 4.870000000000000000e+03 3.390000000000000000e+03 4.410000000000000000e+03 2.180000000000000000e+03
1.710565460000000000e+08 4.860000000000000000e+03 3.390000000000000000e+03 4.420000000000000000e+03 2.180000000000000000e+03
1.710567480000000000e+08 4.860000000000000000e+03 3.390000000000000000e+03 4.420000000000000000e+03 2.180000000000000000e+03
1.710569670000000000e+08 4.860000000000000000e+03 3.400000000000000000e+03 4.410000000000000000e+03 2.170000000000000000e+03
1.710571730000000000e+08 4.860000000000000000e+03 3.390000000000000000e+03 4.400000000000000000e+03 2.170000000000000000e+03
1.710573780000000000e+08 4.870000000000000000e+03 3.390000000000000000e+03 4.410000000000000000e+03 2.180000000000000000e+03
1.710575800000000000e+08 4.860000000000000000e+03 3.390000000000000000e+03 4.410000000000000000e+03 2.170000000000000000e+03
1.710578030000000000e+08 4.860000000000000000e+03 3.400000000000000000e+03 4.400000000000000000e+03 2.170000000000000000e+03
1.710580120000000000e+08 4.860000000000000000e+03 3.400000000000000000e+03 4.390000000000000000e+03 2.170000000000000000e+03
1.710582140000000000e+08 4.860000000000000000e+03 3.400000000000000000e+03 4.390000000000000000e+03 2.160000000000000000e+03
1.710584210000000000e+08 4.870000000000000000e+03 3.400000000000000000e+03 4.390000000000000000e+03 2.170000000000000000e+03
1.710586340000000000e+08 4.870000000000000000e+03 3.410000000000000000e+03 4.390000000000000000e+03 2.170000000000000000e+03
1.710588420000000000e+08 4.870000000000000000e+03 3.410000000000000000e+03 4.400000000000000000e+03 2.160000000000000000e+03
1.710590330000000000e+08 4.860000000000000000e+03 3.400000000000000000e+03 4.410000000000000000e+03 2.170000000000000000e+03
1.710592420000000000e+08 4.850000000000000000e+03 3.400000000000000000e+03 4.410000000000000000e+03 2.170000000000000000e+03
1.710594400000000000e+08 4.850000000000000000e+03 3.400000000000000000e+03 4.400000000000000000e+03 2.170000000000000000e+03
1.710596580000000000e+08 4.850000000000000000e+03 3.420000000000000000e+03 4.400000000000000000e+03 2.180000000000000000e+03
1.710598660000000000e+08 4.860000000000000000e+03 3.420000000000000000e+03 4.410000000000000000e+03 2.180000000000000000e+03
1.711000740000000000e+08 4.860000000000000000e+03 3.420000000000000000e+03 4.410000000000000000e+03 2.180000000000000000e+03
1.711002760000000000e+08 4.860000000000000000e+03 3.410000000000000000e+03 4.410000000000000000e+03 2.180000000000000000e+03
1.711004900000000000e+08 4.860000000000000000e+03 3.400000000000000000e+03 4.390000000000000000e+03 2.180000000000000000e+03
1.711006980000000000e+08 4.850000000000000000e+03 3.400000000000000000e+03 4.390000000000000000e+03 2.190000000000000000e+03
1.711009060000000000e+08 4.860000000000000000e+03 3.400000000000000000e+03 4.390000000000000000e+03 2.190000000000000000e+03
1.711011140000000000e+08 4.860000000000000000e+03 3.400000000000000000e+03 4.400000000000000000e+03 2.200000000000000000e+03
1.711013220000000000e+08 4.860000000000000000e+03 3.390000000000000000e+03 4.410000000000000000e+03 2.200000000000000000e+03
1.711015300000000000e+08 4.860000000000000000e+03 3.390000000000000000e+03 4.420000000000000000e+03 2.190000000000000000e+03
1.711018070000000000e+08 4.860000000000000000e+03 3.390000000000000000e+03 4.420000000000000000e+03 2.190000000000000000e+03
1.711019440000000000e+08 4.860000000000000000e+03 3.400000000000000000e+03 4.420000000000000000e+03 2.190000000000000000e+03
1.711023450000000000e+08 4.860000000000000000e+03 3.420000000000000000e+03 4.400000000000000000e+03 2.180000000000000000e+03
1.711025510000000000e+08 4.860000000000000000e+03 3.430000000000000000e+03 4.410000000000000000e+03 2.190000000000000000e+03
1.711027490000000000e+08 4.860000000000000000e+03 3.430000000000000000e+03 4.410000000000000000e+03 2.190000000000000000e+03
1.711029690000000000e+08 4.860000000000000000e+03 3.430000000000000000e+03 4.400000000000000000e+03 2.190000000000000000e+03
1.711031780000000000e+08 4.860000000000000000e+03 3.420000000000000000e+03 4.410000000000000000e+03 2.190000000000000000e+03
1.711033820000000000e+08 4.850000000000000000e+03 3.420000000000000000e+03 4.400000000000000000e+03 2.190000000000000000e+03
1.711035810000000000e+08 4.850000000000000000e+03 3.420000000000000000e+03 4.420000000000000000e+03 2.190000000000000000e+03
1.711037880000000000e+08 4.860000000000000000e+03 3.420000000000000000e+03 4.420000000000000000e+03 2.200000000000000000e+03
1.711040060000000000e+08 4.860000000000000000e+03 3.420000000000000000e+03 4.410000000000000000e+03 2.200000000000000000e+03
1.711042100000000000e+08 4.870000000000000000e+03 3.430000000000000000e+03 4.410000000000000000e+03 2.200000000000000000e+03
