1.712330170000000000e+08 4.580000000000000000e+03 2.590000000000000000e+03 4.640000000000000000e+03 2.820000000000000000e+03
1.712334330000000000e+08 4.580000000000000000e+03 2.590000000000000000e+03 4.670000000000000000e+03 2.880000000000000000e+03
1.712336280000000000e+08 4.610000000000000000e+03 2.580000000000000000e+03 4.690000000000000000e+03 2.860000000000000000e+03
1.712338340000000000e+08 4.610000000000000000e+03 2.580000000000000000e+03 4.680000000000000000e+03 2.840000000000000000e+03
1.712340450000000000e+08 4.610000000000000000e+03 2.590000000000000000e+03 4.680000000000000000e+03 2.830000000000000000e+03
1.712342820000000000e+08 4.610000000000000000e+03 2.590000000000000000e+03 4.680000000000000000e+03 2.840000000000000000e+03
1.712344600000000000e+08 4.600000000000000000e+03 2.580000000000000000e+03 4.690000000000000000e+03 2.850000000000000000e+03
1.712346800000000000e+08 4.600000000000000000e+03 2.580000000000000000e+03 4.680000000000000000e+03 3.000000000000000000e+03
1.712348890000000000e+08 4.600000000000000000e+03 2.570000000000000000e+03 4.680000000000000000e+03 3.000000000000000000e+03
1.712350830000000000e+08 4.580000000000000000e+03 2.570000000000000000e+03 4.660000000000000000e+03 3.130000000000000000e+03
1.712352930000000000e+08 4.570000000000000000e+03 2.570000000000000000e+03 4.660000000000000000e+03 3.200000000000000000e+03
1.712355130000000000e+08 4.570000000000000000e+03 2.570000000000000000e+03 4.670000000000000000e+03 3.260000000000000000e+03
1.712357130000000000e+08 4.570000000000000000e+03 2.570000000000000000e+03 4.680000000000000000e+03 3.320000000000000000e+03
1.712359880000000000e+08 4.580000000000000000e+03 2.590000000000000000e+03 4.670000000000000000e+03 3.370000000000000000e+03
1.712361360000000000e+08 4.600000000000000000e+03 2.580000000000000000e+03 4.670000000000000000e+03 3.380000000000000000e+03
1.712363440000000000e+08 4.580000000000000000e+03 2.580000000000000000e+03 4.660000000000000000e+03 3.390000000000000000e+03
1.712365520000000000e+08 4.600000000000000000e+03 2.580000000000000000e+03 4.670000000000000000e+03 3.370000000000000000e+03
1.712367600000000000e+08 4.600000000000000000e+03 2.580000000000000000e+03 4.660000000000000000e+03 3.340000000000000000e+03
1.712369610000000000e+08 4.600000000000000000e+03 2.580000000000000000e+03 4.670000000000000000e+03 3.330000000000000000e+03
1.712371760000000000e+08 4.600000000000000000e+03 2.590000000000000000e+03 4.660000000000000000e+03 3.330000000000000000e+03
1.712373840000000000e+08 4.600000000000000000e+03 2.590000000000000000e+03 4.670000000000000000e+03 3.310000000000000000e+03
1.712375930000000000e+08 4.600000000000000000e+03 2.590000000000000000e+03 4.660000000000000000e+03 3.290000000000000000e+03
1.712378000000000000e+08 4.580000000000000000e+03 2.590000000000000000e+03 4.650000000000000000e+03 3.290000000000000000e+03
1.712379990000000000e+08 4.580000000000000000e+03 2.580000000000000000e+03 4.660000000000000000e+03 3.300000000000000000e+03
1.712382160000000000e+08 4.580000000000000000e+03 2.580000000000000000e+03 4.660000000000000000e+03 3.300000000000000000e+03
1.712384110000000000e+08 4.570000000000000000e+03 2.590000000000000000e+03 4.660000000000000000e+03 3.300000000000000000e+03
1.712386310000000000e+08 4.570000000000000000e+03 2.590000000000000000e+03 4.670000000000000000e+03 3.300000000000000000e+03
1.712388320000000000e+08 4.580000000000000000e+03 2.600000000000000000e+03 4.690000000000000000e+03 3.290000000000000000e+03
1.712390380000000000e+08 4.580000000000000000e+03 2.600000000000000000e+03 4.690000000000000000e+03 3.310000000000000000e+03
1.712392520000000000e+08 4.580000000000000000e+03 2.590000000000000000e+03 4.680000000000000000e+03 3.330000000000000000e+03
1.712394640000000000e+08 4.580000000000000000e+03 2.590000000000000000e+03 4.690000000000000000e+03 3.340000000000000000e+03
1.712396590000000000e+08 4.600000000000000000e+03 2.590000000000000000e+03 4.700000000000000000e+03 3.390000000000000000e+03
1.712398800000000000e+08 4.600000000000000000e+03 2.590000000000000000e+03 4.710000000000000000e+03 3.450000000000000000e+03
1.712400830000000000e+08 4.580000000000000000e+03 2.590000000000000000e+03 4.710000000000000000e+03 3.470000000000000000e+03
1.712402950000000000e+08 4.600000000000000000e+03 2.590000000000000000e+03 4.710000000000000000e+03 3.450000000000000000e+03
1.712405030000000000e+08 4.600000000000000000e+03 2.600000000000000000e+03 4.710000000000000000e+03 3.410000000000000000e+03
1.712407080000000000e+08 4.580000000000000000e+03 2.590000000000000000e+03 4.690000000000000000e+03 3.380000000000000000e+03
1.712409170000000000e+08 4.570000000000000000e+03 2.590000000000000000e+03 4.690000000000000000e+03 3.370000000000000000e+03
1.712411270000000000e+08 4.570000000000000000e+03 2.580000000000000000e+03 4.690000000000000000e+03 3.440000000000000000e+03
1.712413310000000000e+08 4.570000000000000000e+03 2.580000000000000000e+03 4.700000000000000000e+03 3.470000000000000000e+03
1.712415430000000000e+08 4.580000000000000000e+03 2.590000000000000000e+03 4.710000000000000000e+03 3.360000000000000000e+03
1.712417450000000000e+08 4.580000000000000000e+03 2.600000000000000000e+03 4.700000000000000000e+03 3.410000000000000000e+03
1.712419590000000000e+08 4.580000000000000000e+03 2.600000000000000000e+03 4.700000000000000000e+03 3.440000000000000000e+03
1.712421580000000000e+08 4.610000000000000000e+03 2.600000000000000000e+03 4.700000000000000000e+03 3.450000000000000000e+03
1.712423750000000000e+08 4.610000000000000000e+03 2.590000000000000000e+03 4.700000000000000000e+03 3.470000000000000000e+03
1.712425790000000000e+08 4.610000000000000000e+03 2.580000000000000000e+03 4.710000000000000000e+03 3.480000000000000000e+03
1.712427890000000000e+08 4.610000000000000000e+03 2.590000000000000000e+03 4.690000000000000000e+03 3.500000000000000000e+03
1.712429960000000000e+08 4.600000000000000000e+03 2.590000000000000000e+03 4.700000000000000000e+03 3.480000000000000000e+03
1.712432000000000000e+08 4.600000000000000000e+03 2.580000000000000000e+03 4.680000000000000000e+03 3.460000000000000000e+03
1.712434150000000000e+08 4.600000000000000000e+03 2.580000000000000000e+03 4.680000000000000000e+03 3.430000000000000000e+03
1.712436230000000000e+08 4.600000000000000000e+03 2.580000000000000000e+03 4.700000000000000000e+03 3.410000000000000000e+03
1.712438310000000000e+08 4.600000000000000000e+03 2.580000000000000000e+03 4.690000000000000000e+03 3.420000000000000000e+03
1.712440390000000000e+08 4.580000000000000000e+03 2.580000000000000000e+03 4.670000000000000000e+03 3.430000000000000000e+03
1.712442450000000000e+08 4.600000000000000000e+03 2.580000000000000000e+03 4.680000000000000000e+03 3.430000000000000000e+03
1.712444550000000000e+08 4.600000000000000000e+03 2.580000000000000000e+03 4.670000000000000000e+03 3.430000000000000000e+03
1.712446630000000000e+08 4.600000000000000000e+03 2.580000000000000000e+03 4.680000000000000000e+03 3.410000000000000000e+03
1.712448700000000000e+08 4.620000000000000000e+03 2.580000000000000000e+03 4.680000000000000000e+03 3.400000000000000000e+03
1.712450730000000000e+08 4.620000000000000000e+03 2.580000000000000000e+03 4.680000000000000000e+03 3.400000000000000000e+03
1.712452870000000000e+08 4.630000000000000000e+03 2.580000000000000000e+03 4.680000000000000000e+03 3.390000000000000000e+03
1.712454860000000000e+08 4.620000000000000000e+03 2.580000000000000000e+03 4.690000000000000000e+03 3.380000000000000000e+03
1.712457030000000000e+08 4.610000000000000000e+03 2.580000000000000000e+03 4.670000000000000000e+03 3.370000000000000000e+03
1.712459030000000000e+08 4.610000000000000000e+03 2.580000000000000000e+03 4.680000000000000000e+03 3.340000000000000000e+03
1.712461170000000000e+08 4.610000000000000000e+03 2.580000000000000000e+03 4.690000000000000000e+03 3.330000000000000000e+03
1.712463270000000000e+08 4.610000000000000000e+03 2.580000000000000000e+03 4.700000000000000000e+03 3.300000000000000000e+03
1.712465350000000000e+08 4.610000000000000000e+03 2.580000000000000000e+03 4.700000000000000000e+03 3.300000000000000000e+03
1.712467420000000000e+08 4.610000000000000000e+03 2.580000000000000000e+03 4.700000000000000000e+03 3.310000000000000000e+03
1.712469420000000000e+08 4.600000000000000000e+03 2.590000000000000000e+03 4.700000000000000000e+03 3.320000000000000000e+03
1.712471580000000000e+08 4.600000000000000000e+03 2.580000000000000000e+03 4.700000000000000000e+03 3.310000000000000000e+03
1.712473660000000000e+08 4.600000000000000000e+03 2.580000000000000000e+03 4.670000000000000000e+03 3.330000000000000000e+03
1.712475740000000000e+08 4.600000000000000000e+03 2.580000000000000000e+03 4.670000000000000000e+03 3.300000000000000000e+03
1.712477790000000000e+08 4.600000000000000000e+03 2.580000000000000000e+03 4.670000000000000000e+03 3.300000000000000000e+03
1.712479790000000000e+08 4.600000000000000000e+03 2.580000000000000000e+03 4.690000000000000000e+03 3.260000000000000000e+03
1.712481840000000000e+08 4.610000000000000000e+03 2.580000000000000000e+03 4.680000000000000000e+03 3.230000000000000000e+03
1.712484020000000000e+08 4.600000000000000000e+03 2.580000000000000000e+03 4.670000000000000000e+03 3.220000000000000000e+03
1.712486150000000000e+08 4.600000000000000000e+03 2.580000000000000000e+03 4.670000000000000000e+03 3.220000000000000000e+03
1.712488220000000000e+08 4.600000000000000000e+03 2.570000000000000000e+03 4.680000000000000000e+03 3.220000000000000000e+03
1.712490300000000000e+08 4.600000000000000000e+03 2.570000000000000000e+03 4.700000000000000000e+03 3.210000000000000000e+03
1.712492370000000000e+08 4.600000000000000000e+03 2.580000000000000000e+03 4.690000000000000000e+03 3.190000000000000000e+03
1.712494460000000000e+08 4.600000000000000000e+03 2.580000000000000000e+03 4.700000000000000000e+03 3.190000000000000000e+03
1.712496490000000000e+08 4.580000000000000000e+03 2.580000000000000000e+03 4.690000000000000000e+03 3.220000000000000000e+03
1.712498620000000000e+08 4.580000000000000000e+03 2.580000000000000000e+03 4.680000000000000000e+03 3.230000000000000000e+03
1.712500690000000000e+08 4.600000000000000000e+03 2.580000000000000000e+03 4.690000000000000000e+03 3.230000000000000000e+03
1.712502760000000000e+08 4.600000000000000000e+03 2.600000000000000000e+03 4.680000000000000000e+03 3.250000000000000000e+03
1.712504870000000000e+08 4.600000000000000000e+03 2.590000000000000000e+03 4.680000000000000000e+03 3.280000000000000000e+03
1.712506950000000000e+08 4.610000000000000000e+03 2.590000000000000000e+03 4.680000000000000000e+03 3.300000000000000000e+03
1.712509020000000000e+08 4.610000000000000000e+03 2.590000000000000000e+03 4.680000000000000000e+03 3.320000000000000000e+03
1.712511090000000000e+08 4.610000000000000000e+03 2.600000000000000000e+03 4.680000000000000000e+03 3.330000000000000000e+03
1.712513110000000000e+08 4.610000000000000000e+03 2.590000000000000000e+03 4.690000000000000000e+03 3.380000000000000000e+03
1.712515250000000000e+08 4.600000000000000000e+03 2.580000000000000000e+03 4.680000000000000000e+03 3.440000000000000000e+03
1.712517320000000000e+08 4.600000000000000000e+03 2.580000000000000000e+03 4.680000000000000000e+03 3.470000000000000000e+03
1.712519350000000000e+08 4.600000000000000000e+03 2.580000000000000000e+03 4.680000000000000000e+03 3.510000000000000000e+03
1.712521420000000000e+08 4.580000000000000000e+03 2.580000000000000000e+03 4.680000000000000000e+03 3.550000000000000000e+03
1.712523440000000000e+08 4.580000000000000000e+03 2.590000000000000000e+03 4.680000000000000000e+03 3.570000000000000000e+03
1.712525540000000000e+08 4.580000000000000000e+03 2.580000000000000000e+03 4.700000000000000000e+03 3.580000000000000000e+03
1.712527680000000000e+08 4.580000000000000000e+03 2.590000000000000000e+03 4.700000000000000000e+03 3.600000000000000000e+03
1.712529810000000000e+08 4.600000000000000000e+03 2.600000000000000000e+03 4.690000000000000000e+03 3.580000000000000000e+03
1.712531890000000000e+08 4.600000000000000000e+03 2.610000000000000000e+03 4.680000000000000000e+03 3.550000000000000000e+03
1.712533970000000000e+08 4.600000000000000000e+03 2.600000000000000000e+03 4.700000000000000000e+03 3.550000000000000000e+03
1.712536050000000000e+08 4.600000000000000000e+03 2.590000000000000000e+03 4.700000000000000000e+03 3.550000000000000000e+03
1.712538030000000000e+08 4.580000000000000000e+03 2.600000000000000000e+03 4.690000000000000000e+03 3.560000000000000000e+03
1.712540210000000000e+08 4.600000000000000000e+03 2.610000000000000000e+03 4.690000000000000000e+03 3.570000000000000000e+03
1.712543040000000000e+08 4.580000000000000000e+03 2.610000000000000000e+03 4.700000000000000000e+03 3.540000000000000000e+03
1.712544370000000000e+08 4.580000000000000000e+03 2.600000000000000000e+03 4.690000000000000000e+03 3.500000000000000000e+03
1.712546450000000000e+08 4.600000000000000000e+03 2.600000000000000000e+03 4.680000000000000000e+03 3.460000000000000000e+03
1.712548400000000000e+08 4.600000000000000000e+03 2.590000000000000000e+03 4.690000000000000000e+03 3.440000000000000000e+03
1.712550520000000000e+08 4.600000000000000000e+03 2.590000000000000000e+03 4.690000000000000000e+03 3.430000000000000000e+03
1.712552680000000000e+08 4.580000000000000000e+03 2.580000000000000000e+03 4.700000000000000000e+03 3.450000000000000000e+03
1.712554720000000000e+08 4.600000000000000000e+03 2.580000000000000000e+03 4.680000000000000000e+03 3.510000000000000000e+03
1.712556850000000000e+08 4.600000000000000000e+03 2.590000000000000000e+03 4.700000000000000000e+03 3.550000000000000000e+03
1.712558920000000000e+08 4.600000000000000000e+03 2.580000000000000000e+03 4.690000000000000000e+03 3.550000000000000000e+03
1.712560920000000000e+08 4.600000000000000000e+03 2.570000000000000000e+03 4.680000000000000000e+03 3.550000000000000000e+03
1.712563090000000000e+08 4.600000000000000000e+03 2.570000000000000000e+03 4.670000000000000000e+03 3.550000000000000000e+03
1.712565020000000000e+08 4.600000000000000000e+03 2.590000000000000000e+03 4.670000000000000000e+03 3.550000000000000000e+03
1.712567110000000000e+08 4.600000000000000000e+03 2.580000000000000000e+03 4.680000000000000000e+03 3.560000000000000000e+03
1.712569320000000000e+08 4.600000000000000000e+03 2.590000000000000000e+03 4.680000000000000000e+03 3.530000000000000000e+03
1.712571360000000000e+08 4.600000000000000000e+03 2.590000000000000000e+03 4.680000000000000000e+03 3.480000000000000000e+03
1.712573490000000000e+08 4.600000000000000000e+03 2.590000000000000000e+03 4.670000000000000000e+03 3.430000000000000000e+03
1.712575560000000000e+08 4.600000000000000000e+03 2.600000000000000000e+03 4.660000000000000000e+03 3.410000000000000000e+03
1.712577610000000000e+08 4.600000000000000000e+03 2.610000000000000000e+03 4.680000000000000000e+03 3.380000000000000000e+03
1.712579700000000000e+08 4.600000000000000000e+03 2.600000000000000000e+03 4.660000000000000000e+03 3.380000000000000000e+03
1.712581790000000000e+08 4.580000000000000000e+03 2.590000000000000000e+03 4.680000000000000000e+03 3.410000000000000000e+03
1.712583750000000000e+08 4.580000000000000000e+03 2.580000000000000000e+03 4.680000000000000000e+03 3.480000000000000000e+03
1.712585970000000000e+08 4.580000000000000000e+03 2.580000000000000000e+03 4.700000000000000000e+03 3.520000000000000000e+03
1.712588020000000000e+08 4.600000000000000000e+03 2.580000000000000000e+03 4.690000000000000000e+03 3.560000000000000000e+03
1.712590040000000000e+08 4.600000000000000000e+03 2.580000000000000000e+03 4.690000000000000000e+03 3.590000000000000000e+03
1.712592130000000000e+08 4.600000000000000000e+03 2.570000000000000000e+03 4.690000000000000000e+03 3.640000000000000000e+03
1.712594200000000000e+08 4.600000000000000000e+03 2.570000000000000000e+03 4.690000000000000000e+03 3.640000000000000000e+03
1.712596370000000000e+08 4.600000000000000000e+03 2.570000000000000000e+03 4.700000000000000000e+03 3.620000000000000000e+03
1.712598350000000000e+08 4.600000000000000000e+03 2.590000000000000000e+03 4.700000000000000000e+03 3.590000000000000000e+03
1.713000440000000000e+08 4.600000000000000000e+03 2.590000000000000000e+03 4.710000000000000000e+03 3.580000000000000000e+03
1.713002490000000000e+08 4.580000000000000000e+03 2.600000000000000000e+03 4.710000000000000000e+03 3.570000000000000000e+03
1.713004680000000000e+08 4.580000000000000000e+03 2.610000000000000000e+03 4.700000000000000000e+03 3.540000000000000000e+03
1.713006760000000000e+08 4.600000000000000000e+03 2.600000000000000000e+03 4.700000000000000000e+03 3.510000000000000000e+03
1.713008810000000000e+08 4.600000000000000000e+03 2.600000000000000000e+03 4.710000000000000000e+03 3.470000000000000000e+03
1.713010890000000000e+08 4.600000000000000000e+03 2.590000000000000000e+03 4.680000000000000000e+03 3.440000000000000000e+03
1.713013000000000000e+08 4.600000000000000000e+03 2.580000000000000000e+03 4.690000000000000000e+03 3.400000000000000000e+03
1.713014940000000000e+08 4.600000000000000000e+03 2.590000000000000000e+03 4.690000000000000000e+03 3.390000000000000000e+03
1.713017160000000000e+08 4.610000000000000000e+03 2.600000000000000000e+03 4.690000000000000000e+03 3.390000000000000000e+03
1.713019140000000000e+08 4.600000000000000000e+03 2.600000000000000000e+03 4.700000000000000000e+03 3.380000000000000000e+03
1.713021170000000000e+08 4.580000000000000000e+03 2.600000000000000000e+03 4.710000000000000000e+03 3.360000000000000000e+03
1.713023330000000000e+08 4.580000000000000000e+03 2.600000000000000000e+03 4.700000000000000000e+03 3.340000000000000000e+03
1.713025480000000000e+08 4.580000000000000000e+03 2.590000000000000000e+03 4.700000000000000000e+03 3.360000000000000000e+03
1.713027530000000000e+08 4.600000000000000000e+03 2.590000000000000000e+03 4.700000000000000000e+03 3.360000000000000000e+03
1.713029600000000000e+08 4.580000000000000000e+03 2.580000000000000000e+03 4.690000000000000000e+03 3.370000000000000000e+03
1.713031670000000000e+08 4.580000000000000000e+03 2.590000000000000000e+03 4.690000000000000000e+03 3.360000000000000000e+03
1.713033790000000000e+08 4.600000000000000000e+03 2.600000000000000000e+03 4.690000000000000000e+03 3.360000000000000000e+03
1.713035750000000000e+08 4.580000000000000000e+03 2.600000000000000000e+03 4.700000000000000000e+03 3.360000000000000000e+03
1.713037890000000000e+08 4.600000000000000000e+03 2.610000000000000000e+03 4.700000000000000000e+03 3.330000000000000000e+03
1.713040010000000000e+08 4.580000000000000000e+03 2.610000000000000000e+03 4.700000000000000000e+03 3.320000000000000000e+03
1.713043240000000000e+08 4.600000000000000000e+03 2.600000000000000000e+03 4.710000000000000000e+03 3.330000000000000000e+03
1.713044190000000000e+08 4.600000000000000000e+03 2.600000000000000000e+03 4.710000000000000000e+03 3.320000000000000000e+03
1.713046240000000000e+08 4.600000000000000000e+03 2.600000000000000000e+03 4.700000000000000000e+03 3.310000000000000000e+03
1.713048330000000000e+08 4.600000000000000000e+03 2.600000000000000000e+03 4.700000000000000000e+03 3.310000000000000000e+03
1.713050390000000000e+08 4.600000000000000000e+03 2.590000000000000000e+03 4.700000000000000000e+03 3.320000000000000000e+03
1.713052490000000000e+08 4.600000000000000000e+03 2.590000000000000000e+03 4.700000000000000000e+03 3.320000000000000000e+03
1.713054550000000000e+08 4.600000000000000000e+03 2.570000000000000000e+03 4.690000000000000000e+03 3.320000000000000000e+03
1.713056580000000000e+08 4.600000000000000000e+03 2.570000000000000000e+03 4.680000000000000000e+03 3.320000000000000000e+03
1.713058730000000000e+08 4.580000000000000000e+03 2.570000000000000000e+03 4.680000000000000000e+03 3.320000000000000000e+03
1.713060710000000000e+08 4.580000000000000000e+03 2.570000000000000000e+03 4.690000000000000000e+03 3.320000000000000000e+03
1.713062900000000000e+08 4.580000000000000000e+03 2.590000000000000000e+03 4.700000000000000000e+03 3.320000000000000000e+03
1.713064970000000000e+08 4.580000000000000000e+03 2.580000000000000000e+03 4.690000000000000000e+03 3.330000000000000000e+03
1.713066940000000000e+08 4.570000000000000000e+03 2.590000000000000000e+03 4.690000000000000000e+03 3.330000000000000000e+03
1.713069080000000000e+08 4.580000000000000000e+03 2.590000000000000000e+03 4.690000000000000000e+03 3.340000000000000000e+03
1.713071150000000000e+08 4.580000000000000000e+03 2.580000000000000000e+03 4.690000000000000000e+03 3.360000000000000000e+03
1.713073200000000000e+08 4.580000000000000000e+03 2.600000000000000000e+03 4.690000000000000000e+03 3.370000000000000000e+03
1.713075360000000000e+08 4.600000000000000000e+03 2.590000000000000000e+03 4.690000000000000000e+03 3.380000000000000000e+03
1.713077380000000000e+08 4.600000000000000000e+03 2.580000000000000000e+03 4.690000000000000000e+03 3.370000000000000000e+03
1.713079470000000000e+08 4.600000000000000000e+03 2.570000000000000000e+03 4.690000000000000000e+03 3.360000000000000000e+03
1.713081580000000000e+08 4.600000000000000000e+03 2.590000000000000000e+03 4.700000000000000000e+03 3.370000000000000000e+03
1.713083630000000000e+08 4.600000000000000000e+03 2.580000000000000000e+03 4.700000000000000000e+03 3.370000000000000000e+03
1.713085730000000000e+08 4.600000000000000000e+03 2.580000000000000000e+03 4.700000000000000000e+03 3.370000000000000000e+03
1.713087860000000000e+08 4.600000000000000000e+03 2.590000000000000000e+03 4.700000000000000000e+03 3.370000000000000000e+03
1.713089810000000000e+08 4.600000000000000000e+03 2.590000000000000000e+03 4.700000000000000000e+03 3.370000000000000000e+03
1.713092020000000000e+08 4.580000000000000000e+03 2.580000000000000000e+03 4.700000000000000000e+03 3.370000000000000000e+03
1.713094100000000000e+08 4.580000000000000000e+03 2.590000000000000000e+03 4.710000000000000000e+03 3.370000000000000000e+03
1.713096190000000000e+08 4.600000000000000000e+03 2.590000000000000000e+03 4.700000000000000000e+03 3.360000000000000000e+03
1.713098260000000000e+08 4.580000000000000000e+03 2.590000000000000000e+03 4.700000000000000000e+03 3.360000000000000000e+03
1.713100240000000000e+08 4.580000000000000000e+03 2.590000000000000000e+03 4.700000000000000000e+03 3.370000000000000000e+03
1.713102420000000000e+08 4.600000000000000000e+03 2.600000000000000000e+03 4.700000000000000000e+03 3.400000000000000000e+03
1.713104500000000000e+08 4.600000000000000000e+03 2.590000000000000000e+03 4.710000000000000000e+03 3.450000000000000000e+03
1.713106570000000000e+08 4.600000000000000000e+03 2.580000000000000000e+03 4.710000000000000000e+03 3.490000000000000000e+03
1.713108650000000000e+08 4.600000000000000000e+03 2.580000000000000000e+03 4.700000000000000000e+03 3.480000000000000000e+03
1.713110730000000000e+08 4.600000000000000000e+03 2.580000000000000000e+03 4.710000000000000000e+03 3.460000000000000000e+03
1.713112780000000000e+08 4.600000000000000000e+03 2.570000000000000000e+03 4.700000000000000000e+03 3.410000000000000000e+03
1.713114800000000000e+08 4.600000000000000000e+03 2.570000000000000000e+03 4.700000000000000000e+03 3.380000000000000000e+03
1.713116890000000000e+08 4.600000000000000000e+03 2.580000000000000000e+03 4.690000000000000000e+03 3.380000000000000000e+03
1.713118940000000000e+08 4.600000000000000000e+03 2.580000000000000000e+03 4.680000000000000000e+03 3.410000000000000000e+03
1.713121140000000000e+08 4.600000000000000000e+03 2.580000000000000000e+03 4.690000000000000000e+03 3.440000000000000000e+03
1.713123220000000000e+08 4.600000000000000000e+03 2.590000000000000000e+03 4.700000000000000000e+03 3.460000000000000000e+03
1.713125260000000000e+08 4.600000000000000000e+03 2.580000000000000000e+03 4.700000000000000000e+03 3.500000000000000000e+03
1.713127290000000000e+08 4.600000000000000000e+03 2.580000000000000000e+03 4.690000000000000000e+03 3.500000000000000000e+03
1.713129420000000000e+08 4.600000000000000000e+03 2.580000000000000000e+03 4.690000000000000000e+03 3.520000000000000000e+03
1.713131540000000000e+08 4.600000000000000000e+03 2.580000000000000000e+03 4.690000000000000000e+03 3.530000000000000000e+03
1.713133610000000000e+08 4.580000000000000000e+03 2.580000000000000000e+03 4.680000000000000000e+03 3.520000000000000000e+03
1.713135630000000000e+08 4.600000000000000000e+03 2.580000000000000000e+03 4.690000000000000000e+03 3.520000000000000000e+03
1.713137680000000000e+08 4.600000000000000000e+03 2.600000000000000000e+03 4.680000000000000000e+03 3.490000000000000000e+03
1.713139820000000000e+08 4.600000000000000000e+03 2.590000000000000000e+03 4.680000000000000000e+03 3.470000000000000000e+03
1.713142850000000000e+08 4.580000000000000000e+03 2.600000000000000000e+03 4.700000000000000000e+03 3.440000000000000000e+03
1.713144010000000000e+08 4.580000000000000000e+03 2.590000000000000000e+03 4.690000000000000000e+03 3.410000000000000000e+03
1.713146070000000000e+08 4.580000000000000000e+03 2.580000000000000000e+03 4.680000000000000000e+03 3.410000000000000000e+03
1.713148050000000000e+08 4.580000000000000000e+03 2.580000000000000000e+03 4.680000000000000000e+03 3.410000000000000000e+03
1.713150250000000000e+08 4.570000000000000000e+03 2.570000000000000000e+03 4.670000000000000000e+03 3.420000000000000000e+03
1.713152340000000000e+08 4.570000000000000000e+03 2.570000000000000000e+03 4.670000000000000000e+03 3.450000000000000000e+03
1.713154410000000000e+08 4.570000000000000000e+03 2.590000000000000000e+03 4.680000000000000000e+03 3.480000000000000000e+03
1.713156480000000000e+08 4.580000000000000000e+03 2.590000000000000000e+03 4.690000000000000000e+03 3.500000000000000000e+03
1.713158550000000000e+08 4.580000000000000000e+03 2.580000000000000000e+03 4.690000000000000000e+03 3.510000000000000000e+03
1.713160570000000000e+08 4.580000000000000000e+03 2.600000000000000000e+03 4.690000000000000000e+03 3.510000000000000000e+03
1.713162730000000000e+08 4.580000000000000000e+03 2.590000000000000000e+03 4.700000000000000000e+03 3.510000000000000000e+03
1.713164800000000000e+08 4.580000000000000000e+03 2.600000000000000000e+03 4.710000000000000000e+03 3.510000000000000000e+03
1.713167040000000000e+08 4.600000000000000000e+03 2.590000000000000000e+03 4.700000000000000000e+03 3.510000000000000000e+03
1.713168910000000000e+08 4.610000000000000000e+03 2.600000000000000000e+03 4.700000000000000000e+03 3.520000000000000000e+03
1.713171050000000000e+08 4.600000000000000000e+03 2.590000000000000000e+03 4.690000000000000000e+03 3.530000000000000000e+03
1.713173120000000000e+08 4.600000000000000000e+03 2.590000000000000000e+03 4.680000000000000000e+03 3.530000000000000000e+03
1.713175140000000000e+08 4.600000000000000000e+03 2.590000000000000000e+03 4.680000000000000000e+03 3.500000000000000000e+03
1.713177290000000000e+08 4.600000000000000000e+03 2.580000000000000000e+03 4.680000000000000000e+03 3.460000000000000000e+03
1.713179370000000000e+08 4.610000000000000000e+03 2.600000000000000000e+03 4.690000000000000000e+03 3.380000000000000000e+03
1.713181450000000000e+08 4.610000000000000000e+03 2.580000000000000000e+03 4.680000000000000000e+03 3.320000000000000000e+03
1.713183480000000000e+08 4.610000000000000000e+03 2.580000000000000000e+03 4.680000000000000000e+03 3.260000000000000000e+03
1.713185610000000000e+08 4.610000000000000000e+03 2.580000000000000000e+03 4.690000000000000000e+03 3.210000000000000000e+03
1.713187710000000000e+08 4.600000000000000000e+03 2.580000000000000000e+03 4.690000000000000000e+03 3.170000000000000000e+03
1.713189760000000000e+08 4.600000000000000000e+03 2.570000000000000000e+03 4.700000000000000000e+03 3.160000000000000000e+03
1.713191840000000000e+08 4.600000000000000000e+03 2.570000000000000000e+03 4.700000000000000000e+03 3.200000000000000000e+03
1.713193920000000000e+08 4.600000000000000000e+03 2.580000000000000000e+03 4.700000000000000000e+03 3.230000000000000000e+03
1.713196000000000000e+08 4.580000000000000000e+03 2.600000000000000000e+03 4.710000000000000000e+03 3.250000000000000000e+03
1.713198090000000000e+08 4.580000000000000000e+03 2.610000000000000000e+03 4.710000000000000000e+03 3.260000000000000000e+03
1.713200160000000000e+08 4.580000000000000000e+03 2.600000000000000000e+03 4.710000000000000000e+03 3.290000000000000000e+03
1.713202220000000000e+08 4.580000000000000000e+03 2.580000000000000000e+03 4.700000000000000000e+03 3.300000000000000000e+03
1.713204310000000000e+08 4.600000000000000000e+03 2.600000000000000000e+03 4.700000000000000000e+03 3.300000000000000000e+03
1.713206330000000000e+08 4.600000000000000000e+03 2.590000000000000000e+03 4.700000000000000000e+03 3.300000000000000000e+03
1.713208480000000000e+08 4.600000000000000000e+03 2.580000000000000000e+03 4.700000000000000000e+03 3.330000000000000000e+03
1.713210560000000000e+08 4.580000000000000000e+03 2.600000000000000000e+03 4.690000000000000000e+03 3.360000000000000000e+03
1.713212640000000000e+08 4.600000000000000000e+03 2.610000000000000000e+03 4.690000000000000000e+03 3.360000000000000000e+03
1.713214720000000000e+08 4.600000000000000000e+03 2.600000000000000000e+03 4.690000000000000000e+03 3.340000000000000000e+03
1.713216800000000000e+08 4.610000000000000000e+03 2.590000000000000000e+03 4.700000000000000000e+03 3.330000000000000000e+03
1.713218880000000000e+08 4.610000000000000000e+03 2.580000000000000000e+03 4.700000000000000000e+03 3.330000000000000000e+03
1.713220960000000000e+08 4.580000000000000000e+03 2.590000000000000000e+03 4.700000000000000000e+03 3.320000000000000000e+03
1.713223030000000000e+08 4.580000000000000000e+03 2.600000000000000000e+03 4.710000000000000000e+03 3.330000000000000000e+03
1.713225120000000000e+08 4.600000000000000000e+03 2.590000000000000000e+03 4.700000000000000000e+03 3.330000000000000000e+03
1.713310380000000000e+08 4.830000000000000000e+03 2.580000000000000000e+03 4.700000000000000000e+03 2.670000000000000000e+03
1.713312460000000000e+08 4.830000000000000000e+03 2.590000000000000000e+03 4.710000000000000000e+03 2.670000000000000000e+03
1.713314540000000000e+08 4.840000000000000000e+03 2.580000000000000000e+03 4.710000000000000000e+03 2.670000000000000000e+03
1.713316560000000000e+08 4.840000000000000000e+03 2.570000000000000000e+03 4.700000000000000000e+03 2.670000000000000000e+03
1.713318590000000000e+08 4.790000000000000000e+03 2.590000000000000000e+03 4.710000000000000000e+03 2.670000000000000000e+03
1.713320770000000000e+08 4.990000000000000000e+03 2.590000000000000000e+03 4.700000000000000000e+03 2.660000000000000000e+03
1.713322860000000000e+08 5.160000000000000000e+03 2.590000000000000000e+03 4.700000000000000000e+03 2.660000000000000000e+03
1.713337550000000000e+08 5.160000000000000000e+03 2.580000000000000000e+03 4.690000000000000000e+03 2.660000000000000000e+03
1.713339570000000000e+08 5.040000000000000000e+03 2.580000000000000000e+03 4.690000000000000000e+03 2.660000000000000000e+03
1.713343810000000000e+08 5.070000000000000000e+03 2.600000000000000000e+03 4.690000000000000000e+03 2.660000000000000000e+03
1.713345870000000000e+08 4.990000000000000000e+03 2.590000000000000000e+03 4.680000000000000000e+03 2.680000000000000000e+03
1.713347940000000000e+08 4.920000000000000000e+03 2.580000000000000000e+03 4.680000000000000000e+03 2.660000000000000000e+03
1.713349970000000000e+08 4.890000000000000000e+03 2.570000000000000000e+03 4.680000000000000000e+03 2.660000000000000000e+03
1.713352130000000000e+08 4.890000000000000000e+03 2.570000000000000000e+03 4.680000000000000000e+03 2.650000000000000000e+03
1.713354210000000000e+08 5.090000000000000000e+03 2.560000000000000000e+03 4.680000000000000000e+03 2.650000000000000000e+03
1.713364700000000000e+08 5.150000000000000000e+03 2.580000000000000000e+03 4.700000000000000000e+03 2.660000000000000000e+03
1.713366840000000000e+08 5.090000000000000000e+03 2.580000000000000000e+03 4.690000000000000000e+03 2.670000000000000000e+03
1.713368910000000000e+08 5.040000000000000000e+03 2.580000000000000000e+03 4.690000000000000000e+03 2.680000000000000000e+03
1.713371010000000000e+08 4.980000000000000000e+03 2.580000000000000000e+03 4.700000000000000000e+03 2.670000000000000000e+03
1.713373070000000000e+08 4.940000000000000000e+03 2.580000000000000000e+03 4.690000000000000000e+03 2.670000000000000000e+03
1.713375170000000000e+08 4.930000000000000000e+03 2.590000000000000000e+03 4.690000000000000000e+03 2.660000000000000000e+03
1.713377210000000000e+08 4.960000000000000000e+03 2.590000000000000000e+03 4.690000000000000000e+03 2.670000000000000000e+03
1.713379320000000000e+08 5.050000000000000000e+03 2.590000000000000000e+03 4.680000000000000000e+03 2.670000000000000000e+03
1.713381410000000000e+08 5.040000000000000000e+03 2.580000000000000000e+03 4.680000000000000000e+03 2.670000000000000000e+03
1.713383480000000000e+08 5.020000000000000000e+03 2.590000000000000000e+03 4.680000000000000000e+03 2.670000000000000000e+03
1.713385570000000000e+08 5.010000000000000000e+03 2.570000000000000000e+03 4.670000000000000000e+03 2.670000000000000000e+03
1.713387710000000000e+08 4.970000000000000000e+03 2.590000000000000000e+03 4.670000000000000000e+03 2.660000000000000000e+03
1.713389880000000000e+08 4.940000000000000000e+03 2.590000000000000000e+03 4.670000000000000000e+03 2.670000000000000000e+03
1.713391970000000000e+08 4.910000000000000000e+03 2.600000000000000000e+03 4.680000000000000000e+03 2.660000000000000000e+03
1.713393930000000000e+08 4.870000000000000000e+03 2.600000000000000000e+03 4.680000000000000000e+03 2.660000000000000000e+03
1.713396110000000000e+08 4.830000000000000000e+03 2.600000000000000000e+03 4.680000000000000000e+03 2.670000000000000000e+03
1.713398200000000000e+08 4.810000000000000000e+03 2.590000000000000000e+03 4.680000000000000000e+03 2.670000000000000000e+03
1.713400290000000000e+08 4.800000000000000000e+03 2.590000000000000000e+03 4.680000000000000000e+03 2.670000000000000000e+03
1.713402370000000000e+08 4.800000000000000000e+03 2.590000000000000000e+03 4.670000000000000000e+03 2.670000000000000000e+03
1.713404440000000000e+08 4.790000000000000000e+03 2.570000000000000000e+03 4.680000000000000000e+03 2.670000000000000000e+03
1.713406520000000000e+08 4.760000000000000000e+03 2.570000000000000000e+03 4.700000000000000000e+03 2.660000000000000000e+03
1.713408600000000000e+08 4.740000000000000000e+03 2.580000000000000000e+03 4.700000000000000000e+03 2.670000000000000000e+03
1.713410660000000000e+08 4.770000000000000000e+03 2.600000000000000000e+03 4.690000000000000000e+03 2.670000000000000000e+03
1.713412720000000000e+08 4.730000000000000000e+03 2.600000000000000000e+03 4.690000000000000000e+03 2.670000000000000000e+03
1.713414840000000000e+08 4.720000000000000000e+03 2.590000000000000000e+03 4.700000000000000000e+03 2.670000000000000000e+03
1.713416920000000000e+08 4.730000000000000000e+03 2.590000000000000000e+03 4.710000000000000000e+03 2.670000000000000000e+03
1.713419000000000000e+08 4.720000000000000000e+03 2.590000000000000000e+03 4.720000000000000000e+03 2.670000000000000000e+03
1.713421070000000000e+08 4.720000000000000000e+03 2.590000000000000000e+03 4.710000000000000000e+03 2.670000000000000000e+03
1.713423130000000000e+08 4.720000000000000000e+03 2.600000000000000000e+03 4.720000000000000000e+03 2.660000000000000000e+03
1.713425120000000000e+08 4.710000000000000000e+03 2.590000000000000000e+03 4.690000000000000000e+03 2.660000000000000000e+03
1.713427310000000000e+08 4.690000000000000000e+03 2.600000000000000000e+03 4.690000000000000000e+03 2.670000000000000000e+03
1.713429400000000000e+08 4.690000000000000000e+03 2.590000000000000000e+03 4.680000000000000000e+03 2.670000000000000000e+03
1.713431460000000000e+08 4.670000000000000000e+03 2.580000000000000000e+03 4.700000000000000000e+03 2.670000000000000000e+03
1.713433560000000000e+08 4.660000000000000000e+03 2.590000000000000000e+03 4.690000000000000000e+03 2.670000000000000000e+03
1.713435630000000000e+08 4.680000000000000000e+03 2.570000000000000000e+03 4.700000000000000000e+03 2.680000000000000000e+03
1.713437720000000000e+08 4.690000000000000000e+03 2.570000000000000000e+03 4.700000000000000000e+03 2.680000000000000000e+03
1.713439800000000000e+08 4.690000000000000000e+03 2.590000000000000000e+03 4.710000000000000000e+03 2.670000000000000000e+03
1.713442830000000000e+08 4.690000000000000000e+03 2.590000000000000000e+03 4.710000000000000000e+03 2.670000000000000000e+03
1.713443960000000000e+08 4.700000000000000000e+03 2.580000000000000000e+03 4.680000000000000000e+03 2.660000000000000000e+03
1.713446040000000000e+08 4.700000000000000000e+03 2.570000000000000000e+03 4.690000000000000000e+03 2.660000000000000000e+03
1.713448100000000000e+08 4.700000000000000000e+03 2.570000000000000000e+03 4.690000000000000000e+03 2.670000000000000000e+03
1.713450190000000000e+08 4.710000000000000000e+03 2.560000000000000000e+03 4.700000000000000000e+03 2.670000000000000000e+03
1.713452240000000000e+08 4.710000000000000000e+03 2.560000000000000000e+03 4.700000000000000000e+03 2.680000000000000000e+03
1.713454370000000000e+08 4.710000000000000000e+03 2.560000000000000000e+03 4.690000000000000000e+03 2.680000000000000000e+03
1.713456440000000000e+08 4.710000000000000000e+03 2.580000000000000000e+03 4.690000000000000000e+03 2.680000000000000000e+03
1.713458400000000000e+08 4.720000000000000000e+03 2.580000000000000000e+03 4.690000000000000000e+03 2.680000000000000000e+03
1.713460450000000000e+08 4.730000000000000000e+03 2.590000000000000000e+03 4.690000000000000000e+03 2.680000000000000000e+03
1.713462540000000000e+08 4.720000000000000000e+03 2.600000000000000000e+03 4.700000000000000000e+03 2.680000000000000000e+03
1.713464760000000000e+08 4.730000000000000000e+03 2.600000000000000000e+03 4.700000000000000000e+03 2.680000000000000000e+03
1.713466840000000000e+08 4.730000000000000000e+03 2.600000000000000000e+03 4.700000000000000000e+03 2.690000000000000000e+03
1.713468860000000000e+08 4.740000000000000000e+03 2.600000000000000000e+03 4.690000000000000000e+03 2.690000000000000000e+03
1.713470960000000000e+08 4.750000000000000000e+03 2.610000000000000000e+03 4.690000000000000000e+03 2.700000000000000000e+03
1.713473140000000000e+08 4.770000000000000000e+03 2.600000000000000000e+03 4.690000000000000000e+03 2.690000000000000000e+03
1.713475170000000000e+08 4.790000000000000000e+03 2.590000000000000000e+03 4.690000000000000000e+03 2.690000000000000000e+03
1.713477230000000000e+08 4.790000000000000000e+03 2.590000000000000000e+03 4.690000000000000000e+03 2.680000000000000000e+03
1.713479330000000000e+08 4.770000000000000000e+03 2.590000000000000000e+03 4.680000000000000000e+03 2.680000000000000000e+03
1.713481360000000000e+08 4.770000000000000000e+03 2.590000000000000000e+03 4.690000000000000000e+03 2.690000000000000000e+03
1.713483470000000000e+08 4.780000000000000000e+03 2.590000000000000000e+03 4.680000000000000000e+03 2.690000000000000000e+03
1.713485560000000000e+08 4.780000000000000000e+03 2.580000000000000000e+03 4.690000000000000000e+03 2.690000000000000000e+03
1.713487580000000000e+08 4.740000000000000000e+03 2.570000000000000000e+03 4.680000000000000000e+03 2.680000000000000000e+03
1.713489650000000000e+08 4.750000000000000000e+03 2.580000000000000000e+03 4.700000000000000000e+03 2.680000000000000000e+03
1.713491740000000000e+08 4.780000000000000000e+03 2.570000000000000000e+03 4.700000000000000000e+03 2.670000000000000000e+03
1.713493870000000000e+08 4.800000000000000000e+03 2.590000000000000000e+03 4.700000000000000000e+03 2.670000000000000000e+03
1.713495950000000000e+08 4.810000000000000000e+03 2.590000000000000000e+03 4.690000000000000000e+03 2.660000000000000000e+03
1.713497970000000000e+08 4.790000000000000000e+03 2.580000000000000000e+03 4.690000000000000000e+03 2.670000000000000000e+03
1.713500110000000000e+08 4.790000000000000000e+03 2.580000000000000000e+03 4.690000000000000000e+03 2.670000000000000000e+03
1.713502090000000000e+08 4.790000000000000000e+03 2.580000000000000000e+03 4.700000000000000000e+03 2.670000000000000000e+03
1.713504160000000000e+08 4.800000000000000000e+03 2.570000000000000000e+03 4.700000000000000000e+03 2.670000000000000000e+03
1.713506320000000000e+08 4.810000000000000000e+03 2.570000000000000000e+03 4.700000000000000000e+03 2.670000000000000000e+03
1.713508330000000000e+08 4.810000000000000000e+03 2.580000000000000000e+03 4.700000000000000000e+03 2.670000000000000000e+03
1.713510500000000000e+08 4.810000000000000000e+03 2.580000000000000000e+03 4.700000000000000000e+03 2.670000000000000000e+03
1.713512580000000000e+08 4.790000000000000000e+03 2.570000000000000000e+03 4.710000000000000000e+03 2.670000000000000000e+03
1.713514660000000000e+08 4.780000000000000000e+03 2.580000000000000000e+03 4.690000000000000000e+03 2.680000000000000000e+03
1.713516740000000000e+08 4.770000000000000000e+03 2.590000000000000000e+03 4.680000000000000000e+03 2.680000000000000000e+03
1.713518810000000000e+08 4.760000000000000000e+03 2.590000000000000000e+03 4.690000000000000000e+03 2.670000000000000000e+03
1.713520840000000000e+08 4.750000000000000000e+03 2.580000000000000000e+03 4.680000000000000000e+03 2.670000000000000000e+03
1.713522930000000000e+08 4.740000000000000000e+03 2.580000000000000000e+03 4.680000000000000000e+03 2.680000000000000000e+03
1.713525070000000000e+08 4.740000000000000000e+03 2.590000000000000000e+03 4.690000000000000000e+03 2.670000000000000000e+03
1.713527060000000000e+08 4.740000000000000000e+03 2.600000000000000000e+03 4.680000000000000000e+03 2.670000000000000000e+03
1.713529220000000000e+08 4.750000000000000000e+03 2.600000000000000000e+03 4.680000000000000000e+03 2.670000000000000000e+03
1.713531160000000000e+08 4.770000000000000000e+03 2.590000000000000000e+03 4.680000000000000000e+03 2.680000000000000000e+03
1.713533290000000000e+08 4.810000000000000000e+03 2.570000000000000000e+03 4.680000000000000000e+03 2.670000000000000000e+03
1.713535450000000000e+08 4.840000000000000000e+03 2.580000000000000000e+03 4.680000000000000000e+03 2.670000000000000000e+03
1.713537540000000000e+08 4.840000000000000000e+03 2.590000000000000000e+03 4.680000000000000000e+03 2.660000000000000000e+03
