1.722145740000000000e+08 3.880000000000000000e+03 1.610000000000000000e+03 6.040000000000000000e+03 4.600000000000000000e+03
1.722147810000000000e+08 3.880000000000000000e+03 1.520000000000000000e+03 6.040000000000000000e+03 4.600000000000000000e+03
1.722149740000000000e+08 3.890000000000000000e+03 1.430000000000000000e+03 6.040000000000000000e+03 4.600000000000000000e+03
1.722151800000000000e+08 3.890000000000000000e+03 1.400000000000000000e+03 6.040000000000000000e+03 4.600000000000000000e+03
1.722153900000000000e+08 3.880000000000000000e+03 1.400000000000000000e+03 6.040000000000000000e+03 4.600000000000000000e+03
1.722155980000000000e+08 3.880000000000000000e+03 1.500000000000000000e+03 6.040000000000000000e+03 4.600000000000000000e+03
1.722158060000000000e+08 3.890000000000000000e+03 1.450000000000000000e+03 6.040000000000000000e+03 4.600000000000000000e+03
1.722160130000000000e+08 3.880000000000000000e+03 1.490000000000000000e+03 6.040000000000000000e+03 4.600000000000000000e+03
1.722162210000000000e+08 3.890000000000000000e+03 1.510000000000000000e+03 6.040000000000000000e+03 4.600000000000000000e+03
1.722164290000000000e+08 3.880000000000000000e+03 1.520000000000000000e+03 6.040000000000000000e+03 4.600000000000000000e+03
1.722166350000000000e+08 3.870000000000000000e+03 1.510000000000000000e+03 6.040000000000000000e+03 4.600000000000000000e+03
1.722168430000000000e+08 3.890000000000000000e+03 1.500000000000000000e+03 6.040000000000000000e+03 4.580000000000000000e+03
1.722170530000000000e+08 3.880000000000000000e+03 1.470000000000000000e+03 6.040000000000000000e+03 4.580000000000000000e+03
1.722172560000000000e+08 3.890000000000000000e+03 1.490000000000000000e+03 6.040000000000000000e+03 4.580000000000000000e+03
1.722174690000000000e+08 3.880000000000000000e+03 1.490000000000000000e+03 6.040000000000000000e+03 4.580000000000000000e+03
1.722176770000000000e+08 3.880000000000000000e+03 1.520000000000000000e+03 6.040000000000000000e+03 4.580000000000000000e+03
1.722178820000000000e+08 3.900000000000000000e+03 1.540000000000000000e+03 6.040000000000000000e+03 4.600000000000000000e+03
1.722180870000000000e+08 3.910000000000000000e+03 1.550000000000000000e+03 6.050000000000000000e+03 4.600000000000000000e+03
1.722183000000000000e+08 3.920000000000000000e+03 1.530000000000000000e+03 6.050000000000000000e+03 4.600000000000000000e+03
1.722191090000000000e+08 3.910000000000000000e+03 1.500000000000000000e+03 6.040000000000000000e+03 4.580000000000000000e+03
1.722193110000000000e+08 3.900000000000000000e+03 1.470000000000000000e+03 6.050000000000000000e+03 4.580000000000000000e+03
1.722195280000000000e+08 3.900000000000000000e+03 1.450000000000000000e+03 6.050000000000000000e+03 4.600000000000000000e+03
1.722197360000000000e+08 3.890000000000000000e+03 1.440000000000000000e+03 6.050000000000000000e+03 4.580000000000000000e+03
1.722199480000000000e+08 3.880000000000000000e+03 1.420000000000000000e+03 6.050000000000000000e+03 4.580000000000000000e+03
1.722201440000000000e+08 3.870000000000000000e+03 1.390000000000000000e+03 6.050000000000000000e+03 4.580000000000000000e+03
1.722203550000000000e+08 3.870000000000000000e+03 1.380000000000000000e+03 6.050000000000000000e+03 4.580000000000000000e+03
1.722205690000000000e+08 3.880000000000000000e+03 1.370000000000000000e+03 6.050000000000000000e+03 4.580000000000000000e+03
1.722207810000000000e+08 3.900000000000000000e+03 1.350000000000000000e+03 6.050000000000000000e+03 4.580000000000000000e+03
1.722209880000000000e+08 3.900000000000000000e+03 1.330000000000000000e+03 6.050000000000000000e+03 4.600000000000000000e+03
1.722211950000000000e+08 3.900000000000000000e+03 1.340000000000000000e+03 6.060000000000000000e+03 4.600000000000000000e+03
1.722214010000000000e+08 3.890000000000000000e+03 1.380000000000000000e+03 6.060000000000000000e+03 4.600000000000000000e+03
1.722216060000000000e+08 3.890000000000000000e+03 1.430000000000000000e+03 6.050000000000000000e+03 4.580000000000000000e+03
1.722217960000000000e+08 3.890000000000000000e+03 1.520000000000000000e+03 6.060000000000000000e+03 4.570000000000000000e+03
1.722219980000000000e+08 3.880000000000000000e+03 1.570000000000000000e+03 6.040000000000000000e+03 4.570000000000000000e+03
1.722222180000000000e+08 3.880000000000000000e+03 1.610000000000000000e+03 6.040000000000000000e+03 4.580000000000000000e+03
1.722224260000000000e+08 3.890000000000000000e+03 1.630000000000000000e+03 6.040000000000000000e+03 4.580000000000000000e+03
1.722226230000000000e+08 3.880000000000000000e+03 1.650000000000000000e+03 6.050000000000000000e+03 4.580000000000000000e+03
1.722228400000000000e+08 3.910000000000000000e+03 1.650000000000000000e+03 6.050000000000000000e+03 4.580000000000000000e+03
1.722230540000000000e+08 3.920000000000000000e+03 1.640000000000000000e+03 6.050000000000000000e+03 4.580000000000000000e+03
1.722232600000000000e+08 3.920000000000000000e+03 1.610000000000000000e+03 6.050000000000000000e+03 4.600000000000000000e+03
1.722234680000000000e+08 3.920000000000000000e+03 1.610000000000000000e+03 6.040000000000000000e+03 4.600000000000000000e+03
1.722236760000000000e+08 3.900000000000000000e+03 1.550000000000000000e+03 6.040000000000000000e+03 4.600000000000000000e+03
1.722238840000000000e+08 3.890000000000000000e+03 1.520000000000000000e+03 6.040000000000000000e+03 4.600000000000000000e+03
1.722240920000000000e+08 3.900000000000000000e+03 1.520000000000000000e+03 6.050000000000000000e+03 4.600000000000000000e+03
1.722244080000000000e+08 3.900000000000000000e+03 1.520000000000000000e+03 6.050000000000000000e+03 4.600000000000000000e+03
1.722245080000000000e+08 3.900000000000000000e+03 1.520000000000000000e+03 6.050000000000000000e+03 4.600000000000000000e+03
1.722247120000000000e+08 3.890000000000000000e+03 1.500000000000000000e+03 6.050000000000000000e+03 4.600000000000000000e+03
1.722249100000000000e+08 3.900000000000000000e+03 1.500000000000000000e+03 6.050000000000000000e+03 4.600000000000000000e+03
1.722251230000000000e+08 3.890000000000000000e+03 1.520000000000000000e+03 6.040000000000000000e+03 4.600000000000000000e+03
1.722253220000000000e+08 3.890000000000000000e+03 1.520000000000000000e+03 6.040000000000000000e+03 4.580000000000000000e+03
1.722255290000000000e+08 3.880000000000000000e+03 1.520000000000000000e+03 6.030000000000000000e+03 4.580000000000000000e+03
1.722257400000000000e+08 3.900000000000000000e+03 1.500000000000000000e+03 6.040000000000000000e+03 4.580000000000000000e+03
1.722259470000000000e+08 3.900000000000000000e+03 1.490000000000000000e+03 6.050000000000000000e+03 4.580000000000000000e+03
1.722261560000000000e+08 3.910000000000000000e+03 1.450000000000000000e+03 6.050000000000000000e+03 4.580000000000000000e+03
1.722263640000000000e+08 3.900000000000000000e+03 1.440000000000000000e+03 6.040000000000000000e+03 4.580000000000000000e+03
1.722265720000000000e+08 3.890000000000000000e+03 1.430000000000000000e+03 6.040000000000000000e+03 4.580000000000000000e+03
1.722267720000000000e+08 3.890000000000000000e+03 1.430000000000000000e+03 6.050000000000000000e+03 4.580000000000000000e+03
1.722269880000000000e+08 3.890000000000000000e+03 1.430000000000000000e+03 6.050000000000000000e+03 4.580000000000000000e+03
1.722271960000000000e+08 3.890000000000000000e+03 1.420000000000000000e+03 6.050000000000000000e+03 4.580000000000000000e+03
1.722274010000000000e+08 3.900000000000000000e+03 1.400000000000000000e+03 6.050000000000000000e+03 4.600000000000000000e+03
1.722276110000000000e+08 3.900000000000000000e+03 1.390000000000000000e+03 6.050000000000000000e+03 4.600000000000000000e+03
1.722278190000000000e+08 3.910000000000000000e+03 1.390000000000000000e+03 6.040000000000000000e+03 4.580000000000000000e+03
1.722280280000000000e+08 3.890000000000000000e+03 1.370000000000000000e+03 6.040000000000000000e+03 4.580000000000000000e+03
1.722282360000000000e+08 3.880000000000000000e+03 1.390000000000000000e+03 6.050000000000000000e+03 4.570000000000000000e+03
1.722284550000000000e+08 3.880000000000000000e+03 1.410000000000000000e+03 6.050000000000000000e+03 4.570000000000000000e+03
1.722286340000000000e+08 3.880000000000000000e+03 1.410000000000000000e+03 6.050000000000000000e+03 4.570000000000000000e+03
1.722288430000000000e+08 3.890000000000000000e+03 1.410000000000000000e+03 6.050000000000000000e+03 4.570000000000000000e+03
1.722290510000000000e+08 3.890000000000000000e+03 1.390000000000000000e+03 6.050000000000000000e+03 4.570000000000000000e+03
1.722292610000000000e+08 3.890000000000000000e+03 1.390000000000000000e+03 6.050000000000000000e+03 4.570000000000000000e+03
1.722294590000000000e+08 3.880000000000000000e+03 1.420000000000000000e+03 6.040000000000000000e+03 4.570000000000000000e+03
1.722296700000000000e+08 3.880000000000000000e+03 1.440000000000000000e+03 6.040000000000000000e+03 4.570000000000000000e+03
1.722298760000000000e+08 3.890000000000000000e+03 1.510000000000000000e+03 6.040000000000000000e+03 4.570000000000000000e+03
1.722301030000000000e+08 3.900000000000000000e+03 1.450000000000000000e+03 6.040000000000000000e+03 4.580000000000000000e+03
1.722302990000000000e+08 3.910000000000000000e+03 1.460000000000000000e+03 6.050000000000000000e+03 4.580000000000000000e+03
1.722305070000000000e+08 3.910000000000000000e+03 1.450000000000000000e+03 6.060000000000000000e+03 4.580000000000000000e+03
1.722307150000000000e+08 3.910000000000000000e+03 1.470000000000000000e+03 6.050000000000000000e+03 4.580000000000000000e+03
1.722309230000000000e+08 3.900000000000000000e+03 1.520000000000000000e+03 6.050000000000000000e+03 4.600000000000000000e+03
1.722311260000000000e+08 3.890000000000000000e+03 1.520000000000000000e+03 6.050000000000000000e+03 4.600000000000000000e+03
1.722313290000000000e+08 3.880000000000000000e+03 1.500000000000000000e+03 6.050000000000000000e+03 4.600000000000000000e+03
1.722315460000000000e+08 3.890000000000000000e+03 1.440000000000000000e+03 6.050000000000000000e+03 4.600000000000000000e+03
1.722317520000000000e+08 3.880000000000000000e+03 1.640000000000000000e+03 6.040000000000000000e+03 4.600000000000000000e+03
1.722319470000000000e+08 3.880000000000000000e+03 1.780000000000000000e+03 6.040000000000000000e+03 4.600000000000000000e+03
1.722321770000000000e+08 3.870000000000000000e+03 1.880000000000000000e+03 6.040000000000000000e+03 4.600000000000000000e+03
1.722323620000000000e+08 3.870000000000000000e+03 1.900000000000000000e+03 6.040000000000000000e+03 4.600000000000000000e+03
1.722325710000000000e+08 3.880000000000000000e+03 1.870000000000000000e+03 6.040000000000000000e+03 4.600000000000000000e+03
1.722327670000000000e+08 3.880000000000000000e+03 1.850000000000000000e+03 6.040000000000000000e+03 4.600000000000000000e+03
1.722329740000000000e+08 3.900000000000000000e+03 1.830000000000000000e+03 6.040000000000000000e+03 4.610000000000000000e+03
1.722331800000000000e+08 3.900000000000000000e+03 1.830000000000000000e+03 6.040000000000000000e+03 4.610000000000000000e+03
1.722334020000000000e+08 3.900000000000000000e+03 1.780000000000000000e+03 6.040000000000000000e+03 4.610000000000000000e+03
1.722336100000000000e+08 3.890000000000000000e+03 1.750000000000000000e+03 6.050000000000000000e+03 4.610000000000000000e+03
1.722338180000000000e+08 3.890000000000000000e+03 1.740000000000000000e+03 6.050000000000000000e+03 4.600000000000000000e+03
1.722340260000000000e+08 3.900000000000000000e+03 1.700000000000000000e+03 6.050000000000000000e+03 4.600000000000000000e+03
1.722344340000000000e+08 3.910000000000000000e+03 1.730000000000000000e+03 6.040000000000000000e+03 4.600000000000000000e+03
1.722344720000000000e+08 3.910000000000000000e+03 1.750000000000000000e+03 6.030000000000000000e+03 4.600000000000000000e+03
1.722346500000000000e+08 3.900000000000000000e+03 1.750000000000000000e+03 6.040000000000000000e+03 4.580000000000000000e+03
1.722348570000000000e+08 3.910000000000000000e+03 1.720000000000000000e+03 6.040000000000000000e+03 4.580000000000000000e+03
1.722350660000000000e+08 3.910000000000000000e+03 1.710000000000000000e+03 6.040000000000000000e+03 4.580000000000000000e+03
1.722352760000000000e+08 3.920000000000000000e+03 1.690000000000000000e+03 6.040000000000000000e+03 4.580000000000000000e+03
1.722354550000000000e+08 3.910000000000000000e+03 1.700000000000000000e+03 6.040000000000000000e+03 4.580000000000000000e+03
1.722356690000000000e+08 3.910000000000000000e+03 1.700000000000000000e+03 6.040000000000000000e+03 4.580000000000000000e+03
1.722358690000000000e+08 3.910000000000000000e+03 1.700000000000000000e+03 6.050000000000000000e+03 4.600000000000000000e+03
1.722360900000000000e+08 3.900000000000000000e+03 1.700000000000000000e+03 6.050000000000000000e+03 4.600000000000000000e+03
1.722362900000000000e+08 3.900000000000000000e+03 1.690000000000000000e+03 6.050000000000000000e+03 4.580000000000000000e+03
1.722365060000000000e+08 3.900000000000000000e+03 1.670000000000000000e+03 6.040000000000000000e+03 4.580000000000000000e+03
1.722367110000000000e+08 3.900000000000000000e+03 1.650000000000000000e+03 6.040000000000000000e+03 4.580000000000000000e+03
1.722369190000000000e+08 3.890000000000000000e+03 1.630000000000000000e+03 6.030000000000000000e+03 4.580000000000000000e+03
1.722371300000000000e+08 3.890000000000000000e+03 1.600000000000000000e+03 6.040000000000000000e+03 4.580000000000000000e+03
1.722373370000000000e+08 3.890000000000000000e+03 1.610000000000000000e+03 6.040000000000000000e+03 4.600000000000000000e+03
1.722375450000000000e+08 3.890000000000000000e+03 1.640000000000000000e+03 6.040000000000000000e+03 4.600000000000000000e+03
1.722377430000000000e+08 3.900000000000000000e+03 1.680000000000000000e+03 6.040000000000000000e+03 4.600000000000000000e+03
1.722379570000000000e+08 3.900000000000000000e+03 1.700000000000000000e+03 6.040000000000000000e+03 4.580000000000000000e+03
1.722381620000000000e+08 3.890000000000000000e+03 1.730000000000000000e+03 6.040000000000000000e+03 4.600000000000000000e+03
1.722383750000000000e+08 3.890000000000000000e+03 1.760000000000000000e+03 6.040000000000000000e+03 4.600000000000000000e+03
1.722385780000000000e+08 3.890000000000000000e+03 1.780000000000000000e+03 6.040000000000000000e+03 4.580000000000000000e+03
1.722387640000000000e+08 3.890000000000000000e+03 1.780000000000000000e+03 6.040000000000000000e+03 4.600000000000000000e+03
1.722389740000000000e+08 3.900000000000000000e+03 1.780000000000000000e+03 6.040000000000000000e+03 4.600000000000000000e+03
1.722508390000000000e+08 3.870000000000000000e+03 1.120000000000000000e+03 6.540000000000000000e+03 4.600000000000000000e+03
1.722510470000000000e+08 3.890000000000000000e+03 1.120000000000000000e+03 6.440000000000000000e+03 4.600000000000000000e+03
1.722512550000000000e+08 3.890000000000000000e+03 1.120000000000000000e+03 6.350000000000000000e+03 4.610000000000000000e+03
1.722514610000000000e+08 3.880000000000000000e+03 1.130000000000000000e+03 6.290000000000000000e+03 4.610000000000000000e+03
1.722516710000000000e+08 3.890000000000000000e+03 1.130000000000000000e+03 6.260000000000000000e+03 4.610000000000000000e+03
1.722518720000000000e+08 3.880000000000000000e+03 1.130000000000000000e+03 6.250000000000000000e+03 4.610000000000000000e+03
1.722520770000000000e+08 3.870000000000000000e+03 1.130000000000000000e+03 6.280000000000000000e+03 4.610000000000000000e+03
1.722522930000000000e+08 3.870000000000000000e+03 1.130000000000000000e+03 6.340000000000000000e+03 4.600000000000000000e+03
1.722525010000000000e+08 3.870000000000000000e+03 1.110000000000000000e+03 6.410000000000000000e+03 4.600000000000000000e+03
1.722527050000000000e+08 3.890000000000000000e+03 1.110000000000000000e+03 6.490000000000000000e+03 4.600000000000000000e+03
1.722529200000000000e+08 3.880000000000000000e+03 1.110000000000000000e+03 6.530000000000000000e+03 4.600000000000000000e+03
1.722531260000000000e+08 3.870000000000000000e+03 1.100000000000000000e+03 6.550000000000000000e+03 4.600000000000000000e+03
1.722533350000000000e+08 3.880000000000000000e+03 1.120000000000000000e+03 6.580000000000000000e+03 4.600000000000000000e+03
1.722535380000000000e+08 3.870000000000000000e+03 1.110000000000000000e+03 6.610000000000000000e+03 4.600000000000000000e+03
1.722537490000000000e+08 3.870000000000000000e+03 1.110000000000000000e+03 6.610000000000000000e+03 4.600000000000000000e+03
1.722539580000000000e+08 3.860000000000000000e+03 1.120000000000000000e+03 6.780000000000000000e+03 4.600000000000000000e+03
1.722541580000000000e+08 3.880000000000000000e+03 1.120000000000000000e+03 6.880000000000000000e+03 4.600000000000000000e+03
1.722547900000000000e+08 3.880000000000000000e+03 1.130000000000000000e+03 6.930000000000000000e+03 4.610000000000000000e+03
1.722549900000000000e+08 3.880000000000000000e+03 1.130000000000000000e+03 6.710000000000000000e+03 4.610000000000000000e+03
1.722551990000000000e+08 3.870000000000000000e+03 1.120000000000000000e+03 6.610000000000000000e+03 4.610000000000000000e+03
1.722554080000000000e+08 3.870000000000000000e+03 1.120000000000000000e+03 6.600000000000000000e+03 4.610000000000000000e+03
1.722556170000000000e+08 3.870000000000000000e+03 1.120000000000000000e+03 6.600000000000000000e+03 4.600000000000000000e+03
1.722558220000000000e+08 3.890000000000000000e+03 1.120000000000000000e+03 6.790000000000000000e+03 4.610000000000000000e+03
1.722560380000000000e+08 3.890000000000000000e+03 1.130000000000000000e+03 6.860000000000000000e+03 4.610000000000000000e+03
1.722568680000000000e+08 3.900000000000000000e+03 1.120000000000000000e+03 6.800000000000000000e+03 4.600000000000000000e+03
1.722570780000000000e+08 3.890000000000000000e+03 1.120000000000000000e+03 6.700000000000000000e+03 4.600000000000000000e+03
1.722572820000000000e+08 3.890000000000000000e+03 1.120000000000000000e+03 6.660000000000000000e+03 4.600000000000000000e+03
1.722574830000000000e+08 3.890000000000000000e+03 1.110000000000000000e+03 6.620000000000000000e+03 4.600000000000000000e+03
1.722576910000000000e+08 3.890000000000000000e+03 1.120000000000000000e+03 6.580000000000000000e+03 4.600000000000000000e+03
1.722578960000000000e+08 3.890000000000000000e+03 1.110000000000000000e+03 6.520000000000000000e+03 4.600000000000000000e+03
1.722581180000000000e+08 3.880000000000000000e+03 1.120000000000000000e+03 6.480000000000000000e+03 4.600000000000000000e+03
1.722583260000000000e+08 3.880000000000000000e+03 1.140000000000000000e+03 6.540000000000000000e+03 4.600000000000000000e+03
1.722585340000000000e+08 3.900000000000000000e+03 1.150000000000000000e+03 6.570000000000000000e+03 4.600000000000000000e+03
1.722587280000000000e+08 3.900000000000000000e+03 1.150000000000000000e+03 6.560000000000000000e+03 4.580000000000000000e+03
1.722589500000000000e+08 3.900000000000000000e+03 1.150000000000000000e+03 6.580000000000000000e+03 4.580000000000000000e+03
1.722591430000000000e+08 3.890000000000000000e+03 1.150000000000000000e+03 6.510000000000000000e+03 4.600000000000000000e+03
1.722593660000000000e+08 3.890000000000000000e+03 1.140000000000000000e+03 6.420000000000000000e+03 4.580000000000000000e+03
1.722597580000000000e+08 3.900000000000000000e+03 1.130000000000000000e+03 6.500000000000000000e+03 4.580000000000000000e+03
1.722599710000000000e+08 3.890000000000000000e+03 1.130000000000000000e+03 6.400000000000000000e+03 4.570000000000000000e+03
1.723001790000000000e+08 3.890000000000000000e+03 1.130000000000000000e+03 6.330000000000000000e+03 4.580000000000000000e+03
1.723003890000000000e+08 3.880000000000000000e+03 1.130000000000000000e+03 6.290000000000000000e+03 4.600000000000000000e+03
1.723005980000000000e+08 3.880000000000000000e+03 1.130000000000000000e+03 6.260000000000000000e+03 4.600000000000000000e+03
1.723007920000000000e+08 3.890000000000000000e+03 1.130000000000000000e+03 6.260000000000000000e+03 4.600000000000000000e+03
1.723010050000000000e+08 3.900000000000000000e+03 1.130000000000000000e+03 6.260000000000000000e+03 4.600000000000000000e+03
1.723012090000000000e+08 3.890000000000000000e+03 1.130000000000000000e+03 6.260000000000000000e+03 4.580000000000000000e+03
1.723014150000000000e+08 3.880000000000000000e+03 1.130000000000000000e+03 6.250000000000000000e+03 4.580000000000000000e+03
1.723016370000000000e+08 3.890000000000000000e+03 1.130000000000000000e+03 6.220000000000000000e+03 4.580000000000000000e+03
1.723018420000000000e+08 3.880000000000000000e+03 1.120000000000000000e+03 6.520000000000000000e+03 4.580000000000000000e+03
1.723020530000000000e+08 3.900000000000000000e+03 1.120000000000000000e+03 6.720000000000000000e+03 4.580000000000000000e+03
1.723022610000000000e+08 3.890000000000000000e+03 1.110000000000000000e+03 6.790000000000000000e+03 4.580000000000000000e+03
1.723024670000000000e+08 3.880000000000000000e+03 1.110000000000000000e+03 6.840000000000000000e+03 4.580000000000000000e+03
1.723026740000000000e+08 3.870000000000000000e+03 1.110000000000000000e+03 6.660000000000000000e+03 4.580000000000000000e+03
1.723028850000000000e+08 3.860000000000000000e+03 1.110000000000000000e+03 6.570000000000000000e+03 4.600000000000000000e+03
1.723030930000000000e+08 3.860000000000000000e+03 1.110000000000000000e+03 6.480000000000000000e+03 4.600000000000000000e+03
1.723033000000000000e+08 3.860000000000000000e+03 1.110000000000000000e+03 6.670000000000000000e+03 4.600000000000000000e+03
1.723035040000000000e+08 3.870000000000000000e+03 1.110000000000000000e+03 6.660000000000000000e+03 4.580000000000000000e+03
1.723037160000000000e+08 3.880000000000000000e+03 1.110000000000000000e+03 6.580000000000000000e+03 4.580000000000000000e+03
1.723039250000000000e+08 3.880000000000000000e+03 1.110000000000000000e+03 6.480000000000000000e+03 4.580000000000000000e+03
1.723041200000000000e+08 3.870000000000000000e+03 1.130000000000000000e+03 6.370000000000000000e+03 4.580000000000000000e+03
1.723044870000000000e+08 3.870000000000000000e+03 1.130000000000000000e+03 6.310000000000000000e+03 4.580000000000000000e+03
1.723045490000000000e+08 3.890000000000000000e+03 1.110000000000000000e+03 6.250000000000000000e+03 4.580000000000000000e+03
1.723047570000000000e+08 3.890000000000000000e+03 1.120000000000000000e+03 6.220000000000000000e+03 4.580000000000000000e+03
1.723049650000000000e+08 3.880000000000000000e+03 1.110000000000000000e+03 6.200000000000000000e+03 4.570000000000000000e+03
1.723051710000000000e+08 3.880000000000000000e+03 1.110000000000000000e+03 6.210000000000000000e+03 4.570000000000000000e+03
1.723053710000000000e+08 3.880000000000000000e+03 1.120000000000000000e+03 6.230000000000000000e+03 4.570000000000000000e+03
1.723055880000000000e+08 3.880000000000000000e+03 1.120000000000000000e+03 6.220000000000000000e+03 4.560000000000000000e+03
1.723058040000000000e+08 3.870000000000000000e+03 1.120000000000000000e+03 6.210000000000000000e+03 4.570000000000000000e+03
1.723060050000000000e+08 3.870000000000000000e+03 1.100000000000000000e+03 6.180000000000000000e+03 4.560000000000000000e+03
1.723062120000000000e+08 3.870000000000000000e+03 1.110000000000000000e+03 6.170000000000000000e+03 4.570000000000000000e+03
1.723064200000000000e+08 3.880000000000000000e+03 1.110000000000000000e+03 6.140000000000000000e+03 4.570000000000000000e+03
1.723066280000000000e+08 3.880000000000000000e+03 1.110000000000000000e+03 6.140000000000000000e+03 4.580000000000000000e+03
1.723068290000000000e+08 3.890000000000000000e+03 1.120000000000000000e+03 6.140000000000000000e+03 4.600000000000000000e+03
1.723070440000000000e+08 3.890000000000000000e+03 1.120000000000000000e+03 6.160000000000000000e+03 4.600000000000000000e+03
1.723072520000000000e+08 3.900000000000000000e+03 1.130000000000000000e+03 6.170000000000000000e+03 4.600000000000000000e+03
1.723074570000000000e+08 3.890000000000000000e+03 1.120000000000000000e+03 6.180000000000000000e+03 4.580000000000000000e+03
1.723076680000000000e+08 3.880000000000000000e+03 1.120000000000000000e+03 6.180000000000000000e+03 4.580000000000000000e+03
1.723078750000000000e+08 3.880000000000000000e+03 1.120000000000000000e+03 6.180000000000000000e+03 4.580000000000000000e+03
1.723080840000000000e+08 3.870000000000000000e+03 1.110000000000000000e+03 6.170000000000000000e+03 4.600000000000000000e+03
1.723082910000000000e+08 3.880000000000000000e+03 1.120000000000000000e+03 6.140000000000000000e+03 4.600000000000000000e+03
1.723085000000000000e+08 3.890000000000000000e+03 1.100000000000000000e+03 6.120000000000000000e+03 4.610000000000000000e+03
1.723087570000000000e+08 3.890000000000000000e+03 1.110000000000000000e+03 6.110000000000000000e+03 4.600000000000000000e+03
1.723089150000000000e+08 3.900000000000000000e+03 1.110000000000000000e+03 6.100000000000000000e+03 4.600000000000000000e+03
1.723091240000000000e+08 3.900000000000000000e+03 1.110000000000000000e+03 6.100000000000000000e+03 4.580000000000000000e+03
1.723093330000000000e+08 3.900000000000000000e+03 1.110000000000000000e+03 6.120000000000000000e+03 4.580000000000000000e+03
1.723095310000000000e+08 3.890000000000000000e+03 1.120000000000000000e+03 6.140000000000000000e+03 4.580000000000000000e+03
1.723097330000000000e+08 3.880000000000000000e+03 1.110000000000000000e+03 6.160000000000000000e+03 4.580000000000000000e+03
1.723099540000000000e+08 3.890000000000000000e+03 1.110000000000000000e+03 6.160000000000000000e+03 4.600000000000000000e+03
1.723101520000000000e+08 3.900000000000000000e+03 1.110000000000000000e+03 6.160000000000000000e+03 4.580000000000000000e+03
1.723103670000000000e+08 3.900000000000000000e+03 1.100000000000000000e+03 6.140000000000000000e+03 4.580000000000000000e+03
1.723105800000000000e+08 3.890000000000000000e+03 1.100000000000000000e+03 6.130000000000000000e+03 4.580000000000000000e+03
1.723107850000000000e+08 3.880000000000000000e+03 1.110000000000000000e+03 6.130000000000000000e+03 4.580000000000000000e+03
1.723109890000000000e+08 3.880000000000000000e+03 1.110000000000000000e+03 6.130000000000000000e+03 4.580000000000000000e+03
1.723112040000000000e+08 3.890000000000000000e+03 1.110000000000000000e+03 6.130000000000000000e+03 4.580000000000000000e+03
1.723114020000000000e+08 3.880000000000000000e+03 1.120000000000000000e+03 6.120000000000000000e+03 4.580000000000000000e+03
1.723116200000000000e+08 3.890000000000000000e+03 1.120000000000000000e+03 6.210000000000000000e+03 4.580000000000000000e+03
1.723118260000000000e+08 3.890000000000000000e+03 1.110000000000000000e+03 6.170000000000000000e+03 4.580000000000000000e+03
1.723120320000000000e+08 3.880000000000000000e+03 1.100000000000000000e+03 6.140000000000000000e+03 4.580000000000000000e+03
1.723122370000000000e+08 3.870000000000000000e+03 1.100000000000000000e+03 6.140000000000000000e+03 4.600000000000000000e+03
1.723124510000000000e+08 3.870000000000000000e+03 1.110000000000000000e+03 6.140000000000000000e+03 4.600000000000000000e+03
1.723126530000000000e+08 3.880000000000000000e+03 1.130000000000000000e+03 6.140000000000000000e+03 4.600000000000000000e+03
1.723128630000000000e+08 3.890000000000000000e+03 1.130000000000000000e+03 6.170000000000000000e+03 4.600000000000000000e+03
1.723130670000000000e+08 3.870000000000000000e+03 1.140000000000000000e+03 6.190000000000000000e+03 4.600000000000000000e+03
1.723132770000000000e+08 3.870000000000000000e+03 1.140000000000000000e+03 6.210000000000000000e+03 4.600000000000000000e+03
1.723134810000000000e+08 3.870000000000000000e+03 1.140000000000000000e+03 6.220000000000000000e+03 4.600000000000000000e+03
1.723136840000000000e+08 3.880000000000000000e+03 1.130000000000000000e+03 6.230000000000000000e+03 4.600000000000000000e+03
1.723139030000000000e+08 3.880000000000000000e+03 1.130000000000000000e+03 6.230000000000000000e+03 4.600000000000000000e+03
1.723141140000000000e+08 3.880000000000000000e+03 1.120000000000000000e+03 6.200000000000000000e+03 4.580000000000000000e+03
1.723144280000000000e+08 3.890000000000000000e+03 1.110000000000000000e+03 6.170000000000000000e+03 4.580000000000000000e+03
1.723145300000000000e+08 3.900000000000000000e+03 1.110000000000000000e+03 6.140000000000000000e+03 4.580000000000000000e+03
1.723147380000000000e+08 3.910000000000000000e+03 1.110000000000000000e+03 6.130000000000000000e+03 4.580000000000000000e+03
1.723149340000000000e+08 3.900000000000000000e+03 1.110000000000000000e+03 6.120000000000000000e+03 4.580000000000000000e+03
1.723151490000000000e+08 3.900000000000000000e+03 1.110000000000000000e+03 6.130000000000000000e+03 4.580000000000000000e+03
1.723153590000000000e+08 3.890000000000000000e+03 1.120000000000000000e+03 6.130000000000000000e+03 4.580000000000000000e+03
1.723155720000000000e+08 3.890000000000000000e+03 1.110000000000000000e+03 6.130000000000000000e+03 4.580000000000000000e+03
1.723157790000000000e+08 3.900000000000000000e+03 1.110000000000000000e+03 6.140000000000000000e+03 4.580000000000000000e+03
1.723159850000000000e+08 3.900000000000000000e+03 1.120000000000000000e+03 6.140000000000000000e+03 4.580000000000000000e+03
1.723161920000000000e+08 3.890000000000000000e+03 1.120000000000000000e+03 6.140000000000000000e+03 4.580000000000000000e+03
1.723163890000000000e+08 3.880000000000000000e+03 1.120000000000000000e+03 6.120000000000000000e+03 4.580000000000000000e+03
1.723165990000000000e+08 3.870000000000000000e+03 1.110000000000000000e+03 6.120000000000000000e+03 4.580000000000000000e+03
1.723168100000000000e+08 3.870000000000000000e+03 1.110000000000000000e+03 6.130000000000000000e+03 4.580000000000000000e+03
