1.727259560000000000e+08 4.500000000000000000e+03 1.380000000000000000e+03 6.000000000000000000e+03 3.980000000000000000e+03
1.727261650000000000e+08 4.510000000000000000e+03 1.400000000000000000e+03 6.000000000000000000e+03 3.980000000000000000e+03
1.727263730000000000e+08 4.520000000000000000e+03 1.450000000000000000e+03 6.000000000000000000e+03 3.980000000000000000e+03
1.727265800000000000e+08 4.500000000000000000e+03 1.580000000000000000e+03 6.000000000000000000e+03 3.990000000000000000e+03
1.727267880000000000e+08 4.500000000000000000e+03 1.650000000000000000e+03 6.000000000000000000e+03 3.990000000000000000e+03
1.727269910000000000e+08 4.500000000000000000e+03 1.580000000000000000e+03 5.990000000000000000e+03 3.980000000000000000e+03
1.727271760000000000e+08 4.500000000000000000e+03 1.540000000000000000e+03 5.990000000000000000e+03 3.980000000000000000e+03
1.727273960000000000e+08 4.500000000000000000e+03 1.470000000000000000e+03 5.990000000000000000e+03 3.980000000000000000e+03
1.727276030000000000e+08 4.510000000000000000e+03 1.430000000000000000e+03 5.990000000000000000e+03 3.980000000000000000e+03
1.727278010000000000e+08 4.500000000000000000e+03 1.400000000000000000e+03 5.990000000000000000e+03 3.980000000000000000e+03
1.727280170000000000e+08 4.490000000000000000e+03 1.390000000000000000e+03 5.990000000000000000e+03 3.980000000000000000e+03
1.727282280000000000e+08 4.490000000000000000e+03 1.410000000000000000e+03 6.000000000000000000e+03 3.980000000000000000e+03
1.727284360000000000e+08 4.480000000000000000e+03 1.430000000000000000e+03 5.990000000000000000e+03 3.980000000000000000e+03
1.727286430000000000e+08 4.490000000000000000e+03 1.420000000000000000e+03 5.990000000000000000e+03 3.990000000000000000e+03
1.727288510000000000e+08 4.500000000000000000e+03 1.390000000000000000e+03 5.990000000000000000e+03 3.990000000000000000e+03
1.727290470000000000e+08 4.500000000000000000e+03 1.420000000000000000e+03 5.990000000000000000e+03 3.980000000000000000e+03
1.727292680000000000e+08 4.510000000000000000e+03 1.420000000000000000e+03 5.990000000000000000e+03 3.960000000000000000e+03
1.727294750000000000e+08 4.500000000000000000e+03 1.420000000000000000e+03 5.990000000000000000e+03 3.960000000000000000e+03
1.727296830000000000e+08 4.500000000000000000e+03 1.430000000000000000e+03 5.990000000000000000e+03 3.980000000000000000e+03
1.727298900000000000e+08 4.500000000000000000e+03 1.440000000000000000e+03 5.990000000000000000e+03 3.960000000000000000e+03
1.727301000000000000e+08 4.500000000000000000e+03 1.440000000000000000e+03 5.980000000000000000e+03 3.960000000000000000e+03
1.727303000000000000e+08 4.510000000000000000e+03 1.420000000000000000e+03 5.980000000000000000e+03 3.980000000000000000e+03
1.727305000000000000e+08 4.510000000000000000e+03 1.410000000000000000e+03 5.980000000000000000e+03 3.980000000000000000e+03
1.727307020000000000e+08 4.500000000000000000e+03 1.410000000000000000e+03 5.980000000000000000e+03 3.990000000000000000e+03
1.727309150000000000e+08 4.490000000000000000e+03 1.420000000000000000e+03 5.980000000000000000e+03 3.990000000000000000e+03
1.727311230000000000e+08 4.490000000000000000e+03 1.420000000000000000e+03 5.980000000000000000e+03 3.980000000000000000e+03
1.727313280000000000e+08 4.500000000000000000e+03 1.420000000000000000e+03 5.990000000000000000e+03 3.980000000000000000e+03
1.727315400000000000e+08 4.500000000000000000e+03 1.420000000000000000e+03 6.000000000000000000e+03 3.980000000000000000e+03
1.727317480000000000e+08 4.500000000000000000e+03 1.430000000000000000e+03 6.000000000000000000e+03 3.980000000000000000e+03
1.727319540000000000e+08 4.500000000000000000e+03 1.440000000000000000e+03 6.000000000000000000e+03 3.980000000000000000e+03
1.727321580000000000e+08 4.490000000000000000e+03 1.440000000000000000e+03 6.000000000000000000e+03 3.980000000000000000e+03
1.727323670000000000e+08 4.490000000000000000e+03 1.460000000000000000e+03 5.980000000000000000e+03 3.980000000000000000e+03
1.727325790000000000e+08 4.500000000000000000e+03 1.460000000000000000e+03 5.980000000000000000e+03 3.990000000000000000e+03
1.727327870000000000e+08 4.490000000000000000e+03 1.460000000000000000e+03 5.980000000000000000e+03 3.990000000000000000e+03
1.727329890000000000e+08 4.480000000000000000e+03 1.450000000000000000e+03 5.980000000000000000e+03 4.000000000000000000e+03
1.727331910000000000e+08 4.480000000000000000e+03 1.460000000000000000e+03 5.980000000000000000e+03 4.000000000000000000e+03
1.727334100000000000e+08 4.480000000000000000e+03 1.460000000000000000e+03 5.980000000000000000e+03 4.000000000000000000e+03
1.727336170000000000e+08 4.490000000000000000e+03 1.470000000000000000e+03 5.990000000000000000e+03 3.990000000000000000e+03
1.727338090000000000e+08 4.490000000000000000e+03 1.460000000000000000e+03 5.990000000000000000e+03 3.990000000000000000e+03
1.727340190000000000e+08 4.500000000000000000e+03 1.450000000000000000e+03 6.000000000000000000e+03 3.990000000000000000e+03
1.727342210000000000e+08 4.490000000000000000e+03 1.430000000000000000e+03 6.000000000000000000e+03 3.990000000000000000e+03
1.727344880000000000e+08 4.490000000000000000e+03 1.440000000000000000e+03 6.000000000000000000e+03 3.990000000000000000e+03
1.727346320000000000e+08 4.490000000000000000e+03 1.440000000000000000e+03 6.000000000000000000e+03 3.990000000000000000e+03
1.727348450000000000e+08 4.490000000000000000e+03 1.450000000000000000e+03 5.980000000000000000e+03 3.990000000000000000e+03
1.727350590000000000e+08 4.470000000000000000e+03 1.450000000000000000e+03 5.980000000000000000e+03 3.980000000000000000e+03
1.727352650000000000e+08 4.480000000000000000e+03 1.460000000000000000e+03 5.990000000000000000e+03 3.980000000000000000e+03
1.727354750000000000e+08 4.480000000000000000e+03 1.470000000000000000e+03 6.000000000000000000e+03 3.980000000000000000e+03
1.727356800000000000e+08 4.470000000000000000e+03 1.470000000000000000e+03 5.990000000000000000e+03 3.980000000000000000e+03
1.727358910000000000e+08 4.470000000000000000e+03 1.470000000000000000e+03 5.990000000000000000e+03 3.990000000000000000e+03
1.727360990000000000e+08 4.470000000000000000e+03 1.450000000000000000e+03 6.000000000000000000e+03 3.990000000000000000e+03
1.727363070000000000e+08 4.470000000000000000e+03 1.450000000000000000e+03 6.000000000000000000e+03 3.990000000000000000e+03
1.727365100000000000e+08 4.480000000000000000e+03 1.450000000000000000e+03 6.000000000000000000e+03 3.980000000000000000e+03
1.727367150000000000e+08 4.480000000000000000e+03 1.460000000000000000e+03 6.000000000000000000e+03 3.960000000000000000e+03
1.727369310000000000e+08 4.500000000000000000e+03 1.450000000000000000e+03 6.000000000000000000e+03 3.960000000000000000e+03
1.727371260000000000e+08 4.500000000000000000e+03 1.450000000000000000e+03 6.000000000000000000e+03 3.960000000000000000e+03
1.727373300000000000e+08 4.500000000000000000e+03 1.470000000000000000e+03 6.000000000000000000e+03 3.960000000000000000e+03
1.727375340000000000e+08 4.500000000000000000e+03 1.500000000000000000e+03 6.000000000000000000e+03 3.980000000000000000e+03
1.727377450000000000e+08 4.500000000000000000e+03 1.500000000000000000e+03 6.000000000000000000e+03 3.980000000000000000e+03
1.727379500000000000e+08 4.500000000000000000e+03 1.490000000000000000e+03 6.000000000000000000e+03 3.980000000000000000e+03
1.727381520000000000e+08 4.500000000000000000e+03 1.470000000000000000e+03 6.000000000000000000e+03 3.980000000000000000e+03
1.727383700000000000e+08 4.500000000000000000e+03 1.450000000000000000e+03 6.000000000000000000e+03 3.960000000000000000e+03
1.727385710000000000e+08 4.500000000000000000e+03 1.490000000000000000e+03 6.000000000000000000e+03 3.980000000000000000e+03
1.727387860000000000e+08 4.500000000000000000e+03 1.500000000000000000e+03 5.990000000000000000e+03 3.980000000000000000e+03
1.727389900000000000e+08 4.500000000000000000e+03 1.490000000000000000e+03 5.980000000000000000e+03 3.980000000000000000e+03
1.727391970000000000e+08 4.510000000000000000e+03 1.410000000000000000e+03 6.000000000000000000e+03 3.980000000000000000e+03
1.727394020000000000e+08 4.500000000000000000e+03 1.410000000000000000e+03 5.990000000000000000e+03 3.980000000000000000e+03
1.727396170000000000e+08 4.490000000000000000e+03 1.440000000000000000e+03 5.990000000000000000e+03 3.990000000000000000e+03
1.727398250000000000e+08 4.500000000000000000e+03 1.490000000000000000e+03 5.990000000000000000e+03 3.980000000000000000e+03
1.727400340000000000e+08 4.490000000000000000e+03 1.470000000000000000e+03 5.990000000000000000e+03 3.980000000000000000e+03
1.727402330000000000e+08 4.490000000000000000e+03 1.470000000000000000e+03 5.990000000000000000e+03 3.990000000000000000e+03
1.727404400000000000e+08 4.490000000000000000e+03 1.460000000000000000e+03 5.990000000000000000e+03 3.990000000000000000e+03
1.727406400000000000e+08 4.490000000000000000e+03 1.510000000000000000e+03 5.990000000000000000e+03 3.980000000000000000e+03
1.727408500000000000e+08 4.480000000000000000e+03 1.520000000000000000e+03 5.990000000000000000e+03 3.980000000000000000e+03
1.727410580000000000e+08 4.480000000000000000e+03 1.520000000000000000e+03 5.990000000000000000e+03 3.980000000000000000e+03
1.727412670000000000e+08 4.480000000000000000e+03 1.520000000000000000e+03 5.990000000000000000e+03 3.990000000000000000e+03
1.727414730000000000e+08 4.480000000000000000e+03 1.500000000000000000e+03 5.990000000000000000e+03 3.990000000000000000e+03
1.727416810000000000e+08 4.480000000000000000e+03 1.490000000000000000e+03 5.990000000000000000e+03 3.990000000000000000e+03
1.727418900000000000e+08 4.500000000000000000e+03 1.490000000000000000e+03 5.980000000000000000e+03 3.990000000000000000e+03
1.727420970000000000e+08 4.500000000000000000e+03 1.490000000000000000e+03 5.980000000000000000e+03 3.990000000000000000e+03
1.727423060000000000e+08 4.510000000000000000e+03 1.490000000000000000e+03 5.990000000000000000e+03 4.000000000000000000e+03
1.727425130000000000e+08 4.500000000000000000e+03 1.490000000000000000e+03 6.000000000000000000e+03 3.990000000000000000e+03
1.727427170000000000e+08 4.500000000000000000e+03 1.470000000000000000e+03 6.000000000000000000e+03 3.980000000000000000e+03
1.727429250000000000e+08 4.500000000000000000e+03 1.470000000000000000e+03 5.980000000000000000e+03 3.980000000000000000e+03
1.727431370000000000e+08 4.500000000000000000e+03 1.470000000000000000e+03 5.970000000000000000e+03 3.980000000000000000e+03
1.727433460000000000e+08 4.490000000000000000e+03 1.470000000000000000e+03 5.980000000000000000e+03 3.980000000000000000e+03
1.727435530000000000e+08 4.480000000000000000e+03 1.470000000000000000e+03 5.990000000000000000e+03 3.980000000000000000e+03
1.727437610000000000e+08 4.480000000000000000e+03 1.490000000000000000e+03 5.990000000000000000e+03 3.980000000000000000e+03
1.727439680000000000e+08 4.480000000000000000e+03 1.470000000000000000e+03 5.990000000000000000e+03 3.990000000000000000e+03
1.727441500000000000e+08 4.480000000000000000e+03 1.460000000000000000e+03 5.990000000000000000e+03 4.000000000000000000e+03
1.727445480000000000e+08 4.490000000000000000e+03 1.460000000000000000e+03 5.990000000000000000e+03 4.000000000000000000e+03
1.727445740000000000e+08 4.500000000000000000e+03 1.490000000000000000e+03 5.990000000000000000e+03 4.000000000000000000e+03
1.727447850000000000e+08 4.490000000000000000e+03 1.530000000000000000e+03 5.990000000000000000e+03 4.000000000000000000e+03
1.727449810000000000e+08 4.490000000000000000e+03 1.560000000000000000e+03 5.990000000000000000e+03 4.000000000000000000e+03
1.727451990000000000e+08 4.500000000000000000e+03 1.550000000000000000e+03 5.990000000000000000e+03 4.000000000000000000e+03
1.727454070000000000e+08 4.500000000000000000e+03 1.560000000000000000e+03 6.000000000000000000e+03 3.990000000000000000e+03
1.727456160000000000e+08 4.510000000000000000e+03 1.590000000000000000e+03 6.000000000000000000e+03 3.990000000000000000e+03
1.727458250000000000e+08 4.500000000000000000e+03 1.610000000000000000e+03 5.990000000000000000e+03 3.990000000000000000e+03
1.727460310000000000e+08 4.500000000000000000e+03 1.580000000000000000e+03 5.990000000000000000e+03 4.000000000000000000e+03
1.727462350000000000e+08 4.510000000000000000e+03 1.580000000000000000e+03 5.990000000000000000e+03 3.990000000000000000e+03
1.727464340000000000e+08 4.510000000000000000e+03 1.530000000000000000e+03 5.990000000000000000e+03 3.990000000000000000e+03
1.727466570000000000e+08 4.510000000000000000e+03 1.500000000000000000e+03 5.980000000000000000e+03 3.980000000000000000e+03
1.727468650000000000e+08 4.510000000000000000e+03 1.470000000000000000e+03 5.990000000000000000e+03 3.980000000000000000e+03
1.727470710000000000e+08 4.500000000000000000e+03 1.460000000000000000e+03 5.990000000000000000e+03 3.980000000000000000e+03
1.727472810000000000e+08 4.520000000000000000e+03 1.460000000000000000e+03 5.990000000000000000e+03 3.980000000000000000e+03
1.727474720000000000e+08 4.510000000000000000e+03 1.440000000000000000e+03 6.000000000000000000e+03 3.960000000000000000e+03
1.727476800000000000e+08 4.510000000000000000e+03 1.450000000000000000e+03 6.000000000000000000e+03 3.960000000000000000e+03
1.727478890000000000e+08 4.500000000000000000e+03 1.460000000000000000e+03 6.000000000000000000e+03 3.960000000000000000e+03
1.727481200000000000e+08 4.490000000000000000e+03 1.580000000000000000e+03 5.990000000000000000e+03 3.980000000000000000e+03
1.727483000000000000e+08 4.490000000000000000e+03 1.670000000000000000e+03 5.990000000000000000e+03 3.980000000000000000e+03
1.727485130000000000e+08 4.490000000000000000e+03 1.680000000000000000e+03 5.980000000000000000e+03 3.980000000000000000e+03
1.727487210000000000e+08 4.480000000000000000e+03 1.770000000000000000e+03 5.980000000000000000e+03 3.990000000000000000e+03
1.727489290000000000e+08 4.480000000000000000e+03 1.850000000000000000e+03 5.980000000000000000e+03 3.980000000000000000e+03
1.727499630000000000e+08 4.470000000000000000e+03 1.870000000000000000e+03 5.990000000000000000e+03 3.980000000000000000e+03
1.727501650000000000e+08 4.470000000000000000e+03 1.810000000000000000e+03 5.990000000000000000e+03 3.980000000000000000e+03
1.727503830000000000e+08 4.490000000000000000e+03 1.730000000000000000e+03 5.990000000000000000e+03 3.980000000000000000e+03
1.727505920000000000e+08 4.490000000000000000e+03 1.660000000000000000e+03 5.980000000000000000e+03 3.980000000000000000e+03
1.727576470000000000e+08 4.490000000000000000e+03 1.180000000000000000e+03 5.970000000000000000e+03 4.190000000000000000e+03
1.727578470000000000e+08 4.490000000000000000e+03 1.180000000000000000e+03 5.970000000000000000e+03 4.150000000000000000e+03
1.727580570000000000e+08 4.500000000000000000e+03 1.150000000000000000e+03 5.970000000000000000e+03 4.130000000000000000e+03
1.727582710000000000e+08 4.500000000000000000e+03 1.150000000000000000e+03 5.970000000000000000e+03 4.110000000000000000e+03
1.727584780000000000e+08 4.500000000000000000e+03 1.150000000000000000e+03 5.980000000000000000e+03 4.100000000000000000e+03
1.727586870000000000e+08 4.500000000000000000e+03 1.150000000000000000e+03 5.980000000000000000e+03 4.090000000000000000e+03
1.727588940000000000e+08 4.490000000000000000e+03 1.140000000000000000e+03 5.980000000000000000e+03 4.090000000000000000e+03
1.727590950000000000e+08 4.500000000000000000e+03 1.160000000000000000e+03 5.980000000000000000e+03 4.080000000000000000e+03
1.727593100000000000e+08 4.500000000000000000e+03 1.160000000000000000e+03 5.980000000000000000e+03 4.090000000000000000e+03
1.727595140000000000e+08 4.500000000000000000e+03 1.180000000000000000e+03 5.980000000000000000e+03 4.070000000000000000e+03
1.727597170000000000e+08 4.500000000000000000e+03 1.190000000000000000e+03 5.980000000000000000e+03 4.070000000000000000e+03
1.727599280000000000e+08 4.490000000000000000e+03 1.180000000000000000e+03 5.980000000000000000e+03 4.070000000000000000e+03
1.728001420000000000e+08 4.490000000000000000e+03 1.190000000000000000e+03 5.980000000000000000e+03 4.070000000000000000e+03
1.728003490000000000e+08 4.510000000000000000e+03 1.190000000000000000e+03 5.980000000000000000e+03 4.070000000000000000e+03
1.728005560000000000e+08 4.510000000000000000e+03 1.190000000000000000e+03 5.980000000000000000e+03 4.080000000000000000e+03
1.728007650000000000e+08 4.500000000000000000e+03 1.180000000000000000e+03 5.980000000000000000e+03 4.080000000000000000e+03
1.728009740000000000e+08 4.480000000000000000e+03 1.180000000000000000e+03 5.980000000000000000e+03 4.090000000000000000e+03
1.728011820000000000e+08 4.480000000000000000e+03 1.190000000000000000e+03 5.970000000000000000e+03 4.090000000000000000e+03
1.728013900000000000e+08 4.490000000000000000e+03 1.200000000000000000e+03 5.980000000000000000e+03 4.110000000000000000e+03
1.728015970000000000e+08 4.480000000000000000e+03 1.190000000000000000e+03 5.980000000000000000e+03 4.140000000000000000e+03
1.728018050000000000e+08 4.480000000000000000e+03 1.180000000000000000e+03 5.990000000000000000e+03 4.270000000000000000e+03
1.728020130000000000e+08 4.480000000000000000e+03 1.150000000000000000e+03 5.990000000000000000e+03 4.310000000000000000e+03
1.728022210000000000e+08 4.490000000000000000e+03 1.150000000000000000e+03 5.980000000000000000e+03 4.310000000000000000e+03
1.728024290000000000e+08 4.490000000000000000e+03 1.140000000000000000e+03 5.990000000000000000e+03 4.310000000000000000e+03
1.728026370000000000e+08 4.480000000000000000e+03 1.150000000000000000e+03 5.990000000000000000e+03 4.380000000000000000e+03
1.728028460000000000e+08 4.480000000000000000e+03 1.160000000000000000e+03 5.980000000000000000e+03 4.440000000000000000e+03
1.728030530000000000e+08 4.480000000000000000e+03 1.160000000000000000e+03 5.970000000000000000e+03 4.500000000000000000e+03
1.728032610000000000e+08 4.480000000000000000e+03 1.150000000000000000e+03 5.970000000000000000e+03 4.540000000000000000e+03
1.728034690000000000e+08 4.480000000000000000e+03 1.160000000000000000e+03 5.980000000000000000e+03 4.580000000000000000e+03
1.728036770000000000e+08 4.480000000000000000e+03 1.160000000000000000e+03 5.990000000000000000e+03 4.620000000000000000e+03
1.728038740000000000e+08 4.480000000000000000e+03 1.180000000000000000e+03 5.980000000000000000e+03 4.630000000000000000e+03
1.728040940000000000e+08 4.490000000000000000e+03 1.200000000000000000e+03 5.980000000000000000e+03 4.620000000000000000e+03
1.728043020000000000e+08 4.490000000000000000e+03 1.190000000000000000e+03 5.970000000000000000e+03 4.600000000000000000e+03
1.728045290000000000e+08 4.480000000000000000e+03 1.200000000000000000e+03 5.970000000000000000e+03 4.530000000000000000e+03
1.728047110000000000e+08 4.480000000000000000e+03 1.210000000000000000e+03 5.980000000000000000e+03 4.410000000000000000e+03
1.728051160000000000e+08 4.490000000000000000e+03 1.190000000000000000e+03 5.980000000000000000e+03 4.190000000000000000e+03
1.728053120000000000e+08 4.490000000000000000e+03 1.190000000000000000e+03 5.980000000000000000e+03 4.150000000000000000e+03
1.728055200000000000e+08 4.500000000000000000e+03 1.160000000000000000e+03 5.980000000000000000e+03 4.120000000000000000e+03
1.728057410000000000e+08 4.500000000000000000e+03 1.160000000000000000e+03 5.980000000000000000e+03 4.110000000000000000e+03
1.728059380000000000e+08 4.510000000000000000e+03 1.150000000000000000e+03 5.980000000000000000e+03 4.110000000000000000e+03
1.728061570000000000e+08 4.510000000000000000e+03 1.160000000000000000e+03 5.980000000000000000e+03 4.250000000000000000e+03
1.728063600000000000e+08 4.510000000000000000e+03 1.180000000000000000e+03 5.980000000000000000e+03 4.380000000000000000e+03
1.728065690000000000e+08 4.510000000000000000e+03 1.180000000000000000e+03 5.980000000000000000e+03 4.420000000000000000e+03
1.728067790000000000e+08 4.500000000000000000e+03 1.190000000000000000e+03 5.980000000000000000e+03 4.490000000000000000e+03
1.728069890000000000e+08 4.510000000000000000e+03 1.190000000000000000e+03 5.990000000000000000e+03 4.530000000000000000e+03
1.728071900000000000e+08 4.510000000000000000e+03 1.210000000000000000e+03 5.990000000000000000e+03 4.560000000000000000e+03
1.728073940000000000e+08 4.520000000000000000e+03 1.180000000000000000e+03 5.990000000000000000e+03 4.460000000000000000e+03
1.728076120000000000e+08 4.520000000000000000e+03 1.190000000000000000e+03 5.990000000000000000e+03 4.460000000000000000e+03
1.728078170000000000e+08 4.510000000000000000e+03 1.200000000000000000e+03 5.990000000000000000e+03 4.320000000000000000e+03
1.728080290000000000e+08 4.490000000000000000e+03 1.190000000000000000e+03 5.980000000000000000e+03 4.220000000000000000e+03
1.728082230000000000e+08 4.490000000000000000e+03 1.190000000000000000e+03 5.980000000000000000e+03 4.140000000000000000e+03
1.728084450000000000e+08 4.490000000000000000e+03 1.190000000000000000e+03 5.990000000000000000e+03 4.090000000000000000e+03
1.728086530000000000e+08 4.490000000000000000e+03 1.190000000000000000e+03 5.990000000000000000e+03 4.050000000000000000e+03
1.728088610000000000e+08 4.480000000000000000e+03 1.180000000000000000e+03 5.990000000000000000e+03 4.040000000000000000e+03
1.728090680000000000e+08 4.480000000000000000e+03 1.190000000000000000e+03 5.990000000000000000e+03 4.010000000000000000e+03
1.728092770000000000e+08 4.490000000000000000e+03 1.190000000000000000e+03 5.990000000000000000e+03 4.190000000000000000e+03
1.728095260000000000e+08 4.480000000000000000e+03 1.180000000000000000e+03 5.980000000000000000e+03 4.260000000000000000e+03
1.728096920000000000e+08 4.480000000000000000e+03 1.190000000000000000e+03 5.980000000000000000e+03 4.200000000000000000e+03
1.728099010000000000e+08 4.480000000000000000e+03 1.190000000000000000e+03 5.980000000000000000e+03 4.190000000000000000e+03
1.728101080000000000e+08 4.490000000000000000e+03 1.190000000000000000e+03 5.970000000000000000e+03 4.330000000000000000e+03
1.728103170000000000e+08 4.480000000000000000e+03 1.200000000000000000e+03 5.980000000000000000e+03 4.390000000000000000e+03
1.728105130000000000e+08 4.480000000000000000e+03 1.190000000000000000e+03 5.980000000000000000e+03 4.450000000000000000e+03
1.728107320000000000e+08 4.480000000000000000e+03 1.200000000000000000e+03 5.980000000000000000e+03 4.510000000000000000e+03
1.728109380000000000e+08 4.480000000000000000e+03 1.200000000000000000e+03 5.990000000000000000e+03 4.430000000000000000e+03
1.728111430000000000e+08 4.480000000000000000e+03 1.190000000000000000e+03 5.980000000000000000e+03 4.450000000000000000e+03
1.728113560000000000e+08 4.480000000000000000e+03 1.160000000000000000e+03 5.980000000000000000e+03 4.490000000000000000e+03
1.728116260000000000e+08 4.490000000000000000e+03 1.150000000000000000e+03 5.980000000000000000e+03 4.440000000000000000e+03
1.728117600000000000e+08 4.500000000000000000e+03 1.150000000000000000e+03 5.980000000000000000e+03 4.480000000000000000e+03
1.728119790000000000e+08 4.490000000000000000e+03 1.180000000000000000e+03 5.980000000000000000e+03 4.490000000000000000e+03
1.728121850000000000e+08 4.500000000000000000e+03 1.160000000000000000e+03 5.990000000000000000e+03 4.500000000000000000e+03
1.728123920000000000e+08 4.500000000000000000e+03 1.180000000000000000e+03 5.980000000000000000e+03 4.520000000000000000e+03
1.728126030000000000e+08 4.490000000000000000e+03 1.160000000000000000e+03 5.980000000000000000e+03 4.540000000000000000e+03
1.728128120000000000e+08 4.490000000000000000e+03 1.160000000000000000e+03 5.980000000000000000e+03 4.560000000000000000e+03
1.728130200000000000e+08 4.500000000000000000e+03 1.150000000000000000e+03 5.980000000000000000e+03 4.550000000000000000e+03
1.728132270000000000e+08 4.500000000000000000e+03 1.180000000000000000e+03 5.980000000000000000e+03 4.500000000000000000e+03
1.728134360000000000e+08 4.500000000000000000e+03 1.190000000000000000e+03 5.980000000000000000e+03 4.450000000000000000e+03
1.728136420000000000e+08 4.490000000000000000e+03 1.180000000000000000e+03 5.980000000000000000e+03 4.410000000000000000e+03
1.728138460000000000e+08 4.490000000000000000e+03 1.180000000000000000e+03 5.980000000000000000e+03 4.380000000000000000e+03
1.728140460000000000e+08 4.500000000000000000e+03 1.160000000000000000e+03 5.980000000000000000e+03 4.360000000000000000e+03
1.728142580000000000e+08 4.500000000000000000e+03 1.180000000000000000e+03 5.990000000000000000e+03 4.340000000000000000e+03
1.728144860000000000e+08 4.500000000000000000e+03 1.180000000000000000e+03 5.980000000000000000e+03 4.340000000000000000e+03
1.728146720000000000e+08 4.500000000000000000e+03 1.160000000000000000e+03 5.990000000000000000e+03 4.340000000000000000e+03
1.728148860000000000e+08 4.500000000000000000e+03 1.150000000000000000e+03 5.980000000000000000e+03 4.360000000000000000e+03
1.728150910000000000e+08 4.490000000000000000e+03 1.140000000000000000e+03 5.980000000000000000e+03 4.360000000000000000e+03
1.728152970000000000e+08 4.490000000000000000e+03 1.140000000000000000e+03 5.980000000000000000e+03 4.340000000000000000e+03
1.728155020000000000e+08 4.490000000000000000e+03 1.150000000000000000e+03 5.980000000000000000e+03 4.310000000000000000e+03
1.728157170000000000e+08 4.490000000000000000e+03 1.160000000000000000e+03 5.980000000000000000e+03 4.300000000000000000e+03
1.728159310000000000e+08 4.480000000000000000e+03 1.180000000000000000e+03 5.980000000000000000e+03 4.290000000000000000e+03
1.728161280000000000e+08 4.490000000000000000e+03 1.190000000000000000e+03 5.980000000000000000e+03 4.300000000000000000e+03
1.728163450000000000e+08 4.500000000000000000e+03 1.160000000000000000e+03 5.980000000000000000e+03 4.300000000000000000e+03
1.728165510000000000e+08 4.500000000000000000e+03 1.150000000000000000e+03 5.980000000000000000e+03 4.300000000000000000e+03
1.728167610000000000e+08 4.500000000000000000e+03 1.160000000000000000e+03 5.990000000000000000e+03 4.310000000000000000e+03
1.728169700000000000e+08 4.490000000000000000e+03 1.150000000000000000e+03 5.990000000000000000e+03 4.310000000000000000e+03
1.728171660000000000e+08 4.490000000000000000e+03 1.190000000000000000e+03 5.990000000000000000e+03 4.310000000000000000e+03
1.728173850000000000e+08 4.500000000000000000e+03 1.180000000000000000e+03 5.980000000000000000e+03 4.300000000000000000e+03
1.728175950000000000e+08 4.500000000000000000e+03 1.190000000000000000e+03 5.980000000000000000e+03 4.300000000000000000e+03
1.728177900000000000e+08 4.500000000000000000e+03 1.180000000000000000e+03 5.990000000000000000e+03 4.290000000000000000e+03
1.728179970000000000e+08 4.490000000000000000e+03 1.180000000000000000e+03 5.990000000000000000e+03 4.250000000000000000e+03
1.728182180000000000e+08 4.500000000000000000e+03 1.160000000000000000e+03 5.990000000000000000e+03 4.240000000000000000e+03
1.728184270000000000e+08 4.490000000000000000e+03 1.160000000000000000e+03 5.990000000000000000e+03 4.240000000000000000e+03
1.728186350000000000e+08 4.490000000000000000e+03 1.180000000000000000e+03 5.990000000000000000e+03 4.260000000000000000e+03
1.728188430000000000e+08 4.490000000000000000e+03 1.160000000000000000e+03 5.990000000000000000e+03 4.290000000000000000e+03
1.728190500000000000e+08 4.490000000000000000e+03 1.160000000000000000e+03 5.990000000000000000e+03 4.290000000000000000e+03
1.728192590000000000e+08 4.490000000000000000e+03 1.150000000000000000e+03 5.990000000000000000e+03 4.300000000000000000e+03
1.728194670000000000e+08 4.490000000000000000e+03 1.160000000000000000e+03 5.990000000000000000e+03 4.230000000000000000e+03
1.728196650000000000e+08 4.490000000000000000e+03 1.150000000000000000e+03 5.990000000000000000e+03 4.220000000000000000e+03
1.728198830000000000e+08 4.490000000000000000e+03 1.150000000000000000e+03 5.990000000000000000e+03 4.260000000000000000e+03
1.728200900000000000e+08 4.490000000000000000e+03 1.180000000000000000e+03 5.990000000000000000e+03 4.300000000000000000e+03
1.728202930000000000e+08 4.490000000000000000e+03 1.160000000000000000e+03 5.990000000000000000e+03 4.340000000000000000e+03
1.728205100000000000e+08 4.490000000000000000e+03 1.160000000000000000e+03 5.990000000000000000e+03 4.240000000000000000e+03
1.728207150000000000e+08 4.500000000000000000e+03 1.180000000000000000e+03 5.990000000000000000e+03 4.300000000000000000e+03
1.728209200000000000e+08 4.500000000000000000e+03 1.160000000000000000e+03 5.990000000000000000e+03 4.360000000000000000e+03
1.728211300000000000e+08 4.500000000000000000e+03 1.180000000000000000e+03 5.990000000000000000e+03 4.460000000000000000e+03
1.728213400000000000e+08 4.500000000000000000e+03 1.160000000000000000e+03 5.990000000000000000e+03 4.410000000000000000e+03
1.728215450000000000e+08 4.500000000000000000e+03 1.150000000000000000e+03 5.990000000000000000e+03 4.310000000000000000e+03
1.728217540000000000e+08 4.500000000000000000e+03 1.140000000000000000e+03 5.990000000000000000e+03 4.290000000000000000e+03
1.728219620000000000e+08 4.510000000000000000e+03 1.140000000000000000e+03 6.000000000000000000e+03 4.290000000000000000e+03
1.728221660000000000e+08 4.500000000000000000e+03 1.150000000000000000e+03 6.000000000000000000e+03 4.330000000000000000e+03
1.728223730000000000e+08 4.500000000000000000e+03 1.160000000000000000e+03 5.990000000000000000e+03 4.350000000000000000e+03
1.728225860000000000e+08 4.490000000000000000e+03 1.190000000000000000e+03 5.990000000000000000e+03 4.270000000000000000e+03
1.728227910000000000e+08 4.490000000000000000e+03 1.190000000000000000e+03 5.990000000000000000e+03 4.160000000000000000e+03
1.728229870000000000e+08 4.490000000000000000e+03 1.180000000000000000e+03 5.990000000000000000e+03 4.260000000000000000e+03
1.728232100000000000e+08 4.500000000000000000e+03 1.180000000000000000e+03 5.990000000000000000e+03 4.390000000000000000e+03
1.728234060000000000e+08 4.490000000000000000e+03 1.160000000000000000e+03 5.990000000000000000e+03 4.260000000000000000e+03
1.728236120000000000e+08 4.500000000000000000e+03 1.150000000000000000e+03 5.990000000000000000e+03 4.200000000000000000e+03
