1.731412530000000000e+08 4.870000000000000000e+03 2.360000000000000000e+03 5.340000000000000000e+03 2.960000000000000000e+03
1.731414560000000000e+08 4.880000000000000000e+03 2.330000000000000000e+03 5.340000000000000000e+03 2.960000000000000000e+03
1.731416650000000000e+08 4.890000000000000000e+03 2.320000000000000000e+03 5.340000000000000000e+03 2.960000000000000000e+03
1.731418770000000000e+08 4.890000000000000000e+03 2.330000000000000000e+03 5.340000000000000000e+03 2.960000000000000000e+03
1.731420840000000000e+08 4.880000000000000000e+03 2.330000000000000000e+03 5.340000000000000000e+03 2.960000000000000000e+03
1.731422940000000000e+08 4.870000000000000000e+03 2.330000000000000000e+03 5.360000000000000000e+03 2.970000000000000000e+03
1.731424920000000000e+08 4.870000000000000000e+03 2.290000000000000000e+03 5.340000000000000000e+03 2.970000000000000000e+03
1.731427010000000000e+08 4.870000000000000000e+03 2.430000000000000000e+03 5.360000000000000000e+03 2.960000000000000000e+03
1.731429120000000000e+08 4.880000000000000000e+03 2.470000000000000000e+03 5.360000000000000000e+03 2.950000000000000000e+03
1.731431200000000000e+08 4.870000000000000000e+03 2.750000000000000000e+03 5.360000000000000000e+03 2.950000000000000000e+03
1.731433240000000000e+08 4.860000000000000000e+03 3.080000000000000000e+03 5.350000000000000000e+03 2.950000000000000000e+03
1.731435420000000000e+08 4.860000000000000000e+03 3.450000000000000000e+03 5.330000000000000000e+03 2.950000000000000000e+03
1.731437490000000000e+08 4.870000000000000000e+03 3.160000000000000000e+03 5.330000000000000000e+03 2.950000000000000000e+03
1.731439520000000000e+08 4.850000000000000000e+03 3.500000000000000000e+03 5.320000000000000000e+03 2.950000000000000000e+03
1.731441590000000000e+08 4.860000000000000000e+03 3.290000000000000000e+03 5.340000000000000000e+03 2.950000000000000000e+03
1.731443730000000000e+08 4.860000000000000000e+03 3.130000000000000000e+03 5.340000000000000000e+03 2.950000000000000000e+03
1.731445550000000000e+08 4.860000000000000000e+03 3.050000000000000000e+03 5.340000000000000000e+03 2.950000000000000000e+03
1.731447660000000000e+08 4.860000000000000000e+03 2.990000000000000000e+03 5.350000000000000000e+03 2.950000000000000000e+03
1.731449750000000000e+08 4.850000000000000000e+03 3.390000000000000000e+03 5.340000000000000000e+03 2.950000000000000000e+03
1.731451900000000000e+08 4.860000000000000000e+03 3.530000000000000000e+03 5.350000000000000000e+03 2.960000000000000000e+03
1.731453970000000000e+08 4.860000000000000000e+03 3.520000000000000000e+03 5.350000000000000000e+03 2.960000000000000000e+03
1.731456050000000000e+08 4.850000000000000000e+03 3.620000000000000000e+03 5.360000000000000000e+03 2.960000000000000000e+03
1.731458130000000000e+08 4.860000000000000000e+03 3.830000000000000000e+03 5.340000000000000000e+03 2.960000000000000000e+03
1.731460210000000000e+08 4.880000000000000000e+03 3.480000000000000000e+03 5.340000000000000000e+03 2.960000000000000000e+03
1.731462570000000000e+08 4.880000000000000000e+03 3.200000000000000000e+03 5.340000000000000000e+03 2.960000000000000000e+03
1.731464370000000000e+08 4.880000000000000000e+03 2.980000000000000000e+03 5.340000000000000000e+03 2.950000000000000000e+03
1.731466440000000000e+08 4.870000000000000000e+03 3.090000000000000000e+03 5.340000000000000000e+03 2.950000000000000000e+03
1.731468520000000000e+08 4.880000000000000000e+03 2.890000000000000000e+03 5.340000000000000000e+03 2.950000000000000000e+03
1.731470560000000000e+08 4.880000000000000000e+03 3.230000000000000000e+03 5.350000000000000000e+03 2.950000000000000000e+03
1.731472680000000000e+08 4.870000000000000000e+03 2.970000000000000000e+03 5.340000000000000000e+03 2.960000000000000000e+03
1.731474740000000000e+08 4.870000000000000000e+03 2.790000000000000000e+03 5.340000000000000000e+03 2.950000000000000000e+03
1.731476870000000000e+08 4.880000000000000000e+03 2.660000000000000000e+03 5.340000000000000000e+03 2.950000000000000000e+03
1.731478830000000000e+08 4.870000000000000000e+03 3.200000000000000000e+03 5.340000000000000000e+03 2.950000000000000000e+03
1.731480830000000000e+08 4.880000000000000000e+03 3.450000000000000000e+03 5.350000000000000000e+03 2.950000000000000000e+03
1.731482920000000000e+08 4.880000000000000000e+03 3.470000000000000000e+03 5.350000000000000000e+03 2.950000000000000000e+03
1.731484980000000000e+08 4.870000000000000000e+03 3.310000000000000000e+03 5.350000000000000000e+03 2.950000000000000000e+03
1.731487080000000000e+08 4.880000000000000000e+03 3.190000000000000000e+03 5.350000000000000000e+03 2.950000000000000000e+03
1.731489110000000000e+08 4.870000000000000000e+03 3.190000000000000000e+03 5.350000000000000000e+03 2.940000000000000000e+03
1.731491230000000000e+08 4.880000000000000000e+03 3.170000000000000000e+03 5.350000000000000000e+03 2.940000000000000000e+03
1.731493260000000000e+08 4.880000000000000000e+03 3.520000000000000000e+03 5.350000000000000000e+03 2.960000000000000000e+03
1.731495340000000000e+08 4.860000000000000000e+03 3.760000000000000000e+03 5.350000000000000000e+03 2.960000000000000000e+03
1.731497470000000000e+08 4.860000000000000000e+03 3.850000000000000000e+03 5.350000000000000000e+03 2.960000000000000000e+03
1.731499570000000000e+08 4.840000000000000000e+03 3.990000000000000000e+03 5.350000000000000000e+03 2.960000000000000000e+03
1.731501600000000000e+08 4.830000000000000000e+03 3.880000000000000000e+03 5.350000000000000000e+03 2.960000000000000000e+03
1.731503720000000000e+08 4.850000000000000000e+03 4.010000000000000000e+03 5.340000000000000000e+03 2.950000000000000000e+03
1.731505690000000000e+08 4.860000000000000000e+03 3.680000000000000000e+03 5.340000000000000000e+03 2.950000000000000000e+03
1.731507830000000000e+08 4.880000000000000000e+03 3.440000000000000000e+03 5.330000000000000000e+03 2.950000000000000000e+03
1.731509890000000000e+08 4.880000000000000000e+03 3.260000000000000000e+03 5.320000000000000000e+03 2.950000000000000000e+03
1.731512040000000000e+08 4.890000000000000000e+03 3.140000000000000000e+03 5.320000000000000000e+03 2.950000000000000000e+03
1.731513840000000000e+08 4.880000000000000000e+03 3.140000000000000000e+03 5.340000000000000000e+03 2.960000000000000000e+03
1.731516030000000000e+08 4.890000000000000000e+03 3.090000000000000000e+03 5.340000000000000000e+03 2.960000000000000000e+03
1.731518110000000000e+08 4.870000000000000000e+03 3.250000000000000000e+03 5.340000000000000000e+03 2.950000000000000000e+03
1.731520040000000000e+08 4.880000000000000000e+03 3.160000000000000000e+03 5.340000000000000000e+03 2.950000000000000000e+03
1.731522230000000000e+08 4.870000000000000000e+03 3.070000000000000000e+03 5.340000000000000000e+03 2.950000000000000000e+03
1.731524230000000000e+08 4.890000000000000000e+03 2.990000000000000000e+03 5.350000000000000000e+03 2.950000000000000000e+03
1.731526340000000000e+08 4.880000000000000000e+03 2.960000000000000000e+03 5.360000000000000000e+03 2.950000000000000000e+03
1.731528450000000000e+08 4.870000000000000000e+03 2.910000000000000000e+03 5.350000000000000000e+03 2.960000000000000000e+03
1.731530520000000000e+08 4.860000000000000000e+03 2.870000000000000000e+03 5.350000000000000000e+03 2.960000000000000000e+03
1.731532640000000000e+08 4.860000000000000000e+03 2.930000000000000000e+03 5.350000000000000000e+03 2.960000000000000000e+03
1.731534690000000000e+08 4.860000000000000000e+03 3.130000000000000000e+03 5.370000000000000000e+03 2.960000000000000000e+03
1.731536840000000000e+08 4.840000000000000000e+03 3.120000000000000000e+03 5.360000000000000000e+03 2.960000000000000000e+03
1.731538910000000000e+08 4.840000000000000000e+03 3.080000000000000000e+03 5.360000000000000000e+03 2.960000000000000000e+03
1.731540990000000000e+08 4.860000000000000000e+03 3.030000000000000000e+03 5.350000000000000000e+03 2.960000000000000000e+03
1.731543080000000000e+08 4.850000000000000000e+03 3.060000000000000000e+03 5.350000000000000000e+03 2.960000000000000000e+03
1.731546310000000000e+08 4.870000000000000000e+03 3.080000000000000000e+03 5.350000000000000000e+03 2.960000000000000000e+03
1.731547010000000000e+08 4.870000000000000000e+03 3.160000000000000000e+03 5.350000000000000000e+03 2.960000000000000000e+03
1.731549150000000000e+08 4.860000000000000000e+03 3.080000000000000000e+03 5.350000000000000000e+03 2.960000000000000000e+03
1.731551160000000000e+08 4.880000000000000000e+03 3.030000000000000000e+03 5.350000000000000000e+03 2.960000000000000000e+03
1.731553170000000000e+08 4.870000000000000000e+03 3.090000000000000000e+03 5.350000000000000000e+03 2.960000000000000000e+03
1.731555360000000000e+08 4.890000000000000000e+03 3.450000000000000000e+03 5.350000000000000000e+03 2.960000000000000000e+03
1.731557410000000000e+08 4.890000000000000000e+03 3.700000000000000000e+03 5.340000000000000000e+03 2.960000000000000000e+03
1.731559440000000000e+08 4.890000000000000000e+03 3.880000000000000000e+03 5.340000000000000000e+03 2.960000000000000000e+03
1.731561620000000000e+08 4.910000000000000000e+03 4.010000000000000000e+03 5.350000000000000000e+03 2.970000000000000000e+03
1.731563660000000000e+08 4.880000000000000000e+03 4.100000000000000000e+03 5.340000000000000000e+03 2.960000000000000000e+03
1.731565790000000000e+08 4.890000000000000000e+03 4.160000000000000000e+03 5.340000000000000000e+03 2.950000000000000000e+03
1.731567830000000000e+08 4.890000000000000000e+03 4.010000000000000000e+03 5.340000000000000000e+03 2.940000000000000000e+03
1.731569860000000000e+08 4.880000000000000000e+03 4.110000000000000000e+03 5.340000000000000000e+03 2.950000000000000000e+03
1.731572020000000000e+08 4.860000000000000000e+03 4.170000000000000000e+03 5.340000000000000000e+03 2.950000000000000000e+03
1.731574100000000000e+08 4.850000000000000000e+03 4.220000000000000000e+03 5.340000000000000000e+03 2.950000000000000000e+03
1.731576040000000000e+08 4.860000000000000000e+03 4.120000000000000000e+03 5.340000000000000000e+03 2.950000000000000000e+03
1.731578230000000000e+08 4.870000000000000000e+03 4.170000000000000000e+03 5.340000000000000000e+03 2.950000000000000000e+03
1.731580280000000000e+08 4.870000000000000000e+03 4.210000000000000000e+03 5.330000000000000000e+03 2.950000000000000000e+03
1.731582260000000000e+08 4.880000000000000000e+03 4.080000000000000000e+03 5.330000000000000000e+03 2.940000000000000000e+03
1.731584330000000000e+08 4.880000000000000000e+03 3.700000000000000000e+03 5.340000000000000000e+03 2.940000000000000000e+03
1.731586390000000000e+08 4.890000000000000000e+03 3.420000000000000000e+03 5.340000000000000000e+03 2.940000000000000000e+03
1.731588480000000000e+08 4.890000000000000000e+03 3.220000000000000000e+03 5.340000000000000000e+03 2.940000000000000000e+03
1.731590530000000000e+08 4.880000000000000000e+03 3.090000000000000000e+03 5.340000000000000000e+03 2.950000000000000000e+03
1.731592620000000000e+08 4.880000000000000000e+03 2.980000000000000000e+03 5.340000000000000000e+03 2.950000000000000000e+03
1.731594740000000000e+08 4.880000000000000000e+03 2.920000000000000000e+03 5.340000000000000000e+03 2.950000000000000000e+03
1.731598900000000000e+08 4.870000000000000000e+03 2.880000000000000000e+03 5.330000000000000000e+03 2.950000000000000000e+03
1.732000980000000000e+08 4.850000000000000000e+03 2.860000000000000000e+03 5.330000000000000000e+03 2.950000000000000000e+03
1.732003150000000000e+08 4.880000000000000000e+03 2.860000000000000000e+03 5.330000000000000000e+03 2.950000000000000000e+03
1.732005170000000000e+08 4.870000000000000000e+03 2.820000000000000000e+03 5.330000000000000000e+03 2.950000000000000000e+03
1.732007050000000000e+08 4.870000000000000000e+03 2.760000000000000000e+03 5.340000000000000000e+03 2.950000000000000000e+03
1.732009130000000000e+08 4.860000000000000000e+03 2.700000000000000000e+03 5.340000000000000000e+03 2.950000000000000000e+03
1.732011200000000000e+08 4.850000000000000000e+03 2.670000000000000000e+03 5.340000000000000000e+03 2.950000000000000000e+03
1.732013290000000000e+08 4.860000000000000000e+03 2.650000000000000000e+03 5.340000000000000000e+03 2.950000000000000000e+03
1.732015370000000000e+08 4.840000000000000000e+03 2.670000000000000000e+03 5.340000000000000000e+03 2.950000000000000000e+03
1.732017380000000000e+08 4.850000000000000000e+03 2.760000000000000000e+03 5.340000000000000000e+03 2.950000000000000000e+03
1.732019390000000000e+08 4.860000000000000000e+03 2.830000000000000000e+03 5.340000000000000000e+03 2.950000000000000000e+03
1.732021550000000000e+08 4.870000000000000000e+03 2.880000000000000000e+03 5.340000000000000000e+03 2.950000000000000000e+03
1.732023690000000000e+08 4.860000000000000000e+03 2.940000000000000000e+03 5.350000000000000000e+03 2.950000000000000000e+03
1.732025740000000000e+08 4.860000000000000000e+03 2.990000000000000000e+03 5.360000000000000000e+03 2.950000000000000000e+03
1.732027860000000000e+08 4.880000000000000000e+03 3.010000000000000000e+03 5.350000000000000000e+03 2.950000000000000000e+03
1.732029930000000000e+08 4.860000000000000000e+03 3.180000000000000000e+03 5.340000000000000000e+03 2.950000000000000000e+03
1.732032010000000000e+08 4.880000000000000000e+03 3.510000000000000000e+03 5.360000000000000000e+03 2.950000000000000000e+03
1.732034100000000000e+08 4.860000000000000000e+03 3.740000000000000000e+03 5.380000000000000000e+03 2.950000000000000000e+03
1.732036120000000000e+08 4.870000000000000000e+03 3.550000000000000000e+03 5.360000000000000000e+03 2.960000000000000000e+03
1.732038150000000000e+08 4.880000000000000000e+03 3.440000000000000000e+03 5.350000000000000000e+03 2.960000000000000000e+03
1.732040180000000000e+08 4.880000000000000000e+03 3.380000000000000000e+03 5.350000000000000000e+03 2.950000000000000000e+03
1.732042250000000000e+08 4.880000000000000000e+03 3.310000000000000000e+03 5.340000000000000000e+03 2.950000000000000000e+03
1.732045400000000000e+08 4.880000000000000000e+03 3.240000000000000000e+03 5.340000000000000000e+03 2.950000000000000000e+03
1.732046410000000000e+08 4.890000000000000000e+03 3.180000000000000000e+03 5.340000000000000000e+03 2.950000000000000000e+03
1.732048480000000000e+08 4.870000000000000000e+03 3.140000000000000000e+03 5.360000000000000000e+03 2.950000000000000000e+03
1.732050490000000000e+08 4.880000000000000000e+03 3.110000000000000000e+03 5.350000000000000000e+03 2.950000000000000000e+03
1.732052500000000000e+08 4.880000000000000000e+03 3.070000000000000000e+03 5.340000000000000000e+03 2.960000000000000000e+03
1.732054670000000000e+08 4.880000000000000000e+03 3.060000000000000000e+03 5.340000000000000000e+03 2.950000000000000000e+03
1.732056680000000000e+08 4.870000000000000000e+03 3.060000000000000000e+03 5.340000000000000000e+03 2.950000000000000000e+03
1.732058890000000000e+08 4.840000000000000000e+03 3.080000000000000000e+03 5.350000000000000000e+03 2.950000000000000000e+03
1.732060880000000000e+08 4.840000000000000000e+03 3.080000000000000000e+03 5.350000000000000000e+03 2.950000000000000000e+03
1.732063050000000000e+08 4.840000000000000000e+03 3.080000000000000000e+03 5.360000000000000000e+03 2.950000000000000000e+03
1.732065100000000000e+08 4.850000000000000000e+03 3.070000000000000000e+03 5.350000000000000000e+03 2.950000000000000000e+03
1.732067180000000000e+08 4.860000000000000000e+03 3.080000000000000000e+03 5.340000000000000000e+03 2.960000000000000000e+03
1.732069250000000000e+08 4.880000000000000000e+03 3.080000000000000000e+03 5.350000000000000000e+03 2.960000000000000000e+03
1.732071370000000000e+08 4.870000000000000000e+03 3.080000000000000000e+03 5.350000000000000000e+03 2.960000000000000000e+03
1.732073370000000000e+08 4.860000000000000000e+03 3.090000000000000000e+03 5.360000000000000000e+03 2.950000000000000000e+03
1.732075270000000000e+08 4.880000000000000000e+03 3.100000000000000000e+03 5.360000000000000000e+03 2.950000000000000000e+03
1.732077390000000000e+08 4.880000000000000000e+03 3.120000000000000000e+03 5.360000000000000000e+03 2.950000000000000000e+03
1.732079530000000000e+08 4.870000000000000000e+03 3.140000000000000000e+03 5.360000000000000000e+03 2.950000000000000000e+03
1.732081500000000000e+08 4.870000000000000000e+03 3.140000000000000000e+03 5.350000000000000000e+03 2.950000000000000000e+03
1.732083620000000000e+08 4.890000000000000000e+03 3.150000000000000000e+03 5.340000000000000000e+03 2.950000000000000000e+03
1.732154230000000000e+08 5.050000000000000000e+03 2.090000000000000000e+03 5.360000000000000000e+03 2.950000000000000000e+03
1.732156310000000000e+08 5.040000000000000000e+03 2.090000000000000000e+03 5.360000000000000000e+03 2.950000000000000000e+03
1.732158290000000000e+08 5.080000000000000000e+03 2.090000000000000000e+03 5.360000000000000000e+03 2.960000000000000000e+03
1.732160470000000000e+08 5.120000000000000000e+03 2.110000000000000000e+03 5.360000000000000000e+03 2.960000000000000000e+03
1.732162550000000000e+08 5.240000000000000000e+03 2.090000000000000000e+03 5.360000000000000000e+03 2.960000000000000000e+03
1.732164500000000000e+08 5.300000000000000000e+03 2.110000000000000000e+03 5.360000000000000000e+03 2.960000000000000000e+03
1.732166670000000000e+08 5.330000000000000000e+03 2.110000000000000000e+03 5.360000000000000000e+03 2.950000000000000000e+03
1.732168780000000000e+08 5.370000000000000000e+03 2.110000000000000000e+03 5.360000000000000000e+03 2.950000000000000000e+03
1.732170880000000000e+08 5.390000000000000000e+03 2.090000000000000000e+03 5.350000000000000000e+03 2.960000000000000000e+03
1.732173110000000000e+08 5.420000000000000000e+03 2.090000000000000000e+03 5.340000000000000000e+03 2.950000000000000000e+03
1.732175040000000000e+08 5.440000000000000000e+03 2.090000000000000000e+03 5.340000000000000000e+03 2.950000000000000000e+03
1.732177260000000000e+08 5.440000000000000000e+03 2.090000000000000000e+03 5.340000000000000000e+03 2.950000000000000000e+03
1.732179350000000000e+08 5.440000000000000000e+03 2.090000000000000000e+03 5.330000000000000000e+03 2.950000000000000000e+03
1.732181420000000000e+08 5.450000000000000000e+03 2.090000000000000000e+03 5.320000000000000000e+03 2.950000000000000000e+03
1.732183510000000000e+08 5.440000000000000000e+03 2.090000000000000000e+03 5.330000000000000000e+03 2.950000000000000000e+03
1.732185440000000000e+08 5.430000000000000000e+03 2.090000000000000000e+03 5.340000000000000000e+03 2.950000000000000000e+03
1.732187520000000000e+08 5.410000000000000000e+03 2.090000000000000000e+03 5.340000000000000000e+03 2.950000000000000000e+03
1.732189650000000000e+08 5.400000000000000000e+03 2.090000000000000000e+03 5.330000000000000000e+03 2.940000000000000000e+03
1.732191700000000000e+08 5.400000000000000000e+03 2.090000000000000000e+03 5.340000000000000000e+03 2.940000000000000000e+03
1.732193800000000000e+08 5.400000000000000000e+03 2.080000000000000000e+03 5.330000000000000000e+03 2.940000000000000000e+03
1.732196040000000000e+08 5.400000000000000000e+03 2.090000000000000000e+03 5.340000000000000000e+03 2.940000000000000000e+03
1.732198230000000000e+08 5.400000000000000000e+03 2.090000000000000000e+03 5.340000000000000000e+03 2.940000000000000000e+03
1.732200240000000000e+08 5.400000000000000000e+03 2.090000000000000000e+03 5.340000000000000000e+03 2.950000000000000000e+03
1.732202380000000000e+08 5.420000000000000000e+03 2.080000000000000000e+03 5.340000000000000000e+03 2.950000000000000000e+03
1.732204430000000000e+08 5.480000000000000000e+03 2.090000000000000000e+03 5.340000000000000000e+03 2.950000000000000000e+03
1.732206480000000000e+08 5.510000000000000000e+03 2.090000000000000000e+03 5.350000000000000000e+03 2.950000000000000000e+03
1.732208530000000000e+08 5.550000000000000000e+03 2.090000000000000000e+03 5.350000000000000000e+03 2.950000000000000000e+03
1.732210700000000000e+08 5.560000000000000000e+03 2.090000000000000000e+03 5.350000000000000000e+03 2.940000000000000000e+03
1.732212780000000000e+08 5.570000000000000000e+03 2.090000000000000000e+03 5.340000000000000000e+03 2.950000000000000000e+03
1.732214850000000000e+08 5.570000000000000000e+03 2.080000000000000000e+03 5.360000000000000000e+03 2.950000000000000000e+03
1.732216900000000000e+08 5.540000000000000000e+03 2.080000000000000000e+03 5.360000000000000000e+03 2.950000000000000000e+03
1.732219010000000000e+08 5.500000000000000000e+03 2.080000000000000000e+03 5.360000000000000000e+03 2.950000000000000000e+03
1.732221190000000000e+08 5.470000000000000000e+03 2.080000000000000000e+03 5.360000000000000000e+03 2.950000000000000000e+03
1.732223350000000000e+08 5.460000000000000000e+03 2.070000000000000000e+03 5.350000000000000000e+03 2.950000000000000000e+03
1.732225330000000000e+08 5.450000000000000000e+03 2.080000000000000000e+03 5.350000000000000000e+03 2.940000000000000000e+03
1.732227440000000000e+08 5.450000000000000000e+03 2.080000000000000000e+03 5.350000000000000000e+03 2.940000000000000000e+03
1.732229500000000000e+08 5.440000000000000000e+03 2.080000000000000000e+03 5.340000000000000000e+03 2.940000000000000000e+03
1.732231660000000000e+08 5.430000000000000000e+03 2.080000000000000000e+03 5.350000000000000000e+03 2.940000000000000000e+03
1.732233740000000000e+08 5.440000000000000000e+03 2.080000000000000000e+03 5.340000000000000000e+03 2.940000000000000000e+03
1.732235820000000000e+08 5.440000000000000000e+03 2.080000000000000000e+03 5.350000000000000000e+03 2.940000000000000000e+03
1.732237810000000000e+08 5.440000000000000000e+03 2.090000000000000000e+03 5.370000000000000000e+03 2.950000000000000000e+03
1.732239960000000000e+08 5.450000000000000000e+03 2.090000000000000000e+03 5.380000000000000000e+03 2.950000000000000000e+03
1.732242050000000000e+08 5.450000000000000000e+03 2.080000000000000000e+03 5.380000000000000000e+03 2.950000000000000000e+03
1.732246350000000000e+08 5.440000000000000000e+03 2.080000000000000000e+03 5.360000000000000000e+03 2.960000000000000000e+03
1.732248240000000000e+08 5.430000000000000000e+03 2.080000000000000000e+03 5.360000000000000000e+03 2.950000000000000000e+03
1.732250420000000000e+08 5.430000000000000000e+03 2.070000000000000000e+03 5.360000000000000000e+03 2.950000000000000000e+03
1.732252600000000000e+08 5.430000000000000000e+03 2.070000000000000000e+03 5.370000000000000000e+03 2.950000000000000000e+03
1.732254670000000000e+08 5.430000000000000000e+03 2.070000000000000000e+03 5.360000000000000000e+03 2.950000000000000000e+03
1.732256730000000000e+08 5.430000000000000000e+03 2.070000000000000000e+03 5.370000000000000000e+03 2.960000000000000000e+03
1.732258850000000000e+08 5.430000000000000000e+03 2.080000000000000000e+03 5.360000000000000000e+03 2.950000000000000000e+03
1.732260890000000000e+08 5.430000000000000000e+03 2.090000000000000000e+03 5.360000000000000000e+03 2.950000000000000000e+03
1.732263010000000000e+08 5.440000000000000000e+03 2.090000000000000000e+03 5.360000000000000000e+03 2.950000000000000000e+03
1.732265090000000000e+08 5.450000000000000000e+03 2.090000000000000000e+03 5.360000000000000000e+03 2.950000000000000000e+03
1.732267030000000000e+08 5.440000000000000000e+03 2.080000000000000000e+03 5.360000000000000000e+03 2.950000000000000000e+03
1.732269240000000000e+08 5.430000000000000000e+03 2.090000000000000000e+03 5.350000000000000000e+03 2.950000000000000000e+03
1.732271330000000000e+08 5.440000000000000000e+03 2.090000000000000000e+03 5.350000000000000000e+03 2.960000000000000000e+03
1.732273410000000000e+08 5.480000000000000000e+03 2.090000000000000000e+03 5.350000000000000000e+03 2.950000000000000000e+03
1.732275490000000000e+08 5.520000000000000000e+03 2.090000000000000000e+03 5.350000000000000000e+03 2.950000000000000000e+03
1.732277990000000000e+08 5.570000000000000000e+03 2.090000000000000000e+03 5.340000000000000000e+03 2.950000000000000000e+03
1.732279900000000000e+08 5.600000000000000000e+03 2.110000000000000000e+03 5.350000000000000000e+03 2.950000000000000000e+03
1.732281890000000000e+08 5.600000000000000000e+03 2.110000000000000000e+03 5.340000000000000000e+03 2.960000000000000000e+03
1.732283970000000000e+08 5.610000000000000000e+03 2.090000000000000000e+03 5.330000000000000000e+03 2.960000000000000000e+03
1.732286040000000000e+08 5.590000000000000000e+03 2.080000000000000000e+03 5.320000000000000000e+03 2.960000000000000000e+03
1.732288130000000000e+08 5.580000000000000000e+03 2.080000000000000000e+03 5.330000000000000000e+03 2.970000000000000000e+03
1.732290210000000000e+08 5.550000000000000000e+03 2.070000000000000000e+03 5.330000000000000000e+03 2.970000000000000000e+03
1.732292250000000000e+08 5.510000000000000000e+03 2.070000000000000000e+03 5.320000000000000000e+03 2.960000000000000000e+03
1.732294370000000000e+08 5.400000000000000000e+03 2.070000000000000000e+03 5.320000000000000000e+03 2.960000000000000000e+03
1.732296450000000000e+08 5.330000000000000000e+03 2.080000000000000000e+03 5.340000000000000000e+03 2.960000000000000000e+03
1.732298530000000000e+08 5.300000000000000000e+03 2.070000000000000000e+03 5.340000000000000000e+03 2.960000000000000000e+03
1.732300600000000000e+08 5.290000000000000000e+03 2.090000000000000000e+03 5.340000000000000000e+03 2.960000000000000000e+03
1.732302690000000000e+08 5.290000000000000000e+03 2.110000000000000000e+03 5.340000000000000000e+03 2.960000000000000000e+03
1.732304760000000000e+08 5.300000000000000000e+03 2.110000000000000000e+03 5.350000000000000000e+03 2.970000000000000000e+03
1.732306840000000000e+08 5.330000000000000000e+03 2.110000000000000000e+03 5.350000000000000000e+03 2.970000000000000000e+03
1.732309060000000000e+08 5.350000000000000000e+03 2.090000000000000000e+03 5.350000000000000000e+03 2.970000000000000000e+03
1.732311150000000000e+08 5.350000000000000000e+03 2.090000000000000000e+03 5.350000000000000000e+03 2.960000000000000000e+03
1.732313170000000000e+08 5.350000000000000000e+03 2.090000000000000000e+03 5.350000000000000000e+03 2.960000000000000000e+03
1.732315320000000000e+08 5.350000000000000000e+03 2.090000000000000000e+03 5.370000000000000000e+03 2.960000000000000000e+03
1.732317360000000000e+08 5.340000000000000000e+03 2.090000000000000000e+03 5.360000000000000000e+03 2.960000000000000000e+03
1.732319510000000000e+08 5.350000000000000000e+03 2.090000000000000000e+03 5.340000000000000000e+03 2.970000000000000000e+03
1.732321590000000000e+08 5.340000000000000000e+03 2.090000000000000000e+03 5.340000000000000000e+03 2.970000000000000000e+03
1.732323640000000000e+08 5.340000000000000000e+03 2.110000000000000000e+03 5.340000000000000000e+03 2.950000000000000000e+03
1.732325660000000000e+08 5.320000000000000000e+03 2.090000000000000000e+03 5.350000000000000000e+03 2.950000000000000000e+03
1.732327720000000000e+08 5.270000000000000000e+03 2.090000000000000000e+03 5.350000000000000000e+03 2.950000000000000000e+03
1.732329760000000000e+08 5.170000000000000000e+03 2.110000000000000000e+03 5.350000000000000000e+03 2.950000000000000000e+03
1.732331960000000000e+08 5.380000000000000000e+03 2.090000000000000000e+03 5.340000000000000000e+03 2.960000000000000000e+03
1.732334010000000000e+08 5.500000000000000000e+03 2.090000000000000000e+03 5.350000000000000000e+03 2.960000000000000000e+03
1.732336080000000000e+08 5.490000000000000000e+03 2.080000000000000000e+03 5.350000000000000000e+03 2.960000000000000000e+03
1.732338360000000000e+08 5.340000000000000000e+03 2.080000000000000000e+03 5.350000000000000000e+03 2.960000000000000000e+03
1.732340460000000000e+08 5.270000000000000000e+03 2.080000000000000000e+03 5.360000000000000000e+03 2.960000000000000000e+03
1.732342530000000000e+08 5.440000000000000000e+03 2.070000000000000000e+03 5.350000000000000000e+03 2.960000000000000000e+03
1.732345670000000000e+08 5.550000000000000000e+03 2.070000000000000000e+03 5.340000000000000000e+03 2.950000000000000000e+03
1.732346640000000000e+08 5.360000000000000000e+03 2.070000000000000000e+03 5.340000000000000000e+03 2.970000000000000000e+03
1.732348720000000000e+08 5.240000000000000000e+03 2.080000000000000000e+03 5.330000000000000000e+03 2.960000000000000000e+03
1.732350840000000000e+08 5.150000000000000000e+03 2.070000000000000000e+03 5.340000000000000000e+03 2.970000000000000000e+03
1.732352910000000000e+08 5.100000000000000000e+03 2.080000000000000000e+03 5.340000000000000000e+03 2.960000000000000000e+03
1.732355000000000000e+08 5.060000000000000000e+03 2.070000000000000000e+03 5.330000000000000000e+03 2.960000000000000000e+03
1.732357080000000000e+08 5.270000000000000000e+03 2.090000000000000000e+03 5.330000000000000000e+03 2.960000000000000000e+03
1.732359040000000000e+08 5.190000000000000000e+03 2.080000000000000000e+03 5.330000000000000000e+03 2.950000000000000000e+03
1.732361240000000000e+08 5.150000000000000000e+03 2.080000000000000000e+03 5.340000000000000000e+03 2.960000000000000000e+03
1.732363300000000000e+08 5.110000000000000000e+03 2.080000000000000000e+03 5.330000000000000000e+03 2.950000000000000000e+03
1.732365400000000000e+08 5.170000000000000000e+03 2.090000000000000000e+03 5.340000000000000000e+03 2.940000000000000000e+03
1.732367410000000000e+08 5.120000000000000000e+03 2.090000000000000000e+03 5.360000000000000000e+03 2.950000000000000000e+03
1.732369520000000000e+08 5.080000000000000000e+03 2.090000000000000000e+03 5.360000000000000000e+03 2.950000000000000000e+03
1.732371600000000000e+08 5.080000000000000000e+03 2.080000000000000000e+03 5.360000000000000000e+03 2.950000000000000000e+03
1.732373580000000000e+08 5.090000000000000000e+03 2.080000000000000000e+03 5.340000000000000000e+03 2.950000000000000000e+03
1.732375790000000000e+08 5.100000000000000000e+03 2.090000000000000000e+03 5.350000000000000000e+03 2.950000000000000000e+03
1.732377890000000000e+08 5.110000000000000000e+03 2.090000000000000000e+03 5.350000000000000000e+03 2.950000000000000000e+03
1.732379950000000000e+08 5.110000000000000000e+03 2.090000000000000000e+03 5.360000000000000000e+03 2.950000000000000000e+03
1.732381960000000000e+08 5.120000000000000000e+03 2.090000000000000000e+03 5.340000000000000000e+03 2.950000000000000000e+03
1.732384000000000000e+08 5.130000000000000000e+03 2.090000000000000000e+03 5.340000000000000000e+03 2.950000000000000000e+03
1.732386040000000000e+08 5.140000000000000000e+03 2.080000000000000000e+03 5.350000000000000000e+03 2.950000000000000000e+03
1.732388440000000000e+08 5.130000000000000000e+03 2.070000000000000000e+03 5.330000000000000000e+03 2.950000000000000000e+03
1.732390510000000000e+08 5.120000000000000000e+03 2.080000000000000000e+03 5.350000000000000000e+03 2.950000000000000000e+03
1.732392590000000000e+08 5.130000000000000000e+03 2.080000000000000000e+03 5.350000000000000000e+03 2.950000000000000000e+03
1.732394670000000000e+08 5.130000000000000000e+03 2.110000000000000000e+03 5.350000000000000000e+03 2.950000000000000000e+03
1.732396740000000000e+08 5.150000000000000000e+03 2.090000000000000000e+03 5.340000000000000000e+03 2.960000000000000000e+03
1.732398800000000000e+08 5.160000000000000000e+03 2.080000000000000000e+03 5.330000000000000000e+03 2.950000000000000000e+03
1.732400810000000000e+08 5.160000000000000000e+03 2.090000000000000000e+03 5.330000000000000000e+03 2.960000000000000000e+03
1.732402990000000000e+08 5.160000000000000000e+03 2.080000000000000000e+03 5.330000000000000000e+03 2.960000000000000000e+03
1.732405080000000000e+08 5.160000000000000000e+03 2.080000000000000000e+03 5.330000000000000000e+03 2.960000000000000000e+03
1.732407000000000000e+08 5.160000000000000000e+03 2.090000000000000000e+03 5.340000000000000000e+03 2.960000000000000000e+03
1.732409110000000000e+08 5.160000000000000000e+03 2.080000000000000000e+03 5.340000000000000000e+03 2.960000000000000000e+03
1.732411310000000000e+08 5.170000000000000000e+03 2.070000000000000000e+03 5.340000000000000000e+03 2.950000000000000000e+03
1.732413390000000000e+08 5.190000000000000000e+03 2.070000000000000000e+03 5.340000000000000000e+03 2.950000000000000000e+03
1.732415470000000000e+08 5.200000000000000000e+03 2.070000000000000000e+03 5.340000000000000000e+03 2.950000000000000000e+03
1.732417470000000000e+08 5.230000000000000000e+03 2.070000000000000000e+03 5.340000000000000000e+03 2.950000000000000000e+03
1.732419620000000000e+08 5.230000000000000000e+03 2.090000000000000000e+03 5.370000000000000000e+03 2.950000000000000000e+03
1.732421710000000000e+08 5.250000000000000000e+03 2.110000000000000000e+03 5.350000000000000000e+03 2.950000000000000000e+03
1.732423720000000000e+08 5.260000000000000000e+03 2.090000000000000000e+03 5.370000000000000000e+03 2.950000000000000000e+03
1.732425930000000000e+08 5.290000000000000000e+03 2.110000000000000000e+03 5.370000000000000000e+03 2.950000000000000000e+03
1.732428020000000000e+08 5.320000000000000000e+03 2.110000000000000000e+03 5.370000000000000000e+03 2.960000000000000000e+03
1.732430050000000000e+08 5.330000000000000000e+03 2.110000000000000000e+03 5.370000000000000000e+03 2.960000000000000000e+03
1.732432220000000000e+08 5.350000000000000000e+03 2.090000000000000000e+03 5.370000000000000000e+03 2.960000000000000000e+03
1.732434310000000000e+08 5.370000000000000000e+03 2.090000000000000000e+03 5.350000000000000000e+03 2.950000000000000000e+03
1.732436350000000000e+08 5.330000000000000000e+03 2.090000000000000000e+03 5.340000000000000000e+03 2.950000000000000000e+03
1.732438370000000000e+08 5.320000000000000000e+03 2.090000000000000000e+03 5.360000000000000000e+03 2.950000000000000000e+03
1.732440570000000000e+08 5.320000000000000000e+03 2.090000000000000000e+03 5.370000000000000000e+03 2.950000000000000000e+03
1.732442510000000000e+08 5.350000000000000000e+03 2.090000000000000000e+03 5.360000000000000000e+03 2.950000000000000000e+03
1.732446240000000000e+08 5.370000000000000000e+03 2.090000000000000000e+03 5.360000000000000000e+03 2.950000000000000000e+03
1.732446820000000000e+08 5.390000000000000000e+03 2.090000000000000000e+03 5.360000000000000000e+03 2.950000000000000000e+03
1.732448810000000000e+08 5.390000000000000000e+03 2.090000000000000000e+03 5.360000000000000000e+03 2.950000000000000000e+03
1.732450990000000000e+08 5.350000000000000000e+03 2.090000000000000000e+03 5.360000000000000000e+03 2.960000000000000000e+03
1.732453190000000000e+08 5.300000000000000000e+03 2.090000000000000000e+03 5.350000000000000000e+03 2.960000000000000000e+03
1.732455220000000000e+08 5.430000000000000000e+03 2.080000000000000000e+03 5.340000000000000000e+03 2.960000000000000000e+03
1.732457380000000000e+08 5.520000000000000000e+03 2.080000000000000000e+03 5.330000000000000000e+03 2.950000000000000000e+03
1.732459320000000000e+08 5.590000000000000000e+03 2.070000000000000000e+03 5.330000000000000000e+03 2.950000000000000000e+03
1.732461390000000000e+08 5.630000000000000000e+03 2.070000000000000000e+03 5.340000000000000000e+03 2.950000000000000000e+03
1.732463610000000000e+08 5.640000000000000000e+03 2.090000000000000000e+03 5.350000000000000000e+03 2.960000000000000000e+03
1.732465680000000000e+08 5.640000000000000000e+03 2.090000000000000000e+03 5.350000000000000000e+03 2.960000000000000000e+03
1.732467720000000000e+08 5.670000000000000000e+03 2.080000000000000000e+03 5.340000000000000000e+03 2.950000000000000000e+03
1.732469820000000000e+08 5.680000000000000000e+03 2.080000000000000000e+03 5.340000000000000000e+03 2.950000000000000000e+03
