1.742470520000000000e+08 6.730000000000000000e+03 4.560000000000000000e+03 4.480000000000000000e+03 5.700000000000000000e+02
1.742472590000000000e+08 6.830000000000000000e+03 4.550000000000000000e+03 4.480000000000000000e+03 5.700000000000000000e+02
1.742474670000000000e+08 6.940000000000000000e+03 4.560000000000000000e+03 4.480000000000000000e+03 5.700000000000000000e+02
1.742476720000000000e+08 6.890000000000000000e+03 4.560000000000000000e+03 4.470000000000000000e+03 5.700000000000000000e+02
1.742478820000000000e+08 6.860000000000000000e+03 4.560000000000000000e+03 4.470000000000000000e+03 5.700000000000000000e+02
1.742480900000000000e+08 6.940000000000000000e+03 4.560000000000000000e+03 4.470000000000000000e+03 5.700000000000000000e+02
1.742482980000000000e+08 7.000000000000000000e+03 4.560000000000000000e+03 4.470000000000000000e+03 5.700000000000000000e+02
1.742485070000000000e+08 7.020000000000000000e+03 4.560000000000000000e+03 4.480000000000000000e+03 5.800000000000000000e+02
1.742487140000000000e+08 7.020000000000000000e+03 4.550000000000000000e+03 4.470000000000000000e+03 5.800000000000000000e+02
1.742489220000000000e+08 7.010000000000000000e+03 4.560000000000000000e+03 4.480000000000000000e+03 5.700000000000000000e+02
1.742491430000000000e+08 7.000000000000000000e+03 4.550000000000000000e+03 4.480000000000000000e+03 5.700000000000000000e+02
1.742493540000000000e+08 7.000000000000000000e+03 4.560000000000000000e+03 4.490000000000000000e+03 5.700000000000000000e+02
1.742495590000000000e+08 7.000000000000000000e+03 4.560000000000000000e+03 4.480000000000000000e+03 5.700000000000000000e+02
1.742497610000000000e+08 7.000000000000000000e+03 4.550000000000000000e+03 4.480000000000000000e+03 5.800000000000000000e+02
1.742499710000000000e+08 6.990000000000000000e+03 4.550000000000000000e+03 4.480000000000000000e+03 5.800000000000000000e+02
1.742501800000000000e+08 6.970000000000000000e+03 4.560000000000000000e+03 4.480000000000000000e+03 5.700000000000000000e+02
1.742503940000000000e+08 6.980000000000000000e+03 4.560000000000000000e+03 4.480000000000000000e+03 5.700000000000000000e+02
1.742506020000000000e+08 6.970000000000000000e+03 4.560000000000000000e+03 4.480000000000000000e+03 5.800000000000000000e+02
1.742508100000000000e+08 6.960000000000000000e+03 4.560000000000000000e+03 4.480000000000000000e+03 5.800000000000000000e+02
1.742510180000000000e+08 6.960000000000000000e+03 4.560000000000000000e+03 4.480000000000000000e+03 5.700000000000000000e+02
1.742512120000000000e+08 6.950000000000000000e+03 4.570000000000000000e+03 4.480000000000000000e+03 5.700000000000000000e+02
1.742514340000000000e+08 6.950000000000000000e+03 4.570000000000000000e+03 4.480000000000000000e+03 5.700000000000000000e+02
1.742516420000000000e+08 6.940000000000000000e+03 4.570000000000000000e+03 4.480000000000000000e+03 5.800000000000000000e+02
1.742518370000000000e+08 6.950000000000000000e+03 4.570000000000000000e+03 4.480000000000000000e+03 5.800000000000000000e+02
1.742520560000000000e+08 6.940000000000000000e+03 4.570000000000000000e+03 4.490000000000000000e+03 5.800000000000000000e+02
1.742522640000000000e+08 6.950000000000000000e+03 4.570000000000000000e+03 4.490000000000000000e+03 5.800000000000000000e+02
1.742524880000000000e+08 6.940000000000000000e+03 4.570000000000000000e+03 4.490000000000000000e+03 5.800000000000000000e+02
1.742526960000000000e+08 6.940000000000000000e+03 4.570000000000000000e+03 4.480000000000000000e+03 5.800000000000000000e+02
1.742529050000000000e+08 6.930000000000000000e+03 4.570000000000000000e+03 4.490000000000000000e+03 5.800000000000000000e+02
1.742531140000000000e+08 6.920000000000000000e+03 4.570000000000000000e+03 4.480000000000000000e+03 5.800000000000000000e+02
1.742533170000000000e+08 6.900000000000000000e+03 4.570000000000000000e+03 4.480000000000000000e+03 5.800000000000000000e+02
1.742535270000000000e+08 6.890000000000000000e+03 4.570000000000000000e+03 4.470000000000000000e+03 5.800000000000000000e+02
1.742537380000000000e+08 6.880000000000000000e+03 4.570000000000000000e+03 4.470000000000000000e+03 5.800000000000000000e+02
1.742539460000000000e+08 6.890000000000000000e+03 4.570000000000000000e+03 4.480000000000000000e+03 5.800000000000000000e+02
1.742541500000000000e+08 6.920000000000000000e+03 4.570000000000000000e+03 4.480000000000000000e+03 5.800000000000000000e+02
1.742543610000000000e+08 6.920000000000000000e+03 4.570000000000000000e+03 4.480000000000000000e+03 5.700000000000000000e+02
1.742545700000000000e+08 6.930000000000000000e+03 4.570000000000000000e+03 4.480000000000000000e+03 5.700000000000000000e+02
1.742547780000000000e+08 6.940000000000000000e+03 4.570000000000000000e+03 4.480000000000000000e+03 5.700000000000000000e+02
1.742549780000000000e+08 6.940000000000000000e+03 4.570000000000000000e+03 4.480000000000000000e+03 5.800000000000000000e+02
1.742551910000000000e+08 6.940000000000000000e+03 4.580000000000000000e+03 4.480000000000000000e+03 5.800000000000000000e+02
1.742554000000000000e+08 6.930000000000000000e+03 4.580000000000000000e+03 4.470000000000000000e+03 5.700000000000000000e+02
1.742556060000000000e+08 6.920000000000000000e+03 4.580000000000000000e+03 4.470000000000000000e+03 5.700000000000000000e+02
1.742558220000000000e+08 6.920000000000000000e+03 4.580000000000000000e+03 4.470000000000000000e+03 5.800000000000000000e+02
1.742560330000000000e+08 6.920000000000000000e+03 4.570000000000000000e+03 4.470000000000000000e+03 5.800000000000000000e+02
1.742562360000000000e+08 6.920000000000000000e+03 4.580000000000000000e+03 4.470000000000000000e+03 5.800000000000000000e+02
1.742564520000000000e+08 6.910000000000000000e+03 4.580000000000000000e+03 4.480000000000000000e+03 5.700000000000000000e+02
1.742566570000000000e+08 6.920000000000000000e+03 4.580000000000000000e+03 4.480000000000000000e+03 5.700000000000000000e+02
1.742568670000000000e+08 6.930000000000000000e+03 4.580000000000000000e+03 4.480000000000000000e+03 5.700000000000000000e+02
1.742570820000000000e+08 6.930000000000000000e+03 4.580000000000000000e+03 4.480000000000000000e+03 5.700000000000000000e+02
1.742572880000000000e+08 6.930000000000000000e+03 4.580000000000000000e+03 4.470000000000000000e+03 5.600000000000000000e+02
1.742574870000000000e+08 6.940000000000000000e+03 4.570000000000000000e+03 4.460000000000000000e+03 5.700000000000000000e+02
1.742577030000000000e+08 6.940000000000000000e+03 4.560000000000000000e+03 4.470000000000000000e+03 5.700000000000000000e+02
1.742579050000000000e+08 6.940000000000000000e+03 4.560000000000000000e+03 4.470000000000000000e+03 5.800000000000000000e+02
1.742581210000000000e+08 6.940000000000000000e+03 4.560000000000000000e+03 4.480000000000000000e+03 5.800000000000000000e+02
1.742583290000000000e+08 6.930000000000000000e+03 4.560000000000000000e+03 4.490000000000000000e+03 5.800000000000000000e+02
1.742585360000000000e+08 6.930000000000000000e+03 4.570000000000000000e+03 4.480000000000000000e+03 5.800000000000000000e+02
1.742587390000000000e+08 6.930000000000000000e+03 4.570000000000000000e+03 4.480000000000000000e+03 5.800000000000000000e+02
1.742589640000000000e+08 6.920000000000000000e+03 4.570000000000000000e+03 4.480000000000000000e+03 5.700000000000000000e+02
1.742591730000000000e+08 6.920000000000000000e+03 4.580000000000000000e+03 4.490000000000000000e+03 5.800000000000000000e+02
1.742593850000000000e+08 6.910000000000000000e+03 4.580000000000000000e+03 4.490000000000000000e+03 5.900000000000000000e+02
1.742595920000000000e+08 6.910000000000000000e+03 4.580000000000000000e+03 4.480000000000000000e+03 5.800000000000000000e+02
1.742598010000000000e+08 6.910000000000000000e+03 4.580000000000000000e+03 4.480000000000000000e+03 5.900000000000000000e+02
1.743000090000000000e+08 6.910000000000000000e+03 4.580000000000000000e+03 4.480000000000000000e+03 5.800000000000000000e+02
1.743002170000000000e+08 6.910000000000000000e+03 4.580000000000000000e+03 4.480000000000000000e+03 5.800000000000000000e+02
1.743004100000000000e+08 6.900000000000000000e+03 4.560000000000000000e+03 4.480000000000000000e+03 5.800000000000000000e+02
1.743006320000000000e+08 6.900000000000000000e+03 4.560000000000000000e+03 4.480000000000000000e+03 5.800000000000000000e+02
1.743008410000000000e+08 6.900000000000000000e+03 4.560000000000000000e+03 4.480000000000000000e+03 5.800000000000000000e+02
1.743010440000000000e+08 6.900000000000000000e+03 4.560000000000000000e+03 4.480000000000000000e+03 5.700000000000000000e+02
1.743012570000000000e+08 6.890000000000000000e+03 4.560000000000000000e+03 4.490000000000000000e+03 5.700000000000000000e+02
1.743014600000000000e+08 6.890000000000000000e+03 4.560000000000000000e+03 4.490000000000000000e+03 5.700000000000000000e+02
1.743016700000000000e+08 6.890000000000000000e+03 4.570000000000000000e+03 4.490000000000000000e+03 5.700000000000000000e+02
1.743018790000000000e+08 6.890000000000000000e+03 4.560000000000000000e+03 4.490000000000000000e+03 5.700000000000000000e+02
1.743020880000000000e+08 6.880000000000000000e+03 4.560000000000000000e+03 4.490000000000000000e+03 5.700000000000000000e+02
1.743023120000000000e+08 6.880000000000000000e+03 4.560000000000000000e+03 4.480000000000000000e+03 5.800000000000000000e+02
1.743025190000000000e+08 6.880000000000000000e+03 4.570000000000000000e+03 4.480000000000000000e+03 5.800000000000000000e+02
1.743027280000000000e+08 6.890000000000000000e+03 4.570000000000000000e+03 4.480000000000000000e+03 5.700000000000000000e+02
1.743029360000000000e+08 6.900000000000000000e+03 4.570000000000000000e+03 4.480000000000000000e+03 5.700000000000000000e+02
1.743031440000000000e+08 6.900000000000000000e+03 4.570000000000000000e+03 4.480000000000000000e+03 5.600000000000000000e+02
1.743033520000000000e+08 6.900000000000000000e+03 4.570000000000000000e+03 4.480000000000000000e+03 5.700000000000000000e+02
1.743035590000000000e+08 6.890000000000000000e+03 4.570000000000000000e+03 4.480000000000000000e+03 5.700000000000000000e+02
1.743037680000000000e+08 6.880000000000000000e+03 4.570000000000000000e+03 4.480000000000000000e+03 5.800000000000000000e+02
1.743039760000000000e+08 6.880000000000000000e+03 4.570000000000000000e+03 4.480000000000000000e+03 5.800000000000000000e+02
1.743041840000000000e+08 6.880000000000000000e+03 4.570000000000000000e+03 4.480000000000000000e+03 5.800000000000000000e+02
1.743043910000000000e+08 6.870000000000000000e+03 4.570000000000000000e+03 4.480000000000000000e+03 5.700000000000000000e+02
1.743045990000000000e+08 6.870000000000000000e+03 4.570000000000000000e+03 4.490000000000000000e+03 5.700000000000000000e+02
1.743048060000000000e+08 6.870000000000000000e+03 4.580000000000000000e+03 4.480000000000000000e+03 5.600000000000000000e+02
1.743050160000000000e+08 6.870000000000000000e+03 4.580000000000000000e+03 4.480000000000000000e+03 5.600000000000000000e+02
1.743052190000000000e+08 6.880000000000000000e+03 4.580000000000000000e+03 4.480000000000000000e+03 5.700000000000000000e+02
1.743054400000000000e+08 6.900000000000000000e+03 4.570000000000000000e+03 4.480000000000000000e+03 5.800000000000000000e+02
1.743056560000000000e+08 6.900000000000000000e+03 4.570000000000000000e+03 4.480000000000000000e+03 5.700000000000000000e+02
1.743058640000000000e+08 6.890000000000000000e+03 4.570000000000000000e+03 4.470000000000000000e+03 5.600000000000000000e+02
1.743060720000000000e+08 6.890000000000000000e+03 4.570000000000000000e+03 4.470000000000000000e+03 5.600000000000000000e+02
1.743062790000000000e+08 6.890000000000000000e+03 4.570000000000000000e+03 4.470000000000000000e+03 5.600000000000000000e+02
1.743064870000000000e+08 6.880000000000000000e+03 4.570000000000000000e+03 4.470000000000000000e+03 5.600000000000000000e+02
1.743066950000000000e+08 6.880000000000000000e+03 4.560000000000000000e+03 4.470000000000000000e+03 5.700000000000000000e+02
1.743069030000000000e+08 6.890000000000000000e+03 4.560000000000000000e+03 4.480000000000000000e+03 5.800000000000000000e+02
1.743071030000000000e+08 6.880000000000000000e+03 4.560000000000000000e+03 4.490000000000000000e+03 5.600000000000000000e+02
1.743073170000000000e+08 6.880000000000000000e+03 4.560000000000000000e+03 4.480000000000000000e+03 5.700000000000000000e+02
1.743075260000000000e+08 6.880000000000000000e+03 4.560000000000000000e+03 4.480000000000000000e+03 5.700000000000000000e+02
1.743077350000000000e+08 6.880000000000000000e+03 4.560000000000000000e+03 4.480000000000000000e+03 5.700000000000000000e+02
1.743079330000000000e+08 6.880000000000000000e+03 4.560000000000000000e+03 4.480000000000000000e+03 5.800000000000000000e+02
1.743081500000000000e+08 6.880000000000000000e+03 4.560000000000000000e+03 4.480000000000000000e+03 5.800000000000000000e+02
1.743083540000000000e+08 6.870000000000000000e+03 4.570000000000000000e+03 4.490000000000000000e+03 5.800000000000000000e+02
1.743085670000000000e+08 6.860000000000000000e+03 4.570000000000000000e+03 4.480000000000000000e+03 5.800000000000000000e+02
1.743087910000000000e+08 6.860000000000000000e+03 4.570000000000000000e+03 4.480000000000000000e+03 5.800000000000000000e+02
1.743089990000000000e+08 6.860000000000000000e+03 4.560000000000000000e+03 4.470000000000000000e+03 5.800000000000000000e+02
1.743092070000000000e+08 6.860000000000000000e+03 4.560000000000000000e+03 4.480000000000000000e+03 5.800000000000000000e+02
1.743094120000000000e+08 6.860000000000000000e+03 4.560000000000000000e+03 4.480000000000000000e+03 5.700000000000000000e+02
1.743096200000000000e+08 6.860000000000000000e+03 4.550000000000000000e+03 4.490000000000000000e+03 5.700000000000000000e+02
1.743098250000000000e+08 6.860000000000000000e+03 4.550000000000000000e+03 4.480000000000000000e+03 5.600000000000000000e+02
1.743100390000000000e+08 6.860000000000000000e+03 4.550000000000000000e+03 4.470000000000000000e+03 5.400000000000000000e+02
1.743102470000000000e+08 6.870000000000000000e+03 4.550000000000000000e+03 4.480000000000000000e+03 5.400000000000000000e+02
1.743104550000000000e+08 6.870000000000000000e+03 4.560000000000000000e+03 4.480000000000000000e+03 5.600000000000000000e+02
1.743106630000000000e+08 6.880000000000000000e+03 4.560000000000000000e+03 4.470000000000000000e+03 5.700000000000000000e+02
1.743108680000000000e+08 6.900000000000000000e+03 4.560000000000000000e+03 4.480000000000000000e+03 5.700000000000000000e+02
1.743110670000000000e+08 6.910000000000000000e+03 4.570000000000000000e+03 4.470000000000000000e+03 5.600000000000000000e+02
1.743112870000000000e+08 6.910000000000000000e+03 4.560000000000000000e+03 4.480000000000000000e+03 5.700000000000000000e+02
1.743114940000000000e+08 6.930000000000000000e+03 4.570000000000000000e+03 4.480000000000000000e+03 5.700000000000000000e+02
1.743116880000000000e+08 6.920000000000000000e+03 4.570000000000000000e+03 4.480000000000000000e+03 5.700000000000000000e+02
1.743119100000000000e+08 6.900000000000000000e+03 4.570000000000000000e+03 4.480000000000000000e+03 5.700000000000000000e+02
1.743121330000000000e+08 6.900000000000000000e+03 4.570000000000000000e+03 4.480000000000000000e+03 5.700000000000000000e+02
1.743124140000000000e+08 6.890000000000000000e+03 4.560000000000000000e+03 4.480000000000000000e+03 5.800000000000000000e+02
1.743125500000000000e+08 6.880000000000000000e+03 4.560000000000000000e+03 4.480000000000000000e+03 5.800000000000000000e+02
1.743127600000000000e+08 6.870000000000000000e+03 4.560000000000000000e+03 4.470000000000000000e+03 5.700000000000000000e+02
1.743231400000000000e+08 6.280000000000000000e+03 4.560000000000000000e+03 5.030000000000000000e+03 5.800000000000000000e+02
1.743233490000000000e+08 6.260000000000000000e+03 4.570000000000000000e+03 5.080000000000000000e+03 5.800000000000000000e+02
1.743235450000000000e+08 6.280000000000000000e+03 4.570000000000000000e+03 5.100000000000000000e+03 5.700000000000000000e+02
1.743237640000000000e+08 6.280000000000000000e+03 4.570000000000000000e+03 5.110000000000000000e+03 5.800000000000000000e+02
1.743239610000000000e+08 6.280000000000000000e+03 4.570000000000000000e+03 5.040000000000000000e+03 5.700000000000000000e+02
1.743241710000000000e+08 6.270000000000000000e+03 4.570000000000000000e+03 5.100000000000000000e+03 5.700000000000000000e+02
1.743243880000000000e+08 6.270000000000000000e+03 4.570000000000000000e+03 5.180000000000000000e+03 5.700000000000000000e+02
1.743245960000000000e+08 6.260000000000000000e+03 4.570000000000000000e+03 5.010000000000000000e+03 5.700000000000000000e+02
1.743248040000000000e+08 6.260000000000000000e+03 4.570000000000000000e+03 4.960000000000000000e+03 5.800000000000000000e+02
1.743250110000000000e+08 6.260000000000000000e+03 4.570000000000000000e+03 5.020000000000000000e+03 5.800000000000000000e+02
1.743252040000000000e+08 6.250000000000000000e+03 4.570000000000000000e+03 5.050000000000000000e+03 5.800000000000000000e+02
1.743254120000000000e+08 6.250000000000000000e+03 4.570000000000000000e+03 4.880000000000000000e+03 5.800000000000000000e+02
1.743256190000000000e+08 6.250000000000000000e+03 4.570000000000000000e+03 4.920000000000000000e+03 5.800000000000000000e+02
1.743258150000000000e+08 6.250000000000000000e+03 4.570000000000000000e+03 4.810000000000000000e+03 5.800000000000000000e+02
1.743260330000000000e+08 6.270000000000000000e+03 4.580000000000000000e+03 4.750000000000000000e+03 5.700000000000000000e+02
1.743262440000000000e+08 6.270000000000000000e+03 4.580000000000000000e+03 4.890000000000000000e+03 5.700000000000000000e+02
1.743264390000000000e+08 6.280000000000000000e+03 4.580000000000000000e+03 4.990000000000000000e+03 5.700000000000000000e+02
1.743266600000000000e+08 6.260000000000000000e+03 4.580000000000000000e+03 5.040000000000000000e+03 5.700000000000000000e+02
1.743268670000000000e+08 6.270000000000000000e+03 4.570000000000000000e+03 5.050000000000000000e+03 5.700000000000000000e+02
1.743270690000000000e+08 6.270000000000000000e+03 4.570000000000000000e+03 5.050000000000000000e+03 5.600000000000000000e+02
1.743272700000000000e+08 6.260000000000000000e+03 4.570000000000000000e+03 5.080000000000000000e+03 5.600000000000000000e+02
1.743274890000000000e+08 6.270000000000000000e+03 4.560000000000000000e+03 5.090000000000000000e+03 5.700000000000000000e+02
1.743276900000000000e+08 6.270000000000000000e+03 4.560000000000000000e+03 4.980000000000000000e+03 5.800000000000000000e+02
1.743278920000000000e+08 6.270000000000000000e+03 4.570000000000000000e+03 4.870000000000000000e+03 5.700000000000000000e+02
1.743281080000000000e+08 6.250000000000000000e+03 4.570000000000000000e+03 4.790000000000000000e+03 5.700000000000000000e+02
1.743283230000000000e+08 6.250000000000000000e+03 4.570000000000000000e+03 4.850000000000000000e+03 5.800000000000000000e+02
1.743285130000000000e+08 6.260000000000000000e+03 4.570000000000000000e+03 4.770000000000000000e+03 5.800000000000000000e+02
1.743287210000000000e+08 6.250000000000000000e+03 4.570000000000000000e+03 4.780000000000000000e+03 5.700000000000000000e+02
1.743289180000000000e+08 6.260000000000000000e+03 4.560000000000000000e+03 4.830000000000000000e+03 5.700000000000000000e+02
1.743291250000000000e+08 6.270000000000000000e+03 4.560000000000000000e+03 4.890000000000000000e+03 5.700000000000000000e+02
1.743293470000000000e+08 6.270000000000000000e+03 4.550000000000000000e+03 4.930000000000000000e+03 5.700000000000000000e+02
1.743295510000000000e+08 6.270000000000000000e+03 4.550000000000000000e+03 4.960000000000000000e+03 5.700000000000000000e+02
1.743297500000000000e+08 6.270000000000000000e+03 4.550000000000000000e+03 4.980000000000000000e+03 5.700000000000000000e+02
1.743299600000000000e+08 6.270000000000000000e+03 4.550000000000000000e+03 5.000000000000000000e+03 5.800000000000000000e+02
1.743301720000000000e+08 6.270000000000000000e+03 4.550000000000000000e+03 5.040000000000000000e+03 5.700000000000000000e+02
1.743303860000000000e+08 6.250000000000000000e+03 4.550000000000000000e+03 5.080000000000000000e+03 5.700000000000000000e+02
1.743305820000000000e+08 6.260000000000000000e+03 4.550000000000000000e+03 4.950000000000000000e+03 5.700000000000000000e+02
1.743308030000000000e+08 6.260000000000000000e+03 4.550000000000000000e+03 4.890000000000000000e+03 5.800000000000000000e+02
1.743310020000000000e+08 6.260000000000000000e+03 4.550000000000000000e+03 4.870000000000000000e+03 5.700000000000000000e+02
1.743312190000000000e+08 6.260000000000000000e+03 4.550000000000000000e+03 4.820000000000000000e+03 5.600000000000000000e+02
1.743314270000000000e+08 6.250000000000000000e+03 4.550000000000000000e+03 4.770000000000000000e+03 5.400000000000000000e+02
1.743316310000000000e+08 6.260000000000000000e+03 4.560000000000000000e+03 4.750000000000000000e+03 5.600000000000000000e+02
1.743318280000000000e+08 6.260000000000000000e+03 4.570000000000000000e+03 4.740000000000000000e+03 5.400000000000000000e+02
1.743320350000000000e+08 6.260000000000000000e+03 4.570000000000000000e+03 4.710000000000000000e+03 5.600000000000000000e+02
1.743322300000000000e+08 6.270000000000000000e+03 4.570000000000000000e+03 4.940000000000000000e+03 5.700000000000000000e+02
1.743324550000000000e+08 6.270000000000000000e+03 4.560000000000000000e+03 5.020000000000000000e+03 5.700000000000000000e+02
1.743326540000000000e+08 6.260000000000000000e+03 4.560000000000000000e+03 5.050000000000000000e+03 5.700000000000000000e+02
1.743328670000000000e+08 6.260000000000000000e+03 4.550000000000000000e+03 5.080000000000000000e+03 5.700000000000000000e+02
1.743330600000000000e+08 6.280000000000000000e+03 4.550000000000000000e+03 5.090000000000000000e+03 5.600000000000000000e+02
1.743332830000000000e+08 6.270000000000000000e+03 4.560000000000000000e+03 5.090000000000000000e+03 5.600000000000000000e+02
1.743334900000000000e+08 6.270000000000000000e+03 4.560000000000000000e+03 4.930000000000000000e+03 5.600000000000000000e+02
1.743336860000000000e+08 6.260000000000000000e+03 4.570000000000000000e+03 5.020000000000000000e+03 5.700000000000000000e+02
1.743339060000000000e+08 6.250000000000000000e+03 4.570000000000000000e+03 5.030000000000000000e+03 5.600000000000000000e+02
1.743341140000000000e+08 6.270000000000000000e+03 4.570000000000000000e+03 5.040000000000000000e+03 5.300000000000000000e+02
1.743343220000000000e+08 6.270000000000000000e+03 4.570000000000000000e+03 5.030000000000000000e+03 5.600000000000000000e+02
1.743345270000000000e+08 6.260000000000000000e+03 4.560000000000000000e+03 5.050000000000000000e+03 5.600000000000000000e+02
1.743347380000000000e+08 6.270000000000000000e+03 4.560000000000000000e+03 5.070000000000000000e+03 5.600000000000000000e+02
1.743349460000000000e+08 6.270000000000000000e+03 4.560000000000000000e+03 5.100000000000000000e+03 5.700000000000000000e+02
1.743351460000000000e+08 6.270000000000000000e+03 4.560000000000000000e+03 5.090000000000000000e+03 5.700000000000000000e+02
1.743353460000000000e+08 6.280000000000000000e+03 4.560000000000000000e+03 5.090000000000000000e+03 5.800000000000000000e+02
1.743355510000000000e+08 6.270000000000000000e+03 4.560000000000000000e+03 5.090000000000000000e+03 5.700000000000000000e+02
1.743357620000000000e+08 6.280000000000000000e+03 4.560000000000000000e+03 5.100000000000000000e+03 5.700000000000000000e+02
1.743359600000000000e+08 6.280000000000000000e+03 4.560000000000000000e+03 5.100000000000000000e+03 5.600000000000000000e+02
1.743361750000000000e+08 6.280000000000000000e+03 4.560000000000000000e+03 5.100000000000000000e+03 5.700000000000000000e+02
1.743363780000000000e+08 6.280000000000000000e+03 4.560000000000000000e+03 5.120000000000000000e+03 5.800000000000000000e+02
1.743365810000000000e+08 6.290000000000000000e+03 4.560000000000000000e+03 5.150000000000000000e+03 5.600000000000000000e+02
1.743367970000000000e+08 6.280000000000000000e+03 4.560000000000000000e+03 5.180000000000000000e+03 5.700000000000000000e+02
1.743370000000000000e+08 6.270000000000000000e+03 4.560000000000000000e+03 5.210000000000000000e+03 5.700000000000000000e+02
1.743372140000000000e+08 6.280000000000000000e+03 4.560000000000000000e+03 5.230000000000000000e+03 5.800000000000000000e+02
1.743374150000000000e+08 6.270000000000000000e+03 4.550000000000000000e+03 5.210000000000000000e+03 5.800000000000000000e+02
1.743376300000000000e+08 6.270000000000000000e+03 4.550000000000000000e+03 5.180000000000000000e+03 5.800000000000000000e+02
1.743378420000000000e+08 6.270000000000000000e+03 4.550000000000000000e+03 5.130000000000000000e+03 5.800000000000000000e+02
1.743380380000000000e+08 6.280000000000000000e+03 4.550000000000000000e+03 5.100000000000000000e+03 5.800000000000000000e+02
1.743382570000000000e+08 6.260000000000000000e+03 4.560000000000000000e+03 5.090000000000000000e+03 5.600000000000000000e+02
1.743384640000000000e+08 6.250000000000000000e+03 4.560000000000000000e+03 5.120000000000000000e+03 5.700000000000000000e+02
1.743386620000000000e+08 6.250000000000000000e+03 4.560000000000000000e+03 5.160000000000000000e+03 5.800000000000000000e+02
1.743388650000000000e+08 6.260000000000000000e+03 4.560000000000000000e+03 5.190000000000000000e+03 5.800000000000000000e+02
1.743390710000000000e+08 6.250000000000000000e+03 4.560000000000000000e+03 5.230000000000000000e+03 5.700000000000000000e+02
1.743392730000000000e+08 6.250000000000000000e+03 4.560000000000000000e+03 5.200000000000000000e+03 5.600000000000000000e+02
1.743394860000000000e+08 6.270000000000000000e+03 4.560000000000000000e+03 5.130000000000000000e+03 5.600000000000000000e+02
1.743396840000000000e+08 6.270000000000000000e+03 4.550000000000000000e+03 5.130000000000000000e+03 5.600000000000000000e+02
1.743399060000000000e+08 6.270000000000000000e+03 4.550000000000000000e+03 5.180000000000000000e+03 5.700000000000000000e+02
1.743401070000000000e+08 6.270000000000000000e+03 4.550000000000000000e+03 5.210000000000000000e+03 5.700000000000000000e+02
1.743403080000000000e+08 6.270000000000000000e+03 4.560000000000000000e+03 5.180000000000000000e+03 5.800000000000000000e+02
1.743405260000000000e+08 6.260000000000000000e+03 4.560000000000000000e+03 5.130000000000000000e+03 5.800000000000000000e+02
1.743407290000000000e+08 6.250000000000000000e+03 4.560000000000000000e+03 5.000000000000000000e+03 5.800000000000000000e+02
1.743409390000000000e+08 6.240000000000000000e+03 4.560000000000000000e+03 5.000000000000000000e+03 5.700000000000000000e+02
1.743411510000000000e+08 6.230000000000000000e+03 4.560000000000000000e+03 4.970000000000000000e+03 5.600000000000000000e+02
1.743413620000000000e+08 6.230000000000000000e+03 4.560000000000000000e+03 5.000000000000000000e+03 5.600000000000000000e+02
1.743415670000000000e+08 6.240000000000000000e+03 4.560000000000000000e+03 5.030000000000000000e+03 5.700000000000000000e+02
1.743417770000000000e+08 6.250000000000000000e+03 4.560000000000000000e+03 5.010000000000000000e+03 5.800000000000000000e+02
1.743419730000000000e+08 6.240000000000000000e+03 4.560000000000000000e+03 5.100000000000000000e+03 5.800000000000000000e+02
1.743421730000000000e+08 6.240000000000000000e+03 4.570000000000000000e+03 5.160000000000000000e+03 5.700000000000000000e+02
1.743423850000000000e+08 6.230000000000000000e+03 4.570000000000000000e+03 5.200000000000000000e+03 5.700000000000000000e+02
1.743425930000000000e+08 6.240000000000000000e+03 4.570000000000000000e+03 5.240000000000000000e+03 5.800000000000000000e+02
1.743427990000000000e+08 6.230000000000000000e+03 4.570000000000000000e+03 5.270000000000000000e+03 5.800000000000000000e+02
1.743430010000000000e+08 6.240000000000000000e+03 4.570000000000000000e+03 5.060000000000000000e+03 5.800000000000000000e+02
1.743432120000000000e+08 6.240000000000000000e+03 4.570000000000000000e+03 4.930000000000000000e+03 5.800000000000000000e+02
1.743436320000000000e+08 6.250000000000000000e+03 4.570000000000000000e+03 4.940000000000000000e+03 5.800000000000000000e+02
1.743438390000000000e+08 6.260000000000000000e+03 4.570000000000000000e+03 4.850000000000000000e+03 5.800000000000000000e+02
1.743440390000000000e+08 6.270000000000000000e+03 4.570000000000000000e+03 4.800000000000000000e+03 5.800000000000000000e+02
1.743442570000000000e+08 6.270000000000000000e+03 4.570000000000000000e+03 4.800000000000000000e+03 5.700000000000000000e+02
1.743444650000000000e+08 6.270000000000000000e+03 4.570000000000000000e+03 4.870000000000000000e+03 5.800000000000000000e+02
1.743446420000000000e+08 6.270000000000000000e+03 4.570000000000000000e+03 4.890000000000000000e+03 5.700000000000000000e+02
1.743448620000000000e+08 6.270000000000000000e+03 4.560000000000000000e+03 4.910000000000000000e+03 5.800000000000000000e+02
1.743450630000000000e+08 6.280000000000000000e+03 4.560000000000000000e+03 4.860000000000000000e+03 5.800000000000000000e+02
1.743452800000000000e+08 6.280000000000000000e+03 4.570000000000000000e+03 4.820000000000000000e+03 5.800000000000000000e+02
1.743454870000000000e+08 6.270000000000000000e+03 4.570000000000000000e+03 4.780000000000000000e+03 5.800000000000000000e+02
1.743456960000000000e+08 6.270000000000000000e+03 4.570000000000000000e+03 4.750000000000000000e+03 5.800000000000000000e+02
1.743459040000000000e+08 6.280000000000000000e+03 4.570000000000000000e+03 4.740000000000000000e+03 5.900000000000000000e+02
1.743461120000000000e+08 6.270000000000000000e+03 4.560000000000000000e+03 4.720000000000000000e+03 5.700000000000000000e+02
1.743463210000000000e+08 6.270000000000000000e+03 4.550000000000000000e+03 4.700000000000000000e+03 5.700000000000000000e+02
1.743465270000000000e+08 6.260000000000000000e+03 4.560000000000000000e+03 4.700000000000000000e+03 5.700000000000000000e+02
1.743467290000000000e+08 6.260000000000000000e+03 4.550000000000000000e+03 4.700000000000000000e+03 5.700000000000000000e+02
1.743469430000000000e+08 6.260000000000000000e+03 4.550000000000000000e+03 4.710000000000000000e+03 5.700000000000000000e+02
1.743471510000000000e+08 6.280000000000000000e+03 4.560000000000000000e+03 4.730000000000000000e+03 5.600000000000000000e+02
1.743473490000000000e+08 6.270000000000000000e+03 4.560000000000000000e+03 4.740000000000000000e+03 5.600000000000000000e+02
1.743475640000000000e+08 6.260000000000000000e+03 4.560000000000000000e+03 4.740000000000000000e+03 5.700000000000000000e+02
1.743477680000000000e+08 6.250000000000000000e+03 4.560000000000000000e+03 4.730000000000000000e+03 5.800000000000000000e+02
1.743479720000000000e+08 6.260000000000000000e+03 4.560000000000000000e+03 4.720000000000000000e+03 5.700000000000000000e+02
1.743481710000000000e+08 6.260000000000000000e+03 4.560000000000000000e+03 4.710000000000000000e+03 5.700000000000000000e+02
1.743483830000000000e+08 6.260000000000000000e+03 4.560000000000000000e+03 4.700000000000000000e+03 5.700000000000000000e+02
1.743485910000000000e+08 6.260000000000000000e+03 4.560000000000000000e+03 4.680000000000000000e+03 5.800000000000000000e+02
1.743488000000000000e+08 6.260000000000000000e+03 4.560000000000000000e+03 4.670000000000000000e+03 5.700000000000000000e+02
1.743490060000000000e+08 6.270000000000000000e+03 4.560000000000000000e+03 4.660000000000000000e+03 5.700000000000000000e+02
1.743492110000000000e+08 6.280000000000000000e+03 4.560000000000000000e+03 4.660000000000000000e+03 5.700000000000000000e+02
1.743494230000000000e+08 6.280000000000000000e+03 4.560000000000000000e+03 4.660000000000000000e+03 5.700000000000000000e+02
1.743496330000000000e+08 6.280000000000000000e+03 4.550000000000000000e+03 4.660000000000000000e+03 5.700000000000000000e+02
1.743498400000000000e+08 6.270000000000000000e+03 4.550000000000000000e+03 4.670000000000000000e+03 5.800000000000000000e+02
1.743500470000000000e+08 6.280000000000000000e+03 4.550000000000000000e+03 4.680000000000000000e+03 5.700000000000000000e+02
1.743502550000000000e+08 6.280000000000000000e+03 4.550000000000000000e+03 4.680000000000000000e+03 5.700000000000000000e+02
