9.474864700000000000e+07 2.430000000000000000e+03 5.550000000000000000e+03 2.510000000000000000e+03 5.140000000000000000e+03
9.474885400000000000e+07 2.440000000000000000e+03 5.580000000000000000e+03 2.510000000000000000e+03 5.140000000000000000e+03
9.474906200000000000e+07 2.440000000000000000e+03 5.560000000000000000e+03 2.510000000000000000e+03 5.140000000000000000e+03
9.474928100000000000e+07 2.430000000000000000e+03 5.580000000000000000e+03 2.510000000000000000e+03 5.130000000000000000e+03
9.474947800000000000e+07 2.450000000000000000e+03 5.580000000000000000e+03 2.520000000000000000e+03 5.140000000000000000e+03
9.474968600000000000e+07 2.430000000000000000e+03 5.590000000000000000e+03 2.520000000000000000e+03 5.130000000000000000e+03
9.474989400000000000e+07 2.420000000000000000e+03 5.540000000000000000e+03 2.510000000000000000e+03 5.120000000000000000e+03
9.475010200000000000e+07 2.420000000000000000e+03 5.620000000000000000e+03 2.520000000000000000e+03 5.120000000000000000e+03
9.475031000000000000e+07 2.440000000000000000e+03 5.560000000000000000e+03 2.520000000000000000e+03 5.130000000000000000e+03
9.475051800000000000e+07 2.440000000000000000e+03 5.550000000000000000e+03 2.520000000000000000e+03 5.120000000000000000e+03
9.475072600000000000e+07 2.440000000000000000e+03 5.550000000000000000e+03 2.520000000000000000e+03 5.110000000000000000e+03
9.475093400000000000e+07 2.450000000000000000e+03 5.570000000000000000e+03 2.520000000000000000e+03 5.120000000000000000e+03
9.475114200000000000e+07 2.450000000000000000e+03 5.570000000000000000e+03 2.520000000000000000e+03 5.120000000000000000e+03
9.475135000000000000e+07 2.450000000000000000e+03 5.550000000000000000e+03 2.520000000000000000e+03 5.120000000000000000e+03
9.475155800000000000e+07 2.450000000000000000e+03 5.560000000000000000e+03 2.510000000000000000e+03 5.120000000000000000e+03
9.475176500000000000e+07 2.440000000000000000e+03 5.550000000000000000e+03 2.500000000000000000e+03 5.120000000000000000e+03
9.475197400000000000e+07 2.450000000000000000e+03 5.550000000000000000e+03 2.510000000000000000e+03 5.120000000000000000e+03
9.475218100000000000e+07 2.450000000000000000e+03 5.600000000000000000e+03 2.510000000000000000e+03 5.120000000000000000e+03
9.475239000000000000e+07 2.450000000000000000e+03 5.570000000000000000e+03 2.520000000000000000e+03 5.120000000000000000e+03
9.475259800000000000e+07 2.440000000000000000e+03 5.600000000000000000e+03 2.510000000000000000e+03 5.120000000000000000e+03
9.475280600000000000e+07 2.450000000000000000e+03 5.550000000000000000e+03 2.510000000000000000e+03 5.120000000000000000e+03
9.475301300000000000e+07 2.450000000000000000e+03 5.580000000000000000e+03 2.510000000000000000e+03 5.120000000000000000e+03
9.475322200000000000e+07 2.450000000000000000e+03 5.550000000000000000e+03 2.510000000000000000e+03 5.120000000000000000e+03
9.475342900000000000e+07 2.440000000000000000e+03 5.570000000000000000e+03 2.520000000000000000e+03 5.120000000000000000e+03
9.475363700000000000e+07 2.440000000000000000e+03 5.590000000000000000e+03 2.520000000000000000e+03 5.110000000000000000e+03
9.475384500000000000e+07 2.440000000000000000e+03 5.590000000000000000e+03 2.520000000000000000e+03 5.110000000000000000e+03
9.475405300000000000e+07 2.440000000000000000e+03 5.560000000000000000e+03 2.520000000000000000e+03 5.110000000000000000e+03
9.475426100000000000e+07 2.460000000000000000e+03 5.550000000000000000e+03 2.530000000000000000e+03 5.110000000000000000e+03
9.475446900000000000e+07 2.450000000000000000e+03 5.570000000000000000e+03 2.530000000000000000e+03 5.120000000000000000e+03
9.475467700000000000e+07 2.450000000000000000e+03 5.630000000000000000e+03 2.520000000000000000e+03 5.120000000000000000e+03
9.475488500000000000e+07 2.450000000000000000e+03 5.570000000000000000e+03 2.520000000000000000e+03 5.120000000000000000e+03
9.475509300000000000e+07 2.440000000000000000e+03 5.550000000000000000e+03 2.530000000000000000e+03 5.120000000000000000e+03
9.475530100000000000e+07 2.450000000000000000e+03 5.570000000000000000e+03 2.520000000000000000e+03 5.120000000000000000e+03
9.475550900000000000e+07 2.440000000000000000e+03 5.570000000000000000e+03 2.510000000000000000e+03 5.120000000000000000e+03
9.475571700000000000e+07 2.440000000000000000e+03 5.590000000000000000e+03 2.520000000000000000e+03 5.120000000000000000e+03
9.475592500000000000e+07 2.440000000000000000e+03 5.610000000000000000e+03 2.520000000000000000e+03 5.130000000000000000e+03
9.475613300000000000e+07 2.430000000000000000e+03 5.600000000000000000e+03 2.520000000000000000e+03 5.130000000000000000e+03
9.475634100000000000e+07 2.420000000000000000e+03 5.590000000000000000e+03 2.510000000000000000e+03 5.130000000000000000e+03
9.475654900000000000e+07 2.420000000000000000e+03 5.560000000000000000e+03 2.530000000000000000e+03 5.120000000000000000e+03
9.475675700000000000e+07 2.430000000000000000e+03 5.530000000000000000e+03 2.530000000000000000e+03 5.130000000000000000e+03
9.475696500000000000e+07 2.430000000000000000e+03 5.590000000000000000e+03 2.530000000000000000e+03 5.130000000000000000e+03
9.475717300000000000e+07 2.430000000000000000e+03 5.530000000000000000e+03 2.530000000000000000e+03 5.130000000000000000e+03
9.475738100000000000e+07 2.420000000000000000e+03 5.540000000000000000e+03 2.520000000000000000e+03 5.120000000000000000e+03
9.475758900000000000e+07 2.420000000000000000e+03 5.560000000000000000e+03 2.520000000000000000e+03 5.120000000000000000e+03
9.475779700000000000e+07 2.430000000000000000e+03 5.590000000000000000e+03 2.520000000000000000e+03 5.120000000000000000e+03
9.475800500000000000e+07 2.420000000000000000e+03 5.590000000000000000e+03 2.530000000000000000e+03 5.130000000000000000e+03
9.475821300000000000e+07 2.420000000000000000e+03 5.550000000000000000e+03 2.530000000000000000e+03 5.120000000000000000e+03
9.475842100000000000e+07 2.430000000000000000e+03 5.600000000000000000e+03 2.540000000000000000e+03 5.120000000000000000e+03
9.475862900000000000e+07 2.420000000000000000e+03 5.600000000000000000e+03 2.540000000000000000e+03 5.120000000000000000e+03
9.475883700000000000e+07 2.420000000000000000e+03 5.570000000000000000e+03 2.540000000000000000e+03 5.130000000000000000e+03
9.475904400000000000e+07 2.400000000000000000e+03 5.610000000000000000e+03 2.530000000000000000e+03 5.120000000000000000e+03
9.475925200000000000e+07 2.400000000000000000e+03 5.570000000000000000e+03 2.530000000000000000e+03 5.120000000000000000e+03
9.475946000000000000e+07 2.420000000000000000e+03 5.590000000000000000e+03 2.520000000000000000e+03 5.120000000000000000e+03
9.475966800000000000e+07 2.420000000000000000e+03 5.540000000000000000e+03 2.530000000000000000e+03 5.120000000000000000e+03
9.475987600000000000e+07 2.440000000000000000e+03 5.620000000000000000e+03 2.540000000000000000e+03 5.130000000000000000e+03
9.480008400000000000e+07 2.440000000000000000e+03 5.600000000000000000e+03 2.550000000000000000e+03 5.130000000000000000e+03
9.480029200000000000e+07 2.440000000000000000e+03 5.590000000000000000e+03 2.530000000000000000e+03 5.140000000000000000e+03
9.480050000000000000e+07 2.430000000000000000e+03 5.580000000000000000e+03 2.530000000000000000e+03 5.120000000000000000e+03
9.480070800000000000e+07 2.440000000000000000e+03 5.610000000000000000e+03 2.520000000000000000e+03 5.110000000000000000e+03
9.480091600000000000e+07 2.440000000000000000e+03 5.560000000000000000e+03 2.530000000000000000e+03 5.110000000000000000e+03
9.480112400000000000e+07 2.430000000000000000e+03 5.550000000000000000e+03 2.530000000000000000e+03 5.130000000000000000e+03
9.480133200000000000e+07 2.420000000000000000e+03 5.590000000000000000e+03 2.510000000000000000e+03 5.130000000000000000e+03
9.480154000000000000e+07 2.420000000000000000e+03 5.580000000000000000e+03 2.520000000000000000e+03 5.130000000000000000e+03
9.480174800000000000e+07 2.420000000000000000e+03 5.580000000000000000e+03 2.510000000000000000e+03 5.130000000000000000e+03
9.480195600000000000e+07 2.420000000000000000e+03 5.550000000000000000e+03 2.520000000000000000e+03 5.130000000000000000e+03
9.480216400000000000e+07 2.420000000000000000e+03 5.570000000000000000e+03 2.510000000000000000e+03 5.130000000000000000e+03
9.480237200000000000e+07 2.420000000000000000e+03 5.570000000000000000e+03 2.510000000000000000e+03 5.130000000000000000e+03
9.480258100000000000e+07 2.430000000000000000e+03 5.520000000000000000e+03 2.510000000000000000e+03 5.130000000000000000e+03
9.480278700000000000e+07 2.430000000000000000e+03 5.520000000000000000e+03 2.520000000000000000e+03 5.120000000000000000e+03
9.480299600000000000e+07 2.420000000000000000e+03 5.520000000000000000e+03 2.520000000000000000e+03 5.130000000000000000e+03
9.480320400000000000e+07 2.420000000000000000e+03 5.530000000000000000e+03 2.520000000000000000e+03 5.130000000000000000e+03
9.480341200000000000e+07 2.420000000000000000e+03 5.540000000000000000e+03 2.510000000000000000e+03 5.120000000000000000e+03
9.480362000000000000e+07 2.430000000000000000e+03 5.580000000000000000e+03 2.510000000000000000e+03 5.120000000000000000e+03
9.480382800000000000e+07 2.430000000000000000e+03 5.580000000000000000e+03 2.500000000000000000e+03 5.110000000000000000e+03
9.480403600000000000e+07 2.430000000000000000e+03 5.580000000000000000e+03 2.500000000000000000e+03 5.110000000000000000e+03
9.480424400000000000e+07 2.430000000000000000e+03 5.560000000000000000e+03 2.510000000000000000e+03 5.110000000000000000e+03
9.480445100000000000e+07 2.430000000000000000e+03 5.570000000000000000e+03 2.500000000000000000e+03 5.120000000000000000e+03
9.480466000000000000e+07 2.430000000000000000e+03 5.560000000000000000e+03 2.510000000000000000e+03 5.120000000000000000e+03
9.480486700000000000e+07 2.440000000000000000e+03 5.530000000000000000e+03 2.520000000000000000e+03 5.130000000000000000e+03
9.480507500000000000e+07 2.440000000000000000e+03 5.580000000000000000e+03 2.510000000000000000e+03 5.120000000000000000e+03
9.480528400000000000e+07 2.450000000000000000e+03 5.580000000000000000e+03 2.520000000000000000e+03 5.120000000000000000e+03
9.480549100000000000e+07 2.450000000000000000e+03 5.590000000000000000e+03 2.530000000000000000e+03 5.140000000000000000e+03
9.480569900000000000e+07 2.450000000000000000e+03 5.530000000000000000e+03 2.520000000000000000e+03 5.130000000000000000e+03
9.480590700000000000e+07 2.450000000000000000e+03 5.540000000000000000e+03 2.520000000000000000e+03 5.120000000000000000e+03
9.480611500000000000e+07 2.450000000000000000e+03 5.550000000000000000e+03 2.530000000000000000e+03 5.110000000000000000e+03
9.480632500000000000e+07 2.450000000000000000e+03 5.590000000000000000e+03 2.530000000000000000e+03 5.110000000000000000e+03
9.480653200000000000e+07 2.450000000000000000e+03 5.580000000000000000e+03 2.530000000000000000e+03 5.120000000000000000e+03
9.480673900000000000e+07 2.450000000000000000e+03 5.620000000000000000e+03 2.530000000000000000e+03 5.130000000000000000e+03
9.480694700000000000e+07 2.450000000000000000e+03 5.600000000000000000e+03 2.520000000000000000e+03 5.120000000000000000e+03
9.480715500000000000e+07 2.440000000000000000e+03 5.590000000000000000e+03 2.520000000000000000e+03 5.110000000000000000e+03
9.480736300000000000e+07 2.440000000000000000e+03 5.590000000000000000e+03 2.510000000000000000e+03 5.120000000000000000e+03
9.480757100000000000e+07 2.440000000000000000e+03 5.540000000000000000e+03 2.500000000000000000e+03 5.120000000000000000e+03
9.480777900000000000e+07 2.430000000000000000e+03 5.550000000000000000e+03 2.510000000000000000e+03 5.120000000000000000e+03
9.480798700000000000e+07 2.420000000000000000e+03 5.570000000000000000e+03 2.520000000000000000e+03 5.120000000000000000e+03
9.480819600000000000e+07 2.430000000000000000e+03 5.560000000000000000e+03 2.530000000000000000e+03 5.110000000000000000e+03
9.480840300000000000e+07 2.420000000000000000e+03 5.600000000000000000e+03 2.520000000000000000e+03 5.120000000000000000e+03
9.480861100000000000e+07 2.400000000000000000e+03 5.620000000000000000e+03 2.520000000000000000e+03 5.130000000000000000e+03
9.480881800000000000e+07 2.400000000000000000e+03 5.560000000000000000e+03 2.520000000000000000e+03 5.130000000000000000e+03
9.480902700000000000e+07 2.400000000000000000e+03 5.630000000000000000e+03 2.510000000000000000e+03 5.130000000000000000e+03
9.480923500000000000e+07 2.400000000000000000e+03 5.630000000000000000e+03 2.510000000000000000e+03 5.130000000000000000e+03
9.480944300000000000e+07 2.400000000000000000e+03 5.580000000000000000e+03 2.520000000000000000e+03 5.120000000000000000e+03
9.480965100000000000e+07 2.400000000000000000e+03 5.620000000000000000e+03 2.520000000000000000e+03 5.120000000000000000e+03
9.480985900000000000e+07 2.420000000000000000e+03 5.610000000000000000e+03 2.520000000000000000e+03 5.130000000000000000e+03
9.481006700000000000e+07 2.420000000000000000e+03 5.560000000000000000e+03 2.530000000000000000e+03 5.130000000000000000e+03
9.481027500000000000e+07 2.420000000000000000e+03 5.590000000000000000e+03 2.520000000000000000e+03 5.120000000000000000e+03
9.481048300000000000e+07 2.420000000000000000e+03 5.570000000000000000e+03 2.520000000000000000e+03 5.120000000000000000e+03
9.481069000000000000e+07 2.430000000000000000e+03 5.610000000000000000e+03 2.510000000000000000e+03 5.120000000000000000e+03
9.481089900000000000e+07 2.440000000000000000e+03 5.600000000000000000e+03 2.510000000000000000e+03 5.130000000000000000e+03
9.481110600000000000e+07 2.460000000000000000e+03 5.600000000000000000e+03 2.520000000000000000e+03 5.130000000000000000e+03
9.481131400000000000e+07 2.460000000000000000e+03 5.560000000000000000e+03 2.520000000000000000e+03 5.120000000000000000e+03
9.481152200000000000e+07 2.470000000000000000e+03 5.560000000000000000e+03 2.520000000000000000e+03 5.110000000000000000e+03
9.481173000000000000e+07 2.460000000000000000e+03 5.570000000000000000e+03 2.510000000000000000e+03 5.110000000000000000e+03
9.481193800000000000e+07 2.450000000000000000e+03 5.600000000000000000e+03 2.520000000000000000e+03 5.120000000000000000e+03
9.481214700000000000e+07 2.460000000000000000e+03 5.560000000000000000e+03 2.500000000000000000e+03 5.120000000000000000e+03
9.481235400000000000e+07 2.460000000000000000e+03 5.590000000000000000e+03 2.500000000000000000e+03 5.130000000000000000e+03
9.481256400000000000e+07 2.450000000000000000e+03 5.550000000000000000e+03 2.500000000000000000e+03 5.130000000000000000e+03
9.481277000000000000e+07 2.460000000000000000e+03 5.540000000000000000e+03 2.500000000000000000e+03 5.140000000000000000e+03
9.481297800000000000e+07 2.450000000000000000e+03 5.070000000000000000e+03 2.970000000000000000e+03 5.130000000000000000e+03
9.481318600000000000e+07 2.440000000000000000e+03 5.060000000000000000e+03 3.030000000000000000e+03 5.130000000000000000e+03
9.481339400000000000e+07 2.450000000000000000e+03 5.070000000000000000e+03 2.960000000000000000e+03 5.120000000000000000e+03
9.481360100000000000e+07 2.440000000000000000e+03 5.070000000000000000e+03 2.990000000000000000e+03 5.120000000000000000e+03
9.481381000000000000e+07 2.430000000000000000e+03 5.060000000000000000e+03 3.000000000000000000e+03 5.120000000000000000e+03
9.481401800000000000e+07 2.440000000000000000e+03 5.060000000000000000e+03 2.950000000000000000e+03 5.130000000000000000e+03
9.481422600000000000e+07 2.440000000000000000e+03 5.060000000000000000e+03 2.980000000000000000e+03 5.130000000000000000e+03
9.481443300000000000e+07 2.450000000000000000e+03 5.060000000000000000e+03 2.980000000000000000e+03 5.130000000000000000e+03
9.481464200000000000e+07 2.440000000000000000e+03 5.070000000000000000e+03 3.020000000000000000e+03 5.110000000000000000e+03
9.481485000000000000e+07 2.460000000000000000e+03 5.060000000000000000e+03 2.970000000000000000e+03 5.120000000000000000e+03
9.481505800000000000e+07 2.450000000000000000e+03 5.060000000000000000e+03 3.000000000000000000e+03 5.110000000000000000e+03
9.481526600000000000e+07 2.450000000000000000e+03 5.060000000000000000e+03 2.990000000000000000e+03 5.100000000000000000e+03
9.481547300000000000e+07 2.450000000000000000e+03 5.050000000000000000e+03 3.000000000000000000e+03 5.110000000000000000e+03
9.481568200000000000e+07 2.450000000000000000e+03 5.050000000000000000e+03 2.990000000000000000e+03 5.110000000000000000e+03
9.481589000000000000e+07 2.450000000000000000e+03 5.050000000000000000e+03 2.950000000000000000e+03 5.110000000000000000e+03
9.481609700000000000e+07 2.440000000000000000e+03 5.060000000000000000e+03 2.970000000000000000e+03 5.120000000000000000e+03
9.481630500000000000e+07 2.430000000000000000e+03 5.060000000000000000e+03 2.960000000000000000e+03 5.120000000000000000e+03
9.481651300000000000e+07 2.430000000000000000e+03 5.050000000000000000e+03 2.980000000000000000e+03 5.130000000000000000e+03
9.481672100000000000e+07 2.430000000000000000e+03 5.070000000000000000e+03 3.020000000000000000e+03 5.120000000000000000e+03
9.481692900000000000e+07 2.430000000000000000e+03 5.070000000000000000e+03 3.030000000000000000e+03 5.130000000000000000e+03
9.481713700000000000e+07 2.420000000000000000e+03 5.080000000000000000e+03 2.990000000000000000e+03 5.130000000000000000e+03
9.481734500000000000e+07 2.420000000000000000e+03 5.070000000000000000e+03 2.990000000000000000e+03 5.120000000000000000e+03
9.481755300000000000e+07 2.430000000000000000e+03 5.060000000000000000e+03 2.990000000000000000e+03 5.120000000000000000e+03
9.481776100000000000e+07 2.420000000000000000e+03 5.060000000000000000e+03 3.040000000000000000e+03 5.140000000000000000e+03
9.481796900000000000e+07 2.420000000000000000e+03 5.080000000000000000e+03 3.040000000000000000e+03 5.130000000000000000e+03
9.481817700000000000e+07 2.430000000000000000e+03 5.070000000000000000e+03 3.030000000000000000e+03 5.140000000000000000e+03
9.481838500000000000e+07 2.430000000000000000e+03 5.060000000000000000e+03 3.010000000000000000e+03 5.140000000000000000e+03
9.481859300000000000e+07 2.430000000000000000e+03 5.060000000000000000e+03 2.980000000000000000e+03 5.140000000000000000e+03
9.481880100000000000e+07 2.430000000000000000e+03 5.080000000000000000e+03 3.030000000000000000e+03 5.140000000000000000e+03
9.481900800000000000e+07 2.430000000000000000e+03 5.100000000000000000e+03 3.010000000000000000e+03 5.130000000000000000e+03
9.481921700000000000e+07 2.430000000000000000e+03 5.110000000000000000e+03 3.010000000000000000e+03 5.130000000000000000e+03
9.481942400000000000e+07 2.420000000000000000e+03 5.110000000000000000e+03 2.980000000000000000e+03 5.120000000000000000e+03
9.481963300000000000e+07 2.420000000000000000e+03 5.090000000000000000e+03 2.970000000000000000e+03 5.120000000000000000e+03
9.481984100000000000e+07 2.420000000000000000e+03 5.090000000000000000e+03 2.990000000000000000e+03 5.120000000000000000e+03
9.482004800000000000e+07 2.430000000000000000e+03 5.080000000000000000e+03 2.980000000000000000e+03 5.110000000000000000e+03
9.482025600000000000e+07 2.440000000000000000e+03 5.070000000000000000e+03 3.030000000000000000e+03 5.100000000000000000e+03
9.482046500000000000e+07 2.440000000000000000e+03 5.070000000000000000e+03 3.030000000000000000e+03 5.110000000000000000e+03
9.482067200000000000e+07 2.430000000000000000e+03 5.080000000000000000e+03 2.980000000000000000e+03 5.110000000000000000e+03
9.482088000000000000e+07 2.420000000000000000e+03 5.070000000000000000e+03 3.010000000000000000e+03 5.120000000000000000e+03
9.482108900000000000e+07 2.420000000000000000e+03 5.090000000000000000e+03 2.970000000000000000e+03 5.120000000000000000e+03
9.482129700000000000e+07 2.430000000000000000e+03 5.080000000000000000e+03 3.010000000000000000e+03 5.120000000000000000e+03
9.482150400000000000e+07 2.440000000000000000e+03 5.070000000000000000e+03 2.980000000000000000e+03 5.110000000000000000e+03
9.482171300000000000e+07 2.440000000000000000e+03 5.090000000000000000e+03 3.030000000000000000e+03 5.130000000000000000e+03
9.482192000000000000e+07 2.460000000000000000e+03 5.080000000000000000e+03 3.030000000000000000e+03 5.130000000000000000e+03
9.482212800000000000e+07 2.440000000000000000e+03 5.090000000000000000e+03 2.990000000000000000e+03 5.120000000000000000e+03
9.482233600000000000e+07 2.440000000000000000e+03 5.110000000000000000e+03 2.980000000000000000e+03 5.120000000000000000e+03
9.482254400000000000e+07 2.430000000000000000e+03 5.110000000000000000e+03 3.000000000000000000e+03 5.120000000000000000e+03
9.482275200000000000e+07 2.420000000000000000e+03 5.100000000000000000e+03 3.040000000000000000e+03 5.120000000000000000e+03
9.482296000000000000e+07 2.420000000000000000e+03 5.090000000000000000e+03 3.000000000000000000e+03 5.120000000000000000e+03
9.482316800000000000e+07 2.430000000000000000e+03 5.070000000000000000e+03 2.970000000000000000e+03 5.120000000000000000e+03
9.482337600000000000e+07 2.420000000000000000e+03 5.070000000000000000e+03 2.970000000000000000e+03 5.120000000000000000e+03
9.482358300000000000e+07 2.420000000000000000e+03 5.070000000000000000e+03 3.030000000000000000e+03 5.120000000000000000e+03
9.482379200000000000e+07 2.430000000000000000e+03 5.080000000000000000e+03 2.980000000000000000e+03 5.130000000000000000e+03
9.482400000000000000e+07 2.440000000000000000e+03 5.070000000000000000e+03 3.020000000000000000e+03 5.130000000000000000e+03
9.482420800000000000e+07 2.440000000000000000e+03 5.090000000000000000e+03 3.040000000000000000e+03 5.130000000000000000e+03
9.482441600000000000e+07 2.430000000000000000e+03 5.090000000000000000e+03 2.980000000000000000e+03 5.130000000000000000e+03
9.482462400000000000e+07 2.430000000000000000e+03 5.080000000000000000e+03 3.000000000000000000e+03 5.130000000000000000e+03
9.482483200000000000e+07 2.430000000000000000e+03 5.070000000000000000e+03 2.980000000000000000e+03 5.120000000000000000e+03
9.482504000000000000e+07 2.420000000000000000e+03 5.060000000000000000e+03 2.980000000000000000e+03 5.130000000000000000e+03
9.482524700000000000e+07 2.430000000000000000e+03 5.060000000000000000e+03 3.040000000000000000e+03 5.130000000000000000e+03
9.482545600000000000e+07 2.430000000000000000e+03 5.060000000000000000e+03 3.000000000000000000e+03 5.140000000000000000e+03
9.482566400000000000e+07 2.440000000000000000e+03 5.060000000000000000e+03 3.050000000000000000e+03 5.140000000000000000e+03
9.482587200000000000e+07 2.430000000000000000e+03 5.070000000000000000e+03 3.010000000000000000e+03 5.140000000000000000e+03
9.482608000000000000e+07 2.440000000000000000e+03 5.070000000000000000e+03 2.990000000000000000e+03 5.140000000000000000e+03
9.482629300000000000e+07 2.450000000000000000e+03 5.080000000000000000e+03 2.980000000000000000e+03 5.130000000000000000e+03
9.482649600000000000e+07 2.450000000000000000e+03 5.090000000000000000e+03 2.970000000000000000e+03 5.130000000000000000e+03
9.482670400000000000e+07 2.450000000000000000e+03 5.090000000000000000e+03 2.970000000000000000e+03 5.120000000000000000e+03
9.482691200000000000e+07 2.450000000000000000e+03 5.090000000000000000e+03 3.030000000000000000e+03 5.120000000000000000e+03
9.482711900000000000e+07 2.440000000000000000e+03 5.090000000000000000e+03 2.990000000000000000e+03 5.120000000000000000e+03
9.482732800000000000e+07 2.440000000000000000e+03 5.090000000000000000e+03 3.010000000000000000e+03 5.120000000000000000e+03
9.482753600000000000e+07 2.440000000000000000e+03 5.070000000000000000e+03 3.030000000000000000e+03 5.120000000000000000e+03
9.482774300000000000e+07 2.440000000000000000e+03 5.070000000000000000e+03 3.020000000000000000e+03 5.130000000000000000e+03
9.482795100000000000e+07 2.430000000000000000e+03 5.070000000000000000e+03 2.980000000000000000e+03 5.120000000000000000e+03
9.482815900000000000e+07 2.420000000000000000e+03 5.060000000000000000e+03 2.980000000000000000e+03 5.110000000000000000e+03
9.482836700000000000e+07 2.430000000000000000e+03 5.060000000000000000e+03 2.990000000000000000e+03 5.120000000000000000e+03
9.482857500000000000e+07 2.450000000000000000e+03 5.060000000000000000e+03 2.980000000000000000e+03 5.120000000000000000e+03
9.482878300000000000e+07 2.450000000000000000e+03 5.070000000000000000e+03 2.970000000000000000e+03 5.130000000000000000e+03
9.482899100000000000e+07 2.450000000000000000e+03 5.070000000000000000e+03 3.030000000000000000e+03 5.120000000000000000e+03
9.482919900000000000e+07 2.450000000000000000e+03 5.080000000000000000e+03 2.990000000000000000e+03 5.120000000000000000e+03
9.482940700000000000e+07 2.450000000000000000e+03 5.100000000000000000e+03 2.980000000000000000e+03 5.110000000000000000e+03
9.482961500000000000e+07 2.450000000000000000e+03 5.090000000000000000e+03 3.010000000000000000e+03 5.120000000000000000e+03
9.482982300000000000e+07 2.440000000000000000e+03 5.090000000000000000e+03 2.990000000000000000e+03 5.110000000000000000e+03
9.483003100000000000e+07 2.440000000000000000e+03 5.070000000000000000e+03 2.960000000000000000e+03 5.130000000000000000e+03
9.483023800000000000e+07 2.430000000000000000e+03 5.060000000000000000e+03 2.960000000000000000e+03 5.120000000000000000e+03
9.483044700000000000e+07 2.430000000000000000e+03 5.050000000000000000e+03 3.010000000000000000e+03 5.120000000000000000e+03
9.483065500000000000e+07 2.430000000000000000e+03 5.060000000000000000e+03 2.980000000000000000e+03 5.120000000000000000e+03
9.483086300000000000e+07 2.440000000000000000e+03 5.070000000000000000e+03 2.990000000000000000e+03 5.130000000000000000e+03
9.483107000000000000e+07 2.450000000000000000e+03 5.060000000000000000e+03 3.000000000000000000e+03 5.130000000000000000e+03
9.483127800000000000e+07 2.440000000000000000e+03 5.060000000000000000e+03 2.990000000000000000e+03 5.120000000000000000e+03
9.483148700000000000e+07 2.450000000000000000e+03 5.060000000000000000e+03 3.040000000000000000e+03 5.120000000000000000e+03
9.483169400000000000e+07 2.450000000000000000e+03 5.080000000000000000e+03 3.040000000000000000e+03 5.120000000000000000e+03
9.483190300000000000e+07 2.450000000000000000e+03 5.090000000000000000e+03 3.010000000000000000e+03 5.120000000000000000e+03
9.483211100000000000e+07 2.440000000000000000e+03 5.090000000000000000e+03 2.980000000000000000e+03 5.120000000000000000e+03
9.483232000000000000e+07 2.430000000000000000e+03 5.070000000000000000e+03 2.980000000000000000e+03 5.120000000000000000e+03
9.483252600000000000e+07 2.430000000000000000e+03 5.080000000000000000e+03 3.000000000000000000e+03 5.120000000000000000e+03
9.483273500000000000e+07 2.450000000000000000e+03 5.070000000000000000e+03 3.030000000000000000e+03 5.120000000000000000e+03
9.483294300000000000e+07 2.440000000000000000e+03 5.090000000000000000e+03 3.020000000000000000e+03 5.120000000000000000e+03
9.483315000000000000e+07 2.430000000000000000e+03 5.080000000000000000e+03 2.980000000000000000e+03 5.120000000000000000e+03
9.483335800000000000e+07 2.430000000000000000e+03 5.080000000000000000e+03 3.030000000000000000e+03 5.110000000000000000e+03
9.483356600000000000e+07 2.430000000000000000e+03 5.080000000000000000e+03 3.000000000000000000e+03 5.110000000000000000e+03
9.483377400000000000e+07 2.440000000000000000e+03 5.080000000000000000e+03 3.030000000000000000e+03 5.110000000000000000e+03
9.483398200000000000e+07 2.440000000000000000e+03 5.080000000000000000e+03 2.990000000000000000e+03 5.110000000000000000e+03
9.483419000000000000e+07 2.440000000000000000e+03 5.090000000000000000e+03 3.040000000000000000e+03 5.110000000000000000e+03
9.483439800000000000e+07 2.440000000000000000e+03 5.080000000000000000e+03 3.040000000000000000e+03 5.110000000000000000e+03
9.483460600000000000e+07 2.440000000000000000e+03 5.090000000000000000e+03 3.040000000000000000e+03 5.110000000000000000e+03
9.483481400000000000e+07 2.440000000000000000e+03 5.100000000000000000e+03 3.020000000000000000e+03 5.120000000000000000e+03
9.483502200000000000e+07 2.440000000000000000e+03 5.100000000000000000e+03 3.000000000000000000e+03 5.120000000000000000e+03
9.483523000000000000e+07 2.440000000000000000e+03 5.100000000000000000e+03 3.020000000000000000e+03 5.120000000000000000e+03
9.483543800000000000e+07 2.440000000000000000e+03 5.090000000000000000e+03 2.960000000000000000e+03 5.120000000000000000e+03
9.483564600000000000e+07 2.440000000000000000e+03 5.080000000000000000e+03 2.970000000000000000e+03 5.120000000000000000e+03
9.483585400000000000e+07 2.430000000000000000e+03 5.090000000000000000e+03 3.000000000000000000e+03 5.120000000000000000e+03
9.483606200000000000e+07 2.430000000000000000e+03 5.090000000000000000e+03 2.980000000000000000e+03 5.130000000000000000e+03
9.483627000000000000e+07 2.440000000000000000e+03 5.080000000000000000e+03 3.000000000000000000e+03 5.120000000000000000e+03
9.483647800000000000e+07 2.440000000000000000e+03 5.080000000000000000e+03 2.990000000000000000e+03 5.120000000000000000e+03
9.483668600000000000e+07 2.440000000000000000e+03 5.080000000000000000e+03 2.990000000000000000e+03 5.120000000000000000e+03
9.483689400000000000e+07 2.450000000000000000e+03 5.070000000000000000e+03 3.020000000000000000e+03 5.120000000000000000e+03
9.483710200000000000e+07 2.440000000000000000e+03 5.080000000000000000e+03 3.030000000000000000e+03 5.120000000000000000e+03
9.483731000000000000e+07 2.440000000000000000e+03 5.070000000000000000e+03 2.970000000000000000e+03 5.120000000000000000e+03
