9.502193200000000000e+07 2.990000000000000000e+03 5.900000000000000000e+03 1.950000000000000000e+03 4.940000000000000000e+03
9.502214100000000000e+07 2.990000000000000000e+03 5.840000000000000000e+03 1.940000000000000000e+03 4.930000000000000000e+03
9.502234800000000000e+07 2.980000000000000000e+03 5.890000000000000000e+03 1.950000000000000000e+03 4.920000000000000000e+03
9.502255600000000000e+07 2.980000000000000000e+03 5.880000000000000000e+03 1.950000000000000000e+03 4.920000000000000000e+03
9.502276300000000000e+07 2.990000000000000000e+03 5.840000000000000000e+03 1.950000000000000000e+03 4.920000000000000000e+03
9.502297200000000000e+07 2.990000000000000000e+03 5.900000000000000000e+03 1.950000000000000000e+03 4.920000000000000000e+03
9.502317900000000000e+07 3.000000000000000000e+03 5.890000000000000000e+03 1.950000000000000000e+03 4.920000000000000000e+03
9.502338700000000000e+07 2.990000000000000000e+03 5.840000000000000000e+03 1.950000000000000000e+03 4.910000000000000000e+03
9.502359500000000000e+07 3.000000000000000000e+03 5.820000000000000000e+03 1.950000000000000000e+03 4.910000000000000000e+03
9.502380300000000000e+07 2.990000000000000000e+03 5.870000000000000000e+03 1.950000000000000000e+03 4.910000000000000000e+03
9.502401100000000000e+07 3.000000000000000000e+03 5.870000000000000000e+03 1.950000000000000000e+03 4.910000000000000000e+03
9.502421900000000000e+07 3.000000000000000000e+03 5.830000000000000000e+03 1.950000000000000000e+03 4.910000000000000000e+03
9.502442700000000000e+07 3.000000000000000000e+03 5.860000000000000000e+03 1.950000000000000000e+03 4.910000000000000000e+03
9.502463500000000000e+07 2.980000000000000000e+03 5.910000000000000000e+03 1.950000000000000000e+03 4.920000000000000000e+03
9.502484300000000000e+07 2.970000000000000000e+03 5.850000000000000000e+03 1.950000000000000000e+03 4.920000000000000000e+03
9.502505100000000000e+07 2.960000000000000000e+03 5.890000000000000000e+03 1.950000000000000000e+03 4.920000000000000000e+03
9.502525900000000000e+07 2.960000000000000000e+03 5.840000000000000000e+03 1.960000000000000000e+03 4.920000000000000000e+03
9.502546700000000000e+07 2.960000000000000000e+03 5.900000000000000000e+03 1.950000000000000000e+03 4.920000000000000000e+03
9.502567500000000000e+07 2.960000000000000000e+03 5.900000000000000000e+03 1.950000000000000000e+03 4.910000000000000000e+03
9.502588400000000000e+07 2.960000000000000000e+03 5.840000000000000000e+03 1.950000000000000000e+03 4.920000000000000000e+03
9.502609100000000000e+07 2.960000000000000000e+03 5.900000000000000000e+03 1.950000000000000000e+03 4.940000000000000000e+03
9.502629900000000000e+07 2.960000000000000000e+03 5.880000000000000000e+03 1.950000000000000000e+03 4.940000000000000000e+03
9.502650700000000000e+07 2.950000000000000000e+03 5.890000000000000000e+03 1.950000000000000000e+03 4.940000000000000000e+03
9.502671500000000000e+07 2.950000000000000000e+03 5.870000000000000000e+03 1.940000000000000000e+03 4.940000000000000000e+03
9.502692300000000000e+07 2.960000000000000000e+03 5.830000000000000000e+03 1.940000000000000000e+03 4.930000000000000000e+03
9.502713000000000000e+07 2.970000000000000000e+03 5.850000000000000000e+03 1.940000000000000000e+03 4.930000000000000000e+03
9.502733800000000000e+07 2.970000000000000000e+03 5.900000000000000000e+03 1.940000000000000000e+03 4.940000000000000000e+03
9.502754700000000000e+07 2.980000000000000000e+03 5.890000000000000000e+03 1.940000000000000000e+03 4.940000000000000000e+03
9.502775500000000000e+07 2.970000000000000000e+03 5.890000000000000000e+03 1.940000000000000000e+03 4.930000000000000000e+03
9.502796300000000000e+07 2.980000000000000000e+03 5.890000000000000000e+03 1.940000000000000000e+03 4.920000000000000000e+03
9.502817000000000000e+07 2.990000000000000000e+03 5.830000000000000000e+03 1.940000000000000000e+03 4.930000000000000000e+03
9.502837900000000000e+07 2.990000000000000000e+03 5.820000000000000000e+03 1.940000000000000000e+03 4.940000000000000000e+03
9.502858600000000000e+07 2.990000000000000000e+03 5.820000000000000000e+03 1.940000000000000000e+03 4.930000000000000000e+03
9.502879400000000000e+07 3.000000000000000000e+03 5.840000000000000000e+03 1.940000000000000000e+03 4.940000000000000000e+03
9.502900300000000000e+07 2.990000000000000000e+03 5.850000000000000000e+03 1.950000000000000000e+03 4.920000000000000000e+03
9.502921000000000000e+07 2.990000000000000000e+03 5.910000000000000000e+03 1.950000000000000000e+03 4.930000000000000000e+03
9.502941800000000000e+07 3.000000000000000000e+03 5.870000000000000000e+03 1.950000000000000000e+03 4.930000000000000000e+03
9.502962600000000000e+07 3.000000000000000000e+03 5.900000000000000000e+03 1.960000000000000000e+03 4.940000000000000000e+03
9.502983400000000000e+07 3.000000000000000000e+03 5.840000000000000000e+03 1.950000000000000000e+03 4.930000000000000000e+03
9.503004200000000000e+07 2.990000000000000000e+03 5.870000000000000000e+03 1.960000000000000000e+03 4.940000000000000000e+03
9.503025000000000000e+07 2.980000000000000000e+03 5.900000000000000000e+03 1.950000000000000000e+03 4.920000000000000000e+03
9.503045800000000000e+07 2.980000000000000000e+03 5.860000000000000000e+03 1.950000000000000000e+03 4.920000000000000000e+03
9.503066600000000000e+07 2.990000000000000000e+03 5.890000000000000000e+03 1.950000000000000000e+03 4.920000000000000000e+03
9.503087400000000000e+07 2.990000000000000000e+03 5.830000000000000000e+03 1.950000000000000000e+03 4.920000000000000000e+03
9.503108200000000000e+07 2.990000000000000000e+03 5.870000000000000000e+03 1.950000000000000000e+03 4.920000000000000000e+03
9.503129000000000000e+07 3.000000000000000000e+03 5.820000000000000000e+03 1.950000000000000000e+03 4.920000000000000000e+03
9.503149800000000000e+07 2.990000000000000000e+03 5.830000000000000000e+03 1.950000000000000000e+03 4.930000000000000000e+03
9.503170600000000000e+07 2.990000000000000000e+03 5.810000000000000000e+03 1.950000000000000000e+03 4.920000000000000000e+03
9.503191400000000000e+07 2.990000000000000000e+03 5.830000000000000000e+03 1.950000000000000000e+03 4.910000000000000000e+03
9.503212200000000000e+07 2.990000000000000000e+03 5.860000000000000000e+03 1.960000000000000000e+03 4.920000000000000000e+03
9.503233000000000000e+07 2.990000000000000000e+03 5.840000000000000000e+03 1.960000000000000000e+03 4.920000000000000000e+03
9.503253700000000000e+07 2.980000000000000000e+03 5.810000000000000000e+03 1.950000000000000000e+03 4.910000000000000000e+03
9.503274600000000000e+07 2.980000000000000000e+03 5.830000000000000000e+03 1.950000000000000000e+03 4.920000000000000000e+03
9.503295400000000000e+07 2.980000000000000000e+03 5.850000000000000000e+03 1.950000000000000000e+03 4.920000000000000000e+03
9.503316100000000000e+07 3.000000000000000000e+03 5.860000000000000000e+03 1.950000000000000000e+03 4.920000000000000000e+03
9.503337000000000000e+07 2.980000000000000000e+03 5.870000000000000000e+03 1.940000000000000000e+03 4.920000000000000000e+03
9.503357700000000000e+07 2.980000000000000000e+03 5.830000000000000000e+03 1.940000000000000000e+03 4.930000000000000000e+03
9.503378600000000000e+07 2.980000000000000000e+03 5.870000000000000000e+03 1.950000000000000000e+03 4.930000000000000000e+03
9.503399400000000000e+07 2.970000000000000000e+03 5.850000000000000000e+03 1.950000000000000000e+03 4.940000000000000000e+03
9.503420100000000000e+07 2.970000000000000000e+03 5.820000000000000000e+03 1.950000000000000000e+03 4.940000000000000000e+03
9.503440900000000000e+07 2.970000000000000000e+03 5.880000000000000000e+03 1.940000000000000000e+03 4.930000000000000000e+03
9.503461700000000000e+07 2.990000000000000000e+03 5.850000000000000000e+03 1.940000000000000000e+03 4.930000000000000000e+03
9.503482500000000000e+07 2.990000000000000000e+03 5.850000000000000000e+03 1.940000000000000000e+03 4.930000000000000000e+03
9.503503300000000000e+07 3.000000000000000000e+03 5.830000000000000000e+03 1.940000000000000000e+03 4.940000000000000000e+03
9.503524100000000000e+07 2.980000000000000000e+03 5.870000000000000000e+03 1.940000000000000000e+03 4.940000000000000000e+03
9.503544900000000000e+07 2.980000000000000000e+03 5.830000000000000000e+03 1.940000000000000000e+03 4.940000000000000000e+03
9.503577500000000000e+07 3.000000000000000000e+03 5.850000000000000000e+03 1.940000000000000000e+03 4.950000000000000000e+03
9.503586500000000000e+07 3.000000000000000000e+03 5.840000000000000000e+03 1.940000000000000000e+03 4.950000000000000000e+03
9.503607300000000000e+07 3.000000000000000000e+03 5.820000000000000000e+03 1.940000000000000000e+03 4.950000000000000000e+03
9.503628100000000000e+07 2.990000000000000000e+03 5.840000000000000000e+03 1.940000000000000000e+03 4.940000000000000000e+03
9.503648900000000000e+07 2.980000000000000000e+03 5.800000000000000000e+03 1.940000000000000000e+03 4.930000000000000000e+03
9.503669700000000000e+07 3.000000000000000000e+03 5.810000000000000000e+03 1.940000000000000000e+03 4.930000000000000000e+03
9.503690500000000000e+07 3.010000000000000000e+03 5.840000000000000000e+03 1.940000000000000000e+03 4.930000000000000000e+03
9.503711300000000000e+07 3.000000000000000000e+03 5.890000000000000000e+03 1.940000000000000000e+03 4.930000000000000000e+03
9.503732100000000000e+07 2.980000000000000000e+03 5.850000000000000000e+03 1.940000000000000000e+03 4.920000000000000000e+03
9.503752900000000000e+07 2.990000000000000000e+03 5.830000000000000000e+03 1.940000000000000000e+03 4.920000000000000000e+03
9.503773700000000000e+07 2.990000000000000000e+03 5.860000000000000000e+03 1.940000000000000000e+03 4.920000000000000000e+03
9.503794500000000000e+07 2.990000000000000000e+03 5.840000000000000000e+03 1.940000000000000000e+03 4.930000000000000000e+03
9.503815300000000000e+07 2.990000000000000000e+03 5.830000000000000000e+03 1.950000000000000000e+03 4.940000000000000000e+03
9.503836100000000000e+07 2.980000000000000000e+03 5.870000000000000000e+03 1.950000000000000000e+03 4.950000000000000000e+03
9.503856900000000000e+07 2.980000000000000000e+03 5.840000000000000000e+03 1.950000000000000000e+03 4.950000000000000000e+03
9.503877700000000000e+07 2.970000000000000000e+03 5.890000000000000000e+03 1.950000000000000000e+03 4.930000000000000000e+03
9.503898500000000000e+07 2.970000000000000000e+03 5.910000000000000000e+03 1.950000000000000000e+03 4.920000000000000000e+03
9.503919300000000000e+07 2.960000000000000000e+03 5.890000000000000000e+03 1.960000000000000000e+03 4.930000000000000000e+03
9.503940100000000000e+07 2.960000000000000000e+03 5.830000000000000000e+03 1.960000000000000000e+03 4.930000000000000000e+03
9.503960900000000000e+07 2.960000000000000000e+03 5.830000000000000000e+03 1.960000000000000000e+03 4.930000000000000000e+03
9.503981700000000000e+07 2.960000000000000000e+03 5.900000000000000000e+03 1.950000000000000000e+03 4.920000000000000000e+03
9.504002400000000000e+07 2.970000000000000000e+03 5.850000000000000000e+03 1.950000000000000000e+03 4.910000000000000000e+03
9.504023300000000000e+07 2.990000000000000000e+03 5.870000000000000000e+03 1.950000000000000000e+03 4.920000000000000000e+03
9.504044100000000000e+07 2.980000000000000000e+03 5.860000000000000000e+03 1.940000000000000000e+03 4.910000000000000000e+03
9.504064800000000000e+07 2.970000000000000000e+03 5.850000000000000000e+03 1.940000000000000000e+03 4.890000000000000000e+03
9.504085600000000000e+07 2.970000000000000000e+03 5.870000000000000000e+03 1.950000000000000000e+03 4.910000000000000000e+03
9.504106400000000000e+07 2.970000000000000000e+03 5.880000000000000000e+03 1.950000000000000000e+03 4.920000000000000000e+03
9.504127200000000000e+07 2.980000000000000000e+03 5.850000000000000000e+03 1.950000000000000000e+03 4.920000000000000000e+03
9.504148000000000000e+07 2.990000000000000000e+03 5.840000000000000000e+03 1.950000000000000000e+03 4.930000000000000000e+03
9.504168800000000000e+07 3.000000000000000000e+03 5.840000000000000000e+03 1.950000000000000000e+03 4.930000000000000000e+03
9.504189600000000000e+07 3.000000000000000000e+03 5.900000000000000000e+03 1.950000000000000000e+03 4.930000000000000000e+03
9.504210400000000000e+07 2.980000000000000000e+03 5.860000000000000000e+03 1.950000000000000000e+03 4.930000000000000000e+03
9.504231200000000000e+07 2.980000000000000000e+03 5.890000000000000000e+03 1.950000000000000000e+03 4.940000000000000000e+03
9.504252000000000000e+07 2.990000000000000000e+03 5.830000000000000000e+03 1.960000000000000000e+03 4.940000000000000000e+03
9.504273000000000000e+07 2.990000000000000000e+03 5.850000000000000000e+03 1.960000000000000000e+03 4.940000000000000000e+03
9.504293600000000000e+07 2.980000000000000000e+03 5.850000000000000000e+03 1.950000000000000000e+03 4.930000000000000000e+03
9.504314400000000000e+07 2.990000000000000000e+03 5.900000000000000000e+03 1.950000000000000000e+03 4.930000000000000000e+03
9.504335200000000000e+07 2.990000000000000000e+03 5.840000000000000000e+03 1.950000000000000000e+03 4.940000000000000000e+03
9.504356000000000000e+07 2.990000000000000000e+03 5.850000000000000000e+03 1.950000000000000000e+03 4.940000000000000000e+03
9.504376800000000000e+07 2.980000000000000000e+03 5.910000000000000000e+03 1.950000000000000000e+03 4.930000000000000000e+03
9.504397600000000000e+07 2.990000000000000000e+03 5.840000000000000000e+03 1.950000000000000000e+03 4.920000000000000000e+03
9.504418400000000000e+07 2.990000000000000000e+03 5.850000000000000000e+03 1.950000000000000000e+03 4.920000000000000000e+03
9.504439200000000000e+07 2.990000000000000000e+03 5.890000000000000000e+03 1.960000000000000000e+03 4.920000000000000000e+03
9.504460000000000000e+07 2.980000000000000000e+03 5.890000000000000000e+03 1.950000000000000000e+03 4.920000000000000000e+03
9.504480700000000000e+07 2.980000000000000000e+03 5.890000000000000000e+03 1.950000000000000000e+03 4.930000000000000000e+03
9.504501600000000000e+07 2.980000000000000000e+03 5.890000000000000000e+03 1.950000000000000000e+03 4.940000000000000000e+03
9.504522400000000000e+07 2.980000000000000000e+03 5.890000000000000000e+03 1.950000000000000000e+03 4.940000000000000000e+03
9.504543200000000000e+07 2.980000000000000000e+03 5.880000000000000000e+03 1.950000000000000000e+03 4.940000000000000000e+03
9.504564000000000000e+07 2.980000000000000000e+03 5.900000000000000000e+03 1.950000000000000000e+03 4.940000000000000000e+03
9.504584700000000000e+07 2.970000000000000000e+03 5.860000000000000000e+03 1.950000000000000000e+03 4.940000000000000000e+03
9.504605500000000000e+07 2.970000000000000000e+03 5.850000000000000000e+03 1.950000000000000000e+03 4.930000000000000000e+03
9.504626300000000000e+07 2.970000000000000000e+03 5.850000000000000000e+03 1.950000000000000000e+03 4.930000000000000000e+03
9.504647200000000000e+07 2.980000000000000000e+03 5.890000000000000000e+03 1.950000000000000000e+03 4.930000000000000000e+03
9.504667900000000000e+07 2.980000000000000000e+03 5.830000000000000000e+03 1.950000000000000000e+03 4.940000000000000000e+03
9.504688800000000000e+07 2.990000000000000000e+03 5.910000000000000000e+03 1.960000000000000000e+03 4.940000000000000000e+03
9.504709500000000000e+07 2.980000000000000000e+03 5.850000000000000000e+03 1.950000000000000000e+03 4.940000000000000000e+03
9.504730300000000000e+07 2.980000000000000000e+03 5.870000000000000000e+03 1.950000000000000000e+03 4.930000000000000000e+03
9.504751100000000000e+07 2.970000000000000000e+03 5.870000000000000000e+03 1.950000000000000000e+03 4.930000000000000000e+03
9.504771900000000000e+07 2.970000000000000000e+03 5.870000000000000000e+03 1.950000000000000000e+03 4.930000000000000000e+03
9.504792700000000000e+07 2.970000000000000000e+03 5.380000000000000000e+03 1.940000000000000000e+03 5.400000000000000000e+03
9.504813500000000000e+07 2.960000000000000000e+03 5.370000000000000000e+03 1.940000000000000000e+03 5.380000000000000000e+03
9.504834300000000000e+07 2.970000000000000000e+03 5.380000000000000000e+03 1.940000000000000000e+03 5.420000000000000000e+03
9.504855100000000000e+07 2.980000000000000000e+03 5.380000000000000000e+03 1.940000000000000000e+03 5.440000000000000000e+03
9.504875900000000000e+07 2.980000000000000000e+03 5.360000000000000000e+03 1.940000000000000000e+03 5.400000000000000000e+03
9.504896700000000000e+07 2.970000000000000000e+03 5.370000000000000000e+03 1.940000000000000000e+03 5.410000000000000000e+03
9.504917500000000000e+07 2.970000000000000000e+03 5.360000000000000000e+03 1.940000000000000000e+03 5.390000000000000000e+03
9.504938300000000000e+07 2.970000000000000000e+03 5.370000000000000000e+03 1.950000000000000000e+03 5.370000000000000000e+03
9.504959100000000000e+07 2.970000000000000000e+03 5.380000000000000000e+03 1.950000000000000000e+03 5.390000000000000000e+03
9.504979900000000000e+07 2.970000000000000000e+03 5.380000000000000000e+03 1.950000000000000000e+03 5.370000000000000000e+03
9.505000700000000000e+07 2.970000000000000000e+03 5.390000000000000000e+03 1.950000000000000000e+03 5.390000000000000000e+03
9.505021500000000000e+07 2.960000000000000000e+03 5.390000000000000000e+03 1.950000000000000000e+03 5.450000000000000000e+03
9.505042300000000000e+07 2.970000000000000000e+03 5.380000000000000000e+03 1.950000000000000000e+03 5.430000000000000000e+03
9.505063100000000000e+07 2.980000000000000000e+03 5.380000000000000000e+03 1.960000000000000000e+03 5.440000000000000000e+03
9.505083900000000000e+07 2.970000000000000000e+03 5.370000000000000000e+03 1.950000000000000000e+03 5.420000000000000000e+03
9.505104700000000000e+07 2.970000000000000000e+03 5.370000000000000000e+03 1.950000000000000000e+03 5.390000000000000000e+03
9.505125500000000000e+07 2.970000000000000000e+03 5.370000000000000000e+03 1.960000000000000000e+03 5.390000000000000000e+03
9.505146300000000000e+07 2.960000000000000000e+03 5.370000000000000000e+03 1.950000000000000000e+03 5.400000000000000000e+03
9.505167000000000000e+07 2.970000000000000000e+03 5.370000000000000000e+03 1.950000000000000000e+03 5.390000000000000000e+03
9.505187900000000000e+07 2.970000000000000000e+03 5.370000000000000000e+03 1.950000000000000000e+03 5.400000000000000000e+03
9.505208600000000000e+07 2.970000000000000000e+03 5.370000000000000000e+03 1.950000000000000000e+03 5.440000000000000000e+03
9.505229400000000000e+07 2.960000000000000000e+03 5.370000000000000000e+03 1.950000000000000000e+03 5.390000000000000000e+03
9.505250200000000000e+07 2.980000000000000000e+03 5.370000000000000000e+03 1.950000000000000000e+03 5.410000000000000000e+03
9.505271000000000000e+07 2.980000000000000000e+03 5.370000000000000000e+03 1.950000000000000000e+03 5.460000000000000000e+03
9.505291800000000000e+07 2.970000000000000000e+03 5.370000000000000000e+03 1.940000000000000000e+03 5.420000000000000000e+03
9.505312600000000000e+07 2.960000000000000000e+03 5.390000000000000000e+03 1.940000000000000000e+03 5.410000000000000000e+03
9.505333400000000000e+07 2.970000000000000000e+03 5.380000000000000000e+03 1.950000000000000000e+03 5.410000000000000000e+03
9.505354300000000000e+07 2.960000000000000000e+03 5.370000000000000000e+03 1.940000000000000000e+03 5.460000000000000000e+03
9.505375000000000000e+07 2.960000000000000000e+03 5.370000000000000000e+03 1.940000000000000000e+03 5.420000000000000000e+03
9.505395800000000000e+07 2.960000000000000000e+03 5.370000000000000000e+03 1.930000000000000000e+03 5.460000000000000000e+03
9.505416600000000000e+07 2.950000000000000000e+03 5.360000000000000000e+03 1.940000000000000000e+03 5.440000000000000000e+03
9.505437400000000000e+07 2.960000000000000000e+03 5.350000000000000000e+03 1.940000000000000000e+03 5.440000000000000000e+03
9.505458200000000000e+07 2.960000000000000000e+03 5.360000000000000000e+03 1.940000000000000000e+03 5.410000000000000000e+03
9.505479000000000000e+07 2.970000000000000000e+03 5.350000000000000000e+03 1.950000000000000000e+03 5.410000000000000000e+03
9.505499800000000000e+07 2.960000000000000000e+03 5.360000000000000000e+03 1.950000000000000000e+03 5.380000000000000000e+03
9.505520600000000000e+07 2.950000000000000000e+03 5.370000000000000000e+03 1.960000000000000000e+03 5.390000000000000000e+03
9.505541400000000000e+07 2.960000000000000000e+03 5.370000000000000000e+03 1.950000000000000000e+03 5.420000000000000000e+03
9.505562200000000000e+07 2.970000000000000000e+03 5.370000000000000000e+03 1.950000000000000000e+03 5.460000000000000000e+03
9.505583000000000000e+07 2.960000000000000000e+03 5.370000000000000000e+03 1.950000000000000000e+03 5.430000000000000000e+03
9.505603800000000000e+07 2.970000000000000000e+03 5.380000000000000000e+03 1.950000000000000000e+03 5.450000000000000000e+03
9.505624500000000000e+07 2.970000000000000000e+03 5.390000000000000000e+03 1.950000000000000000e+03 5.450000000000000000e+03
9.505645300000000000e+07 2.990000000000000000e+03 5.390000000000000000e+03 1.950000000000000000e+03 5.420000000000000000e+03
9.505666100000000000e+07 2.990000000000000000e+03 5.380000000000000000e+03 1.950000000000000000e+03 5.400000000000000000e+03
9.505687000000000000e+07 2.970000000000000000e+03 5.370000000000000000e+03 1.950000000000000000e+03 5.440000000000000000e+03
9.505707700000000000e+07 2.970000000000000000e+03 5.370000000000000000e+03 1.950000000000000000e+03 5.390000000000000000e+03
9.505728500000000000e+07 2.970000000000000000e+03 5.370000000000000000e+03 1.950000000000000000e+03 5.380000000000000000e+03
9.505749300000000000e+07 2.970000000000000000e+03 5.370000000000000000e+03 1.950000000000000000e+03 5.380000000000000000e+03
9.505770100000000000e+07 2.970000000000000000e+03 5.380000000000000000e+03 1.940000000000000000e+03 5.430000000000000000e+03
9.505790900000000000e+07 2.960000000000000000e+03 5.380000000000000000e+03 1.950000000000000000e+03 5.460000000000000000e+03
9.505811700000000000e+07 2.980000000000000000e+03 5.390000000000000000e+03 1.950000000000000000e+03 5.410000000000000000e+03
9.505832500000000000e+07 2.990000000000000000e+03 5.370000000000000000e+03 1.950000000000000000e+03 5.410000000000000000e+03
9.505853300000000000e+07 2.980000000000000000e+03 5.360000000000000000e+03 1.950000000000000000e+03 5.410000000000000000e+03
9.505874100000000000e+07 2.990000000000000000e+03 5.360000000000000000e+03 1.950000000000000000e+03 5.400000000000000000e+03
9.505894900000000000e+07 2.980000000000000000e+03 5.380000000000000000e+03 1.950000000000000000e+03 5.450000000000000000e+03
9.505915700000000000e+07 2.980000000000000000e+03 5.370000000000000000e+03 1.950000000000000000e+03 5.390000000000000000e+03
9.505936500000000000e+07 2.970000000000000000e+03 5.370000000000000000e+03 1.950000000000000000e+03 5.450000000000000000e+03
9.505957400000000000e+07 2.990000000000000000e+03 5.370000000000000000e+03 1.950000000000000000e+03 5.400000000000000000e+03
9.505978100000000000e+07 2.980000000000000000e+03 5.370000000000000000e+03 1.950000000000000000e+03 5.440000000000000000e+03
9.505998900000000000e+07 2.970000000000000000e+03 5.370000000000000000e+03 1.950000000000000000e+03 5.400000000000000000e+03
9.510019600000000000e+07 2.960000000000000000e+03 5.370000000000000000e+03 1.950000000000000000e+03 5.420000000000000000e+03
9.510040500000000000e+07 2.970000000000000000e+03 5.360000000000000000e+03 1.960000000000000000e+03 5.420000000000000000e+03
9.510061300000000000e+07 2.980000000000000000e+03 5.370000000000000000e+03 1.960000000000000000e+03 5.460000000000000000e+03
9.510082100000000000e+07 2.960000000000000000e+03 5.360000000000000000e+03 1.960000000000000000e+03 5.450000000000000000e+03
9.510102900000000000e+07 2.960000000000000000e+03 5.360000000000000000e+03 1.950000000000000000e+03 5.390000000000000000e+03
9.510123700000000000e+07 2.960000000000000000e+03 5.360000000000000000e+03 1.950000000000000000e+03 5.440000000000000000e+03
9.510144400000000000e+07 2.960000000000000000e+03 5.370000000000000000e+03 1.940000000000000000e+03 5.390000000000000000e+03
9.510165300000000000e+07 2.990000000000000000e+03 5.370000000000000000e+03 1.950000000000000000e+03 5.450000000000000000e+03
9.510186000000000000e+07 2.990000000000000000e+03 5.380000000000000000e+03 1.960000000000000000e+03 5.380000000000000000e+03
9.510206800000000000e+07 3.000000000000000000e+03 5.370000000000000000e+03 1.960000000000000000e+03 5.420000000000000000e+03
9.510227600000000000e+07 3.000000000000000000e+03 5.380000000000000000e+03 1.960000000000000000e+03 5.410000000000000000e+03
9.510248400000000000e+07 2.990000000000000000e+03 5.380000000000000000e+03 1.950000000000000000e+03 5.450000000000000000e+03
9.510269300000000000e+07 2.980000000000000000e+03 5.380000000000000000e+03 1.950000000000000000e+03 5.420000000000000000e+03
9.510290000000000000e+07 2.980000000000000000e+03 5.380000000000000000e+03 1.960000000000000000e+03 5.380000000000000000e+03
9.510310800000000000e+07 2.970000000000000000e+03 5.390000000000000000e+03 1.950000000000000000e+03 5.450000000000000000e+03
9.510331600000000000e+07 2.970000000000000000e+03 5.390000000000000000e+03 1.950000000000000000e+03 5.430000000000000000e+03
9.510352400000000000e+07 2.970000000000000000e+03 5.390000000000000000e+03 1.950000000000000000e+03 5.380000000000000000e+03
9.510373200000000000e+07 2.970000000000000000e+03 5.400000000000000000e+03 1.950000000000000000e+03 5.450000000000000000e+03
9.510394000000000000e+07 2.960000000000000000e+03 5.390000000000000000e+03 1.950000000000000000e+03 5.390000000000000000e+03
9.510414800000000000e+07 2.980000000000000000e+03 5.410000000000000000e+03 1.950000000000000000e+03 5.410000000000000000e+03
9.510435600000000000e+07 2.980000000000000000e+03 5.410000000000000000e+03 1.950000000000000000e+03 5.440000000000000000e+03
9.510456400000000000e+07 2.990000000000000000e+03 5.390000000000000000e+03 1.960000000000000000e+03 5.400000000000000000e+03
9.510477200000000000e+07 2.970000000000000000e+03 5.380000000000000000e+03 1.960000000000000000e+03 5.440000000000000000e+03
9.510498000000000000e+07 2.960000000000000000e+03 5.370000000000000000e+03 1.950000000000000000e+03 5.410000000000000000e+03
9.510518800000000000e+07 2.980000000000000000e+03 5.370000000000000000e+03 1.950000000000000000e+03 5.380000000000000000e+03
9.510539600000000000e+07 2.980000000000000000e+03 5.370000000000000000e+03 1.950000000000000000e+03 5.410000000000000000e+03
9.510560400000000000e+07 2.960000000000000000e+03 5.370000000000000000e+03 1.950000000000000000e+03 5.410000000000000000e+03
9.510581100000000000e+07 2.960000000000000000e+03 5.390000000000000000e+03 1.950000000000000000e+03 5.410000000000000000e+03
9.510602000000000000e+07 2.960000000000000000e+03 5.380000000000000000e+03 1.950000000000000000e+03 5.410000000000000000e+03
9.510622800000000000e+07 2.960000000000000000e+03 5.380000000000000000e+03 1.960000000000000000e+03 5.380000000000000000e+03
9.510643500000000000e+07 2.960000000000000000e+03 5.390000000000000000e+03 1.950000000000000000e+03 5.430000000000000000e+03
9.510664400000000000e+07 2.980000000000000000e+03 5.380000000000000000e+03 1.960000000000000000e+03 5.430000000000000000e+03
9.510685200000000000e+07 3.000000000000000000e+03 5.380000000000000000e+03 1.950000000000000000e+03 5.390000000000000000e+03
9.510706000000000000e+07 2.990000000000000000e+03 5.370000000000000000e+03 1.960000000000000000e+03 5.390000000000000000e+03
9.510726800000000000e+07 2.980000000000000000e+03 5.370000000000000000e+03 1.960000000000000000e+03 5.410000000000000000e+03
9.510747600000000000e+07 2.990000000000000000e+03 5.370000000000000000e+03 1.950000000000000000e+03 5.390000000000000000e+03
9.510768400000000000e+07 2.990000000000000000e+03 5.360000000000000000e+03 1.950000000000000000e+03 5.380000000000000000e+03
9.510789200000000000e+07 2.980000000000000000e+03 5.370000000000000000e+03 1.950000000000000000e+03 5.440000000000000000e+03
9.510809900000000000e+07 2.970000000000000000e+03 5.360000000000000000e+03 1.950000000000000000e+03 5.400000000000000000e+03
9.510830800000000000e+07 2.980000000000000000e+03 5.360000000000000000e+03 1.950000000000000000e+03 5.400000000000000000e+03
9.510851600000000000e+07 2.980000000000000000e+03 5.360000000000000000e+03 1.950000000000000000e+03 5.390000000000000000e+03
9.510872400000000000e+07 2.980000000000000000e+03 5.360000000000000000e+03 1.950000000000000000e+03 5.430000000000000000e+03
9.510893200000000000e+07 2.990000000000000000e+03 5.380000000000000000e+03 1.940000000000000000e+03 5.460000000000000000e+03
9.510914000000000000e+07 3.000000000000000000e+03 5.370000000000000000e+03 1.940000000000000000e+03 5.410000000000000000e+03
9.510934700000000000e+07 2.990000000000000000e+03 5.380000000000000000e+03 1.950000000000000000e+03 5.400000000000000000e+03
9.510955500000000000e+07 2.980000000000000000e+03 5.360000000000000000e+03 1.950000000000000000e+03 5.410000000000000000e+03
9.510976300000000000e+07 2.980000000000000000e+03 5.380000000000000000e+03 1.950000000000000000e+03 5.440000000000000000e+03
9.510997200000000000e+07 2.970000000000000000e+03 5.380000000000000000e+03 1.950000000000000000e+03 5.440000000000000000e+03
9.511017900000000000e+07 3.000000000000000000e+03 5.380000000000000000e+03 1.950000000000000000e+03 5.400000000000000000e+03
9.511038700000000000e+07 2.990000000000000000e+03 5.390000000000000000e+03 1.950000000000000000e+03 5.410000000000000000e+03
9.511059500000000000e+07 2.990000000000000000e+03 5.380000000000000000e+03 1.950000000000000000e+03 5.410000000000000000e+03
9.511080300000000000e+07 2.990000000000000000e+03 5.370000000000000000e+03 1.950000000000000000e+03 5.400000000000000000e+03
9.511101100000000000e+07 2.980000000000000000e+03 5.370000000000000000e+03 1.950000000000000000e+03 5.400000000000000000e+03
9.511121900000000000e+07 2.980000000000000000e+03 5.380000000000000000e+03 1.960000000000000000e+03 5.400000000000000000e+03
9.511142700000000000e+07 2.970000000000000000e+03 5.380000000000000000e+03 1.950000000000000000e+03 5.420000000000000000e+03
9.511163500000000000e+07 2.980000000000000000e+03 5.370000000000000000e+03 1.940000000000000000e+03 5.450000000000000000e+03
9.511184300000000000e+07 2.970000000000000000e+03 5.370000000000000000e+03 1.940000000000000000e+03 5.470000000000000000e+03
9.511205000000000000e+07 2.970000000000000000e+03 5.370000000000000000e+03 1.940000000000000000e+03 5.410000000000000000e+03
9.511225900000000000e+07 2.960000000000000000e+03 5.380000000000000000e+03 1.940000000000000000e+03 5.450000000000000000e+03
9.511246600000000000e+07 2.960000000000000000e+03 5.380000000000000000e+03 1.950000000000000000e+03 5.400000000000000000e+03
9.511267500000000000e+07 2.980000000000000000e+03 5.380000000000000000e+03 1.950000000000000000e+03 5.380000000000000000e+03
9.511288300000000000e+07 3.000000000000000000e+03 5.380000000000000000e+03 1.950000000000000000e+03 5.430000000000000000e+03
9.511309100000000000e+07 3.000000000000000000e+03 5.400000000000000000e+03 1.950000000000000000e+03 5.440000000000000000e+03
9.511329900000000000e+07 2.980000000000000000e+03 5.410000000000000000e+03 1.940000000000000000e+03 5.410000000000000000e+03
9.511350700000000000e+07 2.970000000000000000e+03 5.410000000000000000e+03 1.940000000000000000e+03 5.450000000000000000e+03
9.511371500000000000e+07 2.970000000000000000e+03 5.400000000000000000e+03 1.940000000000000000e+03 5.420000000000000000e+03
9.511392300000000000e+07 2.990000000000000000e+03 5.400000000000000000e+03 1.940000000000000000e+03 5.410000000000000000e+03
9.511413100000000000e+07 2.980000000000000000e+03 5.400000000000000000e+03 1.940000000000000000e+03 5.410000000000000000e+03
