9.585009900000000000e+07 4.400000000000000000e+03 6.320000000000000000e+03 5.800000000000000000e+02 4.720000000000000000e+03
9.585030700000000000e+07 4.410000000000000000e+03 6.320000000000000000e+03 5.800000000000000000e+02 4.770000000000000000e+03
9.585051500000000000e+07 4.410000000000000000e+03 6.320000000000000000e+03 5.700000000000000000e+02 4.780000000000000000e+03
9.585072200000000000e+07 4.410000000000000000e+03 6.320000000000000000e+03 5.700000000000000000e+02 4.820000000000000000e+03
9.585093100000000000e+07 4.410000000000000000e+03 6.310000000000000000e+03 5.700000000000000000e+02 4.830000000000000000e+03
9.585113900000000000e+07 4.410000000000000000e+03 6.310000000000000000e+03 5.700000000000000000e+02 4.970000000000000000e+03
9.585134600000000000e+07 4.410000000000000000e+03 6.310000000000000000e+03 5.700000000000000000e+02 5.020000000000000000e+03
9.585155500000000000e+07 4.410000000000000000e+03 6.330000000000000000e+03 5.800000000000000000e+02 5.040000000000000000e+03
9.585176300000000000e+07 4.410000000000000000e+03 6.330000000000000000e+03 5.800000000000000000e+02 5.060000000000000000e+03
9.585197100000000000e+07 4.400000000000000000e+03 6.320000000000000000e+03 5.800000000000000000e+02 5.060000000000000000e+03
9.585217800000000000e+07 4.410000000000000000e+03 6.310000000000000000e+03 5.800000000000000000e+02 5.060000000000000000e+03
9.585238600000000000e+07 4.410000000000000000e+03 6.330000000000000000e+03 5.800000000000000000e+02 5.020000000000000000e+03
9.585259500000000000e+07 4.410000000000000000e+03 6.330000000000000000e+03 5.800000000000000000e+02 4.970000000000000000e+03
9.585280300000000000e+07 4.400000000000000000e+03 6.320000000000000000e+03 5.800000000000000000e+02 4.960000000000000000e+03
9.585301100000000000e+07 4.400000000000000000e+03 6.320000000000000000e+03 5.800000000000000000e+02 4.950000000000000000e+03
9.585321900000000000e+07 4.400000000000000000e+03 6.320000000000000000e+03 5.700000000000000000e+02 4.960000000000000000e+03
9.585342700000000000e+07 4.400000000000000000e+03 6.330000000000000000e+03 5.800000000000000000e+02 4.950000000000000000e+03
9.585363500000000000e+07 4.410000000000000000e+03 6.330000000000000000e+03 5.800000000000000000e+02 4.930000000000000000e+03
9.585384200000000000e+07 4.400000000000000000e+03 6.330000000000000000e+03 5.900000000000000000e+02 4.870000000000000000e+03
9.585405000000000000e+07 4.400000000000000000e+03 6.330000000000000000e+03 5.900000000000000000e+02 4.840000000000000000e+03
9.585425800000000000e+07 4.400000000000000000e+03 6.330000000000000000e+03 5.900000000000000000e+02 4.840000000000000000e+03
9.585446600000000000e+07 4.400000000000000000e+03 6.320000000000000000e+03 5.900000000000000000e+02 4.840000000000000000e+03
9.585467400000000000e+07 4.410000000000000000e+03 6.330000000000000000e+03 5.900000000000000000e+02 4.840000000000000000e+03
9.585488200000000000e+07 4.410000000000000000e+03 6.320000000000000000e+03 5.900000000000000000e+02 4.850000000000000000e+03
9.585509000000000000e+07 4.410000000000000000e+03 6.320000000000000000e+03 5.900000000000000000e+02 4.850000000000000000e+03
9.585529800000000000e+07 4.410000000000000000e+03 6.310000000000000000e+03 5.900000000000000000e+02 4.840000000000000000e+03
9.585550600000000000e+07 4.410000000000000000e+03 6.320000000000000000e+03 5.900000000000000000e+02 4.840000000000000000e+03
9.585571500000000000e+07 4.410000000000000000e+03 6.330000000000000000e+03 5.900000000000000000e+02 4.840000000000000000e+03
9.585592200000000000e+07 4.410000000000000000e+03 6.330000000000000000e+03 5.900000000000000000e+02 4.840000000000000000e+03
9.585613000000000000e+07 4.410000000000000000e+03 6.320000000000000000e+03 5.800000000000000000e+02 4.840000000000000000e+03
9.585633800000000000e+07 4.410000000000000000e+03 6.320000000000000000e+03 5.800000000000000000e+02 4.840000000000000000e+03
9.585654600000000000e+07 4.410000000000000000e+03 6.330000000000000000e+03 5.800000000000000000e+02 4.840000000000000000e+03
9.585675400000000000e+07 4.400000000000000000e+03 6.340000000000000000e+03 5.800000000000000000e+02 4.830000000000000000e+03
9.585696200000000000e+07 4.410000000000000000e+03 6.330000000000000000e+03 5.800000000000000000e+02 4.820000000000000000e+03
9.585717000000000000e+07 4.400000000000000000e+03 6.320000000000000000e+03 5.800000000000000000e+02 4.820000000000000000e+03
9.585737800000000000e+07 4.420000000000000000e+03 6.330000000000000000e+03 5.800000000000000000e+02 4.830000000000000000e+03
9.585758600000000000e+07 4.420000000000000000e+03 6.330000000000000000e+03 5.700000000000000000e+02 4.830000000000000000e+03
9.585779400000000000e+07 4.420000000000000000e+03 6.330000000000000000e+03 5.700000000000000000e+02 4.850000000000000000e+03
9.585800200000000000e+07 4.420000000000000000e+03 6.320000000000000000e+03 5.800000000000000000e+02 4.840000000000000000e+03
9.585821100000000000e+07 4.420000000000000000e+03 6.310000000000000000e+03 5.800000000000000000e+02 4.850000000000000000e+03
9.585841800000000000e+07 4.420000000000000000e+03 6.300000000000000000e+03 5.800000000000000000e+02 4.850000000000000000e+03
9.585862600000000000e+07 4.410000000000000000e+03 6.310000000000000000e+03 5.800000000000000000e+02 4.850000000000000000e+03
9.585883400000000000e+07 4.410000000000000000e+03 6.310000000000000000e+03 5.800000000000000000e+02 4.820000000000000000e+03
9.585904200000000000e+07 4.410000000000000000e+03 6.310000000000000000e+03 5.800000000000000000e+02 4.810000000000000000e+03
9.585924900000000000e+07 4.410000000000000000e+03 6.320000000000000000e+03 5.800000000000000000e+02 4.810000000000000000e+03
9.585945800000000000e+07 4.410000000000000000e+03 6.330000000000000000e+03 5.800000000000000000e+02 4.830000000000000000e+03
9.585966500000000000e+07 4.410000000000000000e+03 6.330000000000000000e+03 5.800000000000000000e+02 4.830000000000000000e+03
9.585987300000000000e+07 4.400000000000000000e+03 6.340000000000000000e+03 5.800000000000000000e+02 4.830000000000000000e+03
9.590008100000000000e+07 4.400000000000000000e+03 6.340000000000000000e+03 5.800000000000000000e+02 4.830000000000000000e+03
9.590028900000000000e+07 4.410000000000000000e+03 6.340000000000000000e+03 5.800000000000000000e+02 4.840000000000000000e+03
9.590049700000000000e+07 4.410000000000000000e+03 6.330000000000000000e+03 5.800000000000000000e+02 4.840000000000000000e+03
9.590070500000000000e+07 4.400000000000000000e+03 6.330000000000000000e+03 5.800000000000000000e+02 4.850000000000000000e+03
9.590091300000000000e+07 4.400000000000000000e+03 6.320000000000000000e+03 5.800000000000000000e+02 4.850000000000000000e+03
9.590112100000000000e+07 4.410000000000000000e+03 6.320000000000000000e+03 5.800000000000000000e+02 4.850000000000000000e+03
9.590132900000000000e+07 4.420000000000000000e+03 6.330000000000000000e+03 5.800000000000000000e+02 4.850000000000000000e+03
9.590153700000000000e+07 4.410000000000000000e+03 6.320000000000000000e+03 5.800000000000000000e+02 4.850000000000000000e+03
9.590174500000000000e+07 4.400000000000000000e+03 6.330000000000000000e+03 5.800000000000000000e+02 4.840000000000000000e+03
9.590216100000000000e+07 4.400000000000000000e+03 6.340000000000000000e+03 5.800000000000000000e+02 4.840000000000000000e+03
9.590236800000000000e+07 4.400000000000000000e+03 6.340000000000000000e+03 5.800000000000000000e+02 4.840000000000000000e+03
9.590257700000000000e+07 4.420000000000000000e+03 6.350000000000000000e+03 5.800000000000000000e+02 4.840000000000000000e+03
9.590278500000000000e+07 4.410000000000000000e+03 6.350000000000000000e+03 5.800000000000000000e+02 4.840000000000000000e+03
9.590299200000000000e+07 4.410000000000000000e+03 6.350000000000000000e+03 5.700000000000000000e+02 4.830000000000000000e+03
9.590320100000000000e+07 4.420000000000000000e+03 6.330000000000000000e+03 5.800000000000000000e+02 4.840000000000000000e+03
9.590340900000000000e+07 4.430000000000000000e+03 6.330000000000000000e+03 5.800000000000000000e+02 4.840000000000000000e+03
9.590361600000000000e+07 4.430000000000000000e+03 6.340000000000000000e+03 5.800000000000000000e+02 4.860000000000000000e+03
9.590382400000000000e+07 4.430000000000000000e+03 6.340000000000000000e+03 5.800000000000000000e+02 4.870000000000000000e+03
9.590403200000000000e+07 4.420000000000000000e+03 6.330000000000000000e+03 5.800000000000000000e+02 4.870000000000000000e+03
9.590424000000000000e+07 4.420000000000000000e+03 6.330000000000000000e+03 5.800000000000000000e+02 4.880000000000000000e+03
9.590444900000000000e+07 4.420000000000000000e+03 6.320000000000000000e+03 5.800000000000000000e+02 4.880000000000000000e+03
9.590465600000000000e+07 4.420000000000000000e+03 6.330000000000000000e+03 5.800000000000000000e+02 4.880000000000000000e+03
9.590486500000000000e+07 4.420000000000000000e+03 6.320000000000000000e+03 5.800000000000000000e+02 4.880000000000000000e+03
9.590507300000000000e+07 4.420000000000000000e+03 6.320000000000000000e+03 5.800000000000000000e+02 4.880000000000000000e+03
9.590528000000000000e+07 4.420000000000000000e+03 6.330000000000000000e+03 5.800000000000000000e+02 4.880000000000000000e+03
9.590548900000000000e+07 4.420000000000000000e+03 6.330000000000000000e+03 5.800000000000000000e+02 4.870000000000000000e+03
9.590569600000000000e+07 4.410000000000000000e+03 6.340000000000000000e+03 5.800000000000000000e+02 4.860000000000000000e+03
9.590590400000000000e+07 4.400000000000000000e+03 6.330000000000000000e+03 5.700000000000000000e+02 4.860000000000000000e+03
9.590611200000000000e+07 4.400000000000000000e+03 6.330000000000000000e+03 5.800000000000000000e+02 4.850000000000000000e+03
9.590632000000000000e+07 4.400000000000000000e+03 6.340000000000000000e+03 5.700000000000000000e+02 4.850000000000000000e+03
9.590652800000000000e+07 4.390000000000000000e+03 6.330000000000000000e+03 5.700000000000000000e+02 4.840000000000000000e+03
9.590673600000000000e+07 4.390000000000000000e+03 6.330000000000000000e+03 5.800000000000000000e+02 4.840000000000000000e+03
9.590694400000000000e+07 4.410000000000000000e+03 6.320000000000000000e+03 5.900000000000000000e+02 4.840000000000000000e+03
9.590715200000000000e+07 4.410000000000000000e+03 6.330000000000000000e+03 5.900000000000000000e+02 4.850000000000000000e+03
9.590736000000000000e+07 4.420000000000000000e+03 6.340000000000000000e+03 5.900000000000000000e+02 4.850000000000000000e+03
9.590756800000000000e+07 4.410000000000000000e+03 6.330000000000000000e+03 5.900000000000000000e+02 4.850000000000000000e+03
9.590777600000000000e+07 4.400000000000000000e+03 6.320000000000000000e+03 5.900000000000000000e+02 4.850000000000000000e+03
9.590798400000000000e+07 4.400000000000000000e+03 6.330000000000000000e+03 5.900000000000000000e+02 4.850000000000000000e+03
9.590819200000000000e+07 4.390000000000000000e+03 6.320000000000000000e+03 5.900000000000000000e+02 4.850000000000000000e+03
9.590840000000000000e+07 4.390000000000000000e+03 6.320000000000000000e+03 5.900000000000000000e+02 4.850000000000000000e+03
9.590860800000000000e+07 4.400000000000000000e+03 6.320000000000000000e+03 5.800000000000000000e+02 4.860000000000000000e+03
9.590881600000000000e+07 4.410000000000000000e+03 6.310000000000000000e+03 5.800000000000000000e+02 4.860000000000000000e+03
9.590902400000000000e+07 4.410000000000000000e+03 6.320000000000000000e+03 5.800000000000000000e+02 4.850000000000000000e+03
9.590923100000000000e+07 4.400000000000000000e+03 6.320000000000000000e+03 5.800000000000000000e+02 4.850000000000000000e+03
9.590944000000000000e+07 4.400000000000000000e+03 6.320000000000000000e+03 5.800000000000000000e+02 4.850000000000000000e+03
9.590964700000000000e+07 4.410000000000000000e+03 6.320000000000000000e+03 5.700000000000000000e+02 4.850000000000000000e+03
9.590985600000000000e+07 4.420000000000000000e+03 6.330000000000000000e+03 5.800000000000000000e+02 4.840000000000000000e+03
9.591006400000000000e+07 4.410000000000000000e+03 6.340000000000000000e+03 5.800000000000000000e+02 4.830000000000000000e+03
9.591027200000000000e+07 4.400000000000000000e+03 6.330000000000000000e+03 5.800000000000000000e+02 4.820000000000000000e+03
9.591048000000000000e+07 4.400000000000000000e+03 6.320000000000000000e+03 5.800000000000000000e+02 4.810000000000000000e+03
9.591068800000000000e+07 4.400000000000000000e+03 6.320000000000000000e+03 5.800000000000000000e+02 4.820000000000000000e+03
9.591089500000000000e+07 4.400000000000000000e+03 6.330000000000000000e+03 5.800000000000000000e+02 4.830000000000000000e+03
9.591110300000000000e+07 4.400000000000000000e+03 6.330000000000000000e+03 5.800000000000000000e+02 4.830000000000000000e+03
9.591131100000000000e+07 4.400000000000000000e+03 6.330000000000000000e+03 5.800000000000000000e+02 4.830000000000000000e+03
9.591151900000000000e+07 4.400000000000000000e+03 6.330000000000000000e+03 5.800000000000000000e+02 4.820000000000000000e+03
9.591172700000000000e+07 4.390000000000000000e+03 6.330000000000000000e+03 5.800000000000000000e+02 4.820000000000000000e+03
9.591193500000000000e+07 4.400000000000000000e+03 6.320000000000000000e+03 5.800000000000000000e+02 4.820000000000000000e+03
9.591214300000000000e+07 4.400000000000000000e+03 6.320000000000000000e+03 5.800000000000000000e+02 4.820000000000000000e+03
9.591235100000000000e+07 4.400000000000000000e+03 6.310000000000000000e+03 5.800000000000000000e+02 4.810000000000000000e+03
9.591255900000000000e+07 4.400000000000000000e+03 6.310000000000000000e+03 5.800000000000000000e+02 4.810000000000000000e+03
9.591276700000000000e+07 4.390000000000000000e+03 6.300000000000000000e+03 5.900000000000000000e+02 4.840000000000000000e+03
9.591297500000000000e+07 4.400000000000000000e+03 6.300000000000000000e+03 5.900000000000000000e+02 4.830000000000000000e+03
9.591318300000000000e+07 4.400000000000000000e+03 6.300000000000000000e+03 5.900000000000000000e+02 4.830000000000000000e+03
9.591339100000000000e+07 4.400000000000000000e+03 6.310000000000000000e+03 5.900000000000000000e+02 4.820000000000000000e+03
9.591359900000000000e+07 4.400000000000000000e+03 6.310000000000000000e+03 5.900000000000000000e+02 4.800000000000000000e+03
9.591380700000000000e+07 4.400000000000000000e+03 6.320000000000000000e+03 5.800000000000000000e+02 4.790000000000000000e+03
9.591401500000000000e+07 4.410000000000000000e+03 6.320000000000000000e+03 5.800000000000000000e+02 4.790000000000000000e+03
9.591422300000000000e+07 4.400000000000000000e+03 6.310000000000000000e+03 5.700000000000000000e+02 4.800000000000000000e+03
9.591443100000000000e+07 4.400000000000000000e+03 6.310000000000000000e+03 5.800000000000000000e+02 4.790000000000000000e+03
9.591463900000000000e+07 4.410000000000000000e+03 6.310000000000000000e+03 5.700000000000000000e+02 4.790000000000000000e+03
9.591484700000000000e+07 4.420000000000000000e+03 6.310000000000000000e+03 5.700000000000000000e+02 4.790000000000000000e+03
9.591505500000000000e+07 4.420000000000000000e+03 6.310000000000000000e+03 5.700000000000000000e+02 4.790000000000000000e+03
9.591526300000000000e+07 4.410000000000000000e+03 6.320000000000000000e+03 5.800000000000000000e+02 4.790000000000000000e+03
9.591547100000000000e+07 4.410000000000000000e+03 6.330000000000000000e+03 5.800000000000000000e+02 4.790000000000000000e+03
9.591567800000000000e+07 4.420000000000000000e+03 6.320000000000000000e+03 5.800000000000000000e+02 4.790000000000000000e+03
9.591590100000000000e+07 4.420000000000000000e+03 6.310000000000000000e+03 5.800000000000000000e+02 4.790000000000000000e+03
9.591609400000000000e+07 4.420000000000000000e+03 6.310000000000000000e+03 5.800000000000000000e+02 4.790000000000000000e+03
9.591630300000000000e+07 4.420000000000000000e+03 6.310000000000000000e+03 5.800000000000000000e+02 4.800000000000000000e+03
9.591651100000000000e+07 4.420000000000000000e+03 6.300000000000000000e+03 5.700000000000000000e+02 4.810000000000000000e+03
9.591671800000000000e+07 4.420000000000000000e+03 6.310000000000000000e+03 5.800000000000000000e+02 4.810000000000000000e+03
9.591692600000000000e+07 4.420000000000000000e+03 6.320000000000000000e+03 5.800000000000000000e+02 4.820000000000000000e+03
9.591713400000000000e+07 4.420000000000000000e+03 6.330000000000000000e+03 5.800000000000000000e+02 4.830000000000000000e+03
9.591734300000000000e+07 4.420000000000000000e+03 6.320000000000000000e+03 5.800000000000000000e+02 4.830000000000000000e+03
9.591755000000000000e+07 4.410000000000000000e+03 6.330000000000000000e+03 5.900000000000000000e+02 4.830000000000000000e+03
9.591775800000000000e+07 4.420000000000000000e+03 6.330000000000000000e+03 5.900000000000000000e+02 4.830000000000000000e+03
9.591796600000000000e+07 4.420000000000000000e+03 6.330000000000000000e+03 5.800000000000000000e+02 4.830000000000000000e+03
9.591817500000000000e+07 4.420000000000000000e+03 6.320000000000000000e+03 5.800000000000000000e+02 4.830000000000000000e+03
9.591838200000000000e+07 4.410000000000000000e+03 6.320000000000000000e+03 5.700000000000000000e+02 4.820000000000000000e+03
9.591859000000000000e+07 4.400000000000000000e+03 6.320000000000000000e+03 5.800000000000000000e+02 4.810000000000000000e+03
9.591879800000000000e+07 4.400000000000000000e+03 6.320000000000000000e+03 5.800000000000000000e+02 4.810000000000000000e+03
9.591900600000000000e+07 4.410000000000000000e+03 6.320000000000000000e+03 5.800000000000000000e+02 4.800000000000000000e+03
9.591921400000000000e+07 4.400000000000000000e+03 6.330000000000000000e+03 5.800000000000000000e+02 4.790000000000000000e+03
9.592898800000000000e+07 4.430000000000000000e+03 6.340000000000000000e+03 7.800000000000000000e+02 4.520000000000000000e+03
9.592940400000000000e+07 4.440000000000000000e+03 6.350000000000000000e+03 8.000000000000000000e+02 4.530000000000000000e+03
9.592961200000000000e+07 4.430000000000000000e+03 6.340000000000000000e+03 8.700000000000000000e+02 4.530000000000000000e+03
9.592982000000000000e+07 4.430000000000000000e+03 6.330000000000000000e+03 9.500000000000000000e+02 4.530000000000000000e+03
9.593002800000000000e+07 4.430000000000000000e+03 6.340000000000000000e+03 1.070000000000000000e+03 4.530000000000000000e+03
9.593023600000000000e+07 4.430000000000000000e+03 6.330000000000000000e+03 1.220000000000000000e+03 4.540000000000000000e+03
9.593044400000000000e+07 4.430000000000000000e+03 6.330000000000000000e+03 1.190000000000000000e+03 4.550000000000000000e+03
9.593065200000000000e+07 4.430000000000000000e+03 6.310000000000000000e+03 1.220000000000000000e+03 4.550000000000000000e+03
9.593086000000000000e+07 4.430000000000000000e+03 6.330000000000000000e+03 1.110000000000000000e+03 4.550000000000000000e+03
9.593105300000000000e+07 4.430000000000000000e+03 6.330000000000000000e+03 1.030000000000000000e+03 4.550000000000000000e+03
9.593126000000000000e+07 4.420000000000000000e+03 6.330000000000000000e+03 9.600000000000000000e+02 4.550000000000000000e+03
9.593146800000000000e+07 4.410000000000000000e+03 6.330000000000000000e+03 9.000000000000000000e+02 4.550000000000000000e+03
9.593167600000000000e+07 4.400000000000000000e+03 6.340000000000000000e+03 8.700000000000000000e+02 4.550000000000000000e+03
9.593188400000000000e+07 4.400000000000000000e+03 6.320000000000000000e+03 8.700000000000000000e+02 4.550000000000000000e+03
9.593209200000000000e+07 4.400000000000000000e+03 6.320000000000000000e+03 9.000000000000000000e+02 4.550000000000000000e+03
9.593230000000000000e+07 4.420000000000000000e+03 6.330000000000000000e+03 8.700000000000000000e+02 4.550000000000000000e+03
9.593250800000000000e+07 4.430000000000000000e+03 6.320000000000000000e+03 8.500000000000000000e+02 4.540000000000000000e+03
9.593271500000000000e+07 4.440000000000000000e+03 6.300000000000000000e+03 8.900000000000000000e+02 4.540000000000000000e+03
9.593292400000000000e+07 4.450000000000000000e+03 6.300000000000000000e+03 9.400000000000000000e+02 4.550000000000000000e+03
9.593313200000000000e+07 4.440000000000000000e+03 6.330000000000000000e+03 9.600000000000000000e+02 4.550000000000000000e+03
9.593334000000000000e+07 4.440000000000000000e+03 6.330000000000000000e+03 9.700000000000000000e+02 4.550000000000000000e+03
9.593354700000000000e+07 4.440000000000000000e+03 6.320000000000000000e+03 9.600000000000000000e+02 4.570000000000000000e+03
9.593375500000000000e+07 4.440000000000000000e+03 6.320000000000000000e+03 9.600000000000000000e+02 4.570000000000000000e+03
9.593396300000000000e+07 4.440000000000000000e+03 6.330000000000000000e+03 9.600000000000000000e+02 4.570000000000000000e+03
9.593417200000000000e+07 4.440000000000000000e+03 6.330000000000000000e+03 9.600000000000000000e+02 4.560000000000000000e+03
9.593437900000000000e+07 4.430000000000000000e+03 6.340000000000000000e+03 9.300000000000000000e+02 4.550000000000000000e+03
9.593457100000000000e+07 4.430000000000000000e+03 6.340000000000000000e+03 9.300000000000000000e+02 4.560000000000000000e+03
9.593477900000000000e+07 4.430000000000000000e+03 6.330000000000000000e+03 9.400000000000000000e+02 4.550000000000000000e+03
9.593498800000000000e+07 4.420000000000000000e+03 6.350000000000000000e+03 9.500000000000000000e+02 4.540000000000000000e+03
9.593519500000000000e+07 4.410000000000000000e+03 6.330000000000000000e+03 9.600000000000000000e+02 4.540000000000000000e+03
9.593540300000000000e+07 4.410000000000000000e+03 6.340000000000000000e+03 1.020000000000000000e+03 4.540000000000000000e+03
9.593561100000000000e+07 4.410000000000000000e+03 6.340000000000000000e+03 1.050000000000000000e+03 4.540000000000000000e+03
9.593581900000000000e+07 4.410000000000000000e+03 6.340000000000000000e+03 1.090000000000000000e+03 4.540000000000000000e+03
9.593602700000000000e+07 4.410000000000000000e+03 6.330000000000000000e+03 1.110000000000000000e+03 4.550000000000000000e+03
9.593623500000000000e+07 4.400000000000000000e+03 6.340000000000000000e+03 1.100000000000000000e+03 4.550000000000000000e+03
9.593644300000000000e+07 4.410000000000000000e+03 6.340000000000000000e+03 1.090000000000000000e+03 4.550000000000000000e+03
9.593665100000000000e+07 4.420000000000000000e+03 6.350000000000000000e+03 1.060000000000000000e+03 4.550000000000000000e+03
9.593685900000000000e+07 4.420000000000000000e+03 6.330000000000000000e+03 1.040000000000000000e+03 4.550000000000000000e+03
9.593706600000000000e+07 4.410000000000000000e+03 6.340000000000000000e+03 1.050000000000000000e+03 4.540000000000000000e+03
9.593727500000000000e+07 4.420000000000000000e+03 6.340000000000000000e+03 1.050000000000000000e+03 4.550000000000000000e+03
9.593748300000000000e+07 4.420000000000000000e+03 6.350000000000000000e+03 1.050000000000000000e+03 4.550000000000000000e+03
9.593769100000000000e+07 4.430000000000000000e+03 6.340000000000000000e+03 1.050000000000000000e+03 4.550000000000000000e+03
9.593788300000000000e+07 4.430000000000000000e+03 6.340000000000000000e+03 1.090000000000000000e+03 4.550000000000000000e+03
9.593809100000000000e+07 4.430000000000000000e+03 6.340000000000000000e+03 1.070000000000000000e+03 4.550000000000000000e+03
9.593829900000000000e+07 4.430000000000000000e+03 6.320000000000000000e+03 1.110000000000000000e+03 4.560000000000000000e+03
9.593850800000000000e+07 4.420000000000000000e+03 6.330000000000000000e+03 1.090000000000000000e+03 4.560000000000000000e+03
9.593871500000000000e+07 4.420000000000000000e+03 6.330000000000000000e+03 1.060000000000000000e+03 4.550000000000000000e+03
9.593892300000000000e+07 4.410000000000000000e+03 6.340000000000000000e+03 1.030000000000000000e+03 4.550000000000000000e+03
9.593913100000000000e+07 4.400000000000000000e+03 6.340000000000000000e+03 9.900000000000000000e+02 4.530000000000000000e+03
9.593933800000000000e+07 4.400000000000000000e+03 6.330000000000000000e+03 9.700000000000000000e+02 4.540000000000000000e+03
9.593954700000000000e+07 4.410000000000000000e+03 6.330000000000000000e+03 9.200000000000000000e+02 4.540000000000000000e+03
9.593975500000000000e+07 4.420000000000000000e+03 6.340000000000000000e+03 9.000000000000000000e+02 4.540000000000000000e+03
9.593996200000000000e+07 4.420000000000000000e+03 6.330000000000000000e+03 8.800000000000000000e+02 4.530000000000000000e+03
9.594017000000000000e+07 4.420000000000000000e+03 6.330000000000000000e+03 8.700000000000000000e+02 4.530000000000000000e+03
9.594037800000000000e+07 4.420000000000000000e+03 6.340000000000000000e+03 8.500000000000000000e+02 4.530000000000000000e+03
9.594058600000000000e+07 4.420000000000000000e+03 6.350000000000000000e+03 8.400000000000000000e+02 4.530000000000000000e+03
9.594079400000000000e+07 4.420000000000000000e+03 6.350000000000000000e+03 8.700000000000000000e+02 4.540000000000000000e+03
9.594100200000000000e+07 4.420000000000000000e+03 6.360000000000000000e+03 8.900000000000000000e+02 4.540000000000000000e+03
9.594119400000000000e+07 4.410000000000000000e+03 6.360000000000000000e+03 9.100000000000000000e+02 4.540000000000000000e+03
9.594140200000000000e+07 4.420000000000000000e+03 6.350000000000000000e+03 9.100000000000000000e+02 4.530000000000000000e+03
9.594161000000000000e+07 4.420000000000000000e+03 6.340000000000000000e+03 8.900000000000000000e+02 4.540000000000000000e+03
9.594181800000000000e+07 4.420000000000000000e+03 6.340000000000000000e+03 8.700000000000000000e+02 4.540000000000000000e+03
9.594202600000000000e+07 4.430000000000000000e+03 6.340000000000000000e+03 8.700000000000000000e+02 4.550000000000000000e+03
9.594223400000000000e+07 4.430000000000000000e+03 6.340000000000000000e+03 9.300000000000000000e+02 4.550000000000000000e+03
9.594244200000000000e+07 4.440000000000000000e+03 6.340000000000000000e+03 9.900000000000000000e+02 4.550000000000000000e+03
9.594265000000000000e+07 4.440000000000000000e+03 6.340000000000000000e+03 9.700000000000000000e+02 4.550000000000000000e+03
9.594285800000000000e+07 4.440000000000000000e+03 6.350000000000000000e+03 9.400000000000000000e+02 4.530000000000000000e+03
9.594306600000000000e+07 4.440000000000000000e+03 6.330000000000000000e+03 9.100000000000000000e+02 4.530000000000000000e+03
9.594327400000000000e+07 4.440000000000000000e+03 6.330000000000000000e+03 9.000000000000000000e+02 4.540000000000000000e+03
9.594348200000000000e+07 4.440000000000000000e+03 6.330000000000000000e+03 8.900000000000000000e+02 4.530000000000000000e+03
9.594369000000000000e+07 4.430000000000000000e+03 6.330000000000000000e+03 8.700000000000000000e+02 4.540000000000000000e+03
9.594389800000000000e+07 4.420000000000000000e+03 6.330000000000000000e+03 8.500000000000000000e+02 4.540000000000000000e+03
9.594410600000000000e+07 4.420000000000000000e+03 6.320000000000000000e+03 8.400000000000000000e+02 4.550000000000000000e+03
9.594431400000000000e+07 4.430000000000000000e+03 6.310000000000000000e+03 8.400000000000000000e+02 4.550000000000000000e+03
9.594452100000000000e+07 4.430000000000000000e+03 6.300000000000000000e+03 8.500000000000000000e+02 4.550000000000000000e+03
9.594472900000000000e+07 4.430000000000000000e+03 6.300000000000000000e+03 8.400000000000000000e+02 4.550000000000000000e+03
9.594493800000000000e+07 4.430000000000000000e+03 6.300000000000000000e+03 8.700000000000000000e+02 4.550000000000000000e+03
9.594514500000000000e+07 4.430000000000000000e+03 6.310000000000000000e+03 8.700000000000000000e+02 4.550000000000000000e+03
9.594533800000000000e+07 4.430000000000000000e+03 6.310000000000000000e+03 8.500000000000000000e+02 4.540000000000000000e+03
9.594554500000000000e+07 4.430000000000000000e+03 6.320000000000000000e+03 8.400000000000000000e+02 4.540000000000000000e+03
9.594575300000000000e+07 4.430000000000000000e+03 6.320000000000000000e+03 8.500000000000000000e+02 4.540000000000000000e+03
9.594596100000000000e+07 4.440000000000000000e+03 6.330000000000000000e+03 8.400000000000000000e+02 4.540000000000000000e+03
9.594616900000000000e+07 4.440000000000000000e+03 6.340000000000000000e+03 8.400000000000000000e+02 4.550000000000000000e+03
9.594637700000000000e+07 4.440000000000000000e+03 6.340000000000000000e+03 8.500000000000000000e+02 4.550000000000000000e+03
9.594658400000000000e+07 4.430000000000000000e+03 6.320000000000000000e+03 8.700000000000000000e+02 4.550000000000000000e+03
9.594679300000000000e+07 4.440000000000000000e+03 6.310000000000000000e+03 9.000000000000000000e+02 4.550000000000000000e+03
9.594700100000000000e+07 4.430000000000000000e+03 6.300000000000000000e+03 8.900000000000000000e+02 4.550000000000000000e+03
9.594720900000000000e+07 4.430000000000000000e+03 6.320000000000000000e+03 8.900000000000000000e+02 4.550000000000000000e+03
9.594741700000000000e+07 4.440000000000000000e+03 6.320000000000000000e+03 8.800000000000000000e+02 4.550000000000000000e+03
9.594762500000000000e+07 4.430000000000000000e+03 6.320000000000000000e+03 8.800000000000000000e+02 4.540000000000000000e+03
9.594783300000000000e+07 4.430000000000000000e+03 6.340000000000000000e+03 8.900000000000000000e+02 4.540000000000000000e+03
9.594804000000000000e+07 4.430000000000000000e+03 6.340000000000000000e+03 9.000000000000000000e+02 4.540000000000000000e+03
9.594824900000000000e+07 4.420000000000000000e+03 6.330000000000000000e+03 9.200000000000000000e+02 4.540000000000000000e+03
9.594845600000000000e+07 4.420000000000000000e+03 6.330000000000000000e+03 9.300000000000000000e+02 4.550000000000000000e+03
9.594864900000000000e+07 4.430000000000000000e+03 6.320000000000000000e+03 9.400000000000000000e+02 4.550000000000000000e+03
9.594885700000000000e+07 4.420000000000000000e+03 6.320000000000000000e+03 9.500000000000000000e+02 4.560000000000000000e+03
9.594906400000000000e+07 4.420000000000000000e+03 6.320000000000000000e+03 9.500000000000000000e+02 4.560000000000000000e+03
9.594927200000000000e+07 4.430000000000000000e+03 6.320000000000000000e+03 9.500000000000000000e+02 4.560000000000000000e+03
9.594949300000000000e+07 4.440000000000000000e+03 6.320000000000000000e+03 9.500000000000000000e+02 4.550000000000000000e+03
9.594968900000000000e+07 4.430000000000000000e+03 6.330000000000000000e+03 9.500000000000000000e+02 4.550000000000000000e+03
9.594989700000000000e+07 4.440000000000000000e+03 6.330000000000000000e+03 9.300000000000000000e+02 4.550000000000000000e+03
9.595010500000000000e+07 4.440000000000000000e+03 6.320000000000000000e+03 9.200000000000000000e+02 4.560000000000000000e+03
9.595031200000000000e+07 4.420000000000000000e+03 6.310000000000000000e+03 9.000000000000000000e+02 4.560000000000000000e+03
9.595052100000000000e+07 4.420000000000000000e+03 6.310000000000000000e+03 8.900000000000000000e+02 4.560000000000000000e+03
9.595072900000000000e+07 4.430000000000000000e+03 6.320000000000000000e+03 8.800000000000000000e+02 4.560000000000000000e+03
9.595093600000000000e+07 4.430000000000000000e+03 6.310000000000000000e+03 8.700000000000000000e+02 4.560000000000000000e+03
9.595114400000000000e+07 4.430000000000000000e+03 6.310000000000000000e+03 8.500000000000000000e+02 4.550000000000000000e+03
9.595135200000000000e+07 4.430000000000000000e+03 6.320000000000000000e+03 8.700000000000000000e+02 4.560000000000000000e+03
9.595156000000000000e+07 4.430000000000000000e+03 6.300000000000000000e+03 8.500000000000000000e+02 4.560000000000000000e+03
9.595176800000000000e+07 4.430000000000000000e+03 6.290000000000000000e+03 8.800000000000000000e+02 4.560000000000000000e+03
9.595197600000000000e+07 4.440000000000000000e+03 6.300000000000000000e+03 8.800000000000000000e+02 4.560000000000000000e+03
9.595218400000000000e+07 4.430000000000000000e+03 6.300000000000000000e+03 8.800000000000000000e+02 4.560000000000000000e+03
9.595237600000000000e+07 4.430000000000000000e+03 6.320000000000000000e+03 8.900000000000000000e+02 4.550000000000000000e+03
