1.024366940000000000e+08 1.730000000000000000e+03 3.510000000000000000e+03 4.770000000000000000e+03 5.710000000000000000e+03
1.024369020000000000e+08 1.750000000000000000e+03 3.510000000000000000e+03 4.770000000000000000e+03 5.710000000000000000e+03
1.024371100000000000e+08 1.750000000000000000e+03 3.510000000000000000e+03 4.770000000000000000e+03 5.720000000000000000e+03
1.024373180000000000e+08 1.740000000000000000e+03 3.510000000000000000e+03 4.770000000000000000e+03 5.730000000000000000e+03
1.024375260000000000e+08 1.750000000000000000e+03 3.510000000000000000e+03 4.760000000000000000e+03 5.740000000000000000e+03
1.024377340000000000e+08 1.770000000000000000e+03 3.520000000000000000e+03 4.760000000000000000e+03 5.740000000000000000e+03
1.024381500000000000e+08 1.810000000000000000e+03 3.520000000000000000e+03 4.760000000000000000e+03 5.740000000000000000e+03
1.024383580000000000e+08 1.800000000000000000e+03 3.520000000000000000e+03 4.750000000000000000e+03 5.730000000000000000e+03
1.024385660000000000e+08 1.760000000000000000e+03 3.530000000000000000e+03 4.750000000000000000e+03 5.730000000000000000e+03
1.024387740000000000e+08 1.730000000000000000e+03 3.530000000000000000e+03 4.760000000000000000e+03 5.730000000000000000e+03
1.024389660000000000e+08 1.730000000000000000e+03 3.540000000000000000e+03 4.760000000000000000e+03 5.730000000000000000e+03
1.024391730000000000e+08 1.780000000000000000e+03 3.540000000000000000e+03 4.760000000000000000e+03 5.730000000000000000e+03
1.024393810000000000e+08 1.830000000000000000e+03 3.540000000000000000e+03 4.760000000000000000e+03 5.720000000000000000e+03
1.024395890000000000e+08 1.850000000000000000e+03 3.520000000000000000e+03 4.760000000000000000e+03 5.720000000000000000e+03
1.024397970000000000e+08 1.870000000000000000e+03 3.520000000000000000e+03 4.750000000000000000e+03 5.720000000000000000e+03
1.024400050000000000e+08 1.860000000000000000e+03 3.530000000000000000e+03 4.750000000000000000e+03 5.730000000000000000e+03
1.024402130000000000e+08 1.860000000000000000e+03 3.530000000000000000e+03 4.750000000000000000e+03 5.730000000000000000e+03
1.024404210000000000e+08 1.860000000000000000e+03 3.520000000000000000e+03 4.750000000000000000e+03 5.730000000000000000e+03
1.024406290000000000e+08 1.870000000000000000e+03 3.520000000000000000e+03 4.750000000000000000e+03 5.720000000000000000e+03
1.024408380000000000e+08 1.870000000000000000e+03 3.520000000000000000e+03 4.740000000000000000e+03 5.720000000000000000e+03
1.024410450000000000e+08 1.870000000000000000e+03 3.520000000000000000e+03 4.750000000000000000e+03 5.720000000000000000e+03
1.024412530000000000e+08 1.860000000000000000e+03 3.510000000000000000e+03 4.760000000000000000e+03 5.730000000000000000e+03
1.024414610000000000e+08 1.860000000000000000e+03 3.510000000000000000e+03 4.760000000000000000e+03 5.730000000000000000e+03
1.024416690000000000e+08 1.830000000000000000e+03 3.520000000000000000e+03 4.760000000000000000e+03 5.730000000000000000e+03
1.024418770000000000e+08 1.810000000000000000e+03 3.520000000000000000e+03 4.760000000000000000e+03 5.730000000000000000e+03
1.024420850000000000e+08 1.810000000000000000e+03 3.520000000000000000e+03 4.760000000000000000e+03 5.720000000000000000e+03
1.024422770000000000e+08 1.780000000000000000e+03 3.520000000000000000e+03 4.760000000000000000e+03 5.720000000000000000e+03
1.024424850000000000e+08 1.870000000000000000e+03 3.510000000000000000e+03 4.760000000000000000e+03 5.720000000000000000e+03
1.024426930000000000e+08 1.930000000000000000e+03 3.510000000000000000e+03 4.760000000000000000e+03 5.730000000000000000e+03
1.024429000000000000e+08 1.930000000000000000e+03 3.510000000000000000e+03 4.760000000000000000e+03 5.720000000000000000e+03
1.024431090000000000e+08 1.900000000000000000e+03 3.510000000000000000e+03 4.760000000000000000e+03 5.720000000000000000e+03
1.024433170000000000e+08 1.880000000000000000e+03 3.520000000000000000e+03 4.760000000000000000e+03 5.710000000000000000e+03
1.024435240000000000e+08 1.870000000000000000e+03 3.530000000000000000e+03 4.760000000000000000e+03 5.710000000000000000e+03
1.024437330000000000e+08 1.870000000000000000e+03 3.530000000000000000e+03 4.760000000000000000e+03 5.720000000000000000e+03
1.024439410000000000e+08 1.870000000000000000e+03 3.530000000000000000e+03 4.750000000000000000e+03 5.710000000000000000e+03
1.024441490000000000e+08 1.890000000000000000e+03 3.530000000000000000e+03 4.750000000000000000e+03 5.720000000000000000e+03
1.024443560000000000e+08 1.910000000000000000e+03 3.530000000000000000e+03 4.750000000000000000e+03 5.720000000000000000e+03
1.024445650000000000e+08 1.910000000000000000e+03 3.530000000000000000e+03 4.750000000000000000e+03 5.730000000000000000e+03
1.024447720000000000e+08 1.880000000000000000e+03 3.530000000000000000e+03 4.750000000000000000e+03 5.730000000000000000e+03
1.024449810000000000e+08 1.900000000000000000e+03 3.530000000000000000e+03 4.750000000000000000e+03 5.730000000000000000e+03
1.024451880000000000e+08 1.920000000000000000e+03 3.530000000000000000e+03 4.740000000000000000e+03 5.740000000000000000e+03
1.024453960000000000e+08 1.920000000000000000e+03 3.540000000000000000e+03 4.740000000000000000e+03 5.740000000000000000e+03
1.024455880000000000e+08 1.880000000000000000e+03 3.520000000000000000e+03 4.740000000000000000e+03 5.730000000000000000e+03
1.024457960000000000e+08 1.840000000000000000e+03 3.520000000000000000e+03 4.750000000000000000e+03 5.720000000000000000e+03
1.024460040000000000e+08 1.810000000000000000e+03 3.510000000000000000e+03 4.750000000000000000e+03 5.720000000000000000e+03
1.024462120000000000e+08 1.770000000000000000e+03 3.520000000000000000e+03 4.750000000000000000e+03 5.720000000000000000e+03
1.024464210000000000e+08 1.770000000000000000e+03 3.520000000000000000e+03 4.750000000000000000e+03 5.720000000000000000e+03
1.024466280000000000e+08 1.760000000000000000e+03 3.520000000000000000e+03 4.750000000000000000e+03 5.720000000000000000e+03
1.024468360000000000e+08 1.760000000000000000e+03 3.530000000000000000e+03 4.750000000000000000e+03 5.720000000000000000e+03
1.024470440000000000e+08 1.770000000000000000e+03 3.520000000000000000e+03 4.760000000000000000e+03 5.720000000000000000e+03
1.024472520000000000e+08 1.860000000000000000e+03 3.520000000000000000e+03 4.750000000000000000e+03 5.720000000000000000e+03
1.024474600000000000e+08 2.120000000000000000e+03 3.520000000000000000e+03 4.750000000000000000e+03 5.720000000000000000e+03
1.024487080000000000e+08 2.070000000000000000e+03 3.520000000000000000e+03 4.760000000000000000e+03 5.720000000000000000e+03
1.024489160000000000e+08 1.970000000000000000e+03 3.520000000000000000e+03 4.770000000000000000e+03 5.720000000000000000e+03
1.024491080000000000e+08 1.910000000000000000e+03 3.520000000000000000e+03 4.760000000000000000e+03 5.720000000000000000e+03
1.024493160000000000e+08 1.870000000000000000e+03 3.520000000000000000e+03 4.760000000000000000e+03 5.720000000000000000e+03
1.024495230000000000e+08 1.840000000000000000e+03 3.520000000000000000e+03 4.760000000000000000e+03 5.720000000000000000e+03
1.024497320000000000e+08 1.820000000000000000e+03 3.520000000000000000e+03 4.760000000000000000e+03 5.720000000000000000e+03
1.024499400000000000e+08 1.800000000000000000e+03 3.520000000000000000e+03 4.760000000000000000e+03 5.710000000000000000e+03
1.024501480000000000e+08 1.780000000000000000e+03 3.520000000000000000e+03 4.760000000000000000e+03 5.720000000000000000e+03
1.024503560000000000e+08 1.780000000000000000e+03 3.520000000000000000e+03 4.760000000000000000e+03 5.720000000000000000e+03
1.024505630000000000e+08 1.780000000000000000e+03 3.520000000000000000e+03 4.760000000000000000e+03 5.730000000000000000e+03
1.024507720000000000e+08 1.750000000000000000e+03 3.520000000000000000e+03 4.760000000000000000e+03 5.730000000000000000e+03
1.024509790000000000e+08 1.730000000000000000e+03 3.520000000000000000e+03 4.760000000000000000e+03 5.730000000000000000e+03
1.024511870000000000e+08 2.210000000000000000e+03 3.520000000000000000e+03 4.760000000000000000e+03 5.730000000000000000e+03
1.024513950000000000e+08 2.060000000000000000e+03 3.520000000000000000e+03 4.770000000000000000e+03 5.730000000000000000e+03
1.024516040000000000e+08 1.970000000000000000e+03 3.520000000000000000e+03 4.770000000000000000e+03 5.730000000000000000e+03
1.024518110000000000e+08 1.910000000000000000e+03 3.520000000000000000e+03 4.770000000000000000e+03 5.730000000000000000e+03
1.024520190000000000e+08 1.870000000000000000e+03 3.520000000000000000e+03 4.760000000000000000e+03 5.730000000000000000e+03
1.024522270000000000e+08 1.830000000000000000e+03 3.520000000000000000e+03 4.760000000000000000e+03 5.730000000000000000e+03
1.024524190000000000e+08 1.800000000000000000e+03 3.510000000000000000e+03 4.760000000000000000e+03 5.730000000000000000e+03
1.024526270000000000e+08 1.760000000000000000e+03 3.510000000000000000e+03 4.760000000000000000e+03 5.730000000000000000e+03
1.024528350000000000e+08 1.750000000000000000e+03 3.520000000000000000e+03 4.760000000000000000e+03 5.730000000000000000e+03
1.024530430000000000e+08 1.730000000000000000e+03 3.520000000000000000e+03 4.760000000000000000e+03 5.730000000000000000e+03
1.024532510000000000e+08 1.740000000000000000e+03 3.510000000000000000e+03 4.760000000000000000e+03 5.730000000000000000e+03
1.024534590000000000e+08 1.750000000000000000e+03 3.520000000000000000e+03 4.760000000000000000e+03 5.730000000000000000e+03
1.024536700000000000e+08 1.760000000000000000e+03 3.520000000000000000e+03 4.760000000000000000e+03 5.730000000000000000e+03
1.024538750000000000e+08 1.760000000000000000e+03 3.520000000000000000e+03 4.760000000000000000e+03 5.720000000000000000e+03
1.024540830000000000e+08 1.770000000000000000e+03 3.520000000000000000e+03 4.760000000000000000e+03 5.720000000000000000e+03
1.024542910000000000e+08 1.780000000000000000e+03 3.520000000000000000e+03 4.760000000000000000e+03 5.710000000000000000e+03
1.024544980000000000e+08 1.780000000000000000e+03 3.530000000000000000e+03 4.760000000000000000e+03 5.720000000000000000e+03
1.024547070000000000e+08 1.780000000000000000e+03 3.530000000000000000e+03 4.760000000000000000e+03 5.720000000000000000e+03
1.024549140000000000e+08 1.770000000000000000e+03 3.520000000000000000e+03 4.760000000000000000e+03 5.720000000000000000e+03
1.024551230000000000e+08 1.780000000000000000e+03 3.520000000000000000e+03 4.760000000000000000e+03 5.720000000000000000e+03
1.024553310000000000e+08 1.780000000000000000e+03 3.520000000000000000e+03 4.760000000000000000e+03 5.720000000000000000e+03
1.024555390000000000e+08 1.770000000000000000e+03 3.520000000000000000e+03 4.760000000000000000e+03 5.720000000000000000e+03
1.024557470000000000e+08 1.760000000000000000e+03 3.520000000000000000e+03 4.760000000000000000e+03 5.720000000000000000e+03
1.024559390000000000e+08 1.760000000000000000e+03 3.520000000000000000e+03 4.760000000000000000e+03 5.720000000000000000e+03
1.024561460000000000e+08 1.750000000000000000e+03 3.520000000000000000e+03 4.750000000000000000e+03 5.720000000000000000e+03
1.024563540000000000e+08 1.770000000000000000e+03 3.530000000000000000e+03 4.750000000000000000e+03 5.720000000000000000e+03
1.024565620000000000e+08 1.780000000000000000e+03 3.530000000000000000e+03 4.750000000000000000e+03 5.720000000000000000e+03
1.024567700000000000e+08 1.780000000000000000e+03 3.530000000000000000e+03 4.750000000000000000e+03 5.720000000000000000e+03
1.024569790000000000e+08 1.780000000000000000e+03 3.520000000000000000e+03 4.750000000000000000e+03 5.720000000000000000e+03
1.024571860000000000e+08 1.800000000000000000e+03 3.520000000000000000e+03 4.740000000000000000e+03 5.720000000000000000e+03
1.024573950000000000e+08 1.800000000000000000e+03 3.520000000000000000e+03 4.740000000000000000e+03 5.710000000000000000e+03
1.024576020000000000e+08 1.770000000000000000e+03 3.520000000000000000e+03 4.740000000000000000e+03 5.710000000000000000e+03
1.024578100000000000e+08 1.760000000000000000e+03 3.520000000000000000e+03 4.750000000000000000e+03 5.710000000000000000e+03
1.024580180000000000e+08 1.760000000000000000e+03 3.530000000000000000e+03 4.760000000000000000e+03 5.710000000000000000e+03
1.024582260000000000e+08 1.770000000000000000e+03 3.530000000000000000e+03 4.760000000000000000e+03 5.710000000000000000e+03
1.024584340000000000e+08 1.770000000000000000e+03 3.520000000000000000e+03 4.760000000000000000e+03 5.710000000000000000e+03
1.024586420000000000e+08 1.780000000000000000e+03 3.520000000000000000e+03 4.750000000000000000e+03 5.710000000000000000e+03
1.024588500000000000e+08 1.780000000000000000e+03 3.510000000000000000e+03 4.750000000000000000e+03 5.710000000000000000e+03
1.024590580000000000e+08 1.780000000000000000e+03 3.510000000000000000e+03 4.750000000000000000e+03 5.710000000000000000e+03
1.024592500000000000e+08 1.780000000000000000e+03 3.520000000000000000e+03 4.750000000000000000e+03 5.710000000000000000e+03
1.024594580000000000e+08 1.780000000000000000e+03 3.520000000000000000e+03 4.750000000000000000e+03 5.710000000000000000e+03
1.024596660000000000e+08 1.770000000000000000e+03 3.520000000000000000e+03 4.750000000000000000e+03 5.720000000000000000e+03
1.024598740000000000e+08 1.780000000000000000e+03 3.520000000000000000e+03 4.760000000000000000e+03 5.730000000000000000e+03
1.025000820000000000e+08 1.800000000000000000e+03 3.520000000000000000e+03 4.760000000000000000e+03 5.730000000000000000e+03
1.025002900000000000e+08 1.780000000000000000e+03 3.520000000000000000e+03 4.760000000000000000e+03 5.730000000000000000e+03
1.025004980000000000e+08 1.780000000000000000e+03 3.530000000000000000e+03 4.760000000000000000e+03 5.730000000000000000e+03
1.025007060000000000e+08 1.800000000000000000e+03 3.530000000000000000e+03 4.760000000000000000e+03 5.730000000000000000e+03
1.025009140000000000e+08 1.800000000000000000e+03 3.530000000000000000e+03 4.760000000000000000e+03 5.730000000000000000e+03
1.025011220000000000e+08 1.800000000000000000e+03 3.530000000000000000e+03 4.760000000000000000e+03 5.720000000000000000e+03
1.025121280000000000e+08 1.510000000000000000e+03 3.950000000000000000e+03 4.770000000000000000e+03 5.720000000000000000e+03
1.025123360000000000e+08 1.530000000000000000e+03 4.130000000000000000e+03 4.770000000000000000e+03 5.720000000000000000e+03
1.025125440000000000e+08 1.530000000000000000e+03 3.990000000000000000e+03 4.770000000000000000e+03 5.720000000000000000e+03
1.025127520000000000e+08 1.520000000000000000e+03 3.930000000000000000e+03 4.770000000000000000e+03 5.730000000000000000e+03
1.025129600000000000e+08 1.510000000000000000e+03 3.890000000000000000e+03 4.770000000000000000e+03 5.720000000000000000e+03
1.025131680000000000e+08 1.500000000000000000e+03 3.820000000000000000e+03 4.770000000000000000e+03 5.720000000000000000e+03
1.025133760000000000e+08 1.500000000000000000e+03 3.790000000000000000e+03 4.780000000000000000e+03 5.720000000000000000e+03
1.025135830000000000e+08 1.500000000000000000e+03 3.740000000000000000e+03 4.770000000000000000e+03 5.730000000000000000e+03
1.025137910000000000e+08 1.500000000000000000e+03 3.720000000000000000e+03 4.770000000000000000e+03 5.730000000000000000e+03
1.025140000000000000e+08 1.490000000000000000e+03 3.710000000000000000e+03 4.770000000000000000e+03 5.730000000000000000e+03
1.025141910000000000e+08 1.490000000000000000e+03 3.680000000000000000e+03 4.770000000000000000e+03 5.730000000000000000e+03
1.025143990000000000e+08 1.500000000000000000e+03 3.850000000000000000e+03 4.770000000000000000e+03 5.720000000000000000e+03
1.025146070000000000e+08 1.510000000000000000e+03 3.920000000000000000e+03 4.760000000000000000e+03 5.720000000000000000e+03
1.025148140000000000e+08 1.510000000000000000e+03 3.890000000000000000e+03 4.760000000000000000e+03 5.720000000000000000e+03
1.025150230000000000e+08 1.500000000000000000e+03 3.840000000000000000e+03 4.760000000000000000e+03 5.720000000000000000e+03
1.025152330000000000e+08 1.500000000000000000e+03 3.870000000000000000e+03 4.770000000000000000e+03 5.720000000000000000e+03
1.025154390000000000e+08 1.490000000000000000e+03 3.920000000000000000e+03 4.770000000000000000e+03 5.730000000000000000e+03
1.025156470000000000e+08 1.490000000000000000e+03 3.890000000000000000e+03 4.760000000000000000e+03 5.730000000000000000e+03
1.025158550000000000e+08 1.490000000000000000e+03 3.870000000000000000e+03 4.760000000000000000e+03 5.730000000000000000e+03
1.025160630000000000e+08 1.500000000000000000e+03 3.870000000000000000e+03 4.760000000000000000e+03 5.730000000000000000e+03
1.025162710000000000e+08 1.500000000000000000e+03 3.900000000000000000e+03 4.760000000000000000e+03 5.730000000000000000e+03
1.025164790000000000e+08 1.490000000000000000e+03 3.930000000000000000e+03 4.760000000000000000e+03 5.730000000000000000e+03
1.025166870000000000e+08 1.490000000000000000e+03 3.890000000000000000e+03 4.760000000000000000e+03 5.730000000000000000e+03
1.025168950000000000e+08 1.520000000000000000e+03 3.880000000000000000e+03 4.760000000000000000e+03 5.720000000000000000e+03
1.025171030000000000e+08 1.520000000000000000e+03 3.870000000000000000e+03 4.770000000000000000e+03 5.720000000000000000e+03
1.025173110000000000e+08 1.540000000000000000e+03 4.050000000000000000e+03 4.760000000000000000e+03 5.720000000000000000e+03
1.025175030000000000e+08 1.520000000000000000e+03 3.990000000000000000e+03 4.760000000000000000e+03 5.720000000000000000e+03
1.025177110000000000e+08 1.540000000000000000e+03 3.920000000000000000e+03 4.760000000000000000e+03 5.730000000000000000e+03
1.025179190000000000e+08 1.530000000000000000e+03 3.920000000000000000e+03 4.760000000000000000e+03 5.730000000000000000e+03
1.025181270000000000e+08 1.540000000000000000e+03 3.930000000000000000e+03 4.760000000000000000e+03 5.730000000000000000e+03
1.025183350000000000e+08 1.520000000000000000e+03 3.920000000000000000e+03 4.760000000000000000e+03 5.730000000000000000e+03
1.025185430000000000e+08 1.500000000000000000e+03 3.900000000000000000e+03 4.760000000000000000e+03 5.730000000000000000e+03
1.025187510000000000e+08 1.510000000000000000e+03 3.860000000000000000e+03 4.770000000000000000e+03 5.730000000000000000e+03
1.025189580000000000e+08 1.510000000000000000e+03 3.830000000000000000e+03 4.770000000000000000e+03 5.730000000000000000e+03
1.025191670000000000e+08 1.500000000000000000e+03 3.820000000000000000e+03 4.770000000000000000e+03 5.730000000000000000e+03
1.025193750000000000e+08 1.500000000000000000e+03 3.830000000000000000e+03 4.770000000000000000e+03 5.720000000000000000e+03
1.025195820000000000e+08 1.510000000000000000e+03 3.800000000000000000e+03 4.770000000000000000e+03 5.720000000000000000e+03
1.025197900000000000e+08 1.510000000000000000e+03 3.830000000000000000e+03 4.760000000000000000e+03 5.720000000000000000e+03
1.025199980000000000e+08 1.500000000000000000e+03 3.840000000000000000e+03 4.760000000000000000e+03 5.720000000000000000e+03
1.025202060000000000e+08 1.510000000000000000e+03 3.890000000000000000e+03 4.760000000000000000e+03 5.720000000000000000e+03
1.025204140000000000e+08 1.500000000000000000e+03 3.880000000000000000e+03 4.750000000000000000e+03 5.720000000000000000e+03
1.025206220000000000e+08 1.500000000000000000e+03 3.870000000000000000e+03 4.750000000000000000e+03 5.720000000000000000e+03
1.025208140000000000e+08 1.520000000000000000e+03 3.850000000000000000e+03 4.750000000000000000e+03 5.720000000000000000e+03
1.025210220000000000e+08 1.520000000000000000e+03 3.830000000000000000e+03 4.750000000000000000e+03 5.720000000000000000e+03
1.025212300000000000e+08 1.510000000000000000e+03 3.830000000000000000e+03 4.750000000000000000e+03 5.720000000000000000e+03
1.025214380000000000e+08 1.530000000000000000e+03 3.820000000000000000e+03 4.750000000000000000e+03 5.730000000000000000e+03
1.025216460000000000e+08 1.510000000000000000e+03 3.800000000000000000e+03 4.750000000000000000e+03 5.730000000000000000e+03
1.025218540000000000e+08 1.510000000000000000e+03 3.780000000000000000e+03 4.760000000000000000e+03 5.730000000000000000e+03
1.025220620000000000e+08 1.510000000000000000e+03 3.770000000000000000e+03 4.770000000000000000e+03 5.730000000000000000e+03
1.025222700000000000e+08 1.510000000000000000e+03 3.760000000000000000e+03 4.770000000000000000e+03 5.730000000000000000e+03
1.025224780000000000e+08 1.500000000000000000e+03 3.760000000000000000e+03 4.770000000000000000e+03 5.730000000000000000e+03
1.025226860000000000e+08 1.490000000000000000e+03 3.760000000000000000e+03 4.770000000000000000e+03 5.730000000000000000e+03
1.025228940000000000e+08 1.490000000000000000e+03 3.770000000000000000e+03 4.770000000000000000e+03 5.730000000000000000e+03
1.025231020000000000e+08 1.490000000000000000e+03 3.780000000000000000e+03 4.760000000000000000e+03 5.730000000000000000e+03
1.025233100000000000e+08 1.510000000000000000e+03 3.780000000000000000e+03 4.760000000000000000e+03 5.720000000000000000e+03
1.025235180000000000e+08 1.510000000000000000e+03 3.770000000000000000e+03 4.760000000000000000e+03 5.720000000000000000e+03
1.025237260000000000e+08 1.500000000000000000e+03 3.780000000000000000e+03 4.760000000000000000e+03 5.730000000000000000e+03
1.025239340000000000e+08 1.510000000000000000e+03 3.780000000000000000e+03 4.760000000000000000e+03 5.730000000000000000e+03
1.025241410000000000e+08 1.520000000000000000e+03 3.800000000000000000e+03 4.760000000000000000e+03 5.730000000000000000e+03
1.025243340000000000e+08 1.520000000000000000e+03 3.820000000000000000e+03 4.760000000000000000e+03 5.730000000000000000e+03
1.025245420000000000e+08 1.520000000000000000e+03 3.860000000000000000e+03 4.770000000000000000e+03 5.730000000000000000e+03
1.025247500000000000e+08 1.520000000000000000e+03 3.870000000000000000e+03 4.760000000000000000e+03 5.730000000000000000e+03
1.025249570000000000e+08 1.530000000000000000e+03 3.860000000000000000e+03 4.770000000000000000e+03 5.730000000000000000e+03
1.025251660000000000e+08 1.540000000000000000e+03 3.830000000000000000e+03 4.770000000000000000e+03 5.730000000000000000e+03
1.025253730000000000e+08 1.540000000000000000e+03 3.860000000000000000e+03 4.770000000000000000e+03 5.730000000000000000e+03
1.025255810000000000e+08 1.520000000000000000e+03 3.890000000000000000e+03 4.770000000000000000e+03 5.730000000000000000e+03
1.025257890000000000e+08 1.530000000000000000e+03 3.920000000000000000e+03 4.770000000000000000e+03 5.720000000000000000e+03
1.025259980000000000e+08 1.530000000000000000e+03 3.920000000000000000e+03 4.770000000000000000e+03 5.720000000000000000e+03
1.025262050000000000e+08 1.520000000000000000e+03 3.920000000000000000e+03 4.760000000000000000e+03 5.720000000000000000e+03
1.025264140000000000e+08 1.510000000000000000e+03 3.910000000000000000e+03 4.760000000000000000e+03 5.720000000000000000e+03
1.025266210000000000e+08 1.500000000000000000e+03 3.880000000000000000e+03 4.760000000000000000e+03 5.720000000000000000e+03
1.025268290000000000e+08 1.520000000000000000e+03 3.870000000000000000e+03 4.760000000000000000e+03 5.720000000000000000e+03
1.025270390000000000e+08 1.510000000000000000e+03 3.870000000000000000e+03 4.760000000000000000e+03 5.720000000000000000e+03
1.025272450000000000e+08 1.520000000000000000e+03 3.870000000000000000e+03 4.760000000000000000e+03 5.720000000000000000e+03
1.025274530000000000e+08 1.530000000000000000e+03 3.880000000000000000e+03 4.770000000000000000e+03 5.720000000000000000e+03
1.025276450000000000e+08 1.540000000000000000e+03 3.920000000000000000e+03 4.770000000000000000e+03 5.720000000000000000e+03
1.025280610000000000e+08 1.540000000000000000e+03 3.960000000000000000e+03 4.770000000000000000e+03 5.720000000000000000e+03
1.025282690000000000e+08 1.540000000000000000e+03 3.940000000000000000e+03 4.770000000000000000e+03 5.720000000000000000e+03
1.025284770000000000e+08 1.520000000000000000e+03 3.940000000000000000e+03 4.770000000000000000e+03 5.720000000000000000e+03
1.025286850000000000e+08 1.530000000000000000e+03 3.920000000000000000e+03 4.770000000000000000e+03 5.720000000000000000e+03
1.025288930000000000e+08 1.510000000000000000e+03 3.910000000000000000e+03 4.770000000000000000e+03 5.720000000000000000e+03
1.025291000000000000e+08 1.500000000000000000e+03 3.910000000000000000e+03 4.770000000000000000e+03 5.720000000000000000e+03
1.025293090000000000e+08 1.510000000000000000e+03 3.940000000000000000e+03 4.770000000000000000e+03 5.720000000000000000e+03
1.025295170000000000e+08 1.530000000000000000e+03 3.930000000000000000e+03 4.770000000000000000e+03 5.720000000000000000e+03
1.025297250000000000e+08 1.530000000000000000e+03 3.920000000000000000e+03 4.760000000000000000e+03 5.720000000000000000e+03
1.025299330000000000e+08 1.530000000000000000e+03 3.890000000000000000e+03 4.760000000000000000e+03 5.720000000000000000e+03
1.025301250000000000e+08 1.540000000000000000e+03 3.870000000000000000e+03 4.760000000000000000e+03 5.730000000000000000e+03
1.025303320000000000e+08 1.510000000000000000e+03 3.850000000000000000e+03 4.760000000000000000e+03 5.730000000000000000e+03
1.025305410000000000e+08 1.520000000000000000e+03 3.840000000000000000e+03 4.760000000000000000e+03 5.730000000000000000e+03
1.025307490000000000e+08 1.510000000000000000e+03 3.830000000000000000e+03 4.760000000000000000e+03 5.730000000000000000e+03
1.025309560000000000e+08 1.520000000000000000e+03 3.810000000000000000e+03 4.760000000000000000e+03 5.740000000000000000e+03
1.025311640000000000e+08 1.500000000000000000e+03 3.800000000000000000e+03 4.760000000000000000e+03 5.740000000000000000e+03
1.025313720000000000e+08 1.500000000000000000e+03 3.800000000000000000e+03 4.760000000000000000e+03 5.730000000000000000e+03
1.025315800000000000e+08 1.500000000000000000e+03 3.810000000000000000e+03 4.770000000000000000e+03 5.730000000000000000e+03
1.025317880000000000e+08 1.500000000000000000e+03 3.810000000000000000e+03 4.770000000000000000e+03 5.730000000000000000e+03
1.025319960000000000e+08 1.510000000000000000e+03 3.800000000000000000e+03 4.770000000000000000e+03 5.720000000000000000e+03
1.025324120000000000e+08 1.500000000000000000e+03 3.810000000000000000e+03 4.760000000000000000e+03 5.720000000000000000e+03
1.025326200000000000e+08 1.490000000000000000e+03 3.800000000000000000e+03 4.760000000000000000e+03 5.720000000000000000e+03
1.025328280000000000e+08 1.500000000000000000e+03 3.800000000000000000e+03 4.760000000000000000e+03 5.720000000000000000e+03
1.025330360000000000e+08 1.500000000000000000e+03 3.800000000000000000e+03 4.760000000000000000e+03 5.710000000000000000e+03
1.025332440000000000e+08 1.490000000000000000e+03 3.800000000000000000e+03 4.760000000000000000e+03 5.720000000000000000e+03
1.025334520000000000e+08 1.490000000000000000e+03 3.800000000000000000e+03 4.760000000000000000e+03 5.720000000000000000e+03
1.025336440000000000e+08 1.500000000000000000e+03 3.780000000000000000e+03 4.760000000000000000e+03 5.710000000000000000e+03
1.025338520000000000e+08 1.500000000000000000e+03 3.780000000000000000e+03 4.760000000000000000e+03 5.720000000000000000e+03
1.025340600000000000e+08 1.500000000000000000e+03 3.780000000000000000e+03 4.760000000000000000e+03 5.710000000000000000e+03
1.025342680000000000e+08 1.520000000000000000e+03 3.790000000000000000e+03 4.770000000000000000e+03 5.720000000000000000e+03
1.025344760000000000e+08 1.530000000000000000e+03 3.790000000000000000e+03 4.770000000000000000e+03 5.720000000000000000e+03
1.025346840000000000e+08 1.530000000000000000e+03 3.800000000000000000e+03 4.770000000000000000e+03 5.720000000000000000e+03
1.025348920000000000e+08 1.520000000000000000e+03 3.800000000000000000e+03 4.770000000000000000e+03 5.720000000000000000e+03
1.025351000000000000e+08 1.510000000000000000e+03 3.790000000000000000e+03 4.770000000000000000e+03 5.720000000000000000e+03
1.025353080000000000e+08 1.520000000000000000e+03 3.780000000000000000e+03 4.770000000000000000e+03 5.720000000000000000e+03
1.025355160000000000e+08 1.510000000000000000e+03 3.770000000000000000e+03 4.770000000000000000e+03 5.710000000000000000e+03
1.025357240000000000e+08 1.510000000000000000e+03 3.760000000000000000e+03 4.770000000000000000e+03 5.710000000000000000e+03
1.025359320000000000e+08 1.500000000000000000e+03 3.750000000000000000e+03 4.760000000000000000e+03 5.700000000000000000e+03
1.025361400000000000e+08 1.500000000000000000e+03 3.750000000000000000e+03 4.760000000000000000e+03 5.700000000000000000e+03
1.025363480000000000e+08 1.500000000000000000e+03 3.750000000000000000e+03 4.760000000000000000e+03 5.700000000000000000e+03
1.025365560000000000e+08 1.510000000000000000e+03 3.750000000000000000e+03 4.770000000000000000e+03 5.700000000000000000e+03
1.025367640000000000e+08 1.500000000000000000e+03 3.750000000000000000e+03 4.770000000000000000e+03 5.710000000000000000e+03
1.025369550000000000e+08 1.510000000000000000e+03 3.750000000000000000e+03 4.770000000000000000e+03 5.710000000000000000e+03
1.025371640000000000e+08 1.510000000000000000e+03 3.760000000000000000e+03 4.760000000000000000e+03 5.720000000000000000e+03
1.025373710000000000e+08 1.510000000000000000e+03 3.760000000000000000e+03 4.760000000000000000e+03 5.720000000000000000e+03
1.025375790000000000e+08 1.530000000000000000e+03 3.760000000000000000e+03 4.770000000000000000e+03 5.720000000000000000e+03
1.025377870000000000e+08 1.520000000000000000e+03 3.750000000000000000e+03 4.770000000000000000e+03 5.720000000000000000e+03
1.025379950000000000e+08 1.520000000000000000e+03 3.740000000000000000e+03 4.760000000000000000e+03 5.720000000000000000e+03
1.025382030000000000e+08 1.510000000000000000e+03 3.730000000000000000e+03 4.760000000000000000e+03 5.720000000000000000e+03
1.025384110000000000e+08 1.530000000000000000e+03 3.720000000000000000e+03 4.770000000000000000e+03 5.710000000000000000e+03
1.025386190000000000e+08 1.510000000000000000e+03 3.720000000000000000e+03 4.770000000000000000e+03 5.710000000000000000e+03
1.025388270000000000e+08 1.510000000000000000e+03 3.710000000000000000e+03 4.760000000000000000e+03 5.710000000000000000e+03
1.025390350000000000e+08 1.520000000000000000e+03 3.710000000000000000e+03 4.760000000000000000e+03 5.710000000000000000e+03
1.025392430000000000e+08 1.530000000000000000e+03 3.710000000000000000e+03 4.760000000000000000e+03 5.710000000000000000e+03
1.025394510000000000e+08 1.530000000000000000e+03 3.710000000000000000e+03 4.760000000000000000e+03 5.710000000000000000e+03
1.025398510000000000e+08 1.510000000000000000e+03 3.730000000000000000e+03 4.760000000000000000e+03 5.720000000000000000e+03
1.025400590000000000e+08 1.510000000000000000e+03 3.750000000000000000e+03 4.760000000000000000e+03 5.720000000000000000e+03
1.025402670000000000e+08 1.500000000000000000e+03 3.750000000000000000e+03 4.760000000000000000e+03 5.720000000000000000e+03
1.025404750000000000e+08 1.510000000000000000e+03 3.750000000000000000e+03 4.760000000000000000e+03 5.710000000000000000e+03
1.025406830000000000e+08 1.500000000000000000e+03 3.760000000000000000e+03 4.760000000000000000e+03 5.710000000000000000e+03
1.025408910000000000e+08 1.520000000000000000e+03 3.760000000000000000e+03 4.770000000000000000e+03 5.710000000000000000e+03
1.025410990000000000e+08 1.510000000000000000e+03 3.770000000000000000e+03 4.770000000000000000e+03 5.710000000000000000e+03
1.025413070000000000e+08 1.500000000000000000e+03 3.750000000000000000e+03 4.770000000000000000e+03 5.720000000000000000e+03
1.025415160000000000e+08 1.520000000000000000e+03 3.740000000000000000e+03 4.760000000000000000e+03 5.730000000000000000e+03
1.025417230000000000e+08 1.510000000000000000e+03 3.750000000000000000e+03 4.760000000000000000e+03 5.730000000000000000e+03
1.025419300000000000e+08 1.530000000000000000e+03 3.760000000000000000e+03 4.760000000000000000e+03 5.730000000000000000e+03
1.025421390000000000e+08 1.520000000000000000e+03 3.760000000000000000e+03 4.770000000000000000e+03 5.720000000000000000e+03
1.025423950000000000e+08 1.510000000000000000e+03 3.760000000000000000e+03 4.760000000000000000e+03 5.720000000000000000e+03
1.025425540000000000e+08 1.510000000000000000e+03 3.760000000000000000e+03 4.760000000000000000e+03 5.720000000000000000e+03
1.025427470000000000e+08 1.530000000000000000e+03 3.770000000000000000e+03 4.760000000000000000e+03 5.720000000000000000e+03
1.025429550000000000e+08 1.520000000000000000e+03 3.760000000000000000e+03 4.770000000000000000e+03 5.730000000000000000e+03
1.025431620000000000e+08 1.520000000000000000e+03 3.750000000000000000e+03 4.760000000000000000e+03 5.730000000000000000e+03
1.025433700000000000e+08 1.500000000000000000e+03 3.750000000000000000e+03 4.760000000000000000e+03 5.730000000000000000e+03
1.025435780000000000e+08 1.500000000000000000e+03 3.750000000000000000e+03 4.760000000000000000e+03 5.730000000000000000e+03
1.025437860000000000e+08 1.500000000000000000e+03 3.750000000000000000e+03 4.760000000000000000e+03 5.720000000000000000e+03
1.025439940000000000e+08 1.500000000000000000e+03 3.750000000000000000e+03 4.770000000000000000e+03 5.720000000000000000e+03
1.025442020000000000e+08 1.520000000000000000e+03 3.760000000000000000e+03 4.780000000000000000e+03 5.720000000000000000e+03
1.025444100000000000e+08 1.530000000000000000e+03 3.760000000000000000e+03 4.770000000000000000e+03 5.720000000000000000e+03
1.025446180000000000e+08 1.510000000000000000e+03 3.760000000000000000e+03 4.770000000000000000e+03 5.720000000000000000e+03
1.025448260000000000e+08 1.510000000000000000e+03 3.750000000000000000e+03 4.770000000000000000e+03 5.720000000000000000e+03
1.025450340000000000e+08 1.500000000000000000e+03 3.760000000000000000e+03 4.770000000000000000e+03 5.720000000000000000e+03
1.025452420000000000e+08 1.500000000000000000e+03 3.770000000000000000e+03 4.770000000000000000e+03 5.720000000000000000e+03
1.025454500000000000e+08 1.490000000000000000e+03 3.760000000000000000e+03 4.770000000000000000e+03 5.720000000000000000e+03
1.025456580000000000e+08 1.490000000000000000e+03 3.760000000000000000e+03 4.770000000000000000e+03 5.720000000000000000e+03
1.025458670000000000e+08 1.520000000000000000e+03 3.750000000000000000e+03 4.770000000000000000e+03 5.720000000000000000e+03
1.025460580000000000e+08 1.520000000000000000e+03 3.750000000000000000e+03 4.770000000000000000e+03 5.720000000000000000e+03
1.025462660000000000e+08 1.540000000000000000e+03 3.760000000000000000e+03 4.770000000000000000e+03 5.720000000000000000e+03
1.025464740000000000e+08 1.520000000000000000e+03 3.760000000000000000e+03 4.760000000000000000e+03 5.720000000000000000e+03
1.025466820000000000e+08 1.540000000000000000e+03 3.760000000000000000e+03 4.760000000000000000e+03 5.720000000000000000e+03
1.025468900000000000e+08 1.540000000000000000e+03 3.760000000000000000e+03 4.760000000000000000e+03 5.720000000000000000e+03
1.025470980000000000e+08 1.540000000000000000e+03 3.770000000000000000e+03 4.760000000000000000e+03 5.720000000000000000e+03
1.025473060000000000e+08 1.530000000000000000e+03 3.770000000000000000e+03 4.760000000000000000e+03 5.720000000000000000e+03
1.025475140000000000e+08 1.530000000000000000e+03 3.770000000000000000e+03 4.760000000000000000e+03 5.720000000000000000e+03
1.025477220000000000e+08 1.510000000000000000e+03 3.760000000000000000e+03 4.760000000000000000e+03 5.710000000000000000e+03
1.025479300000000000e+08 1.500000000000000000e+03 3.770000000000000000e+03 4.760000000000000000e+03 5.720000000000000000e+03
1.025481370000000000e+08 1.500000000000000000e+03 3.770000000000000000e+03 4.760000000000000000e+03 5.720000000000000000e+03
1.025483450000000000e+08 1.530000000000000000e+03 3.770000000000000000e+03 4.760000000000000000e+03 5.720000000000000000e+03
1.025485530000000000e+08 1.530000000000000000e+03 3.760000000000000000e+03 4.760000000000000000e+03 5.720000000000000000e+03
1.025487610000000000e+08 1.510000000000000000e+03 3.760000000000000000e+03 4.760000000000000000e+03 5.720000000000000000e+03
1.025489690000000000e+08 1.510000000000000000e+03 3.760000000000000000e+03 4.760000000000000000e+03 5.720000000000000000e+03
1.025491770000000000e+08 1.510000000000000000e+03 3.770000000000000000e+03 4.760000000000000000e+03 5.720000000000000000e+03
1.025493690000000000e+08 1.510000000000000000e+03 3.770000000000000000e+03 4.760000000000000000e+03 5.720000000000000000e+03
1.025495790000000000e+08 1.510000000000000000e+03 3.760000000000000000e+03 4.760000000000000000e+03 5.720000000000000000e+03
1.025497850000000000e+08 1.500000000000000000e+03 3.780000000000000000e+03 4.770000000000000000e+03 5.720000000000000000e+03
1.025499930000000000e+08 1.530000000000000000e+03 3.820000000000000000e+03 4.760000000000000000e+03 5.720000000000000000e+03
1.025502010000000000e+08 1.530000000000000000e+03 3.850000000000000000e+03 4.760000000000000000e+03 5.720000000000000000e+03
1.025504090000000000e+08 1.520000000000000000e+03 3.870000000000000000e+03 4.760000000000000000e+03 5.720000000000000000e+03
1.025506170000000000e+08 1.520000000000000000e+03 3.890000000000000000e+03 4.760000000000000000e+03 5.720000000000000000e+03
1.025510330000000000e+08 1.530000000000000000e+03 3.890000000000000000e+03 4.760000000000000000e+03 5.720000000000000000e+03
1.025512410000000000e+08 1.520000000000000000e+03 3.860000000000000000e+03 4.760000000000000000e+03 5.720000000000000000e+03
1.025514490000000000e+08 1.530000000000000000e+03 3.850000000000000000e+03 4.770000000000000000e+03 5.720000000000000000e+03
1.025516570000000000e+08 1.540000000000000000e+03 3.840000000000000000e+03 4.770000000000000000e+03 5.720000000000000000e+03
1.025518650000000000e+08 1.560000000000000000e+03 3.830000000000000000e+03 4.770000000000000000e+03 5.720000000000000000e+03
