1.036119490000000000e+08 3.470000000000000000e+03 4.630000000000000000e+03 2.360000000000000000e+03 4.070000000000000000e+03
1.036123650000000000e+08 4.010000000000000000e+03 4.630000000000000000e+03 2.360000000000000000e+03 4.070000000000000000e+03
1.036125730000000000e+08 4.040000000000000000e+03 4.620000000000000000e+03 2.370000000000000000e+03 4.070000000000000000e+03
1.036131970000000000e+08 4.050000000000000000e+03 4.630000000000000000e+03 2.370000000000000000e+03 4.060000000000000000e+03
1.036134040000000000e+08 3.900000000000000000e+03 4.630000000000000000e+03 2.370000000000000000e+03 4.070000000000000000e+03
1.036136140000000000e+08 3.780000000000000000e+03 4.630000000000000000e+03 2.370000000000000000e+03 4.070000000000000000e+03
1.036138210000000000e+08 3.940000000000000000e+03 4.630000000000000000e+03 2.370000000000000000e+03 4.070000000000000000e+03
1.036140280000000000e+08 4.070000000000000000e+03 4.630000000000000000e+03 2.360000000000000000e+03 4.070000000000000000e+03
1.036142360000000000e+08 3.890000000000000000e+03 4.630000000000000000e+03 2.350000000000000000e+03 4.070000000000000000e+03
1.036144440000000000e+08 3.760000000000000000e+03 4.640000000000000000e+03 2.360000000000000000e+03 4.070000000000000000e+03
1.036146520000000000e+08 3.670000000000000000e+03 4.650000000000000000e+03 2.370000000000000000e+03 4.070000000000000000e+03
1.036148600000000000e+08 3.610000000000000000e+03 4.650000000000000000e+03 2.370000000000000000e+03 4.070000000000000000e+03
1.036150690000000000e+08 3.590000000000000000e+03 4.650000000000000000e+03 2.360000000000000000e+03 4.070000000000000000e+03
1.036152760000000000e+08 3.550000000000000000e+03 4.640000000000000000e+03 2.350000000000000000e+03 4.070000000000000000e+03
1.036154830000000000e+08 3.790000000000000000e+03 4.640000000000000000e+03 2.360000000000000000e+03 4.070000000000000000e+03
1.036156920000000000e+08 3.700000000000000000e+03 4.640000000000000000e+03 2.360000000000000000e+03 4.060000000000000000e+03
1.036159000000000000e+08 3.640000000000000000e+03 4.640000000000000000e+03 2.370000000000000000e+03 4.070000000000000000e+03
1.036161080000000000e+08 3.620000000000000000e+03 4.640000000000000000e+03 2.370000000000000000e+03 4.080000000000000000e+03
1.036163160000000000e+08 3.600000000000000000e+03 4.640000000000000000e+03 2.380000000000000000e+03 4.080000000000000000e+03
1.036165240000000000e+08 3.570000000000000000e+03 4.640000000000000000e+03 2.370000000000000000e+03 4.080000000000000000e+03
1.036167320000000000e+08 3.570000000000000000e+03 4.640000000000000000e+03 2.360000000000000000e+03 4.080000000000000000e+03
1.036169400000000000e+08 3.570000000000000000e+03 4.640000000000000000e+03 2.360000000000000000e+03 4.070000000000000000e+03
1.036171480000000000e+08 3.570000000000000000e+03 4.640000000000000000e+03 2.350000000000000000e+03 4.070000000000000000e+03
1.036173720000000000e+08 3.570000000000000000e+03 4.640000000000000000e+03 2.350000000000000000e+03 4.070000000000000000e+03
1.036175800000000000e+08 3.560000000000000000e+03 4.640000000000000000e+03 2.350000000000000000e+03 4.070000000000000000e+03
1.036177880000000000e+08 3.610000000000000000e+03 4.640000000000000000e+03 2.360000000000000000e+03 4.070000000000000000e+03
1.036179960000000000e+08 3.720000000000000000e+03 4.640000000000000000e+03 2.360000000000000000e+03 4.070000000000000000e+03
1.036182040000000000e+08 3.830000000000000000e+03 4.640000000000000000e+03 2.350000000000000000e+03 4.070000000000000000e+03
1.036184120000000000e+08 3.810000000000000000e+03 4.640000000000000000e+03 2.350000000000000000e+03 4.070000000000000000e+03
1.036186200000000000e+08 3.780000000000000000e+03 4.640000000000000000e+03 2.350000000000000000e+03 4.070000000000000000e+03
1.036188290000000000e+08 3.730000000000000000e+03 4.640000000000000000e+03 2.350000000000000000e+03 4.070000000000000000e+03
1.036190360000000000e+08 3.680000000000000000e+03 4.640000000000000000e+03 2.360000000000000000e+03 4.060000000000000000e+03
1.036192440000000000e+08 3.640000000000000000e+03 4.630000000000000000e+03 2.360000000000000000e+03 4.060000000000000000e+03
1.036194520000000000e+08 3.620000000000000000e+03 4.630000000000000000e+03 2.370000000000000000e+03 4.070000000000000000e+03
1.036196590000000000e+08 3.740000000000000000e+03 4.630000000000000000e+03 2.360000000000000000e+03 4.080000000000000000e+03
1.036198670000000000e+08 3.630000000000000000e+03 4.640000000000000000e+03 2.360000000000000000e+03 4.080000000000000000e+03
1.036200760000000000e+08 3.560000000000000000e+03 4.640000000000000000e+03 2.370000000000000000e+03 4.080000000000000000e+03
1.036202830000000000e+08 3.520000000000000000e+03 4.640000000000000000e+03 2.370000000000000000e+03 4.080000000000000000e+03
1.036204910000000000e+08 3.500000000000000000e+03 4.640000000000000000e+03 2.370000000000000000e+03 4.080000000000000000e+03
1.036206990000000000e+08 3.490000000000000000e+03 4.640000000000000000e+03 2.360000000000000000e+03 4.070000000000000000e+03
1.036209070000000000e+08 3.480000000000000000e+03 4.640000000000000000e+03 2.370000000000000000e+03 4.070000000000000000e+03
1.036211150000000000e+08 3.460000000000000000e+03 4.650000000000000000e+03 2.370000000000000000e+03 4.070000000000000000e+03
1.036213230000000000e+08 3.460000000000000000e+03 4.650000000000000000e+03 2.360000000000000000e+03 4.070000000000000000e+03
1.036215310000000000e+08 3.440000000000000000e+03 4.650000000000000000e+03 2.360000000000000000e+03 4.070000000000000000e+03
1.036217390000000000e+08 3.440000000000000000e+03 4.650000000000000000e+03 2.370000000000000000e+03 4.080000000000000000e+03
1.036219470000000000e+08 3.430000000000000000e+03 4.640000000000000000e+03 2.360000000000000000e+03 4.080000000000000000e+03
1.036221550000000000e+08 3.430000000000000000e+03 4.640000000000000000e+03 2.360000000000000000e+03 4.080000000000000000e+03
1.036223630000000000e+08 3.450000000000000000e+03 4.640000000000000000e+03 2.370000000000000000e+03 4.080000000000000000e+03
1.036225710000000000e+08 3.450000000000000000e+03 4.640000000000000000e+03 2.380000000000000000e+03 4.080000000000000000e+03
1.036227790000000000e+08 3.460000000000000000e+03 4.640000000000000000e+03 2.370000000000000000e+03 4.080000000000000000e+03
1.036229870000000000e+08 3.480000000000000000e+03 4.640000000000000000e+03 2.360000000000000000e+03 4.080000000000000000e+03
1.036231950000000000e+08 3.460000000000000000e+03 4.640000000000000000e+03 2.360000000000000000e+03 4.080000000000000000e+03
1.036234030000000000e+08 3.440000000000000000e+03 4.650000000000000000e+03 2.360000000000000000e+03 4.080000000000000000e+03
1.036236110000000000e+08 3.410000000000000000e+03 4.640000000000000000e+03 2.360000000000000000e+03 4.080000000000000000e+03
1.036238190000000000e+08 3.400000000000000000e+03 4.650000000000000000e+03 2.350000000000000000e+03 4.080000000000000000e+03
1.036240270000000000e+08 3.420000000000000000e+03 4.650000000000000000e+03 2.360000000000000000e+03 4.080000000000000000e+03
1.036242340000000000e+08 3.410000000000000000e+03 4.640000000000000000e+03 2.360000000000000000e+03 4.080000000000000000e+03
1.036244430000000000e+08 3.410000000000000000e+03 4.640000000000000000e+03 2.360000000000000000e+03 4.080000000000000000e+03
1.036246510000000000e+08 3.400000000000000000e+03 4.640000000000000000e+03 2.360000000000000000e+03 4.080000000000000000e+03
1.036248590000000000e+08 3.410000000000000000e+03 4.630000000000000000e+03 2.370000000000000000e+03 4.080000000000000000e+03
1.036250670000000000e+08 3.410000000000000000e+03 4.630000000000000000e+03 2.360000000000000000e+03 4.080000000000000000e+03
1.036252750000000000e+08 3.420000000000000000e+03 4.640000000000000000e+03 2.350000000000000000e+03 4.080000000000000000e+03
1.036254830000000000e+08 3.400000000000000000e+03 4.640000000000000000e+03 2.350000000000000000e+03 4.080000000000000000e+03
1.036256900000000000e+08 3.410000000000000000e+03 4.630000000000000000e+03 2.370000000000000000e+03 4.080000000000000000e+03
1.036258980000000000e+08 3.560000000000000000e+03 4.630000000000000000e+03 2.360000000000000000e+03 4.080000000000000000e+03
1.036261060000000000e+08 3.810000000000000000e+03 4.640000000000000000e+03 2.360000000000000000e+03 4.070000000000000000e+03
1.036263140000000000e+08 3.720000000000000000e+03 4.630000000000000000e+03 2.370000000000000000e+03 4.070000000000000000e+03
1.036265220000000000e+08 3.640000000000000000e+03 4.640000000000000000e+03 2.370000000000000000e+03 4.070000000000000000e+03
1.036267300000000000e+08 3.610000000000000000e+03 4.650000000000000000e+03 2.370000000000000000e+03 4.070000000000000000e+03
1.036269380000000000e+08 3.580000000000000000e+03 4.640000000000000000e+03 2.360000000000000000e+03 4.070000000000000000e+03
1.036271460000000000e+08 3.580000000000000000e+03 4.630000000000000000e+03 2.360000000000000000e+03 4.070000000000000000e+03
1.036273540000000000e+08 3.550000000000000000e+03 4.630000000000000000e+03 2.360000000000000000e+03 4.070000000000000000e+03
1.036275630000000000e+08 3.530000000000000000e+03 4.630000000000000000e+03 2.360000000000000000e+03 4.070000000000000000e+03
1.036277700000000000e+08 3.540000000000000000e+03 4.640000000000000000e+03 2.350000000000000000e+03 4.070000000000000000e+03
1.036279780000000000e+08 3.770000000000000000e+03 4.640000000000000000e+03 2.360000000000000000e+03 4.070000000000000000e+03
1.036281860000000000e+08 3.920000000000000000e+03 4.640000000000000000e+03 2.360000000000000000e+03 4.070000000000000000e+03
1.036283940000000000e+08 4.010000000000000000e+03 4.640000000000000000e+03 2.360000000000000000e+03 4.070000000000000000e+03
1.036286020000000000e+08 3.880000000000000000e+03 4.640000000000000000e+03 2.370000000000000000e+03 4.080000000000000000e+03
1.036288100000000000e+08 3.770000000000000000e+03 4.640000000000000000e+03 2.370000000000000000e+03 4.080000000000000000e+03
1.036290180000000000e+08 3.650000000000000000e+03 4.640000000000000000e+03 2.360000000000000000e+03 4.080000000000000000e+03
1.036292260000000000e+08 3.580000000000000000e+03 4.650000000000000000e+03 2.360000000000000000e+03 4.080000000000000000e+03
1.036294340000000000e+08 3.530000000000000000e+03 4.650000000000000000e+03 2.370000000000000000e+03 4.080000000000000000e+03
1.036296420000000000e+08 3.510000000000000000e+03 4.650000000000000000e+03 2.370000000000000000e+03 4.080000000000000000e+03
1.036298500000000000e+08 3.510000000000000000e+03 4.640000000000000000e+03 2.360000000000000000e+03 4.090000000000000000e+03
1.036300580000000000e+08 3.490000000000000000e+03 4.660000000000000000e+03 2.370000000000000000e+03 4.080000000000000000e+03
1.036302660000000000e+08 3.470000000000000000e+03 4.670000000000000000e+03 2.370000000000000000e+03 4.080000000000000000e+03
1.036304740000000000e+08 3.480000000000000000e+03 4.660000000000000000e+03 2.360000000000000000e+03 4.080000000000000000e+03
1.036306820000000000e+08 3.490000000000000000e+03 4.660000000000000000e+03 2.360000000000000000e+03 4.080000000000000000e+03
1.036308900000000000e+08 3.480000000000000000e+03 4.650000000000000000e+03 2.360000000000000000e+03 4.080000000000000000e+03
1.036310980000000000e+08 3.470000000000000000e+03 4.650000000000000000e+03 2.360000000000000000e+03 4.080000000000000000e+03
1.036313050000000000e+08 3.450000000000000000e+03 4.650000000000000000e+03 2.370000000000000000e+03 4.080000000000000000e+03
1.036315130000000000e+08 3.450000000000000000e+03 4.650000000000000000e+03 2.380000000000000000e+03 4.080000000000000000e+03
1.036317220000000000e+08 3.450000000000000000e+03 4.650000000000000000e+03 2.380000000000000000e+03 4.080000000000000000e+03
1.036319290000000000e+08 3.440000000000000000e+03 4.640000000000000000e+03 2.380000000000000000e+03 4.080000000000000000e+03
1.036321370000000000e+08 3.450000000000000000e+03 4.640000000000000000e+03 2.380000000000000000e+03 4.080000000000000000e+03
1.036323450000000000e+08 3.450000000000000000e+03 4.640000000000000000e+03 2.370000000000000000e+03 4.080000000000000000e+03
1.036325530000000000e+08 3.440000000000000000e+03 4.640000000000000000e+03 2.380000000000000000e+03 4.080000000000000000e+03
1.036327610000000000e+08 3.440000000000000000e+03 4.640000000000000000e+03 2.380000000000000000e+03 4.080000000000000000e+03
1.036329690000000000e+08 3.440000000000000000e+03 4.640000000000000000e+03 2.380000000000000000e+03 4.080000000000000000e+03
1.036331770000000000e+08 3.440000000000000000e+03 4.640000000000000000e+03 2.380000000000000000e+03 4.070000000000000000e+03
1.036333850000000000e+08 3.430000000000000000e+03 4.650000000000000000e+03 2.380000000000000000e+03 4.080000000000000000e+03
1.036335930000000000e+08 3.730000000000000000e+03 4.640000000000000000e+03 2.380000000000000000e+03 4.080000000000000000e+03
1.036338010000000000e+08 3.620000000000000000e+03 4.650000000000000000e+03 2.390000000000000000e+03 4.080000000000000000e+03
1.036340090000000000e+08 3.570000000000000000e+03 4.640000000000000000e+03 2.380000000000000000e+03 4.080000000000000000e+03
1.036342170000000000e+08 3.530000000000000000e+03 4.630000000000000000e+03 2.380000000000000000e+03 4.070000000000000000e+03
1.036344250000000000e+08 3.510000000000000000e+03 4.640000000000000000e+03 2.370000000000000000e+03 4.070000000000000000e+03
1.036346330000000000e+08 3.500000000000000000e+03 4.640000000000000000e+03 2.370000000000000000e+03 4.070000000000000000e+03
1.036348410000000000e+08 3.500000000000000000e+03 4.630000000000000000e+03 2.380000000000000000e+03 4.070000000000000000e+03
1.036439910000000000e+08 3.320000000000000000e+03 4.650000000000000000e+03 2.390000000000000000e+03 4.300000000000000000e+03
1.036441990000000000e+08 3.320000000000000000e+03 4.650000000000000000e+03 2.390000000000000000e+03 4.220000000000000000e+03
1.036444070000000000e+08 3.320000000000000000e+03 4.650000000000000000e+03 2.390000000000000000e+03 4.250000000000000000e+03
1.036446150000000000e+08 3.320000000000000000e+03 4.640000000000000000e+03 2.380000000000000000e+03 4.270000000000000000e+03
1.036448230000000000e+08 3.320000000000000000e+03 4.640000000000000000e+03 2.390000000000000000e+03 4.290000000000000000e+03
1.036450300000000000e+08 3.320000000000000000e+03 4.640000000000000000e+03 2.390000000000000000e+03 4.290000000000000000e+03
1.036452390000000000e+08 3.320000000000000000e+03 4.660000000000000000e+03 2.390000000000000000e+03 4.230000000000000000e+03
1.036454470000000000e+08 3.330000000000000000e+03 4.650000000000000000e+03 2.380000000000000000e+03 4.210000000000000000e+03
1.036456550000000000e+08 3.330000000000000000e+03 4.640000000000000000e+03 2.380000000000000000e+03 4.210000000000000000e+03
1.036458630000000000e+08 3.320000000000000000e+03 4.650000000000000000e+03 2.380000000000000000e+03 4.220000000000000000e+03
1.036460710000000000e+08 3.320000000000000000e+03 4.650000000000000000e+03 2.390000000000000000e+03 4.240000000000000000e+03
1.036462790000000000e+08 3.320000000000000000e+03 4.650000000000000000e+03 2.380000000000000000e+03 4.290000000000000000e+03
1.036464870000000000e+08 3.330000000000000000e+03 4.650000000000000000e+03 2.390000000000000000e+03 4.320000000000000000e+03
1.036466950000000000e+08 3.340000000000000000e+03 4.650000000000000000e+03 2.370000000000000000e+03 4.330000000000000000e+03
1.036469030000000000e+08 3.340000000000000000e+03 4.640000000000000000e+03 2.370000000000000000e+03 4.340000000000000000e+03
1.036471110000000000e+08 3.330000000000000000e+03 4.640000000000000000e+03 2.370000000000000000e+03 4.340000000000000000e+03
1.036473190000000000e+08 3.340000000000000000e+03 4.640000000000000000e+03 2.370000000000000000e+03 4.340000000000000000e+03
1.036475270000000000e+08 3.330000000000000000e+03 4.640000000000000000e+03 2.360000000000000000e+03 4.370000000000000000e+03
1.036477350000000000e+08 3.320000000000000000e+03 4.640000000000000000e+03 2.370000000000000000e+03 4.380000000000000000e+03
1.036479430000000000e+08 3.320000000000000000e+03 4.630000000000000000e+03 2.380000000000000000e+03 4.420000000000000000e+03
1.036481510000000000e+08 3.300000000000000000e+03 4.630000000000000000e+03 2.370000000000000000e+03 4.420000000000000000e+03
1.036483590000000000e+08 3.310000000000000000e+03 4.650000000000000000e+03 2.370000000000000000e+03 4.420000000000000000e+03
1.036485660000000000e+08 3.310000000000000000e+03 4.660000000000000000e+03 2.370000000000000000e+03 4.420000000000000000e+03
1.036487740000000000e+08 3.310000000000000000e+03 4.660000000000000000e+03 2.380000000000000000e+03 4.420000000000000000e+03
1.036489820000000000e+08 3.310000000000000000e+03 4.670000000000000000e+03 2.370000000000000000e+03 4.420000000000000000e+03
1.036491900000000000e+08 3.320000000000000000e+03 4.660000000000000000e+03 2.370000000000000000e+03 4.440000000000000000e+03
1.036493980000000000e+08 3.320000000000000000e+03 4.650000000000000000e+03 2.360000000000000000e+03 4.440000000000000000e+03
1.036496060000000000e+08 3.320000000000000000e+03 4.650000000000000000e+03 2.360000000000000000e+03 4.440000000000000000e+03
1.036498140000000000e+08 3.320000000000000000e+03 4.650000000000000000e+03 2.360000000000000000e+03 4.440000000000000000e+03
1.036500220000000000e+08 3.320000000000000000e+03 4.650000000000000000e+03 2.360000000000000000e+03 4.440000000000000000e+03
1.036502300000000000e+08 3.330000000000000000e+03 4.650000000000000000e+03 2.370000000000000000e+03 4.450000000000000000e+03
1.036504380000000000e+08 3.330000000000000000e+03 4.650000000000000000e+03 2.360000000000000000e+03 4.450000000000000000e+03
1.036506460000000000e+08 3.330000000000000000e+03 4.650000000000000000e+03 2.360000000000000000e+03 4.430000000000000000e+03
1.036508540000000000e+08 3.330000000000000000e+03 4.650000000000000000e+03 2.360000000000000000e+03 4.420000000000000000e+03
1.036510620000000000e+08 3.330000000000000000e+03 4.650000000000000000e+03 2.370000000000000000e+03 4.420000000000000000e+03
1.036512700000000000e+08 3.320000000000000000e+03 4.650000000000000000e+03 2.380000000000000000e+03 4.410000000000000000e+03
1.036514780000000000e+08 3.310000000000000000e+03 4.650000000000000000e+03 2.390000000000000000e+03 4.420000000000000000e+03
1.036516860000000000e+08 3.320000000000000000e+03 4.650000000000000000e+03 2.370000000000000000e+03 4.420000000000000000e+03
1.036518940000000000e+08 3.320000000000000000e+03 4.650000000000000000e+03 2.370000000000000000e+03 4.420000000000000000e+03
1.036521010000000000e+08 3.320000000000000000e+03 4.640000000000000000e+03 2.370000000000000000e+03 4.420000000000000000e+03
1.036523100000000000e+08 3.320000000000000000e+03 4.640000000000000000e+03 2.370000000000000000e+03 4.410000000000000000e+03
1.036525180000000000e+08 3.320000000000000000e+03 4.640000000000000000e+03 2.370000000000000000e+03 4.410000000000000000e+03
1.036527260000000000e+08 3.320000000000000000e+03 4.650000000000000000e+03 2.380000000000000000e+03 4.410000000000000000e+03
1.036529340000000000e+08 3.320000000000000000e+03 4.650000000000000000e+03 2.380000000000000000e+03 4.400000000000000000e+03
1.036531420000000000e+08 3.320000000000000000e+03 4.650000000000000000e+03 2.380000000000000000e+03 4.400000000000000000e+03
1.036533500000000000e+08 3.320000000000000000e+03 4.650000000000000000e+03 2.370000000000000000e+03 4.400000000000000000e+03
1.036535580000000000e+08 3.320000000000000000e+03 4.660000000000000000e+03 2.380000000000000000e+03 4.400000000000000000e+03
1.036537660000000000e+08 3.330000000000000000e+03 4.660000000000000000e+03 2.380000000000000000e+03 4.390000000000000000e+03
1.036539740000000000e+08 3.330000000000000000e+03 4.650000000000000000e+03 2.380000000000000000e+03 4.370000000000000000e+03
1.036541820000000000e+08 3.330000000000000000e+03 4.650000000000000000e+03 2.380000000000000000e+03 4.370000000000000000e+03
1.036543890000000000e+08 3.320000000000000000e+03 4.650000000000000000e+03 2.370000000000000000e+03 4.370000000000000000e+03
1.036545970000000000e+08 3.320000000000000000e+03 4.660000000000000000e+03 2.360000000000000000e+03 4.370000000000000000e+03
1.036548060000000000e+08 3.320000000000000000e+03 4.650000000000000000e+03 2.370000000000000000e+03 4.370000000000000000e+03
1.036550130000000000e+08 3.320000000000000000e+03 4.650000000000000000e+03 2.370000000000000000e+03 4.370000000000000000e+03
1.036552210000000000e+08 3.330000000000000000e+03 4.640000000000000000e+03 2.360000000000000000e+03 4.380000000000000000e+03
1.036554290000000000e+08 3.330000000000000000e+03 4.640000000000000000e+03 2.360000000000000000e+03 4.380000000000000000e+03
1.036556370000000000e+08 3.320000000000000000e+03 4.640000000000000000e+03 2.360000000000000000e+03 4.390000000000000000e+03
1.036558450000000000e+08 3.320000000000000000e+03 4.640000000000000000e+03 2.370000000000000000e+03 4.380000000000000000e+03
1.036560530000000000e+08 3.330000000000000000e+03 4.640000000000000000e+03 2.370000000000000000e+03 4.370000000000000000e+03
1.036562610000000000e+08 3.330000000000000000e+03 4.640000000000000000e+03 2.360000000000000000e+03 4.360000000000000000e+03
1.036564690000000000e+08 3.330000000000000000e+03 4.640000000000000000e+03 2.350000000000000000e+03 4.350000000000000000e+03
1.036566770000000000e+08 3.330000000000000000e+03 4.640000000000000000e+03 2.360000000000000000e+03 4.340000000000000000e+03
1.036568850000000000e+08 3.330000000000000000e+03 4.650000000000000000e+03 2.360000000000000000e+03 4.330000000000000000e+03
1.036570930000000000e+08 3.320000000000000000e+03 4.650000000000000000e+03 2.360000000000000000e+03 4.330000000000000000e+03
1.036573010000000000e+08 3.320000000000000000e+03 4.650000000000000000e+03 2.370000000000000000e+03 4.330000000000000000e+03
1.036575090000000000e+08 3.320000000000000000e+03 4.640000000000000000e+03 2.360000000000000000e+03 4.360000000000000000e+03
1.036577170000000000e+08 3.320000000000000000e+03 4.640000000000000000e+03 2.360000000000000000e+03 4.390000000000000000e+03
1.036579250000000000e+08 3.320000000000000000e+03 4.640000000000000000e+03 2.370000000000000000e+03 4.390000000000000000e+03
1.036581330000000000e+08 3.330000000000000000e+03 4.650000000000000000e+03 2.380000000000000000e+03 4.440000000000000000e+03
1.036583400000000000e+08 3.330000000000000000e+03 4.650000000000000000e+03 2.370000000000000000e+03 4.470000000000000000e+03
1.036585490000000000e+08 3.330000000000000000e+03 4.650000000000000000e+03 2.360000000000000000e+03 4.440000000000000000e+03
1.036587570000000000e+08 3.330000000000000000e+03 4.650000000000000000e+03 2.350000000000000000e+03 4.410000000000000000e+03
1.036589650000000000e+08 3.330000000000000000e+03 4.660000000000000000e+03 2.350000000000000000e+03 4.400000000000000000e+03
1.036591730000000000e+08 3.330000000000000000e+03 4.650000000000000000e+03 2.360000000000000000e+03 4.400000000000000000e+03
1.036593810000000000e+08 3.330000000000000000e+03 4.650000000000000000e+03 2.370000000000000000e+03 4.400000000000000000e+03
1.036595880000000000e+08 3.330000000000000000e+03 4.650000000000000000e+03 2.360000000000000000e+03 4.410000000000000000e+03
1.036597970000000000e+08 3.330000000000000000e+03 4.650000000000000000e+03 2.360000000000000000e+03 4.410000000000000000e+03
1.037000040000000000e+08 3.330000000000000000e+03 4.650000000000000000e+03 2.360000000000000000e+03 4.420000000000000000e+03
1.037002130000000000e+08 3.330000000000000000e+03 4.650000000000000000e+03 2.360000000000000000e+03 4.430000000000000000e+03
1.037004210000000000e+08 3.330000000000000000e+03 4.650000000000000000e+03 2.370000000000000000e+03 4.430000000000000000e+03
1.037006280000000000e+08 3.330000000000000000e+03 4.650000000000000000e+03 2.380000000000000000e+03 4.440000000000000000e+03
1.037008360000000000e+08 3.330000000000000000e+03 4.650000000000000000e+03 2.380000000000000000e+03 4.450000000000000000e+03
1.037010440000000000e+08 3.330000000000000000e+03 4.650000000000000000e+03 2.370000000000000000e+03 4.450000000000000000e+03
1.037012520000000000e+08 3.330000000000000000e+03 4.650000000000000000e+03 2.380000000000000000e+03 4.430000000000000000e+03
1.037014600000000000e+08 3.330000000000000000e+03 4.650000000000000000e+03 2.380000000000000000e+03 4.410000000000000000e+03
1.037016680000000000e+08 3.330000000000000000e+03 4.640000000000000000e+03 2.380000000000000000e+03 4.390000000000000000e+03
1.037018760000000000e+08 3.330000000000000000e+03 4.640000000000000000e+03 2.380000000000000000e+03 4.370000000000000000e+03
1.037020840000000000e+08 3.330000000000000000e+03 4.650000000000000000e+03 2.370000000000000000e+03 4.360000000000000000e+03
1.037022920000000000e+08 3.320000000000000000e+03 4.650000000000000000e+03 2.380000000000000000e+03 4.360000000000000000e+03
1.037025000000000000e+08 3.310000000000000000e+03 4.650000000000000000e+03 2.370000000000000000e+03 4.370000000000000000e+03
1.037027080000000000e+08 3.310000000000000000e+03 4.660000000000000000e+03 2.360000000000000000e+03 4.370000000000000000e+03
1.037029150000000000e+08 3.310000000000000000e+03 4.660000000000000000e+03 2.360000000000000000e+03 4.380000000000000000e+03
1.037031240000000000e+08 3.310000000000000000e+03 4.660000000000000000e+03 2.360000000000000000e+03 4.380000000000000000e+03
1.037033330000000000e+08 3.310000000000000000e+03 4.660000000000000000e+03 2.360000000000000000e+03 4.390000000000000000e+03
1.037035400000000000e+08 3.310000000000000000e+03 4.670000000000000000e+03 2.360000000000000000e+03 4.390000000000000000e+03
1.037037480000000000e+08 3.310000000000000000e+03 4.660000000000000000e+03 2.360000000000000000e+03 4.400000000000000000e+03
1.037039560000000000e+08 3.310000000000000000e+03 4.660000000000000000e+03 2.360000000000000000e+03 4.410000000000000000e+03
1.037041640000000000e+08 3.310000000000000000e+03 4.660000000000000000e+03 2.370000000000000000e+03 4.420000000000000000e+03
1.037043720000000000e+08 3.310000000000000000e+03 4.670000000000000000e+03 2.380000000000000000e+03 4.420000000000000000e+03
1.037045800000000000e+08 3.310000000000000000e+03 4.670000000000000000e+03 2.380000000000000000e+03 4.430000000000000000e+03
1.037047880000000000e+08 3.320000000000000000e+03 4.670000000000000000e+03 2.380000000000000000e+03 4.430000000000000000e+03
1.037050170000000000e+08 3.320000000000000000e+03 4.670000000000000000e+03 2.380000000000000000e+03 4.430000000000000000e+03
1.037052040000000000e+08 3.320000000000000000e+03 4.660000000000000000e+03 2.380000000000000000e+03 4.430000000000000000e+03
1.037056200000000000e+08 3.320000000000000000e+03 4.650000000000000000e+03 2.380000000000000000e+03 4.420000000000000000e+03
1.037058270000000000e+08 3.320000000000000000e+03 4.660000000000000000e+03 2.370000000000000000e+03 4.410000000000000000e+03
1.037060350000000000e+08 3.320000000000000000e+03 4.650000000000000000e+03 2.380000000000000000e+03 4.400000000000000000e+03
1.037062430000000000e+08 3.320000000000000000e+03 4.650000000000000000e+03 2.370000000000000000e+03 4.400000000000000000e+03
1.037064510000000000e+08 3.310000000000000000e+03 4.660000000000000000e+03 2.380000000000000000e+03 4.400000000000000000e+03
1.037066590000000000e+08 3.310000000000000000e+03 4.670000000000000000e+03 2.380000000000000000e+03 4.410000000000000000e+03
1.037068670000000000e+08 3.300000000000000000e+03 4.660000000000000000e+03 2.370000000000000000e+03 4.420000000000000000e+03
1.037070750000000000e+08 3.300000000000000000e+03 4.660000000000000000e+03 2.370000000000000000e+03 4.430000000000000000e+03
1.037072830000000000e+08 3.300000000000000000e+03 4.650000000000000000e+03 2.370000000000000000e+03 4.440000000000000000e+03
1.037074910000000000e+08 3.300000000000000000e+03 4.650000000000000000e+03 2.370000000000000000e+03 4.470000000000000000e+03
