9.025046900000000000e+07 1.570000000000000000e+03 4.690000000000000000e+03 4.120000000000000000e+03 5.950000000000000000e+03
9.025067700000000000e+07 1.590000000000000000e+03 4.690000000000000000e+03 4.120000000000000000e+03 5.940000000000000000e+03
9.025088500000000000e+07 1.550000000000000000e+03 4.680000000000000000e+03 4.120000000000000000e+03 5.930000000000000000e+03
9.025109300000000000e+07 1.570000000000000000e+03 4.680000000000000000e+03 4.110000000000000000e+03 5.940000000000000000e+03
9.025130100000000000e+07 1.560000000000000000e+03 4.670000000000000000e+03 4.110000000000000000e+03 5.940000000000000000e+03
9.025150900000000000e+07 1.580000000000000000e+03 4.670000000000000000e+03 4.110000000000000000e+03 5.940000000000000000e+03
9.025171700000000000e+07 1.620000000000000000e+03 4.670000000000000000e+03 4.120000000000000000e+03 5.940000000000000000e+03
9.025190900000000000e+07 1.630000000000000000e+03 4.670000000000000000e+03 4.110000000000000000e+03 5.930000000000000000e+03
9.025211700000000000e+07 1.570000000000000000e+03 4.670000000000000000e+03 4.110000000000000000e+03 5.930000000000000000e+03
9.025232400000000000e+07 1.580000000000000000e+03 4.670000000000000000e+03 4.110000000000000000e+03 5.940000000000000000e+03
9.025253300000000000e+07 1.590000000000000000e+03 4.670000000000000000e+03 4.110000000000000000e+03 5.940000000000000000e+03
9.025274100000000000e+07 1.580000000000000000e+03 4.670000000000000000e+03 4.110000000000000000e+03 5.940000000000000000e+03
9.025294800000000000e+07 1.580000000000000000e+03 4.680000000000000000e+03 4.110000000000000000e+03 5.940000000000000000e+03
9.025315700000000000e+07 1.560000000000000000e+03 4.680000000000000000e+03 4.110000000000000000e+03 5.930000000000000000e+03
9.025336500000000000e+07 1.580000000000000000e+03 4.680000000000000000e+03 4.100000000000000000e+03 5.930000000000000000e+03
9.025357300000000000e+07 1.580000000000000000e+03 4.680000000000000000e+03 4.110000000000000000e+03 5.920000000000000000e+03
9.025378100000000000e+07 1.590000000000000000e+03 4.680000000000000000e+03 4.110000000000000000e+03 5.920000000000000000e+03
9.025398800000000000e+07 1.570000000000000000e+03 4.680000000000000000e+03 4.110000000000000000e+03 5.920000000000000000e+03
9.025419600000000000e+07 1.600000000000000000e+03 4.670000000000000000e+03 4.100000000000000000e+03 5.930000000000000000e+03
9.025440500000000000e+07 1.590000000000000000e+03 4.670000000000000000e+03 4.100000000000000000e+03 5.940000000000000000e+03
9.025461200000000000e+07 1.610000000000000000e+03 4.680000000000000000e+03 4.100000000000000000e+03 5.940000000000000000e+03
9.025482000000000000e+07 1.610000000000000000e+03 4.680000000000000000e+03 4.110000000000000000e+03 5.950000000000000000e+03
9.025502900000000000e+07 1.630000000000000000e+03 4.670000000000000000e+03 4.110000000000000000e+03 5.940000000000000000e+03
9.025523600000000000e+07 1.580000000000000000e+03 4.670000000000000000e+03 4.110000000000000000e+03 5.940000000000000000e+03
9.025542800000000000e+07 1.590000000000000000e+03 4.660000000000000000e+03 4.100000000000000000e+03 5.930000000000000000e+03
9.025563600000000000e+07 1.620000000000000000e+03 4.660000000000000000e+03 4.110000000000000000e+03 5.930000000000000000e+03
9.025584400000000000e+07 1.610000000000000000e+03 4.660000000000000000e+03 4.110000000000000000e+03 5.930000000000000000e+03
9.025605200000000000e+07 1.580000000000000000e+03 4.670000000000000000e+03 4.110000000000000000e+03 5.940000000000000000e+03
9.025626000000000000e+07 1.580000000000000000e+03 4.670000000000000000e+03 4.110000000000000000e+03 5.930000000000000000e+03
9.025646700000000000e+07 1.570000000000000000e+03 4.670000000000000000e+03 4.100000000000000000e+03 5.940000000000000000e+03
9.025667600000000000e+07 1.550000000000000000e+03 4.670000000000000000e+03 4.100000000000000000e+03 5.940000000000000000e+03
9.025688400000000000e+07 1.600000000000000000e+03 4.660000000000000000e+03 4.100000000000000000e+03 5.950000000000000000e+03
9.025709200000000000e+07 1.560000000000000000e+03 4.660000000000000000e+03 4.110000000000000000e+03 5.940000000000000000e+03
9.025730000000000000e+07 1.560000000000000000e+03 4.660000000000000000e+03 4.110000000000000000e+03 5.940000000000000000e+03
9.025750700000000000e+07 1.600000000000000000e+03 4.660000000000000000e+03 4.110000000000000000e+03 5.950000000000000000e+03
9.025771600000000000e+07 1.560000000000000000e+03 4.660000000000000000e+03 4.110000000000000000e+03 5.950000000000000000e+03
9.025792400000000000e+07 1.560000000000000000e+03 4.660000000000000000e+03 4.110000000000000000e+03 5.950000000000000000e+03
9.025813100000000000e+07 1.550000000000000000e+03 4.660000000000000000e+03 4.100000000000000000e+03 5.940000000000000000e+03
9.025833900000000000e+07 1.550000000000000000e+03 4.670000000000000000e+03 4.110000000000000000e+03 5.940000000000000000e+03
9.025854800000000000e+07 1.530000000000000000e+03 4.680000000000000000e+03 4.100000000000000000e+03 5.940000000000000000e+03
9.025875500000000000e+07 1.560000000000000000e+03 4.690000000000000000e+03 4.100000000000000000e+03 5.950000000000000000e+03
9.025896300000000000e+07 1.580000000000000000e+03 4.690000000000000000e+03 4.110000000000000000e+03 5.960000000000000000e+03
9.025917100000000000e+07 1.570000000000000000e+03 4.690000000000000000e+03 4.110000000000000000e+03 5.950000000000000000e+03
9.025936300000000000e+07 1.610000000000000000e+03 4.690000000000000000e+03 4.110000000000000000e+03 5.950000000000000000e+03
9.025957100000000000e+07 1.610000000000000000e+03 4.690000000000000000e+03 4.120000000000000000e+03 5.950000000000000000e+03
9.025977900000000000e+07 1.600000000000000000e+03 4.680000000000000000e+03 4.120000000000000000e+03 5.950000000000000000e+03
9.025998700000000000e+07 1.550000000000000000e+03 4.680000000000000000e+03 4.110000000000000000e+03 5.950000000000000000e+03
9.030019500000000000e+07 1.610000000000000000e+03 4.680000000000000000e+03 4.110000000000000000e+03 5.960000000000000000e+03
9.030040200000000000e+07 1.610000000000000000e+03 4.680000000000000000e+03 4.110000000000000000e+03 5.960000000000000000e+03
9.030061100000000000e+07 1.550000000000000000e+03 4.680000000000000000e+03 4.100000000000000000e+03 5.960000000000000000e+03
9.030081900000000000e+07 1.540000000000000000e+03 4.670000000000000000e+03 4.100000000000000000e+03 5.960000000000000000e+03
9.030102700000000000e+07 1.560000000000000000e+03 4.660000000000000000e+03 4.110000000000000000e+03 5.940000000000000000e+03
9.030123500000000000e+07 1.600000000000000000e+03 4.660000000000000000e+03 4.110000000000000000e+03 5.940000000000000000e+03
9.030144300000000000e+07 1.580000000000000000e+03 4.680000000000000000e+03 4.110000000000000000e+03 5.930000000000000000e+03
9.030165100000000000e+07 1.600000000000000000e+03 4.680000000000000000e+03 4.110000000000000000e+03 5.930000000000000000e+03
9.030185900000000000e+07 1.590000000000000000e+03 4.680000000000000000e+03 4.110000000000000000e+03 5.940000000000000000e+03
9.030206700000000000e+07 1.520000000000000000e+03 4.680000000000000000e+03 4.110000000000000000e+03 5.940000000000000000e+03
9.030227500000000000e+07 1.540000000000000000e+03 4.680000000000000000e+03 4.110000000000000000e+03 5.950000000000000000e+03
9.030248300000000000e+07 1.550000000000000000e+03 4.680000000000000000e+03 4.110000000000000000e+03 5.950000000000000000e+03
9.030269100000000000e+07 1.540000000000000000e+03 4.680000000000000000e+03 4.110000000000000000e+03 5.960000000000000000e+03
9.030289800000000000e+07 1.570000000000000000e+03 4.680000000000000000e+03 4.120000000000000000e+03 5.950000000000000000e+03
9.030310600000000000e+07 1.580000000000000000e+03 4.680000000000000000e+03 4.110000000000000000e+03 5.950000000000000000e+03
9.030329800000000000e+07 1.570000000000000000e+03 4.680000000000000000e+03 4.110000000000000000e+03 5.960000000000000000e+03
9.030350600000000000e+07 1.570000000000000000e+03 4.680000000000000000e+03 4.110000000000000000e+03 5.950000000000000000e+03
9.030371400000000000e+07 1.600000000000000000e+03 4.680000000000000000e+03 4.100000000000000000e+03 5.940000000000000000e+03
9.030392200000000000e+07 1.600000000000000000e+03 4.680000000000000000e+03 4.100000000000000000e+03 5.950000000000000000e+03
9.030413100000000000e+07 1.610000000000000000e+03 4.680000000000000000e+03 4.110000000000000000e+03 5.940000000000000000e+03
9.030433800000000000e+07 1.590000000000000000e+03 4.680000000000000000e+03 4.120000000000000000e+03 5.940000000000000000e+03
9.030454500000000000e+07 1.620000000000000000e+03 4.670000000000000000e+03 4.120000000000000000e+03 5.950000000000000000e+03
9.030475400000000000e+07 1.580000000000000000e+03 4.660000000000000000e+03 4.120000000000000000e+03 5.950000000000000000e+03
9.030496200000000000e+07 1.590000000000000000e+03 4.660000000000000000e+03 4.110000000000000000e+03 5.940000000000000000e+03
9.030517000000000000e+07 1.640000000000000000e+03 4.660000000000000000e+03 4.110000000000000000e+03 5.940000000000000000e+03
9.030537800000000000e+07 1.630000000000000000e+03 4.660000000000000000e+03 4.110000000000000000e+03 5.930000000000000000e+03
9.030558600000000000e+07 1.580000000000000000e+03 4.660000000000000000e+03 4.110000000000000000e+03 5.950000000000000000e+03
9.030579400000000000e+07 1.550000000000000000e+03 4.670000000000000000e+03 4.120000000000000000e+03 5.950000000000000000e+03
9.030600200000000000e+07 1.620000000000000000e+03 4.670000000000000000e+03 4.130000000000000000e+03 5.940000000000000000e+03
9.030621000000000000e+07 1.610000000000000000e+03 4.680000000000000000e+03 4.130000000000000000e+03 5.940000000000000000e+03
9.030641800000000000e+07 1.620000000000000000e+03 4.680000000000000000e+03 4.120000000000000000e+03 5.940000000000000000e+03
9.030662600000000000e+07 1.560000000000000000e+03 4.680000000000000000e+03 4.120000000000000000e+03 5.940000000000000000e+03
9.030681800000000000e+07 1.550000000000000000e+03 4.680000000000000000e+03 4.120000000000000000e+03 5.940000000000000000e+03
9.030702600000000000e+07 1.610000000000000000e+03 4.680000000000000000e+03 4.110000000000000000e+03 5.940000000000000000e+03
9.030723300000000000e+07 1.580000000000000000e+03 4.680000000000000000e+03 4.110000000000000000e+03 5.950000000000000000e+03
9.030744100000000000e+07 1.570000000000000000e+03 4.690000000000000000e+03 4.110000000000000000e+03 5.940000000000000000e+03
9.030764900000000000e+07 1.100000000000000000e+03 5.180000000000000000e+03 4.110000000000000000e+03 5.940000000000000000e+03
9.030785700000000000e+07 1.100000000000000000e+03 5.190000000000000000e+03 4.110000000000000000e+03 5.930000000000000000e+03
9.030806500000000000e+07 1.100000000000000000e+03 5.120000000000000000e+03 4.110000000000000000e+03 5.930000000000000000e+03
9.030827300000000000e+07 1.100000000000000000e+03 5.120000000000000000e+03 4.110000000000000000e+03 5.940000000000000000e+03
9.030848100000000000e+07 1.100000000000000000e+03 5.130000000000000000e+03 4.110000000000000000e+03 5.940000000000000000e+03
9.030868900000000000e+07 1.090000000000000000e+03 5.120000000000000000e+03 4.110000000000000000e+03 5.940000000000000000e+03
9.030889700000000000e+07 1.100000000000000000e+03 5.120000000000000000e+03 4.110000000000000000e+03 5.940000000000000000e+03
9.030910500000000000e+07 1.100000000000000000e+03 5.120000000000000000e+03 4.100000000000000000e+03 5.940000000000000000e+03
9.030931300000000000e+07 1.110000000000000000e+03 5.190000000000000000e+03 4.100000000000000000e+03 5.930000000000000000e+03
9.030952100000000000e+07 1.100000000000000000e+03 5.130000000000000000e+03 4.100000000000000000e+03 5.940000000000000000e+03
9.030972900000000000e+07 1.100000000000000000e+03 5.130000000000000000e+03 4.100000000000000000e+03 5.940000000000000000e+03
9.030993600000000000e+07 1.100000000000000000e+03 5.140000000000000000e+03 4.100000000000000000e+03 5.940000000000000000e+03
9.031012900000000000e+07 1.100000000000000000e+03 5.130000000000000000e+03 4.100000000000000000e+03 5.930000000000000000e+03
9.031033700000000000e+07 1.100000000000000000e+03 5.170000000000000000e+03 4.110000000000000000e+03 5.920000000000000000e+03
9.031054500000000000e+07 1.110000000000000000e+03 5.130000000000000000e+03 4.110000000000000000e+03 5.930000000000000000e+03
9.031075300000000000e+07 1.120000000000000000e+03 5.140000000000000000e+03 4.110000000000000000e+03 5.930000000000000000e+03
9.031096100000000000e+07 1.120000000000000000e+03 5.180000000000000000e+03 4.110000000000000000e+03 5.940000000000000000e+03
9.031116800000000000e+07 1.110000000000000000e+03 5.180000000000000000e+03 4.110000000000000000e+03 5.950000000000000000e+03
9.031137600000000000e+07 1.100000000000000000e+03 5.120000000000000000e+03 4.110000000000000000e+03 5.950000000000000000e+03
9.031158400000000000e+07 1.100000000000000000e+03 5.120000000000000000e+03 4.100000000000000000e+03 5.950000000000000000e+03
9.031179200000000000e+07 1.090000000000000000e+03 5.120000000000000000e+03 4.100000000000000000e+03 5.940000000000000000e+03
9.031200000000000000e+07 1.110000000000000000e+03 5.130000000000000000e+03 4.100000000000000000e+03 5.940000000000000000e+03
9.031220700000000000e+07 1.110000000000000000e+03 5.190000000000000000e+03 4.100000000000000000e+03 5.960000000000000000e+03
9.031241600000000000e+07 1.110000000000000000e+03 5.190000000000000000e+03 4.100000000000000000e+03 5.940000000000000000e+03
9.031262400000000000e+07 1.110000000000000000e+03 5.150000000000000000e+03 4.090000000000000000e+03 5.950000000000000000e+03
9.031283300000000000e+07 1.100000000000000000e+03 5.180000000000000000e+03 4.090000000000000000e+03 5.950000000000000000e+03
9.031304000000000000e+07 1.090000000000000000e+03 5.140000000000000000e+03 4.100000000000000000e+03 5.950000000000000000e+03
9.031324800000000000e+07 1.100000000000000000e+03 5.140000000000000000e+03 4.100000000000000000e+03 5.950000000000000000e+03
9.031345600000000000e+07 1.100000000000000000e+03 5.140000000000000000e+03 4.100000000000000000e+03 5.950000000000000000e+03
9.031364700000000000e+07 1.090000000000000000e+03 5.180000000000000000e+03 4.100000000000000000e+03 5.950000000000000000e+03
9.031385600000000000e+07 1.090000000000000000e+03 5.120000000000000000e+03 4.100000000000000000e+03 5.950000000000000000e+03
9.031406400000000000e+07 1.080000000000000000e+03 5.190000000000000000e+03 4.110000000000000000e+03 5.940000000000000000e+03
9.031427200000000000e+07 1.080000000000000000e+03 5.160000000000000000e+03 4.110000000000000000e+03 5.940000000000000000e+03
9.031448000000000000e+07 1.090000000000000000e+03 5.140000000000000000e+03 4.110000000000000000e+03 5.950000000000000000e+03
9.031468800000000000e+07 1.090000000000000000e+03 5.160000000000000000e+03 4.100000000000000000e+03 5.950000000000000000e+03
9.031489600000000000e+07 1.090000000000000000e+03 5.160000000000000000e+03 4.100000000000000000e+03 5.940000000000000000e+03
9.031510300000000000e+07 1.080000000000000000e+03 5.160000000000000000e+03 4.110000000000000000e+03 5.940000000000000000e+03
9.031531100000000000e+07 1.090000000000000000e+03 5.180000000000000000e+03 4.110000000000000000e+03 5.940000000000000000e+03
9.031551900000000000e+07 1.100000000000000000e+03 5.180000000000000000e+03 4.110000000000000000e+03 5.940000000000000000e+03
9.031572700000000000e+07 1.090000000000000000e+03 5.160000000000000000e+03 4.110000000000000000e+03 5.940000000000000000e+03
9.031593500000000000e+07 1.080000000000000000e+03 5.200000000000000000e+03 4.110000000000000000e+03 5.940000000000000000e+03
9.031614300000000000e+07 1.100000000000000000e+03 5.170000000000000000e+03 4.110000000000000000e+03 5.940000000000000000e+03
9.031635100000000000e+07 1.110000000000000000e+03 5.180000000000000000e+03 4.110000000000000000e+03 5.940000000000000000e+03
9.031655900000000000e+07 1.110000000000000000e+03 5.180000000000000000e+03 4.110000000000000000e+03 5.940000000000000000e+03
9.031676700000000000e+07 1.110000000000000000e+03 5.130000000000000000e+03 4.120000000000000000e+03 5.940000000000000000e+03
9.031695900000000000e+07 1.100000000000000000e+03 5.160000000000000000e+03 4.120000000000000000e+03 5.950000000000000000e+03
9.031716700000000000e+07 1.090000000000000000e+03 5.170000000000000000e+03 4.120000000000000000e+03 5.950000000000000000e+03
9.031737500000000000e+07 1.090000000000000000e+03 5.140000000000000000e+03 4.120000000000000000e+03 5.950000000000000000e+03
9.031758300000000000e+07 1.100000000000000000e+03 5.140000000000000000e+03 4.120000000000000000e+03 5.950000000000000000e+03
9.031779000000000000e+07 1.100000000000000000e+03 5.160000000000000000e+03 4.120000000000000000e+03 5.960000000000000000e+03
9.031799900000000000e+07 1.100000000000000000e+03 5.160000000000000000e+03 4.120000000000000000e+03 5.950000000000000000e+03
9.031820700000000000e+07 1.100000000000000000e+03 5.180000000000000000e+03 4.120000000000000000e+03 5.940000000000000000e+03
9.031841500000000000e+07 1.120000000000000000e+03 5.150000000000000000e+03 4.110000000000000000e+03 5.960000000000000000e+03
9.031862200000000000e+07 1.120000000000000000e+03 5.140000000000000000e+03 4.110000000000000000e+03 5.940000000000000000e+03
9.031883000000000000e+07 1.120000000000000000e+03 5.200000000000000000e+03 4.100000000000000000e+03 5.930000000000000000e+03
9.031903900000000000e+07 1.100000000000000000e+03 5.150000000000000000e+03 4.100000000000000000e+03 5.930000000000000000e+03
9.031924600000000000e+07 1.100000000000000000e+03 5.160000000000000000e+03 4.110000000000000000e+03 5.930000000000000000e+03
9.031945500000000000e+07 1.100000000000000000e+03 5.200000000000000000e+03 4.110000000000000000e+03 5.930000000000000000e+03
9.031966300000000000e+07 1.100000000000000000e+03 5.200000000000000000e+03 4.110000000000000000e+03 5.930000000000000000e+03
9.031987000000000000e+07 1.100000000000000000e+03 5.160000000000000000e+03 4.110000000000000000e+03 5.940000000000000000e+03
9.032007800000000000e+07 1.100000000000000000e+03 5.200000000000000000e+03 4.110000000000000000e+03 5.940000000000000000e+03
9.032028600000000000e+07 1.110000000000000000e+03 5.150000000000000000e+03 4.120000000000000000e+03 5.940000000000000000e+03
9.032047800000000000e+07 1.110000000000000000e+03 5.160000000000000000e+03 4.120000000000000000e+03 5.950000000000000000e+03
9.032068600000000000e+07 1.110000000000000000e+03 5.140000000000000000e+03 4.120000000000000000e+03 5.950000000000000000e+03
9.032089400000000000e+07 1.110000000000000000e+03 5.160000000000000000e+03 4.110000000000000000e+03 5.950000000000000000e+03
9.032110200000000000e+07 1.110000000000000000e+03 5.180000000000000000e+03 4.110000000000000000e+03 5.950000000000000000e+03
9.032131000000000000e+07 1.100000000000000000e+03 5.160000000000000000e+03 4.110000000000000000e+03 5.950000000000000000e+03
9.032151800000000000e+07 1.100000000000000000e+03 5.140000000000000000e+03 4.110000000000000000e+03 5.950000000000000000e+03
9.032172600000000000e+07 1.100000000000000000e+03 5.140000000000000000e+03 4.110000000000000000e+03 5.950000000000000000e+03
9.032193300000000000e+07 1.090000000000000000e+03 5.160000000000000000e+03 4.110000000000000000e+03 5.950000000000000000e+03
9.032214200000000000e+07 1.090000000000000000e+03 5.160000000000000000e+03 4.120000000000000000e+03 5.950000000000000000e+03
9.032235000000000000e+07 1.110000000000000000e+03 5.210000000000000000e+03 4.110000000000000000e+03 5.950000000000000000e+03
9.032255800000000000e+07 1.100000000000000000e+03 5.210000000000000000e+03 4.100000000000000000e+03 5.960000000000000000e+03
9.032276500000000000e+07 1.100000000000000000e+03 5.170000000000000000e+03 4.100000000000000000e+03 5.970000000000000000e+03
9.032297400000000000e+07 1.090000000000000000e+03 5.170000000000000000e+03 4.100000000000000000e+03 5.970000000000000000e+03
9.032318200000000000e+07 1.090000000000000000e+03 5.160000000000000000e+03 4.110000000000000000e+03 5.960000000000000000e+03
9.032339000000000000e+07 1.090000000000000000e+03 5.140000000000000000e+03 4.110000000000000000e+03 5.960000000000000000e+03
9.032359800000000000e+07 1.080000000000000000e+03 5.150000000000000000e+03 4.110000000000000000e+03 5.950000000000000000e+03
9.032378900000000000e+07 1.090000000000000000e+03 5.140000000000000000e+03 4.110000000000000000e+03 5.950000000000000000e+03
9.032399800000000000e+07 1.110000000000000000e+03 5.140000000000000000e+03 4.110000000000000000e+03 5.950000000000000000e+03
9.032420500000000000e+07 1.120000000000000000e+03 5.180000000000000000e+03 4.110000000000000000e+03 5.950000000000000000e+03
9.032441300000000000e+07 1.100000000000000000e+03 5.190000000000000000e+03 4.120000000000000000e+03 5.960000000000000000e+03
9.032462100000000000e+07 1.100000000000000000e+03 5.140000000000000000e+03 4.110000000000000000e+03 5.960000000000000000e+03
9.032482900000000000e+07 1.110000000000000000e+03 5.210000000000000000e+03 4.100000000000000000e+03 5.950000000000000000e+03
9.032503700000000000e+07 1.120000000000000000e+03 5.160000000000000000e+03 4.100000000000000000e+03 5.960000000000000000e+03
