1.107360210000000000e+08 2.640000000000000000e+03 2.640000000000000000e+03 4.690000000000000000e+03 4.740000000000000000e+03
1.107362290000000000e+08 2.640000000000000000e+03 2.660000000000000000e+03 4.740000000000000000e+03 4.740000000000000000e+03
1.107364370000000000e+08 2.640000000000000000e+03 2.650000000000000000e+03 5.370000000000000000e+03 4.740000000000000000e+03
1.107366450000000000e+08 2.640000000000000000e+03 2.650000000000000000e+03 5.480000000000000000e+03 4.740000000000000000e+03
1.107368530000000000e+08 2.640000000000000000e+03 2.670000000000000000e+03 5.320000000000000000e+03 4.740000000000000000e+03
1.107370610000000000e+08 2.640000000000000000e+03 2.670000000000000000e+03 5.210000000000000000e+03 4.740000000000000000e+03
1.107372690000000000e+08 2.650000000000000000e+03 2.670000000000000000e+03 5.120000000000000000e+03 4.740000000000000000e+03
1.107374760000000000e+08 2.650000000000000000e+03 2.660000000000000000e+03 5.190000000000000000e+03 4.740000000000000000e+03
1.107376850000000000e+08 2.650000000000000000e+03 2.640000000000000000e+03 5.370000000000000000e+03 4.740000000000000000e+03
1.107378920000000000e+08 2.650000000000000000e+03 2.640000000000000000e+03 5.480000000000000000e+03 4.740000000000000000e+03
1.107380840000000000e+08 2.650000000000000000e+03 2.640000000000000000e+03 5.570000000000000000e+03 4.740000000000000000e+03
1.107382930000000000e+08 2.650000000000000000e+03 2.640000000000000000e+03 5.640000000000000000e+03 4.740000000000000000e+03
1.107385010000000000e+08 2.650000000000000000e+03 2.650000000000000000e+03 5.710000000000000000e+03 4.740000000000000000e+03
1.107387090000000000e+08 2.650000000000000000e+03 2.640000000000000000e+03 5.780000000000000000e+03 4.730000000000000000e+03
1.107389170000000000e+08 2.650000000000000000e+03 2.650000000000000000e+03 5.850000000000000000e+03 4.740000000000000000e+03
1.107391250000000000e+08 2.660000000000000000e+03 2.650000000000000000e+03 5.890000000000000000e+03 4.740000000000000000e+03
1.107393330000000000e+08 2.660000000000000000e+03 2.640000000000000000e+03 5.890000000000000000e+03 4.740000000000000000e+03
1.107395410000000000e+08 2.650000000000000000e+03 2.630000000000000000e+03 5.860000000000000000e+03 4.740000000000000000e+03
1.107397490000000000e+08 2.640000000000000000e+03 2.640000000000000000e+03 5.790000000000000000e+03 4.740000000000000000e+03
1.107399560000000000e+08 2.650000000000000000e+03 2.640000000000000000e+03 5.710000000000000000e+03 4.730000000000000000e+03
1.107401640000000000e+08 2.650000000000000000e+03 2.640000000000000000e+03 5.650000000000000000e+03 4.730000000000000000e+03
1.107403720000000000e+08 2.650000000000000000e+03 2.640000000000000000e+03 5.610000000000000000e+03 4.730000000000000000e+03
1.107405800000000000e+08 2.650000000000000000e+03 2.640000000000000000e+03 5.390000000000000000e+03 4.730000000000000000e+03
1.107407880000000000e+08 2.650000000000000000e+03 2.660000000000000000e+03 5.560000000000000000e+03 4.730000000000000000e+03
1.107409960000000000e+08 2.650000000000000000e+03 2.670000000000000000e+03 5.370000000000000000e+03 4.730000000000000000e+03
1.107412040000000000e+08 2.640000000000000000e+03 2.680000000000000000e+03 5.260000000000000000e+03 4.730000000000000000e+03
1.107414120000000000e+08 2.640000000000000000e+03 2.670000000000000000e+03 5.360000000000000000e+03 4.730000000000000000e+03
1.107416040000000000e+08 2.640000000000000000e+03 2.660000000000000000e+03 5.440000000000000000e+03 4.730000000000000000e+03
1.107418120000000000e+08 2.640000000000000000e+03 2.670000000000000000e+03 5.540000000000000000e+03 4.730000000000000000e+03
1.107420200000000000e+08 2.640000000000000000e+03 2.660000000000000000e+03 5.600000000000000000e+03 4.730000000000000000e+03
1.107422300000000000e+08 2.640000000000000000e+03 2.650000000000000000e+03 5.610000000000000000e+03 4.730000000000000000e+03
1.107424360000000000e+08 2.650000000000000000e+03 2.650000000000000000e+03 5.620000000000000000e+03 4.730000000000000000e+03
1.107426440000000000e+08 2.650000000000000000e+03 2.650000000000000000e+03 5.640000000000000000e+03 4.730000000000000000e+03
1.107428510000000000e+08 2.640000000000000000e+03 2.640000000000000000e+03 5.630000000000000000e+03 4.730000000000000000e+03
1.107430590000000000e+08 2.630000000000000000e+03 2.660000000000000000e+03 5.600000000000000000e+03 4.730000000000000000e+03
1.107432680000000000e+08 2.630000000000000000e+03 2.660000000000000000e+03 5.570000000000000000e+03 4.730000000000000000e+03
1.107434760000000000e+08 2.650000000000000000e+03 2.650000000000000000e+03 5.580000000000000000e+03 4.720000000000000000e+03
1.107436830000000000e+08 2.650000000000000000e+03 2.650000000000000000e+03 5.510000000000000000e+03 4.720000000000000000e+03
1.107438920000000000e+08 2.640000000000000000e+03 2.670000000000000000e+03 5.330000000000000000e+03 4.730000000000000000e+03
1.107440990000000000e+08 2.650000000000000000e+03 2.660000000000000000e+03 5.370000000000000000e+03 4.720000000000000000e+03
1.107443080000000000e+08 2.650000000000000000e+03 2.650000000000000000e+03 5.300000000000000000e+03 4.720000000000000000e+03
1.107445160000000000e+08 2.650000000000000000e+03 2.640000000000000000e+03 5.170000000000000000e+03 4.720000000000000000e+03
1.107447240000000000e+08 2.650000000000000000e+03 2.650000000000000000e+03 5.100000000000000000e+03 4.730000000000000000e+03
1.107449160000000000e+08 2.650000000000000000e+03 2.650000000000000000e+03 5.060000000000000000e+03 4.720000000000000000e+03
1.107451240000000000e+08 2.660000000000000000e+03 2.650000000000000000e+03 5.030000000000000000e+03 4.720000000000000000e+03
1.107453310000000000e+08 2.650000000000000000e+03 2.660000000000000000e+03 5.000000000000000000e+03 4.720000000000000000e+03
1.107455390000000000e+08 2.640000000000000000e+03 2.670000000000000000e+03 4.970000000000000000e+03 4.720000000000000000e+03
1.107457470000000000e+08 2.650000000000000000e+03 2.670000000000000000e+03 4.950000000000000000e+03 4.720000000000000000e+03
1.107459560000000000e+08 2.650000000000000000e+03 2.660000000000000000e+03 4.920000000000000000e+03 4.720000000000000000e+03
1.107461630000000000e+08 2.650000000000000000e+03 2.670000000000000000e+03 4.880000000000000000e+03 4.730000000000000000e+03
1.107463710000000000e+08 2.630000000000000000e+03 2.660000000000000000e+03 4.860000000000000000e+03 4.730000000000000000e+03
1.107465790000000000e+08 2.630000000000000000e+03 2.660000000000000000e+03 4.860000000000000000e+03 4.730000000000000000e+03
1.107467870000000000e+08 2.640000000000000000e+03 2.660000000000000000e+03 4.930000000000000000e+03 4.730000000000000000e+03
1.107469950000000000e+08 2.630000000000000000e+03 2.660000000000000000e+03 5.130000000000000000e+03 4.730000000000000000e+03
1.107472030000000000e+08 2.640000000000000000e+03 2.670000000000000000e+03 5.270000000000000000e+03 4.730000000000000000e+03
1.107474110000000000e+08 2.640000000000000000e+03 2.660000000000000000e+03 5.370000000000000000e+03 4.740000000000000000e+03
1.107476190000000000e+08 2.650000000000000000e+03 2.670000000000000000e+03 5.450000000000000000e+03 4.740000000000000000e+03
1.107478280000000000e+08 2.650000000000000000e+03 2.660000000000000000e+03 5.510000000000000000e+03 4.730000000000000000e+03
1.107480350000000000e+08 2.650000000000000000e+03 2.660000000000000000e+03 5.550000000000000000e+03 4.740000000000000000e+03
1.107482430000000000e+08 2.650000000000000000e+03 2.650000000000000000e+03 5.660000000000000000e+03 4.740000000000000000e+03
1.107484500000000000e+08 2.650000000000000000e+03 2.650000000000000000e+03 5.390000000000000000e+03 4.740000000000000000e+03
1.107486590000000000e+08 2.650000000000000000e+03 2.650000000000000000e+03 5.210000000000000000e+03 4.740000000000000000e+03
1.107488670000000000e+08 2.650000000000000000e+03 2.650000000000000000e+03 5.100000000000000000e+03 4.740000000000000000e+03
1.107490740000000000e+08 2.650000000000000000e+03 2.650000000000000000e+03 5.030000000000000000e+03 4.740000000000000000e+03
1.107492670000000000e+08 2.650000000000000000e+03 2.660000000000000000e+03 4.980000000000000000e+03 4.740000000000000000e+03
1.107494750000000000e+08 2.650000000000000000e+03 2.650000000000000000e+03 4.960000000000000000e+03 4.740000000000000000e+03
1.107496830000000000e+08 2.650000000000000000e+03 2.640000000000000000e+03 4.940000000000000000e+03 4.730000000000000000e+03
1.107498910000000000e+08 2.650000000000000000e+03 2.650000000000000000e+03 4.910000000000000000e+03 4.730000000000000000e+03
1.107500990000000000e+08 2.640000000000000000e+03 2.650000000000000000e+03 4.870000000000000000e+03 4.740000000000000000e+03
1.107503070000000000e+08 2.640000000000000000e+03 2.650000000000000000e+03 4.850000000000000000e+03 4.740000000000000000e+03
1.107505150000000000e+08 2.640000000000000000e+03 2.660000000000000000e+03 4.870000000000000000e+03 4.740000000000000000e+03
1.107507230000000000e+08 2.640000000000000000e+03 2.660000000000000000e+03 4.950000000000000000e+03 4.740000000000000000e+03
1.107509300000000000e+08 2.650000000000000000e+03 2.660000000000000000e+03 5.010000000000000000e+03 4.740000000000000000e+03
1.107511380000000000e+08 2.660000000000000000e+03 2.660000000000000000e+03 4.980000000000000000e+03 4.740000000000000000e+03
1.107513460000000000e+08 2.650000000000000000e+03 2.660000000000000000e+03 4.940000000000000000e+03 4.740000000000000000e+03
1.107515540000000000e+08 2.640000000000000000e+03 2.650000000000000000e+03 4.920000000000000000e+03 4.750000000000000000e+03
1.107517620000000000e+08 2.640000000000000000e+03 2.650000000000000000e+03 4.890000000000000000e+03 4.750000000000000000e+03
1.107519710000000000e+08 2.640000000000000000e+03 2.650000000000000000e+03 5.040000000000000000e+03 4.750000000000000000e+03
1.107521780000000000e+08 2.640000000000000000e+03 2.650000000000000000e+03 5.290000000000000000e+03 4.750000000000000000e+03
1.107523860000000000e+08 2.640000000000000000e+03 2.660000000000000000e+03 5.450000000000000000e+03 4.740000000000000000e+03
1.107525940000000000e+08 2.650000000000000000e+03 2.670000000000000000e+03 5.550000000000000000e+03 4.740000000000000000e+03
1.107528020000000000e+08 2.650000000000000000e+03 2.660000000000000000e+03 5.620000000000000000e+03 4.740000000000000000e+03
1.107530100000000000e+08 2.650000000000000000e+03 2.660000000000000000e+03 5.640000000000000000e+03 4.730000000000000000e+03
1.107532180000000000e+08 2.650000000000000000e+03 2.660000000000000000e+03 5.650000000000000000e+03 4.730000000000000000e+03
1.107534260000000000e+08 2.650000000000000000e+03 2.670000000000000000e+03 5.650000000000000000e+03 4.720000000000000000e+03
1.107536340000000000e+08 2.650000000000000000e+03 2.670000000000000000e+03 5.570000000000000000e+03 4.730000000000000000e+03
1.107538420000000000e+08 2.660000000000000000e+03 2.670000000000000000e+03 5.630000000000000000e+03 4.720000000000000000e+03
1.107540340000000000e+08 2.660000000000000000e+03 2.680000000000000000e+03 5.640000000000000000e+03 4.730000000000000000e+03
1.107542420000000000e+08 2.650000000000000000e+03 2.680000000000000000e+03 5.670000000000000000e+03 4.730000000000000000e+03
1.107544500000000000e+08 2.640000000000000000e+03 2.670000000000000000e+03 5.570000000000000000e+03 4.740000000000000000e+03
1.107546580000000000e+08 2.640000000000000000e+03 2.660000000000000000e+03 5.490000000000000000e+03 4.740000000000000000e+03
1.107548660000000000e+08 2.640000000000000000e+03 2.670000000000000000e+03 5.590000000000000000e+03 4.750000000000000000e+03
1.107550740000000000e+08 2.640000000000000000e+03 2.670000000000000000e+03 5.490000000000000000e+03 4.740000000000000000e+03
1.107552820000000000e+08 2.640000000000000000e+03 2.670000000000000000e+03 5.420000000000000000e+03 4.740000000000000000e+03
1.107554900000000000e+08 2.640000000000000000e+03 2.670000000000000000e+03 5.360000000000000000e+03 4.740000000000000000e+03
1.107556980000000000e+08 2.640000000000000000e+03 2.670000000000000000e+03 5.480000000000000000e+03 4.730000000000000000e+03
1.107559060000000000e+08 2.640000000000000000e+03 2.670000000000000000e+03 5.560000000000000000e+03 4.730000000000000000e+03
1.107561140000000000e+08 2.640000000000000000e+03 2.670000000000000000e+03 5.610000000000000000e+03 4.730000000000000000e+03
1.107563220000000000e+08 2.640000000000000000e+03 2.680000000000000000e+03 5.650000000000000000e+03 4.730000000000000000e+03
1.107565300000000000e+08 2.640000000000000000e+03 2.680000000000000000e+03 5.680000000000000000e+03 4.730000000000000000e+03
1.107567380000000000e+08 2.630000000000000000e+03 2.670000000000000000e+03 5.670000000000000000e+03 4.730000000000000000e+03
1.107569460000000000e+08 2.640000000000000000e+03 2.680000000000000000e+03 5.680000000000000000e+03 4.730000000000000000e+03
1.107571530000000000e+08 2.640000000000000000e+03 2.670000000000000000e+03 5.690000000000000000e+03 4.730000000000000000e+03
1.107573450000000000e+08 2.640000000000000000e+03 2.670000000000000000e+03 5.720000000000000000e+03 4.730000000000000000e+03
1.107575530000000000e+08 2.640000000000000000e+03 2.670000000000000000e+03 5.730000000000000000e+03 4.730000000000000000e+03
1.107577610000000000e+08 2.640000000000000000e+03 2.660000000000000000e+03 5.990000000000000000e+03 4.720000000000000000e+03
1.107583850000000000e+08 2.640000000000000000e+03 2.660000000000000000e+03 6.650000000000000000e+03 4.720000000000000000e+03
1.107585930000000000e+08 2.640000000000000000e+03 2.670000000000000000e+03 6.490000000000000000e+03 4.720000000000000000e+03
1.107592170000000000e+08 2.660000000000000000e+03 2.660000000000000000e+03 6.350000000000000000e+03 4.730000000000000000e+03
1.107594250000000000e+08 2.650000000000000000e+03 2.660000000000000000e+03 6.050000000000000000e+03 4.730000000000000000e+03
1.107596330000000000e+08 2.650000000000000000e+03 2.670000000000000000e+03 5.870000000000000000e+03 4.730000000000000000e+03
1.107598410000000000e+08 2.650000000000000000e+03 2.660000000000000000e+03 5.690000000000000000e+03 4.730000000000000000e+03
1.108000490000000000e+08 2.650000000000000000e+03 2.660000000000000000e+03 5.560000000000000000e+03 4.730000000000000000e+03
1.108002570000000000e+08 2.650000000000000000e+03 2.650000000000000000e+03 5.470000000000000000e+03 4.730000000000000000e+03
1.108004650000000000e+08 2.650000000000000000e+03 2.650000000000000000e+03 5.510000000000000000e+03 4.730000000000000000e+03
1.108006720000000000e+08 2.660000000000000000e+03 2.650000000000000000e+03 5.440000000000000000e+03 4.730000000000000000e+03
1.108008810000000000e+08 2.650000000000000000e+03 2.650000000000000000e+03 5.560000000000000000e+03 4.730000000000000000e+03
1.108010890000000000e+08 2.660000000000000000e+03 2.650000000000000000e+03 5.640000000000000000e+03 4.720000000000000000e+03
1.108012970000000000e+08 2.660000000000000000e+03 2.660000000000000000e+03 5.700000000000000000e+03 4.720000000000000000e+03
1.108015050000000000e+08 2.650000000000000000e+03 2.650000000000000000e+03 6.520000000000000000e+03 4.720000000000000000e+03
1.108017130000000000e+08 2.650000000000000000e+03 2.650000000000000000e+03 6.320000000000000000e+03 4.720000000000000000e+03
1.108019210000000000e+08 2.640000000000000000e+03 2.650000000000000000e+03 6.180000000000000000e+03 4.730000000000000000e+03
1.108021290000000000e+08 2.650000000000000000e+03 2.650000000000000000e+03 6.090000000000000000e+03 4.730000000000000000e+03
1.108023370000000000e+08 2.650000000000000000e+03 2.650000000000000000e+03 6.060000000000000000e+03 4.730000000000000000e+03
1.108025280000000000e+08 2.660000000000000000e+03 2.650000000000000000e+03 5.680000000000000000e+03 4.730000000000000000e+03
1.108027370000000000e+08 2.650000000000000000e+03 2.660000000000000000e+03 5.440000000000000000e+03 4.740000000000000000e+03
1.108029440000000000e+08 2.650000000000000000e+03 2.660000000000000000e+03 5.290000000000000000e+03 4.740000000000000000e+03
1.108031520000000000e+08 2.650000000000000000e+03 2.660000000000000000e+03 5.150000000000000000e+03 4.730000000000000000e+03
1.108033600000000000e+08 2.650000000000000000e+03 2.650000000000000000e+03 5.090000000000000000e+03 4.730000000000000000e+03
1.108035680000000000e+08 2.650000000000000000e+03 2.650000000000000000e+03 5.040000000000000000e+03 4.730000000000000000e+03
1.108037770000000000e+08 2.650000000000000000e+03 2.650000000000000000e+03 4.990000000000000000e+03 4.730000000000000000e+03
1.108039840000000000e+08 2.660000000000000000e+03 2.650000000000000000e+03 4.980000000000000000e+03 4.730000000000000000e+03
1.108041920000000000e+08 2.660000000000000000e+03 2.660000000000000000e+03 5.010000000000000000e+03 4.740000000000000000e+03
1.108044000000000000e+08 2.660000000000000000e+03 2.660000000000000000e+03 4.950000000000000000e+03 4.750000000000000000e+03
1.108046080000000000e+08 2.660000000000000000e+03 2.660000000000000000e+03 4.910000000000000000e+03 4.750000000000000000e+03
1.108048160000000000e+08 2.650000000000000000e+03 2.650000000000000000e+03 4.930000000000000000e+03 4.750000000000000000e+03
1.108050240000000000e+08 2.650000000000000000e+03 2.650000000000000000e+03 4.850000000000000000e+03 4.750000000000000000e+03
1.108052310000000000e+08 2.650000000000000000e+03 2.650000000000000000e+03 4.820000000000000000e+03 4.750000000000000000e+03
1.108054390000000000e+08 2.650000000000000000e+03 2.640000000000000000e+03 4.810000000000000000e+03 4.740000000000000000e+03
1.108056480000000000e+08 2.650000000000000000e+03 2.640000000000000000e+03 4.790000000000000000e+03 4.730000000000000000e+03
1.108058560000000000e+08 2.650000000000000000e+03 2.640000000000000000e+03 4.770000000000000000e+03 4.730000000000000000e+03
1.108060640000000000e+08 2.650000000000000000e+03 2.640000000000000000e+03 4.950000000000000000e+03 4.730000000000000000e+03
1.108062720000000000e+08 2.650000000000000000e+03 2.640000000000000000e+03 5.090000000000000000e+03 4.740000000000000000e+03
1.108064870000000000e+08 2.650000000000000000e+03 2.650000000000000000e+03 6.100000000000000000e+03 4.740000000000000000e+03
1.108071050000000000e+08 2.650000000000000000e+03 2.650000000000000000e+03 6.220000000000000000e+03 4.740000000000000000e+03
1.108072960000000000e+08 2.650000000000000000e+03 2.650000000000000000e+03 5.820000000000000000e+03 4.740000000000000000e+03
1.108075040000000000e+08 2.660000000000000000e+03 2.650000000000000000e+03 5.520000000000000000e+03 4.740000000000000000e+03
1.108077110000000000e+08 2.660000000000000000e+03 2.650000000000000000e+03 5.330000000000000000e+03 4.740000000000000000e+03
1.108197740000000000e+08 2.650000000000000000e+03 2.650000000000000000e+03 4.680000000000000000e+03 4.940000000000000000e+03
1.108199830000000000e+08 2.650000000000000000e+03 2.650000000000000000e+03 4.680000000000000000e+03 4.930000000000000000e+03
1.108201890000000000e+08 2.650000000000000000e+03 2.650000000000000000e+03 4.670000000000000000e+03 4.920000000000000000e+03
1.108203970000000000e+08 2.650000000000000000e+03 2.660000000000000000e+03 4.680000000000000000e+03 4.910000000000000000e+03
1.108206050000000000e+08 2.650000000000000000e+03 2.660000000000000000e+03 4.670000000000000000e+03 4.880000000000000000e+03
1.108208130000000000e+08 2.650000000000000000e+03 2.660000000000000000e+03 4.670000000000000000e+03 4.920000000000000000e+03
1.108210210000000000e+08 2.640000000000000000e+03 2.660000000000000000e+03 4.670000000000000000e+03 4.930000000000000000e+03
1.108212290000000000e+08 2.630000000000000000e+03 2.660000000000000000e+03 4.680000000000000000e+03 4.930000000000000000e+03
1.108214370000000000e+08 2.630000000000000000e+03 2.660000000000000000e+03 4.680000000000000000e+03 4.950000000000000000e+03
1.108216450000000000e+08 2.630000000000000000e+03 2.660000000000000000e+03 4.680000000000000000e+03 4.960000000000000000e+03
1.108218530000000000e+08 2.640000000000000000e+03 2.660000000000000000e+03 4.680000000000000000e+03 4.920000000000000000e+03
1.108220610000000000e+08 2.640000000000000000e+03 2.660000000000000000e+03 4.670000000000000000e+03 4.950000000000000000e+03
1.108222690000000000e+08 2.640000000000000000e+03 2.660000000000000000e+03 4.660000000000000000e+03 4.940000000000000000e+03
1.108224770000000000e+08 2.640000000000000000e+03 2.660000000000000000e+03 4.660000000000000000e+03 4.930000000000000000e+03
1.108226850000000000e+08 2.650000000000000000e+03 2.660000000000000000e+03 4.660000000000000000e+03 4.910000000000000000e+03
1.108228930000000000e+08 2.650000000000000000e+03 2.660000000000000000e+03 4.660000000000000000e+03 4.920000000000000000e+03
1.108231010000000000e+08 2.650000000000000000e+03 2.650000000000000000e+03 4.670000000000000000e+03 4.930000000000000000e+03
1.108233090000000000e+08 2.650000000000000000e+03 2.650000000000000000e+03 4.670000000000000000e+03 4.910000000000000000e+03
1.108235160000000000e+08 2.640000000000000000e+03 2.660000000000000000e+03 4.670000000000000000e+03 4.890000000000000000e+03
1.108237250000000000e+08 2.630000000000000000e+03 2.660000000000000000e+03 4.670000000000000000e+03 4.880000000000000000e+03
1.108239330000000000e+08 2.630000000000000000e+03 2.650000000000000000e+03 4.670000000000000000e+03 4.840000000000000000e+03
1.108241410000000000e+08 2.640000000000000000e+03 2.650000000000000000e+03 4.670000000000000000e+03 4.830000000000000000e+03
1.108243490000000000e+08 2.640000000000000000e+03 2.660000000000000000e+03 4.670000000000000000e+03 4.850000000000000000e+03
1.108245570000000000e+08 2.640000000000000000e+03 2.660000000000000000e+03 4.670000000000000000e+03 4.850000000000000000e+03
1.108247650000000000e+08 2.630000000000000000e+03 2.660000000000000000e+03 4.670000000000000000e+03 4.870000000000000000e+03
1.108249730000000000e+08 2.640000000000000000e+03 2.650000000000000000e+03 4.670000000000000000e+03 4.870000000000000000e+03
1.108251800000000000e+08 2.650000000000000000e+03 2.660000000000000000e+03 4.670000000000000000e+03 4.870000000000000000e+03
1.108253890000000000e+08 2.650000000000000000e+03 2.660000000000000000e+03 4.670000000000000000e+03 4.870000000000000000e+03
1.108255970000000000e+08 2.650000000000000000e+03 2.660000000000000000e+03 4.670000000000000000e+03 4.880000000000000000e+03
1.108258050000000000e+08 2.640000000000000000e+03 2.660000000000000000e+03 4.670000000000000000e+03 4.950000000000000000e+03
1.108260120000000000e+08 2.650000000000000000e+03 2.660000000000000000e+03 4.670000000000000000e+03 5.040000000000000000e+03
1.108262200000000000e+08 2.640000000000000000e+03 2.660000000000000000e+03 4.670000000000000000e+03 5.100000000000000000e+03
1.108264280000000000e+08 2.620000000000000000e+03 2.660000000000000000e+03 4.670000000000000000e+03 5.270000000000000000e+03
1.108266370000000000e+08 2.630000000000000000e+03 2.660000000000000000e+03 4.670000000000000000e+03 5.130000000000000000e+03
1.108268440000000000e+08 2.640000000000000000e+03 2.660000000000000000e+03 4.670000000000000000e+03 5.050000000000000000e+03
1.108270520000000000e+08 2.650000000000000000e+03 2.660000000000000000e+03 4.680000000000000000e+03 5.000000000000000000e+03
1.108272610000000000e+08 2.650000000000000000e+03 2.660000000000000000e+03 4.680000000000000000e+03 4.960000000000000000e+03
1.108274680000000000e+08 2.650000000000000000e+03 2.650000000000000000e+03 4.680000000000000000e+03 4.890000000000000000e+03
1.108276760000000000e+08 2.640000000000000000e+03 2.650000000000000000e+03 4.680000000000000000e+03 4.860000000000000000e+03
1.108278840000000000e+08 2.650000000000000000e+03 2.660000000000000000e+03 4.680000000000000000e+03 4.830000000000000000e+03
1.108280910000000000e+08 2.660000000000000000e+03 2.660000000000000000e+03 4.680000000000000000e+03 4.820000000000000000e+03
1.108283000000000000e+08 2.660000000000000000e+03 2.650000000000000000e+03 4.680000000000000000e+03 4.840000000000000000e+03
1.108285080000000000e+08 2.650000000000000000e+03 2.660000000000000000e+03 4.680000000000000000e+03 4.960000000000000000e+03
1.108287160000000000e+08 2.650000000000000000e+03 2.660000000000000000e+03 4.680000000000000000e+03 5.020000000000000000e+03
1.108289240000000000e+08 2.650000000000000000e+03 2.650000000000000000e+03 4.680000000000000000e+03 5.080000000000000000e+03
1.108291320000000000e+08 2.650000000000000000e+03 2.660000000000000000e+03 4.680000000000000000e+03 5.180000000000000000e+03
1.108293400000000000e+08 2.660000000000000000e+03 2.650000000000000000e+03 4.680000000000000000e+03 5.170000000000000000e+03
1.108295480000000000e+08 2.660000000000000000e+03 2.650000000000000000e+03 4.680000000000000000e+03 5.080000000000000000e+03
1.108297560000000000e+08 2.660000000000000000e+03 2.650000000000000000e+03 4.680000000000000000e+03 5.000000000000000000e+03
1.108299640000000000e+08 2.650000000000000000e+03 2.650000000000000000e+03 4.680000000000000000e+03 5.070000000000000000e+03
1.108301720000000000e+08 2.640000000000000000e+03 2.650000000000000000e+03 4.680000000000000000e+03 5.130000000000000000e+03
1.108303800000000000e+08 2.650000000000000000e+03 2.660000000000000000e+03 4.680000000000000000e+03 5.090000000000000000e+03
1.108305880000000000e+08 2.650000000000000000e+03 2.650000000000000000e+03 4.670000000000000000e+03 5.290000000000000000e+03
1.108307960000000000e+08 2.660000000000000000e+03 2.650000000000000000e+03 4.670000000000000000e+03 5.450000000000000000e+03
1.108314190000000000e+08 2.650000000000000000e+03 2.650000000000000000e+03 4.680000000000000000e+03 5.480000000000000000e+03
1.108316280000000000e+08 2.640000000000000000e+03 2.650000000000000000e+03 4.680000000000000000e+03 5.450000000000000000e+03
1.108318350000000000e+08 2.640000000000000000e+03 2.650000000000000000e+03 4.670000000000000000e+03 5.410000000000000000e+03
1.108320430000000000e+08 2.640000000000000000e+03 2.660000000000000000e+03 4.670000000000000000e+03 5.420000000000000000e+03
1.108322510000000000e+08 2.630000000000000000e+03 2.660000000000000000e+03 4.670000000000000000e+03 5.440000000000000000e+03
1.108324590000000000e+08 2.640000000000000000e+03 2.660000000000000000e+03 4.680000000000000000e+03 5.460000000000000000e+03
1.108330830000000000e+08 2.640000000000000000e+03 2.650000000000000000e+03 4.680000000000000000e+03 5.480000000000000000e+03
1.108332920000000000e+08 2.650000000000000000e+03 2.650000000000000000e+03 4.670000000000000000e+03 5.470000000000000000e+03
1.108334990000000000e+08 2.650000000000000000e+03 2.650000000000000000e+03 4.670000000000000000e+03 5.470000000000000000e+03
1.108339150000000000e+08 2.660000000000000000e+03 2.640000000000000000e+03 4.660000000000000000e+03 5.480000000000000000e+03
1.108341230000000000e+08 2.660000000000000000e+03 2.640000000000000000e+03 4.670000000000000000e+03 5.450000000000000000e+03
1.108343310000000000e+08 2.650000000000000000e+03 2.640000000000000000e+03 4.670000000000000000e+03 5.260000000000000000e+03
1.108345390000000000e+08 2.660000000000000000e+03 2.640000000000000000e+03 4.670000000000000000e+03 5.100000000000000000e+03
1.108347470000000000e+08 2.650000000000000000e+03 2.640000000000000000e+03 4.660000000000000000e+03 4.990000000000000000e+03
1.108349550000000000e+08 2.650000000000000000e+03 2.640000000000000000e+03 4.660000000000000000e+03 4.990000000000000000e+03
1.108351630000000000e+08 2.650000000000000000e+03 2.650000000000000000e+03 4.650000000000000000e+03 5.140000000000000000e+03
1.108353710000000000e+08 2.650000000000000000e+03 2.650000000000000000e+03 4.660000000000000000e+03 5.240000000000000000e+03
1.108355790000000000e+08 2.650000000000000000e+03 2.650000000000000000e+03 4.660000000000000000e+03 5.130000000000000000e+03
1.108357870000000000e+08 2.650000000000000000e+03 2.650000000000000000e+03 4.670000000000000000e+03 5.000000000000000000e+03
1.108359940000000000e+08 2.650000000000000000e+03 2.650000000000000000e+03 4.670000000000000000e+03 4.930000000000000000e+03
1.108362030000000000e+08 2.650000000000000000e+03 2.650000000000000000e+03 4.660000000000000000e+03 4.870000000000000000e+03
1.108364110000000000e+08 2.650000000000000000e+03 2.660000000000000000e+03 4.670000000000000000e+03 4.810000000000000000e+03
1.108366190000000000e+08 2.650000000000000000e+03 2.660000000000000000e+03 4.670000000000000000e+03 4.790000000000000000e+03
1.108368270000000000e+08 2.650000000000000000e+03 2.660000000000000000e+03 4.670000000000000000e+03 4.800000000000000000e+03
1.108370340000000000e+08 2.650000000000000000e+03 2.660000000000000000e+03 4.670000000000000000e+03 4.860000000000000000e+03
1.108372420000000000e+08 2.650000000000000000e+03 2.660000000000000000e+03 4.670000000000000000e+03 4.970000000000000000e+03
1.108374500000000000e+08 2.650000000000000000e+03 2.660000000000000000e+03 4.680000000000000000e+03 5.110000000000000000e+03
1.108376580000000000e+08 2.650000000000000000e+03 2.650000000000000000e+03 4.680000000000000000e+03 5.210000000000000000e+03
1.108378660000000000e+08 2.650000000000000000e+03 2.650000000000000000e+03 4.680000000000000000e+03 5.100000000000000000e+03
1.108380740000000000e+08 2.650000000000000000e+03 2.650000000000000000e+03 4.690000000000000000e+03 5.010000000000000000e+03
1.108382820000000000e+08 2.640000000000000000e+03 2.660000000000000000e+03 4.690000000000000000e+03 4.920000000000000000e+03
1.108384900000000000e+08 2.630000000000000000e+03 2.660000000000000000e+03 4.690000000000000000e+03 4.860000000000000000e+03
1.108386980000000000e+08 2.630000000000000000e+03 2.660000000000000000e+03 4.690000000000000000e+03 4.830000000000000000e+03
1.108389080000000000e+08 2.630000000000000000e+03 2.650000000000000000e+03 4.690000000000000000e+03 4.840000000000000000e+03
1.108391140000000000e+08 2.630000000000000000e+03 2.640000000000000000e+03 4.690000000000000000e+03 4.840000000000000000e+03
1.108393210000000000e+08 2.650000000000000000e+03 2.640000000000000000e+03 4.690000000000000000e+03 4.820000000000000000e+03
1.108395300000000000e+08 2.650000000000000000e+03 2.640000000000000000e+03 4.690000000000000000e+03 4.810000000000000000e+03
1.108397370000000000e+08 2.650000000000000000e+03 2.650000000000000000e+03 4.690000000000000000e+03 4.820000000000000000e+03
1.108399460000000000e+08 2.650000000000000000e+03 2.650000000000000000e+03 4.690000000000000000e+03 4.820000000000000000e+03
1.108401540000000000e+08 2.650000000000000000e+03 2.650000000000000000e+03 4.690000000000000000e+03 4.800000000000000000e+03
1.108403610000000000e+08 2.660000000000000000e+03 2.650000000000000000e+03 4.690000000000000000e+03 4.800000000000000000e+03
1.108405700000000000e+08 2.660000000000000000e+03 2.650000000000000000e+03 4.690000000000000000e+03 4.840000000000000000e+03
1.108407780000000000e+08 2.660000000000000000e+03 2.650000000000000000e+03 4.680000000000000000e+03 4.970000000000000000e+03
1.108409860000000000e+08 2.650000000000000000e+03 2.650000000000000000e+03 4.680000000000000000e+03 5.120000000000000000e+03
1.108411940000000000e+08 2.650000000000000000e+03 2.650000000000000000e+03 4.680000000000000000e+03 5.090000000000000000e+03
1.108414020000000000e+08 2.650000000000000000e+03 2.650000000000000000e+03 4.680000000000000000e+03 5.060000000000000000e+03
1.108416090000000000e+08 2.640000000000000000e+03 2.660000000000000000e+03 4.680000000000000000e+03 4.970000000000000000e+03
1.108418180000000000e+08 2.640000000000000000e+03 2.660000000000000000e+03 4.680000000000000000e+03 4.990000000000000000e+03
1.108420250000000000e+08 2.630000000000000000e+03 2.660000000000000000e+03 4.680000000000000000e+03 5.020000000000000000e+03
1.108422330000000000e+08 2.640000000000000000e+03 2.660000000000000000e+03 4.690000000000000000e+03 5.080000000000000000e+03
1.108424420000000000e+08 2.630000000000000000e+03 2.660000000000000000e+03 4.690000000000000000e+03 5.200000000000000000e+03
1.108426490000000000e+08 2.620000000000000000e+03 2.660000000000000000e+03 4.680000000000000000e+03 5.190000000000000000e+03
1.108428580000000000e+08 2.630000000000000000e+03 2.660000000000000000e+03 4.680000000000000000e+03 5.140000000000000000e+03
1.108430660000000000e+08 2.630000000000000000e+03 2.650000000000000000e+03 4.680000000000000000e+03 5.020000000000000000e+03
1.108432730000000000e+08 2.630000000000000000e+03 2.650000000000000000e+03 4.680000000000000000e+03 4.950000000000000000e+03
1.108434810000000000e+08 2.630000000000000000e+03 2.650000000000000000e+03 4.680000000000000000e+03 4.890000000000000000e+03
1.108436890000000000e+08 2.630000000000000000e+03 2.650000000000000000e+03 4.680000000000000000e+03 4.850000000000000000e+03
1.108438970000000000e+08 2.630000000000000000e+03 2.660000000000000000e+03 4.680000000000000000e+03 4.820000000000000000e+03
1.108441060000000000e+08 2.640000000000000000e+03 2.660000000000000000e+03 4.690000000000000000e+03 4.800000000000000000e+03
1.108443130000000000e+08 2.640000000000000000e+03 2.650000000000000000e+03 4.680000000000000000e+03 4.860000000000000000e+03
1.108445210000000000e+08 2.640000000000000000e+03 2.640000000000000000e+03 4.680000000000000000e+03 4.880000000000000000e+03
1.108447290000000000e+08 2.640000000000000000e+03 2.640000000000000000e+03 4.680000000000000000e+03 4.890000000000000000e+03
1.108449370000000000e+08 2.650000000000000000e+03 2.640000000000000000e+03 4.680000000000000000e+03 4.870000000000000000e+03
