1.111135350000000000e+08 3.160000000000000000e+03 3.650000000000000000e+03 3.890000000000000000e+03 3.860000000000000000e+03
1.111137430000000000e+08 3.160000000000000000e+03 3.590000000000000000e+03 3.890000000000000000e+03 3.860000000000000000e+03
1.111139510000000000e+08 3.160000000000000000e+03 3.590000000000000000e+03 3.880000000000000000e+03 3.860000000000000000e+03
1.111141590000000000e+08 3.160000000000000000e+03 3.620000000000000000e+03 3.870000000000000000e+03 3.870000000000000000e+03
1.111143670000000000e+08 3.160000000000000000e+03 3.640000000000000000e+03 3.870000000000000000e+03 3.860000000000000000e+03
1.111145750000000000e+08 3.170000000000000000e+03 3.660000000000000000e+03 3.880000000000000000e+03 3.860000000000000000e+03
1.111147830000000000e+08 3.170000000000000000e+03 3.620000000000000000e+03 3.870000000000000000e+03 3.860000000000000000e+03
1.111149910000000000e+08 3.170000000000000000e+03 3.600000000000000000e+03 3.870000000000000000e+03 3.850000000000000000e+03
1.111151990000000000e+08 3.160000000000000000e+03 3.610000000000000000e+03 3.880000000000000000e+03 3.860000000000000000e+03
1.111154070000000000e+08 3.160000000000000000e+03 3.610000000000000000e+03 3.870000000000000000e+03 3.860000000000000000e+03
1.111156150000000000e+08 3.160000000000000000e+03 3.650000000000000000e+03 3.870000000000000000e+03 3.860000000000000000e+03
1.111158230000000000e+08 3.160000000000000000e+03 3.620000000000000000e+03 3.870000000000000000e+03 3.860000000000000000e+03
1.111160310000000000e+08 3.160000000000000000e+03 3.590000000000000000e+03 3.870000000000000000e+03 3.860000000000000000e+03
1.111162390000000000e+08 3.160000000000000000e+03 3.640000000000000000e+03 3.870000000000000000e+03 3.860000000000000000e+03
1.111164470000000000e+08 3.160000000000000000e+03 3.630000000000000000e+03 3.880000000000000000e+03 3.860000000000000000e+03
1.111166540000000000e+08 3.160000000000000000e+03 3.630000000000000000e+03 3.880000000000000000e+03 3.860000000000000000e+03
1.111168630000000000e+08 3.160000000000000000e+03 3.590000000000000000e+03 3.880000000000000000e+03 3.870000000000000000e+03
1.111170710000000000e+08 3.160000000000000000e+03 3.610000000000000000e+03 3.870000000000000000e+03 3.870000000000000000e+03
1.111172790000000000e+08 3.160000000000000000e+03 3.590000000000000000e+03 3.870000000000000000e+03 3.860000000000000000e+03
1.111174860000000000e+08 3.160000000000000000e+03 3.610000000000000000e+03 3.860000000000000000e+03 3.860000000000000000e+03
1.111176940000000000e+08 3.160000000000000000e+03 3.590000000000000000e+03 3.860000000000000000e+03 3.860000000000000000e+03
1.111179030000000000e+08 3.160000000000000000e+03 3.590000000000000000e+03 3.870000000000000000e+03 3.860000000000000000e+03
1.111181110000000000e+08 3.160000000000000000e+03 3.590000000000000000e+03 3.880000000000000000e+03 3.860000000000000000e+03
1.111183180000000000e+08 3.170000000000000000e+03 3.580000000000000000e+03 3.870000000000000000e+03 3.860000000000000000e+03
1.111185260000000000e+08 3.160000000000000000e+03 3.640000000000000000e+03 3.870000000000000000e+03 3.860000000000000000e+03
1.111187340000000000e+08 3.160000000000000000e+03 3.650000000000000000e+03 3.870000000000000000e+03 3.860000000000000000e+03
1.111189420000000000e+08 3.160000000000000000e+03 3.630000000000000000e+03 3.880000000000000000e+03 3.860000000000000000e+03
1.111191500000000000e+08 3.160000000000000000e+03 3.590000000000000000e+03 3.870000000000000000e+03 3.860000000000000000e+03
1.111193580000000000e+08 3.160000000000000000e+03 3.660000000000000000e+03 3.870000000000000000e+03 3.860000000000000000e+03
1.111195670000000000e+08 3.160000000000000000e+03 3.590000000000000000e+03 3.870000000000000000e+03 3.870000000000000000e+03
1.111197740000000000e+08 3.160000000000000000e+03 3.590000000000000000e+03 3.870000000000000000e+03 3.870000000000000000e+03
1.111199830000000000e+08 3.160000000000000000e+03 3.620000000000000000e+03 3.870000000000000000e+03 3.870000000000000000e+03
1.111201900000000000e+08 3.160000000000000000e+03 3.660000000000000000e+03 3.870000000000000000e+03 3.870000000000000000e+03
1.111203980000000000e+08 3.150000000000000000e+03 3.650000000000000000e+03 3.880000000000000000e+03 3.860000000000000000e+03
1.111206060000000000e+08 3.150000000000000000e+03 3.580000000000000000e+03 3.870000000000000000e+03 3.850000000000000000e+03
1.111208140000000000e+08 3.150000000000000000e+03 3.620000000000000000e+03 3.870000000000000000e+03 3.860000000000000000e+03
1.111210220000000000e+08 3.150000000000000000e+03 3.580000000000000000e+03 3.870000000000000000e+03 3.860000000000000000e+03
1.111212300000000000e+08 3.150000000000000000e+03 3.630000000000000000e+03 3.870000000000000000e+03 3.850000000000000000e+03
1.111214380000000000e+08 3.150000000000000000e+03 3.640000000000000000e+03 3.870000000000000000e+03 3.850000000000000000e+03
1.111216460000000000e+08 3.140000000000000000e+03 3.610000000000000000e+03 3.870000000000000000e+03 3.850000000000000000e+03
1.111218540000000000e+08 3.140000000000000000e+03 3.650000000000000000e+03 3.870000000000000000e+03 3.850000000000000000e+03
1.111220620000000000e+08 3.140000000000000000e+03 3.640000000000000000e+03 3.870000000000000000e+03 3.860000000000000000e+03
1.111222700000000000e+08 3.150000000000000000e+03 3.640000000000000000e+03 3.880000000000000000e+03 3.850000000000000000e+03
1.111224780000000000e+08 3.150000000000000000e+03 3.610000000000000000e+03 3.880000000000000000e+03 3.860000000000000000e+03
1.111226860000000000e+08 3.150000000000000000e+03 3.660000000000000000e+03 3.870000000000000000e+03 3.860000000000000000e+03
1.111228940000000000e+08 3.160000000000000000e+03 3.600000000000000000e+03 3.870000000000000000e+03 3.850000000000000000e+03
1.111231020000000000e+08 3.160000000000000000e+03 3.610000000000000000e+03 3.880000000000000000e+03 3.860000000000000000e+03
1.111233100000000000e+08 3.150000000000000000e+03 3.670000000000000000e+03 3.870000000000000000e+03 3.870000000000000000e+03
1.111235180000000000e+08 3.140000000000000000e+03 3.610000000000000000e+03 3.870000000000000000e+03 3.860000000000000000e+03
1.111237250000000000e+08 3.140000000000000000e+03 3.670000000000000000e+03 3.870000000000000000e+03 3.860000000000000000e+03
1.111239330000000000e+08 3.150000000000000000e+03 3.620000000000000000e+03 3.870000000000000000e+03 3.860000000000000000e+03
1.111241410000000000e+08 3.160000000000000000e+03 3.660000000000000000e+03 3.870000000000000000e+03 3.860000000000000000e+03
1.111243490000000000e+08 3.160000000000000000e+03 3.620000000000000000e+03 3.870000000000000000e+03 3.860000000000000000e+03
1.111245570000000000e+08 3.160000000000000000e+03 3.620000000000000000e+03 3.880000000000000000e+03 3.870000000000000000e+03
1.111247670000000000e+08 3.160000000000000000e+03 3.600000000000000000e+03 3.880000000000000000e+03 3.870000000000000000e+03
1.111249730000000000e+08 3.150000000000000000e+03 3.600000000000000000e+03 3.870000000000000000e+03 3.860000000000000000e+03
1.111251810000000000e+08 3.150000000000000000e+03 3.630000000000000000e+03 3.870000000000000000e+03 3.860000000000000000e+03
1.111253890000000000e+08 3.150000000000000000e+03 3.650000000000000000e+03 3.880000000000000000e+03 3.860000000000000000e+03
1.111255970000000000e+08 3.150000000000000000e+03 3.620000000000000000e+03 3.870000000000000000e+03 3.860000000000000000e+03
1.111258060000000000e+08 3.150000000000000000e+03 3.670000000000000000e+03 3.870000000000000000e+03 3.860000000000000000e+03
1.111260130000000000e+08 3.160000000000000000e+03 3.610000000000000000e+03 3.870000000000000000e+03 3.860000000000000000e+03
1.111262210000000000e+08 3.150000000000000000e+03 3.640000000000000000e+03 3.870000000000000000e+03 3.860000000000000000e+03
1.111264290000000000e+08 3.160000000000000000e+03 3.670000000000000000e+03 3.880000000000000000e+03 3.870000000000000000e+03
1.111266370000000000e+08 3.160000000000000000e+03 3.660000000000000000e+03 3.880000000000000000e+03 3.870000000000000000e+03
1.111268450000000000e+08 3.160000000000000000e+03 3.640000000000000000e+03 3.890000000000000000e+03 3.870000000000000000e+03
1.111270530000000000e+08 3.160000000000000000e+03 3.600000000000000000e+03 3.880000000000000000e+03 3.870000000000000000e+03
1.111272610000000000e+08 3.160000000000000000e+03 3.630000000000000000e+03 3.880000000000000000e+03 3.870000000000000000e+03
1.111274690000000000e+08 3.160000000000000000e+03 3.590000000000000000e+03 3.880000000000000000e+03 3.880000000000000000e+03
1.111276770000000000e+08 3.160000000000000000e+03 3.640000000000000000e+03 3.880000000000000000e+03 3.870000000000000000e+03
1.111278850000000000e+08 3.160000000000000000e+03 3.630000000000000000e+03 3.870000000000000000e+03 3.860000000000000000e+03
1.111280930000000000e+08 3.160000000000000000e+03 3.630000000000000000e+03 3.870000000000000000e+03 3.860000000000000000e+03
1.111283010000000000e+08 3.160000000000000000e+03 3.630000000000000000e+03 3.870000000000000000e+03 3.870000000000000000e+03
1.111285090000000000e+08 3.160000000000000000e+03 3.590000000000000000e+03 3.880000000000000000e+03 3.870000000000000000e+03
1.111287170000000000e+08 3.150000000000000000e+03 3.590000000000000000e+03 3.870000000000000000e+03 3.870000000000000000e+03
1.111289250000000000e+08 3.150000000000000000e+03 3.640000000000000000e+03 3.860000000000000000e+03 3.870000000000000000e+03
1.111291320000000000e+08 3.160000000000000000e+03 3.630000000000000000e+03 3.860000000000000000e+03 3.870000000000000000e+03
1.111293400000000000e+08 3.160000000000000000e+03 3.610000000000000000e+03 3.860000000000000000e+03 3.870000000000000000e+03
1.111295480000000000e+08 3.160000000000000000e+03 3.670000000000000000e+03 3.860000000000000000e+03 3.870000000000000000e+03
1.111297560000000000e+08 3.170000000000000000e+03 3.610000000000000000e+03 3.870000000000000000e+03 3.870000000000000000e+03
1.111299640000000000e+08 3.170000000000000000e+03 3.600000000000000000e+03 3.880000000000000000e+03 3.870000000000000000e+03
1.111301720000000000e+08 3.170000000000000000e+03 3.640000000000000000e+03 3.880000000000000000e+03 3.870000000000000000e+03
1.111303800000000000e+08 3.170000000000000000e+03 3.620000000000000000e+03 3.880000000000000000e+03 3.870000000000000000e+03
1.111305880000000000e+08 3.170000000000000000e+03 3.620000000000000000e+03 3.870000000000000000e+03 3.860000000000000000e+03
1.111307960000000000e+08 3.170000000000000000e+03 3.620000000000000000e+03 3.870000000000000000e+03 3.860000000000000000e+03
1.111310040000000000e+08 3.170000000000000000e+03 3.640000000000000000e+03 3.870000000000000000e+03 3.870000000000000000e+03
1.111312120000000000e+08 3.170000000000000000e+03 3.660000000000000000e+03 3.870000000000000000e+03 3.870000000000000000e+03
1.111314200000000000e+08 3.160000000000000000e+03 3.640000000000000000e+03 3.870000000000000000e+03 3.880000000000000000e+03
1.111316280000000000e+08 3.160000000000000000e+03 3.600000000000000000e+03 3.870000000000000000e+03 3.880000000000000000e+03
1.111318360000000000e+08 3.150000000000000000e+03 3.670000000000000000e+03 3.870000000000000000e+03 3.870000000000000000e+03
1.111320440000000000e+08 3.160000000000000000e+03 3.650000000000000000e+03 3.870000000000000000e+03 3.870000000000000000e+03
1.111322520000000000e+08 3.150000000000000000e+03 3.660000000000000000e+03 3.870000000000000000e+03 3.860000000000000000e+03
1.111324600000000000e+08 3.160000000000000000e+03 3.640000000000000000e+03 3.880000000000000000e+03 3.850000000000000000e+03
1.111326680000000000e+08 3.160000000000000000e+03 3.670000000000000000e+03 3.870000000000000000e+03 3.850000000000000000e+03
1.111328760000000000e+08 3.160000000000000000e+03 3.660000000000000000e+03 3.870000000000000000e+03 3.850000000000000000e+03
1.111330840000000000e+08 3.150000000000000000e+03 3.650000000000000000e+03 3.870000000000000000e+03 3.850000000000000000e+03
1.111332930000000000e+08 3.150000000000000000e+03 3.610000000000000000e+03 3.880000000000000000e+03 3.850000000000000000e+03
1.111335000000000000e+08 3.150000000000000000e+03 3.590000000000000000e+03 3.880000000000000000e+03 3.850000000000000000e+03
1.111337080000000000e+08 3.150000000000000000e+03 3.620000000000000000e+03 3.890000000000000000e+03 3.850000000000000000e+03
1.111339160000000000e+08 3.150000000000000000e+03 3.610000000000000000e+03 3.890000000000000000e+03 3.850000000000000000e+03
1.111341240000000000e+08 3.150000000000000000e+03 3.650000000000000000e+03 3.880000000000000000e+03 3.850000000000000000e+03
1.111343320000000000e+08 3.150000000000000000e+03 3.620000000000000000e+03 3.870000000000000000e+03 3.850000000000000000e+03
1.111345400000000000e+08 3.150000000000000000e+03 3.600000000000000000e+03 3.880000000000000000e+03 3.850000000000000000e+03
1.111347480000000000e+08 3.150000000000000000e+03 3.590000000000000000e+03 3.870000000000000000e+03 3.850000000000000000e+03
1.111349550000000000e+08 3.160000000000000000e+03 3.600000000000000000e+03 3.870000000000000000e+03 3.850000000000000000e+03
1.111351630000000000e+08 3.160000000000000000e+03 3.630000000000000000e+03 3.880000000000000000e+03 3.850000000000000000e+03
1.111353710000000000e+08 3.150000000000000000e+03 3.650000000000000000e+03 3.880000000000000000e+03 3.850000000000000000e+03
1.111355790000000000e+08 3.150000000000000000e+03 3.590000000000000000e+03 3.880000000000000000e+03 3.860000000000000000e+03
1.111357870000000000e+08 3.150000000000000000e+03 3.590000000000000000e+03 3.870000000000000000e+03 3.860000000000000000e+03
1.111359950000000000e+08 3.150000000000000000e+03 3.590000000000000000e+03 3.870000000000000000e+03 3.860000000000000000e+03
1.111362030000000000e+08 3.150000000000000000e+03 3.630000000000000000e+03 3.870000000000000000e+03 3.860000000000000000e+03
1.111364110000000000e+08 3.160000000000000000e+03 3.600000000000000000e+03 3.860000000000000000e+03 3.860000000000000000e+03
1.111366200000000000e+08 3.160000000000000000e+03 3.630000000000000000e+03 3.860000000000000000e+03 3.860000000000000000e+03
1.111368270000000000e+08 3.170000000000000000e+03 3.590000000000000000e+03 3.870000000000000000e+03 3.850000000000000000e+03
1.111370350000000000e+08 3.170000000000000000e+03 3.640000000000000000e+03 3.870000000000000000e+03 3.850000000000000000e+03
1.111372430000000000e+08 3.170000000000000000e+03 3.600000000000000000e+03 3.880000000000000000e+03 3.850000000000000000e+03
1.111374510000000000e+08 3.160000000000000000e+03 3.610000000000000000e+03 3.870000000000000000e+03 3.850000000000000000e+03
1.111376590000000000e+08 3.150000000000000000e+03 3.610000000000000000e+03 3.870000000000000000e+03 3.850000000000000000e+03
1.111378670000000000e+08 3.150000000000000000e+03 3.140000000000000000e+03 4.330000000000000000e+03 3.860000000000000000e+03
1.111380750000000000e+08 3.160000000000000000e+03 3.140000000000000000e+03 4.360000000000000000e+03 3.860000000000000000e+03
1.111382820000000000e+08 3.170000000000000000e+03 3.140000000000000000e+03 4.330000000000000000e+03 3.860000000000000000e+03
1.111384910000000000e+08 3.170000000000000000e+03 3.130000000000000000e+03 4.360000000000000000e+03 3.860000000000000000e+03
1.111386980000000000e+08 3.180000000000000000e+03 3.140000000000000000e+03 4.330000000000000000e+03 3.870000000000000000e+03
1.111389070000000000e+08 3.170000000000000000e+03 3.140000000000000000e+03 4.390000000000000000e+03 3.860000000000000000e+03
1.111391150000000000e+08 3.170000000000000000e+03 3.130000000000000000e+03 4.360000000000000000e+03 3.860000000000000000e+03
1.111393220000000000e+08 3.150000000000000000e+03 3.130000000000000000e+03 4.350000000000000000e+03 3.860000000000000000e+03
1.111395310000000000e+08 3.150000000000000000e+03 3.120000000000000000e+03 4.400000000000000000e+03 3.860000000000000000e+03
1.111397380000000000e+08 3.150000000000000000e+03 3.120000000000000000e+03 4.330000000000000000e+03 3.860000000000000000e+03
1.111399470000000000e+08 3.160000000000000000e+03 3.120000000000000000e+03 4.370000000000000000e+03 3.860000000000000000e+03
1.111401550000000000e+08 3.160000000000000000e+03 3.130000000000000000e+03 4.330000000000000000e+03 3.850000000000000000e+03
1.111403630000000000e+08 3.160000000000000000e+03 3.130000000000000000e+03 4.330000000000000000e+03 3.850000000000000000e+03
1.111405710000000000e+08 3.160000000000000000e+03 3.130000000000000000e+03 4.350000000000000000e+03 3.860000000000000000e+03
1.111407780000000000e+08 3.160000000000000000e+03 3.130000000000000000e+03 4.330000000000000000e+03 3.860000000000000000e+03
1.111409870000000000e+08 3.150000000000000000e+03 3.140000000000000000e+03 4.400000000000000000e+03 3.870000000000000000e+03
1.111411940000000000e+08 3.150000000000000000e+03 3.140000000000000000e+03 4.360000000000000000e+03 3.870000000000000000e+03
1.111414020000000000e+08 3.150000000000000000e+03 3.140000000000000000e+03 4.360000000000000000e+03 3.870000000000000000e+03
1.111416100000000000e+08 3.150000000000000000e+03 3.150000000000000000e+03 4.350000000000000000e+03 3.870000000000000000e+03
1.111418180000000000e+08 3.140000000000000000e+03 3.150000000000000000e+03 4.340000000000000000e+03 3.870000000000000000e+03
1.111420260000000000e+08 3.160000000000000000e+03 3.140000000000000000e+03 4.370000000000000000e+03 3.870000000000000000e+03
1.111422340000000000e+08 3.170000000000000000e+03 3.150000000000000000e+03 4.350000000000000000e+03 3.860000000000000000e+03
1.111424420000000000e+08 3.160000000000000000e+03 3.150000000000000000e+03 4.400000000000000000e+03 3.860000000000000000e+03
1.111426500000000000e+08 3.160000000000000000e+03 3.140000000000000000e+03 4.360000000000000000e+03 3.850000000000000000e+03
1.111428580000000000e+08 3.160000000000000000e+03 3.140000000000000000e+03 4.370000000000000000e+03 3.860000000000000000e+03
1.111430660000000000e+08 3.170000000000000000e+03 3.150000000000000000e+03 4.350000000000000000e+03 3.860000000000000000e+03
1.111432740000000000e+08 3.170000000000000000e+03 3.150000000000000000e+03 4.340000000000000000e+03 3.870000000000000000e+03
1.111434820000000000e+08 3.170000000000000000e+03 3.130000000000000000e+03 4.370000000000000000e+03 3.860000000000000000e+03
1.111436900000000000e+08 3.170000000000000000e+03 3.140000000000000000e+03 4.360000000000000000e+03 3.850000000000000000e+03
1.111438980000000000e+08 3.180000000000000000e+03 3.140000000000000000e+03 4.410000000000000000e+03 3.850000000000000000e+03
1.111441060000000000e+08 3.180000000000000000e+03 3.140000000000000000e+03 4.400000000000000000e+03 3.850000000000000000e+03
1.111443150000000000e+08 3.180000000000000000e+03 3.140000000000000000e+03 4.370000000000000000e+03 3.850000000000000000e+03
1.111445210000000000e+08 3.170000000000000000e+03 3.140000000000000000e+03 4.360000000000000000e+03 3.850000000000000000e+03
1.111447300000000000e+08 3.160000000000000000e+03 3.140000000000000000e+03 4.370000000000000000e+03 3.860000000000000000e+03
1.111449370000000000e+08 3.170000000000000000e+03 3.130000000000000000e+03 4.360000000000000000e+03 3.860000000000000000e+03
1.111451460000000000e+08 3.160000000000000000e+03 3.130000000000000000e+03 4.350000000000000000e+03 3.860000000000000000e+03
1.111453540000000000e+08 3.160000000000000000e+03 3.140000000000000000e+03 4.360000000000000000e+03 3.860000000000000000e+03
1.111455610000000000e+08 3.160000000000000000e+03 3.150000000000000000e+03 4.430000000000000000e+03 3.860000000000000000e+03
1.111457700000000000e+08 3.150000000000000000e+03 3.150000000000000000e+03 4.410000000000000000e+03 3.860000000000000000e+03
1.111459770000000000e+08 3.150000000000000000e+03 3.150000000000000000e+03 4.360000000000000000e+03 3.860000000000000000e+03
1.111461860000000000e+08 3.160000000000000000e+03 3.140000000000000000e+03 4.360000000000000000e+03 3.860000000000000000e+03
1.111464050000000000e+08 3.160000000000000000e+03 3.150000000000000000e+03 4.350000000000000000e+03 3.860000000000000000e+03
1.111466010000000000e+08 3.160000000000000000e+03 3.150000000000000000e+03 4.410000000000000000e+03 3.860000000000000000e+03
1.111468090000000000e+08 3.150000000000000000e+03 3.140000000000000000e+03 4.380000000000000000e+03 3.860000000000000000e+03
1.111470170000000000e+08 3.160000000000000000e+03 3.150000000000000000e+03 4.400000000000000000e+03 3.860000000000000000e+03
1.111472250000000000e+08 3.150000000000000000e+03 3.150000000000000000e+03 4.380000000000000000e+03 3.860000000000000000e+03
1.111474330000000000e+08 3.150000000000000000e+03 3.150000000000000000e+03 4.350000000000000000e+03 3.860000000000000000e+03
1.111476410000000000e+08 3.160000000000000000e+03 3.150000000000000000e+03 4.340000000000000000e+03 3.860000000000000000e+03
1.111478490000000000e+08 3.160000000000000000e+03 3.150000000000000000e+03 4.380000000000000000e+03 3.860000000000000000e+03
1.111480570000000000e+08 3.160000000000000000e+03 3.150000000000000000e+03 4.390000000000000000e+03 3.860000000000000000e+03
1.111482650000000000e+08 3.160000000000000000e+03 3.150000000000000000e+03 4.330000000000000000e+03 3.870000000000000000e+03
1.111484730000000000e+08 3.160000000000000000e+03 3.150000000000000000e+03 4.370000000000000000e+03 3.860000000000000000e+03
1.111486970000000000e+08 3.150000000000000000e+03 3.140000000000000000e+03 4.390000000000000000e+03 3.860000000000000000e+03
1.111489050000000000e+08 3.150000000000000000e+03 3.150000000000000000e+03 4.390000000000000000e+03 3.850000000000000000e+03
1.111491130000000000e+08 3.150000000000000000e+03 3.150000000000000000e+03 4.340000000000000000e+03 3.840000000000000000e+03
1.111493210000000000e+08 3.160000000000000000e+03 3.150000000000000000e+03 4.350000000000000000e+03 3.850000000000000000e+03
1.111495290000000000e+08 3.170000000000000000e+03 3.160000000000000000e+03 4.370000000000000000e+03 3.850000000000000000e+03
1.111497370000000000e+08 3.160000000000000000e+03 3.150000000000000000e+03 4.330000000000000000e+03 3.840000000000000000e+03
1.111499450000000000e+08 3.160000000000000000e+03 3.150000000000000000e+03 4.360000000000000000e+03 3.840000000000000000e+03
1.111501530000000000e+08 3.150000000000000000e+03 3.150000000000000000e+03 4.340000000000000000e+03 3.840000000000000000e+03
1.111503610000000000e+08 3.150000000000000000e+03 3.150000000000000000e+03 4.360000000000000000e+03 3.840000000000000000e+03
1.111505690000000000e+08 3.150000000000000000e+03 3.140000000000000000e+03 4.350000000000000000e+03 3.850000000000000000e+03
1.111507770000000000e+08 3.150000000000000000e+03 3.140000000000000000e+03 4.360000000000000000e+03 3.850000000000000000e+03
1.111509850000000000e+08 3.150000000000000000e+03 3.140000000000000000e+03 4.330000000000000000e+03 3.850000000000000000e+03
1.111511930000000000e+08 3.150000000000000000e+03 3.140000000000000000e+03 4.390000000000000000e+03 3.850000000000000000e+03
1.111514010000000000e+08 3.160000000000000000e+03 3.140000000000000000e+03 4.370000000000000000e+03 3.850000000000000000e+03
1.111516090000000000e+08 3.160000000000000000e+03 3.140000000000000000e+03 4.350000000000000000e+03 3.850000000000000000e+03
1.111518160000000000e+08 3.160000000000000000e+03 3.140000000000000000e+03 4.350000000000000000e+03 3.850000000000000000e+03
1.111520250000000000e+08 3.150000000000000000e+03 3.140000000000000000e+03 4.400000000000000000e+03 3.850000000000000000e+03
1.111522320000000000e+08 3.150000000000000000e+03 3.140000000000000000e+03 4.360000000000000000e+03 3.850000000000000000e+03
1.111524400000000000e+08 3.150000000000000000e+03 3.140000000000000000e+03 4.340000000000000000e+03 3.850000000000000000e+03
1.111526490000000000e+08 3.160000000000000000e+03 3.140000000000000000e+03 4.370000000000000000e+03 3.850000000000000000e+03
1.111528560000000000e+08 3.170000000000000000e+03 3.140000000000000000e+03 4.350000000000000000e+03 3.850000000000000000e+03
1.111530640000000000e+08 3.160000000000000000e+03 3.150000000000000000e+03 4.380000000000000000e+03 3.850000000000000000e+03
1.111532710000000000e+08 3.160000000000000000e+03 3.150000000000000000e+03 4.350000000000000000e+03 3.850000000000000000e+03
1.111534800000000000e+08 3.160000000000000000e+03 3.140000000000000000e+03 4.340000000000000000e+03 3.860000000000000000e+03
1.111536880000000000e+08 3.160000000000000000e+03 3.140000000000000000e+03 4.370000000000000000e+03 3.850000000000000000e+03
1.111538960000000000e+08 3.170000000000000000e+03 3.150000000000000000e+03 4.380000000000000000e+03 3.860000000000000000e+03
1.111541040000000000e+08 3.170000000000000000e+03 3.160000000000000000e+03 4.330000000000000000e+03 3.860000000000000000e+03
1.111543120000000000e+08 3.180000000000000000e+03 3.160000000000000000e+03 4.350000000000000000e+03 3.860000000000000000e+03
1.111545200000000000e+08 3.180000000000000000e+03 3.160000000000000000e+03 4.390000000000000000e+03 3.860000000000000000e+03
1.111547280000000000e+08 3.180000000000000000e+03 3.150000000000000000e+03 4.350000000000000000e+03 3.860000000000000000e+03
1.111549380000000000e+08 3.180000000000000000e+03 3.140000000000000000e+03 4.400000000000000000e+03 3.860000000000000000e+03
1.111551440000000000e+08 3.180000000000000000e+03 3.130000000000000000e+03 4.350000000000000000e+03 3.860000000000000000e+03
1.111553520000000000e+08 3.170000000000000000e+03 3.140000000000000000e+03 4.360000000000000000e+03 3.850000000000000000e+03
1.111555600000000000e+08 3.160000000000000000e+03 3.140000000000000000e+03 4.330000000000000000e+03 3.850000000000000000e+03
1.111557680000000000e+08 3.150000000000000000e+03 3.130000000000000000e+03 4.400000000000000000e+03 3.860000000000000000e+03
1.111559760000000000e+08 3.160000000000000000e+03 3.130000000000000000e+03 4.390000000000000000e+03 3.850000000000000000e+03
1.111561840000000000e+08 3.160000000000000000e+03 3.140000000000000000e+03 4.350000000000000000e+03 3.850000000000000000e+03
1.111563920000000000e+08 3.150000000000000000e+03 3.140000000000000000e+03 4.360000000000000000e+03 3.850000000000000000e+03
1.111566000000000000e+08 3.150000000000000000e+03 3.140000000000000000e+03 4.350000000000000000e+03 3.850000000000000000e+03
1.111568080000000000e+08 3.140000000000000000e+03 3.140000000000000000e+03 4.380000000000000000e+03 3.840000000000000000e+03
1.111570150000000000e+08 3.140000000000000000e+03 3.140000000000000000e+03 4.340000000000000000e+03 3.850000000000000000e+03
1.111572240000000000e+08 3.140000000000000000e+03 3.140000000000000000e+03 4.340000000000000000e+03 3.860000000000000000e+03
1.111574320000000000e+08 3.150000000000000000e+03 3.140000000000000000e+03 4.360000000000000000e+03 3.860000000000000000e+03
1.111576400000000000e+08 3.160000000000000000e+03 3.140000000000000000e+03 4.360000000000000000e+03 3.850000000000000000e+03
1.111578470000000000e+08 3.150000000000000000e+03 3.130000000000000000e+03 4.360000000000000000e+03 3.850000000000000000e+03
1.111580560000000000e+08 3.150000000000000000e+03 3.130000000000000000e+03 4.340000000000000000e+03 3.840000000000000000e+03
1.111582630000000000e+08 3.150000000000000000e+03 3.130000000000000000e+03 4.390000000000000000e+03 3.850000000000000000e+03
1.111584720000000000e+08 3.150000000000000000e+03 3.140000000000000000e+03 4.390000000000000000e+03 3.860000000000000000e+03
1.111586800000000000e+08 3.150000000000000000e+03 3.140000000000000000e+03 4.330000000000000000e+03 3.860000000000000000e+03
1.111588870000000000e+08 3.160000000000000000e+03 3.130000000000000000e+03 4.330000000000000000e+03 3.860000000000000000e+03
1.111590950000000000e+08 3.160000000000000000e+03 3.130000000000000000e+03 4.380000000000000000e+03 3.860000000000000000e+03
1.111593030000000000e+08 3.160000000000000000e+03 3.140000000000000000e+03 4.340000000000000000e+03 3.860000000000000000e+03
1.111595110000000000e+08 3.160000000000000000e+03 3.140000000000000000e+03 4.340000000000000000e+03 3.860000000000000000e+03
1.111597200000000000e+08 3.170000000000000000e+03 3.140000000000000000e+03 4.360000000000000000e+03 3.860000000000000000e+03
1.111599270000000000e+08 3.160000000000000000e+03 3.130000000000000000e+03 4.320000000000000000e+03 3.860000000000000000e+03
1.112001350000000000e+08 3.160000000000000000e+03 3.140000000000000000e+03 4.380000000000000000e+03 3.860000000000000000e+03
1.112003430000000000e+08 3.160000000000000000e+03 3.140000000000000000e+03 4.370000000000000000e+03 3.860000000000000000e+03
1.112005510000000000e+08 3.160000000000000000e+03 3.140000000000000000e+03 4.380000000000000000e+03 3.850000000000000000e+03
1.112007590000000000e+08 3.160000000000000000e+03 3.140000000000000000e+03 4.340000000000000000e+03 3.850000000000000000e+03
1.112009670000000000e+08 3.160000000000000000e+03 3.140000000000000000e+03 4.390000000000000000e+03 3.850000000000000000e+03
1.112011750000000000e+08 3.150000000000000000e+03 3.150000000000000000e+03 4.410000000000000000e+03 3.860000000000000000e+03
1.112013830000000000e+08 3.160000000000000000e+03 3.140000000000000000e+03 4.360000000000000000e+03 3.860000000000000000e+03
1.112015910000000000e+08 3.160000000000000000e+03 3.140000000000000000e+03 4.330000000000000000e+03 3.870000000000000000e+03
1.112017990000000000e+08 3.170000000000000000e+03 3.140000000000000000e+03 4.370000000000000000e+03 3.870000000000000000e+03
1.112020070000000000e+08 3.170000000000000000e+03 3.140000000000000000e+03 4.350000000000000000e+03 3.870000000000000000e+03
1.112022150000000000e+08 3.170000000000000000e+03 3.130000000000000000e+03 4.350000000000000000e+03 3.870000000000000000e+03
1.112024230000000000e+08 3.170000000000000000e+03 3.120000000000000000e+03 4.350000000000000000e+03 3.860000000000000000e+03
