1.124006500000000000e+08 4.740000000000000000e+03 5.010000000000000000e+03 2.600000000000000000e+03 2.680000000000000000e+03
1.124008570000000000e+08 4.720000000000000000e+03 5.100000000000000000e+03 2.600000000000000000e+03 2.680000000000000000e+03
1.124010660000000000e+08 4.730000000000000000e+03 5.140000000000000000e+03 2.610000000000000000e+03 2.680000000000000000e+03
1.124012740000000000e+08 4.730000000000000000e+03 5.180000000000000000e+03 2.610000000000000000e+03 2.680000000000000000e+03
1.124014820000000000e+08 4.730000000000000000e+03 5.210000000000000000e+03 2.610000000000000000e+03 2.670000000000000000e+03
1.124016730000000000e+08 4.730000000000000000e+03 5.200000000000000000e+03 2.610000000000000000e+03 2.670000000000000000e+03
1.124018820000000000e+08 4.720000000000000000e+03 5.150000000000000000e+03 2.610000000000000000e+03 2.680000000000000000e+03
1.124020890000000000e+08 4.730000000000000000e+03 5.110000000000000000e+03 2.610000000000000000e+03 2.670000000000000000e+03
1.124022980000000000e+08 4.740000000000000000e+03 5.080000000000000000e+03 2.610000000000000000e+03 2.670000000000000000e+03
1.124025050000000000e+08 4.750000000000000000e+03 5.060000000000000000e+03 2.610000000000000000e+03 2.660000000000000000e+03
1.124027140000000000e+08 4.730000000000000000e+03 5.060000000000000000e+03 2.610000000000000000e+03 2.660000000000000000e+03
1.124029210000000000e+08 4.730000000000000000e+03 5.060000000000000000e+03 2.610000000000000000e+03 2.660000000000000000e+03
1.124031290000000000e+08 4.730000000000000000e+03 5.050000000000000000e+03 2.610000000000000000e+03 2.670000000000000000e+03
1.124033370000000000e+08 4.740000000000000000e+03 5.050000000000000000e+03 2.610000000000000000e+03 2.680000000000000000e+03
1.124035450000000000e+08 4.730000000000000000e+03 5.060000000000000000e+03 2.620000000000000000e+03 2.670000000000000000e+03
1.124037530000000000e+08 4.740000000000000000e+03 5.070000000000000000e+03 2.610000000000000000e+03 2.670000000000000000e+03
1.124039610000000000e+08 4.750000000000000000e+03 5.090000000000000000e+03 2.610000000000000000e+03 2.670000000000000000e+03
1.124041690000000000e+08 4.760000000000000000e+03 5.120000000000000000e+03 2.610000000000000000e+03 2.670000000000000000e+03
1.124043770000000000e+08 4.760000000000000000e+03 5.150000000000000000e+03 2.610000000000000000e+03 2.670000000000000000e+03
1.124045850000000000e+08 4.760000000000000000e+03 5.150000000000000000e+03 2.600000000000000000e+03 2.670000000000000000e+03
1.124047930000000000e+08 4.760000000000000000e+03 5.110000000000000000e+03 2.600000000000000000e+03 2.670000000000000000e+03
1.124049850000000000e+08 4.760000000000000000e+03 5.080000000000000000e+03 2.610000000000000000e+03 2.670000000000000000e+03
1.124051930000000000e+08 4.750000000000000000e+03 5.030000000000000000e+03 2.610000000000000000e+03 2.670000000000000000e+03
1.124054010000000000e+08 4.760000000000000000e+03 4.980000000000000000e+03 2.610000000000000000e+03 2.680000000000000000e+03
1.124056090000000000e+08 4.740000000000000000e+03 4.940000000000000000e+03 2.610000000000000000e+03 2.670000000000000000e+03
1.124058170000000000e+08 4.730000000000000000e+03 4.960000000000000000e+03 2.610000000000000000e+03 2.670000000000000000e+03
1.124060250000000000e+08 4.710000000000000000e+03 5.000000000000000000e+03 2.620000000000000000e+03 2.670000000000000000e+03
1.124062330000000000e+08 4.730000000000000000e+03 5.040000000000000000e+03 2.620000000000000000e+03 2.670000000000000000e+03
1.124064410000000000e+08 4.730000000000000000e+03 5.080000000000000000e+03 2.620000000000000000e+03 2.670000000000000000e+03
1.124066490000000000e+08 4.720000000000000000e+03 5.090000000000000000e+03 2.620000000000000000e+03 2.680000000000000000e+03
1.124068570000000000e+08 4.720000000000000000e+03 5.070000000000000000e+03 2.620000000000000000e+03 2.680000000000000000e+03
1.124070650000000000e+08 4.710000000000000000e+03 5.050000000000000000e+03 2.620000000000000000e+03 2.670000000000000000e+03
1.124072720000000000e+08 4.710000000000000000e+03 5.060000000000000000e+03 2.610000000000000000e+03 2.680000000000000000e+03
1.124074810000000000e+08 4.730000000000000000e+03 5.040000000000000000e+03 2.610000000000000000e+03 2.680000000000000000e+03
1.124076890000000000e+08 4.730000000000000000e+03 5.040000000000000000e+03 2.610000000000000000e+03 2.680000000000000000e+03
1.124078970000000000e+08 4.730000000000000000e+03 5.010000000000000000e+03 2.610000000000000000e+03 2.670000000000000000e+03
1.124081040000000000e+08 4.730000000000000000e+03 4.980000000000000000e+03 2.610000000000000000e+03 2.670000000000000000e+03
1.124083130000000000e+08 4.720000000000000000e+03 4.970000000000000000e+03 2.610000000000000000e+03 2.670000000000000000e+03
1.124085040000000000e+08 4.730000000000000000e+03 5.010000000000000000e+03 2.610000000000000000e+03 2.680000000000000000e+03
1.124087120000000000e+08 4.740000000000000000e+03 5.030000000000000000e+03 2.610000000000000000e+03 2.680000000000000000e+03
1.124089200000000000e+08 4.740000000000000000e+03 5.020000000000000000e+03 2.600000000000000000e+03 2.680000000000000000e+03
1.124091280000000000e+08 4.720000000000000000e+03 5.010000000000000000e+03 2.610000000000000000e+03 2.680000000000000000e+03
1.124093360000000000e+08 4.730000000000000000e+03 5.000000000000000000e+03 2.610000000000000000e+03 2.680000000000000000e+03
1.124095440000000000e+08 4.740000000000000000e+03 4.980000000000000000e+03 2.610000000000000000e+03 2.670000000000000000e+03
1.124097520000000000e+08 4.730000000000000000e+03 4.960000000000000000e+03 2.610000000000000000e+03 2.660000000000000000e+03
1.124099600000000000e+08 4.730000000000000000e+03 4.990000000000000000e+03 2.610000000000000000e+03 2.660000000000000000e+03
1.124101680000000000e+08 4.720000000000000000e+03 5.030000000000000000e+03 2.610000000000000000e+03 2.650000000000000000e+03
1.124103760000000000e+08 4.730000000000000000e+03 5.060000000000000000e+03 2.600000000000000000e+03 2.660000000000000000e+03
1.124105840000000000e+08 4.730000000000000000e+03 5.040000000000000000e+03 2.600000000000000000e+03 2.660000000000000000e+03
1.124107920000000000e+08 4.720000000000000000e+03 5.090000000000000000e+03 2.600000000000000000e+03 2.670000000000000000e+03
1.124110000000000000e+08 4.720000000000000000e+03 5.080000000000000000e+03 2.600000000000000000e+03 2.680000000000000000e+03
1.124112080000000000e+08 4.730000000000000000e+03 5.080000000000000000e+03 2.600000000000000000e+03 2.680000000000000000e+03
1.124114160000000000e+08 4.730000000000000000e+03 5.120000000000000000e+03 2.610000000000000000e+03 2.680000000000000000e+03
1.124116240000000000e+08 4.750000000000000000e+03 5.160000000000000000e+03 2.610000000000000000e+03 2.660000000000000000e+03
1.124118150000000000e+08 4.740000000000000000e+03 5.170000000000000000e+03 2.610000000000000000e+03 2.660000000000000000e+03
1.124120240000000000e+08 4.750000000000000000e+03 5.180000000000000000e+03 2.600000000000000000e+03 2.670000000000000000e+03
1.124122320000000000e+08 4.750000000000000000e+03 5.170000000000000000e+03 2.610000000000000000e+03 2.670000000000000000e+03
1.124124400000000000e+08 4.740000000000000000e+03 5.150000000000000000e+03 2.610000000000000000e+03 2.670000000000000000e+03
1.124126480000000000e+08 4.740000000000000000e+03 5.130000000000000000e+03 2.610000000000000000e+03 2.670000000000000000e+03
1.124128560000000000e+08 4.740000000000000000e+03 5.110000000000000000e+03 2.610000000000000000e+03 2.670000000000000000e+03
1.124130640000000000e+08 4.730000000000000000e+03 5.100000000000000000e+03 2.620000000000000000e+03 2.660000000000000000e+03
1.124132720000000000e+08 4.720000000000000000e+03 5.090000000000000000e+03 2.620000000000000000e+03 2.670000000000000000e+03
1.124134790000000000e+08 4.720000000000000000e+03 5.060000000000000000e+03 2.620000000000000000e+03 2.670000000000000000e+03
1.124136870000000000e+08 4.730000000000000000e+03 5.030000000000000000e+03 2.620000000000000000e+03 2.670000000000000000e+03
1.124138950000000000e+08 4.730000000000000000e+03 5.030000000000000000e+03 2.620000000000000000e+03 2.680000000000000000e+03
1.124141030000000000e+08 4.730000000000000000e+03 5.040000000000000000e+03 2.620000000000000000e+03 2.680000000000000000e+03
1.124143110000000000e+08 4.740000000000000000e+03 5.070000000000000000e+03 2.620000000000000000e+03 2.680000000000000000e+03
1.124145200000000000e+08 4.750000000000000000e+03 5.080000000000000000e+03 2.620000000000000000e+03 2.670000000000000000e+03
1.124147270000000000e+08 4.750000000000000000e+03 5.050000000000000000e+03 2.620000000000000000e+03 2.670000000000000000e+03
1.124149350000000000e+08 4.740000000000000000e+03 5.040000000000000000e+03 2.620000000000000000e+03 2.680000000000000000e+03
1.124151270000000000e+08 4.740000000000000000e+03 5.020000000000000000e+03 2.620000000000000000e+03 2.670000000000000000e+03
1.124153350000000000e+08 4.750000000000000000e+03 4.970000000000000000e+03 2.620000000000000000e+03 2.670000000000000000e+03
1.124155430000000000e+08 4.730000000000000000e+03 4.950000000000000000e+03 2.620000000000000000e+03 2.660000000000000000e+03
1.124157510000000000e+08 4.730000000000000000e+03 4.940000000000000000e+03 2.610000000000000000e+03 2.650000000000000000e+03
1.124159590000000000e+08 4.720000000000000000e+03 4.930000000000000000e+03 2.610000000000000000e+03 2.650000000000000000e+03
1.124161670000000000e+08 4.730000000000000000e+03 4.920000000000000000e+03 2.620000000000000000e+03 2.660000000000000000e+03
1.124163750000000000e+08 4.730000000000000000e+03 4.910000000000000000e+03 2.620000000000000000e+03 2.670000000000000000e+03
1.124165830000000000e+08 4.740000000000000000e+03 4.890000000000000000e+03 2.610000000000000000e+03 2.660000000000000000e+03
1.124167910000000000e+08 4.750000000000000000e+03 4.860000000000000000e+03 2.620000000000000000e+03 2.650000000000000000e+03
1.124169990000000000e+08 4.740000000000000000e+03 5.080000000000000000e+03 2.620000000000000000e+03 2.660000000000000000e+03
1.124172070000000000e+08 4.740000000000000000e+03 5.000000000000000000e+03 2.620000000000000000e+03 2.660000000000000000e+03
1.124174150000000000e+08 4.740000000000000000e+03 5.030000000000000000e+03 2.620000000000000000e+03 2.650000000000000000e+03
1.124176230000000000e+08 4.740000000000000000e+03 5.090000000000000000e+03 2.620000000000000000e+03 2.650000000000000000e+03
1.124178310000000000e+08 4.730000000000000000e+03 5.170000000000000000e+03 2.610000000000000000e+03 2.660000000000000000e+03
1.124180390000000000e+08 4.730000000000000000e+03 5.190000000000000000e+03 2.610000000000000000e+03 2.660000000000000000e+03
1.124182470000000000e+08 4.730000000000000000e+03 5.320000000000000000e+03 2.610000000000000000e+03 2.650000000000000000e+03
1.124188550000000000e+08 4.730000000000000000e+03 5.290000000000000000e+03 2.620000000000000000e+03 2.660000000000000000e+03
1.124190630000000000e+08 4.740000000000000000e+03 5.190000000000000000e+03 2.630000000000000000e+03 2.670000000000000000e+03
1.124192700000000000e+08 4.740000000000000000e+03 5.240000000000000000e+03 2.630000000000000000e+03 2.670000000000000000e+03
1.124194780000000000e+08 4.730000000000000000e+03 5.130000000000000000e+03 2.630000000000000000e+03 2.670000000000000000e+03
1.124196860000000000e+08 4.720000000000000000e+03 5.290000000000000000e+03 2.620000000000000000e+03 2.660000000000000000e+03
1.124198940000000000e+08 4.720000000000000000e+03 5.160000000000000000e+03 2.620000000000000000e+03 2.670000000000000000e+03
1.124201020000000000e+08 4.740000000000000000e+03 5.100000000000000000e+03 2.610000000000000000e+03 2.670000000000000000e+03
1.124203110000000000e+08 4.740000000000000000e+03 5.070000000000000000e+03 2.610000000000000000e+03 2.680000000000000000e+03
1.124205180000000000e+08 4.730000000000000000e+03 5.040000000000000000e+03 2.610000000000000000e+03 2.680000000000000000e+03
1.124207260000000000e+08 4.740000000000000000e+03 4.990000000000000000e+03 2.610000000000000000e+03 2.680000000000000000e+03
1.124209340000000000e+08 4.720000000000000000e+03 4.950000000000000000e+03 2.600000000000000000e+03 2.680000000000000000e+03
1.124211420000000000e+08 4.730000000000000000e+03 4.940000000000000000e+03 2.610000000000000000e+03 2.680000000000000000e+03
1.124213510000000000e+08 4.720000000000000000e+03 4.960000000000000000e+03 2.610000000000000000e+03 2.680000000000000000e+03
1.124215580000000000e+08 4.720000000000000000e+03 5.030000000000000000e+03 2.610000000000000000e+03 2.680000000000000000e+03
1.124217660000000000e+08 4.720000000000000000e+03 5.110000000000000000e+03 2.610000000000000000e+03 2.680000000000000000e+03
1.124219580000000000e+08 4.710000000000000000e+03 5.120000000000000000e+03 2.620000000000000000e+03 2.670000000000000000e+03
1.124221660000000000e+08 4.720000000000000000e+03 5.060000000000000000e+03 2.620000000000000000e+03 2.670000000000000000e+03
1.124223740000000000e+08 4.710000000000000000e+03 5.000000000000000000e+03 2.620000000000000000e+03 2.670000000000000000e+03
1.124225820000000000e+08 4.720000000000000000e+03 5.230000000000000000e+03 2.620000000000000000e+03 2.670000000000000000e+03
1.124227900000000000e+08 4.720000000000000000e+03 5.350000000000000000e+03 2.610000000000000000e+03 2.670000000000000000e+03
1.124232060000000000e+08 4.730000000000000000e+03 5.390000000000000000e+03 2.600000000000000000e+03 2.660000000000000000e+03
1.124234140000000000e+08 4.750000000000000000e+03 5.240000000000000000e+03 2.600000000000000000e+03 2.660000000000000000e+03
1.124236210000000000e+08 4.740000000000000000e+03 5.120000000000000000e+03 2.600000000000000000e+03 2.660000000000000000e+03
1.124238300000000000e+08 4.730000000000000000e+03 5.040000000000000000e+03 2.610000000000000000e+03 2.660000000000000000e+03
1.124240380000000000e+08 4.730000000000000000e+03 5.210000000000000000e+03 2.620000000000000000e+03 2.660000000000000000e+03
1.124242460000000000e+08 4.730000000000000000e+03 5.280000000000000000e+03 2.620000000000000000e+03 2.660000000000000000e+03
1.124244540000000000e+08 4.730000000000000000e+03 5.150000000000000000e+03 2.620000000000000000e+03 2.660000000000000000e+03
1.124246670000000000e+08 4.730000000000000000e+03 5.100000000000000000e+03 2.620000000000000000e+03 2.660000000000000000e+03
1.124248690000000000e+08 4.740000000000000000e+03 5.060000000000000000e+03 2.630000000000000000e+03 2.660000000000000000e+03
1.124250770000000000e+08 4.740000000000000000e+03 5.070000000000000000e+03 2.630000000000000000e+03 2.650000000000000000e+03
1.124252700000000000e+08 4.740000000000000000e+03 5.050000000000000000e+03 2.630000000000000000e+03 2.660000000000000000e+03
1.124254780000000000e+08 4.730000000000000000e+03 5.020000000000000000e+03 2.630000000000000000e+03 2.660000000000000000e+03
1.124256860000000000e+08 4.720000000000000000e+03 4.990000000000000000e+03 2.630000000000000000e+03 2.660000000000000000e+03
1.124258930000000000e+08 4.720000000000000000e+03 4.950000000000000000e+03 2.630000000000000000e+03 2.660000000000000000e+03
1.124261010000000000e+08 4.730000000000000000e+03 4.920000000000000000e+03 2.630000000000000000e+03 2.670000000000000000e+03
1.124263090000000000e+08 4.730000000000000000e+03 4.890000000000000000e+03 2.630000000000000000e+03 2.670000000000000000e+03
1.124265170000000000e+08 4.740000000000000000e+03 5.040000000000000000e+03 2.630000000000000000e+03 2.670000000000000000e+03
1.124267250000000000e+08 4.750000000000000000e+03 5.100000000000000000e+03 2.630000000000000000e+03 2.670000000000000000e+03
1.124375230000000000e+08 4.740000000000000000e+03 4.760000000000000000e+03 2.590000000000000000e+03 2.870000000000000000e+03
1.124377310000000000e+08 4.740000000000000000e+03 4.760000000000000000e+03 2.590000000000000000e+03 2.860000000000000000e+03
1.124379390000000000e+08 4.730000000000000000e+03 4.760000000000000000e+03 2.590000000000000000e+03 2.860000000000000000e+03
1.124381470000000000e+08 4.730000000000000000e+03 4.760000000000000000e+03 2.600000000000000000e+03 2.860000000000000000e+03
1.124383550000000000e+08 4.730000000000000000e+03 4.760000000000000000e+03 2.600000000000000000e+03 2.870000000000000000e+03
1.124385630000000000e+08 4.730000000000000000e+03 4.750000000000000000e+03 2.610000000000000000e+03 2.870000000000000000e+03
1.124387710000000000e+08 4.740000000000000000e+03 4.750000000000000000e+03 2.620000000000000000e+03 2.890000000000000000e+03
1.124389790000000000e+08 4.740000000000000000e+03 4.750000000000000000e+03 2.620000000000000000e+03 2.890000000000000000e+03
1.124392040000000000e+08 4.740000000000000000e+03 4.750000000000000000e+03 2.620000000000000000e+03 2.860000000000000000e+03
1.124393950000000000e+08 4.740000000000000000e+03 4.750000000000000000e+03 2.620000000000000000e+03 2.840000000000000000e+03
1.124396030000000000e+08 4.750000000000000000e+03 4.750000000000000000e+03 2.610000000000000000e+03 2.830000000000000000e+03
1.124398100000000000e+08 4.750000000000000000e+03 4.750000000000000000e+03 2.600000000000000000e+03 2.830000000000000000e+03
1.124400190000000000e+08 4.740000000000000000e+03 4.750000000000000000e+03 2.600000000000000000e+03 2.840000000000000000e+03
1.124402270000000000e+08 4.730000000000000000e+03 4.750000000000000000e+03 2.600000000000000000e+03 2.860000000000000000e+03
1.124404350000000000e+08 4.740000000000000000e+03 4.750000000000000000e+03 2.610000000000000000e+03 2.850000000000000000e+03
1.124406430000000000e+08 4.740000000000000000e+03 4.740000000000000000e+03 2.610000000000000000e+03 2.870000000000000000e+03
1.124408500000000000e+08 4.730000000000000000e+03 4.740000000000000000e+03 2.610000000000000000e+03 2.930000000000000000e+03
1.124410580000000000e+08 4.730000000000000000e+03 4.740000000000000000e+03 2.610000000000000000e+03 2.940000000000000000e+03
1.124412670000000000e+08 4.730000000000000000e+03 4.740000000000000000e+03 2.610000000000000000e+03 2.930000000000000000e+03
1.124414740000000000e+08 4.740000000000000000e+03 4.740000000000000000e+03 2.610000000000000000e+03 2.910000000000000000e+03
1.124416830000000000e+08 4.740000000000000000e+03 4.740000000000000000e+03 2.610000000000000000e+03 2.880000000000000000e+03
1.124418910000000000e+08 4.720000000000000000e+03 4.740000000000000000e+03 2.610000000000000000e+03 2.900000000000000000e+03
1.124420990000000000e+08 4.710000000000000000e+03 4.740000000000000000e+03 2.600000000000000000e+03 2.920000000000000000e+03
1.124423060000000000e+08 4.710000000000000000e+03 4.740000000000000000e+03 2.600000000000000000e+03 2.860000000000000000e+03
1.124425150000000000e+08 4.710000000000000000e+03 4.740000000000000000e+03 2.590000000000000000e+03 2.850000000000000000e+03
1.124427230000000000e+08 4.720000000000000000e+03 4.740000000000000000e+03 2.600000000000000000e+03 2.850000000000000000e+03
1.124429300000000000e+08 4.730000000000000000e+03 4.740000000000000000e+03 2.610000000000000000e+03 2.850000000000000000e+03
1.124431380000000000e+08 4.740000000000000000e+03 4.750000000000000000e+03 2.610000000000000000e+03 2.870000000000000000e+03
1.124433460000000000e+08 4.740000000000000000e+03 4.750000000000000000e+03 2.600000000000000000e+03 2.870000000000000000e+03
1.124435540000000000e+08 4.740000000000000000e+03 4.760000000000000000e+03 2.600000000000000000e+03 2.870000000000000000e+03
1.124437630000000000e+08 4.750000000000000000e+03 4.760000000000000000e+03 2.600000000000000000e+03 3.000000000000000000e+03
1.124439700000000000e+08 4.750000000000000000e+03 4.760000000000000000e+03 2.610000000000000000e+03 2.980000000000000000e+03
1.124441780000000000e+08 4.750000000000000000e+03 4.760000000000000000e+03 2.600000000000000000e+03 2.940000000000000000e+03
1.124443860000000000e+08 4.740000000000000000e+03 4.750000000000000000e+03 2.600000000000000000e+03 2.920000000000000000e+03
1.124445940000000000e+08 4.740000000000000000e+03 4.750000000000000000e+03 2.600000000000000000e+03 3.070000000000000000e+03
1.124448020000000000e+08 4.730000000000000000e+03 4.750000000000000000e+03 2.600000000000000000e+03 3.140000000000000000e+03
1.124450100000000000e+08 4.730000000000000000e+03 4.750000000000000000e+03 2.590000000000000000e+03 3.110000000000000000e+03
1.124452180000000000e+08 4.730000000000000000e+03 4.750000000000000000e+03 2.600000000000000000e+03 3.110000000000000000e+03
1.124454260000000000e+08 4.730000000000000000e+03 4.750000000000000000e+03 2.600000000000000000e+03 3.130000000000000000e+03
1.124456330000000000e+08 4.730000000000000000e+03 4.750000000000000000e+03 2.600000000000000000e+03 3.180000000000000000e+03
1.124458420000000000e+08 4.740000000000000000e+03 4.750000000000000000e+03 2.610000000000000000e+03 3.240000000000000000e+03
1.124460500000000000e+08 4.740000000000000000e+03 4.750000000000000000e+03 2.610000000000000000e+03 3.250000000000000000e+03
1.124462580000000000e+08 4.720000000000000000e+03 4.750000000000000000e+03 2.610000000000000000e+03 3.260000000000000000e+03
1.124464660000000000e+08 4.720000000000000000e+03 4.750000000000000000e+03 2.610000000000000000e+03 3.130000000000000000e+03
1.124466740000000000e+08 4.710000000000000000e+03 4.740000000000000000e+03 2.610000000000000000e+03 3.030000000000000000e+03
1.124468820000000000e+08 4.710000000000000000e+03 4.740000000000000000e+03 2.610000000000000000e+03 2.970000000000000000e+03
1.124470890000000000e+08 4.710000000000000000e+03 4.750000000000000000e+03 2.610000000000000000e+03 2.940000000000000000e+03
1.124472970000000000e+08 4.710000000000000000e+03 4.760000000000000000e+03 2.610000000000000000e+03 2.930000000000000000e+03
1.124475050000000000e+08 4.720000000000000000e+03 4.760000000000000000e+03 2.600000000000000000e+03 2.910000000000000000e+03
1.124477130000000000e+08 4.730000000000000000e+03 4.760000000000000000e+03 2.600000000000000000e+03 2.900000000000000000e+03
1.124479210000000000e+08 4.730000000000000000e+03 4.760000000000000000e+03 2.600000000000000000e+03 2.880000000000000000e+03
1.124481290000000000e+08 4.740000000000000000e+03 4.750000000000000000e+03 2.600000000000000000e+03 2.870000000000000000e+03
1.124483380000000000e+08 4.730000000000000000e+03 4.750000000000000000e+03 2.600000000000000000e+03 2.850000000000000000e+03
1.124485460000000000e+08 4.740000000000000000e+03 4.750000000000000000e+03 2.600000000000000000e+03 2.840000000000000000e+03
1.124487530000000000e+08 4.720000000000000000e+03 4.760000000000000000e+03 2.610000000000000000e+03 2.840000000000000000e+03
1.124489610000000000e+08 4.730000000000000000e+03 4.760000000000000000e+03 2.600000000000000000e+03 2.860000000000000000e+03
1.124491690000000000e+08 4.730000000000000000e+03 4.750000000000000000e+03 2.610000000000000000e+03 2.880000000000000000e+03
1.124493770000000000e+08 4.730000000000000000e+03 4.750000000000000000e+03 2.610000000000000000e+03 2.910000000000000000e+03
1.124495850000000000e+08 4.740000000000000000e+03 4.750000000000000000e+03 2.610000000000000000e+03 2.940000000000000000e+03
1.124497930000000000e+08 4.740000000000000000e+03 4.750000000000000000e+03 2.610000000000000000e+03 2.950000000000000000e+03
1.124500010000000000e+08 4.750000000000000000e+03 4.750000000000000000e+03 2.620000000000000000e+03 2.940000000000000000e+03
1.124502090000000000e+08 4.750000000000000000e+03 4.750000000000000000e+03 2.620000000000000000e+03 2.940000000000000000e+03
1.124504170000000000e+08 4.760000000000000000e+03 4.750000000000000000e+03 2.620000000000000000e+03 2.930000000000000000e+03
1.124506250000000000e+08 4.740000000000000000e+03 4.750000000000000000e+03 2.620000000000000000e+03 2.930000000000000000e+03
1.124508330000000000e+08 4.730000000000000000e+03 4.750000000000000000e+03 2.620000000000000000e+03 2.940000000000000000e+03
1.124510410000000000e+08 4.730000000000000000e+03 4.750000000000000000e+03 2.620000000000000000e+03 2.950000000000000000e+03
1.124512490000000000e+08 4.740000000000000000e+03 4.750000000000000000e+03 2.610000000000000000e+03 2.980000000000000000e+03
1.124514570000000000e+08 4.740000000000000000e+03 4.750000000000000000e+03 2.620000000000000000e+03 2.990000000000000000e+03
1.124517460000000000e+08 4.730000000000000000e+03 4.750000000000000000e+03 2.610000000000000000e+03 2.970000000000000000e+03
1.124518730000000000e+08 4.700000000000000000e+03 4.750000000000000000e+03 2.600000000000000000e+03 2.960000000000000000e+03
1.124520810000000000e+08 4.730000000000000000e+03 4.750000000000000000e+03 2.610000000000000000e+03 2.950000000000000000e+03
1.124522890000000000e+08 4.730000000000000000e+03 4.750000000000000000e+03 2.610000000000000000e+03 2.930000000000000000e+03
1.124524970000000000e+08 4.740000000000000000e+03 4.750000000000000000e+03 2.600000000000000000e+03 2.920000000000000000e+03
1.124527050000000000e+08 4.730000000000000000e+03 4.750000000000000000e+03 2.600000000000000000e+03 2.930000000000000000e+03
1.124529130000000000e+08 4.720000000000000000e+03 4.760000000000000000e+03 2.600000000000000000e+03 2.910000000000000000e+03
1.124531210000000000e+08 4.740000000000000000e+03 4.760000000000000000e+03 2.600000000000000000e+03 2.910000000000000000e+03
1.124533290000000000e+08 4.740000000000000000e+03 4.760000000000000000e+03 2.600000000000000000e+03 2.920000000000000000e+03
1.124535360000000000e+08 4.730000000000000000e+03 4.760000000000000000e+03 2.600000000000000000e+03 2.920000000000000000e+03
1.124537450000000000e+08 4.730000000000000000e+03 4.760000000000000000e+03 2.600000000000000000e+03 2.930000000000000000e+03
1.124539520000000000e+08 4.740000000000000000e+03 4.760000000000000000e+03 2.600000000000000000e+03 2.940000000000000000e+03
1.124541600000000000e+08 4.740000000000000000e+03 4.760000000000000000e+03 2.600000000000000000e+03 2.970000000000000000e+03
1.124543680000000000e+08 4.740000000000000000e+03 4.760000000000000000e+03 2.610000000000000000e+03 3.000000000000000000e+03
1.124545760000000000e+08 4.730000000000000000e+03 4.760000000000000000e+03 2.610000000000000000e+03 3.020000000000000000e+03
1.124547840000000000e+08 4.740000000000000000e+03 4.760000000000000000e+03 2.620000000000000000e+03 3.030000000000000000e+03
1.124549920000000000e+08 4.730000000000000000e+03 4.760000000000000000e+03 2.620000000000000000e+03 3.030000000000000000e+03
1.124552000000000000e+08 4.720000000000000000e+03 4.760000000000000000e+03 2.610000000000000000e+03 3.030000000000000000e+03
1.124554080000000000e+08 4.710000000000000000e+03 4.760000000000000000e+03 2.600000000000000000e+03 3.000000000000000000e+03
1.124556160000000000e+08 4.700000000000000000e+03 4.750000000000000000e+03 2.600000000000000000e+03 3.000000000000000000e+03
1.124558240000000000e+08 4.710000000000000000e+03 4.750000000000000000e+03 2.600000000000000000e+03 3.010000000000000000e+03
1.124560320000000000e+08 4.720000000000000000e+03 4.750000000000000000e+03 2.590000000000000000e+03 3.010000000000000000e+03
1.124562400000000000e+08 4.720000000000000000e+03 4.750000000000000000e+03 2.590000000000000000e+03 3.010000000000000000e+03
1.124564480000000000e+08 4.730000000000000000e+03 4.750000000000000000e+03 2.590000000000000000e+03 3.010000000000000000e+03
1.124566560000000000e+08 4.720000000000000000e+03 4.750000000000000000e+03 2.600000000000000000e+03 3.010000000000000000e+03
1.124568640000000000e+08 4.710000000000000000e+03 4.750000000000000000e+03 2.600000000000000000e+03 3.020000000000000000e+03
1.124570720000000000e+08 4.710000000000000000e+03 4.760000000000000000e+03 2.600000000000000000e+03 3.030000000000000000e+03
1.124572790000000000e+08 4.720000000000000000e+03 4.760000000000000000e+03 2.600000000000000000e+03 3.050000000000000000e+03
1.124574880000000000e+08 4.730000000000000000e+03 4.750000000000000000e+03 2.600000000000000000e+03 3.060000000000000000e+03
1.124576960000000000e+08 4.720000000000000000e+03 4.750000000000000000e+03 2.610000000000000000e+03 3.060000000000000000e+03
1.124579040000000000e+08 4.740000000000000000e+03 4.750000000000000000e+03 2.600000000000000000e+03 3.020000000000000000e+03
1.124581120000000000e+08 4.740000000000000000e+03 4.750000000000000000e+03 2.600000000000000000e+03 3.050000000000000000e+03
1.124583200000000000e+08 4.740000000000000000e+03 4.750000000000000000e+03 2.600000000000000000e+03 3.060000000000000000e+03
1.124585280000000000e+08 4.720000000000000000e+03 4.750000000000000000e+03 2.600000000000000000e+03 3.010000000000000000e+03
1.124587360000000000e+08 4.720000000000000000e+03 4.750000000000000000e+03 2.600000000000000000e+03 2.970000000000000000e+03
1.124589440000000000e+08 4.730000000000000000e+03 4.750000000000000000e+03 2.600000000000000000e+03 2.950000000000000000e+03
1.124591510000000000e+08 4.740000000000000000e+03 4.750000000000000000e+03 2.600000000000000000e+03 3.030000000000000000e+03
1.124593600000000000e+08 4.740000000000000000e+03 4.750000000000000000e+03 2.590000000000000000e+03 3.100000000000000000e+03
1.124595670000000000e+08 4.730000000000000000e+03 4.750000000000000000e+03 2.590000000000000000e+03 3.150000000000000000e+03
1.124597760000000000e+08 4.720000000000000000e+03 4.750000000000000000e+03 2.600000000000000000e+03 3.210000000000000000e+03
1.124599830000000000e+08 4.720000000000000000e+03 4.760000000000000000e+03 2.600000000000000000e+03 3.270000000000000000e+03
1.125001910000000000e+08 4.720000000000000000e+03 4.750000000000000000e+03 2.590000000000000000e+03 3.310000000000000000e+03
1.125003990000000000e+08 4.720000000000000000e+03 4.740000000000000000e+03 2.600000000000000000e+03 3.330000000000000000e+03
1.125006070000000000e+08 4.720000000000000000e+03 4.740000000000000000e+03 2.600000000000000000e+03 3.340000000000000000e+03
1.125008150000000000e+08 4.710000000000000000e+03 4.740000000000000000e+03 2.600000000000000000e+03 3.360000000000000000e+03
1.125010230000000000e+08 4.730000000000000000e+03 4.740000000000000000e+03 2.600000000000000000e+03 3.380000000000000000e+03
1.125012310000000000e+08 4.730000000000000000e+03 4.740000000000000000e+03 2.600000000000000000e+03 3.260000000000000000e+03
1.125014390000000000e+08 4.730000000000000000e+03 4.740000000000000000e+03 2.600000000000000000e+03 3.120000000000000000e+03
1.125016470000000000e+08 4.730000000000000000e+03 4.730000000000000000e+03 2.610000000000000000e+03 3.000000000000000000e+03
1.125018550000000000e+08 4.720000000000000000e+03 4.740000000000000000e+03 2.610000000000000000e+03 3.130000000000000000e+03
1.125020630000000000e+08 4.720000000000000000e+03 4.740000000000000000e+03 2.610000000000000000e+03 3.200000000000000000e+03
1.125022710000000000e+08 4.710000000000000000e+03 4.740000000000000000e+03 2.610000000000000000e+03 3.110000000000000000e+03
1.125024790000000000e+08 4.720000000000000000e+03 4.740000000000000000e+03 2.610000000000000000e+03 3.090000000000000000e+03
1.125026890000000000e+08 4.720000000000000000e+03 4.740000000000000000e+03 2.600000000000000000e+03 3.210000000000000000e+03
1.125028950000000000e+08 4.710000000000000000e+03 4.750000000000000000e+03 2.590000000000000000e+03 3.280000000000000000e+03
1.125031030000000000e+08 4.710000000000000000e+03 4.750000000000000000e+03 2.580000000000000000e+03 3.320000000000000000e+03
1.125033110000000000e+08 4.710000000000000000e+03 4.750000000000000000e+03 2.580000000000000000e+03 3.340000000000000000e+03
1.125035180000000000e+08 4.730000000000000000e+03 4.750000000000000000e+03 2.600000000000000000e+03 3.250000000000000000e+03
1.125037270000000000e+08 4.740000000000000000e+03 4.750000000000000000e+03 2.600000000000000000e+03 3.130000000000000000e+03
1.125039350000000000e+08 4.740000000000000000e+03 4.750000000000000000e+03 2.610000000000000000e+03 3.070000000000000000e+03
1.125041430000000000e+08 4.730000000000000000e+03 4.750000000000000000e+03 2.610000000000000000e+03 3.000000000000000000e+03
1.125043510000000000e+08 4.740000000000000000e+03 4.750000000000000000e+03 2.610000000000000000e+03 3.020000000000000000e+03
1.125045590000000000e+08 4.740000000000000000e+03 4.760000000000000000e+03 2.610000000000000000e+03 3.030000000000000000e+03
1.125047660000000000e+08 4.730000000000000000e+03 4.760000000000000000e+03 2.610000000000000000e+03 3.060000000000000000e+03
1.125049750000000000e+08 4.740000000000000000e+03 4.760000000000000000e+03 2.610000000000000000e+03 3.060000000000000000e+03
1.125051820000000000e+08 4.730000000000000000e+03 4.760000000000000000e+03 2.600000000000000000e+03 3.060000000000000000e+03
1.125053900000000000e+08 4.720000000000000000e+03 4.750000000000000000e+03 2.610000000000000000e+03 3.060000000000000000e+03
1.125055980000000000e+08 4.720000000000000000e+03 4.750000000000000000e+03 2.610000000000000000e+03 3.060000000000000000e+03
1.125058070000000000e+08 4.730000000000000000e+03 4.750000000000000000e+03 2.610000000000000000e+03 3.070000000000000000e+03
1.125060150000000000e+08 4.740000000000000000e+03 4.750000000000000000e+03 2.610000000000000000e+03 3.070000000000000000e+03
1.125062220000000000e+08 4.730000000000000000e+03 4.750000000000000000e+03 2.610000000000000000e+03 3.070000000000000000e+03
1.125064300000000000e+08 4.730000000000000000e+03 4.750000000000000000e+03 2.610000000000000000e+03 3.070000000000000000e+03
1.125066380000000000e+08 4.730000000000000000e+03 4.750000000000000000e+03 2.600000000000000000e+03 3.080000000000000000e+03
1.125068460000000000e+08 4.730000000000000000e+03 4.750000000000000000e+03 2.600000000000000000e+03 3.100000000000000000e+03
1.125070540000000000e+08 4.730000000000000000e+03 4.750000000000000000e+03 2.610000000000000000e+03 3.100000000000000000e+03
1.125072620000000000e+08 4.730000000000000000e+03 4.740000000000000000e+03 2.620000000000000000e+03 3.100000000000000000e+03
1.125074700000000000e+08 4.740000000000000000e+03 4.750000000000000000e+03 2.620000000000000000e+03 3.080000000000000000e+03
1.125076780000000000e+08 4.740000000000000000e+03 4.750000000000000000e+03 2.610000000000000000e+03 3.050000000000000000e+03
1.125078860000000000e+08 4.730000000000000000e+03 4.750000000000000000e+03 2.600000000000000000e+03 3.010000000000000000e+03
1.125080940000000000e+08 4.710000000000000000e+03 4.740000000000000000e+03 2.600000000000000000e+03 2.980000000000000000e+03
1.125083020000000000e+08 4.710000000000000000e+03 4.750000000000000000e+03 2.600000000000000000e+03 2.960000000000000000e+03
1.125085100000000000e+08 4.710000000000000000e+03 4.750000000000000000e+03 2.600000000000000000e+03 2.940000000000000000e+03
1.125087180000000000e+08 4.710000000000000000e+03 4.750000000000000000e+03 2.600000000000000000e+03 2.930000000000000000e+03
1.125089250000000000e+08 4.730000000000000000e+03 4.750000000000000000e+03 2.610000000000000000e+03 2.950000000000000000e+03
1.125091340000000000e+08 4.720000000000000000e+03 4.740000000000000000e+03 2.610000000000000000e+03 2.960000000000000000e+03
1.125093420000000000e+08 4.710000000000000000e+03 4.740000000000000000e+03 2.610000000000000000e+03 2.970000000000000000e+03
1.125095500000000000e+08 4.720000000000000000e+03 4.740000000000000000e+03 2.600000000000000000e+03 2.990000000000000000e+03
1.125097580000000000e+08 4.710000000000000000e+03 4.740000000000000000e+03 2.600000000000000000e+03 3.010000000000000000e+03
1.125099650000000000e+08 4.710000000000000000e+03 4.750000000000000000e+03 2.610000000000000000e+03 3.010000000000000000e+03
1.125101740000000000e+08 4.710000000000000000e+03 4.750000000000000000e+03 2.600000000000000000e+03 3.010000000000000000e+03
1.125103820000000000e+08 4.710000000000000000e+03 4.740000000000000000e+03 2.600000000000000000e+03 3.010000000000000000e+03
1.125105890000000000e+08 4.710000000000000000e+03 4.750000000000000000e+03 2.600000000000000000e+03 3.050000000000000000e+03
1.125107980000000000e+08 4.720000000000000000e+03 4.750000000000000000e+03 2.600000000000000000e+03 3.070000000000000000e+03
1.125110060000000000e+08 4.730000000000000000e+03 4.750000000000000000e+03 2.600000000000000000e+03 3.030000000000000000e+03
1.125112150000000000e+08 4.730000000000000000e+03 4.740000000000000000e+03 2.610000000000000000e+03 2.990000000000000000e+03
1.125114220000000000e+08 4.740000000000000000e+03 4.740000000000000000e+03 2.610000000000000000e+03 2.940000000000000000e+03
1.125116290000000000e+08 4.750000000000000000e+03 4.750000000000000000e+03 2.610000000000000000e+03 2.900000000000000000e+03
1.125118370000000000e+08 4.750000000000000000e+03 4.750000000000000000e+03 2.610000000000000000e+03 2.860000000000000000e+03
1.125120450000000000e+08 4.750000000000000000e+03 4.750000000000000000e+03 2.600000000000000000e+03 3.100000000000000000e+03
1.125122530000000000e+08 4.750000000000000000e+03 4.760000000000000000e+03 2.600000000000000000e+03 3.150000000000000000e+03
1.125124610000000000e+08 4.750000000000000000e+03 4.750000000000000000e+03 2.590000000000000000e+03 3.060000000000000000e+03
1.125126680000000000e+08 4.750000000000000000e+03 4.750000000000000000e+03 2.600000000000000000e+03 2.980000000000000000e+03
1.125128770000000000e+08 4.750000000000000000e+03 4.750000000000000000e+03 2.600000000000000000e+03 2.980000000000000000e+03
1.125130850000000000e+08 4.740000000000000000e+03 4.750000000000000000e+03 2.610000000000000000e+03 2.930000000000000000e+03
1.125132930000000000e+08 4.740000000000000000e+03 4.760000000000000000e+03 2.610000000000000000e+03 2.890000000000000000e+03
1.125135010000000000e+08 4.720000000000000000e+03 4.760000000000000000e+03 2.610000000000000000e+03 2.850000000000000000e+03
1.125137090000000000e+08 4.730000000000000000e+03 4.760000000000000000e+03 2.600000000000000000e+03 3.030000000000000000e+03
1.125139170000000000e+08 4.720000000000000000e+03 4.750000000000000000e+03 2.600000000000000000e+03 3.140000000000000000e+03
1.125141250000000000e+08 4.730000000000000000e+03 4.750000000000000000e+03 2.600000000000000000e+03 3.210000000000000000e+03
1.125143330000000000e+08 4.730000000000000000e+03 4.760000000000000000e+03 2.600000000000000000e+03 3.210000000000000000e+03
1.125145410000000000e+08 4.740000000000000000e+03 4.760000000000000000e+03 2.610000000000000000e+03 3.200000000000000000e+03
1.125147490000000000e+08 4.730000000000000000e+03 4.760000000000000000e+03 2.610000000000000000e+03 3.170000000000000000e+03
1.125149570000000000e+08 4.730000000000000000e+03 4.760000000000000000e+03 2.600000000000000000e+03 3.150000000000000000e+03
1.125151660000000000e+08 4.730000000000000000e+03 4.750000000000000000e+03 2.600000000000000000e+03 3.120000000000000000e+03
1.125153730000000000e+08 4.720000000000000000e+03 4.740000000000000000e+03 2.600000000000000000e+03 3.110000000000000000e+03
1.125155810000000000e+08 4.730000000000000000e+03 4.750000000000000000e+03 2.600000000000000000e+03 3.060000000000000000e+03
1.125157880000000000e+08 4.730000000000000000e+03 4.750000000000000000e+03 2.600000000000000000e+03 3.010000000000000000e+03
1.125159970000000000e+08 4.730000000000000000e+03 4.750000000000000000e+03 2.600000000000000000e+03 2.970000000000000000e+03
1.125162050000000000e+08 4.720000000000000000e+03 4.740000000000000000e+03 2.600000000000000000e+03 2.950000000000000000e+03
1.125164130000000000e+08 4.730000000000000000e+03 4.750000000000000000e+03 2.610000000000000000e+03 2.940000000000000000e+03
1.125166210000000000e+08 4.720000000000000000e+03 4.770000000000000000e+03 2.610000000000000000e+03 2.970000000000000000e+03
1.125168290000000000e+08 4.730000000000000000e+03 4.760000000000000000e+03 2.610000000000000000e+03 2.970000000000000000e+03
1.125170360000000000e+08 4.730000000000000000e+03 4.760000000000000000e+03 2.600000000000000000e+03 2.990000000000000000e+03
1.125172440000000000e+08 4.740000000000000000e+03 4.750000000000000000e+03 2.600000000000000000e+03 3.000000000000000000e+03
1.125174520000000000e+08 4.730000000000000000e+03 4.740000000000000000e+03 2.600000000000000000e+03 3.010000000000000000e+03
1.125176600000000000e+08 4.720000000000000000e+03 4.740000000000000000e+03 2.600000000000000000e+03 3.010000000000000000e+03
1.125178680000000000e+08 4.720000000000000000e+03 4.740000000000000000e+03 2.600000000000000000e+03 3.020000000000000000e+03
1.125180760000000000e+08 4.710000000000000000e+03 4.740000000000000000e+03 2.600000000000000000e+03 3.020000000000000000e+03
1.125182840000000000e+08 4.710000000000000000e+03 4.750000000000000000e+03 2.610000000000000000e+03 3.050000000000000000e+03
1.125184920000000000e+08 4.720000000000000000e+03 4.750000000000000000e+03 2.610000000000000000e+03 3.060000000000000000e+03
1.125187000000000000e+08 4.730000000000000000e+03 4.750000000000000000e+03 2.610000000000000000e+03 3.070000000000000000e+03
1.125189080000000000e+08 4.720000000000000000e+03 4.740000000000000000e+03 2.600000000000000000e+03 3.070000000000000000e+03
1.125191160000000000e+08 4.720000000000000000e+03 4.740000000000000000e+03 2.600000000000000000e+03 3.080000000000000000e+03
1.125193240000000000e+08 4.720000000000000000e+03 4.750000000000000000e+03 2.600000000000000000e+03 3.080000000000000000e+03
1.125195320000000000e+08 4.720000000000000000e+03 4.750000000000000000e+03 2.600000000000000000e+03 3.090000000000000000e+03
1.125197400000000000e+08 4.730000000000000000e+03 4.750000000000000000e+03 2.600000000000000000e+03 3.100000000000000000e+03
1.125199480000000000e+08 4.720000000000000000e+03 4.750000000000000000e+03 2.600000000000000000e+03 3.110000000000000000e+03
1.125201550000000000e+08 4.740000000000000000e+03 4.770000000000000000e+03 2.610000000000000000e+03 3.100000000000000000e+03
1.125203640000000000e+08 4.720000000000000000e+03 4.760000000000000000e+03 2.610000000000000000e+03 3.100000000000000000e+03
1.125205720000000000e+08 4.720000000000000000e+03 4.750000000000000000e+03 2.610000000000000000e+03 3.080000000000000000e+03
1.125207800000000000e+08 4.730000000000000000e+03 4.750000000000000000e+03 2.610000000000000000e+03 3.080000000000000000e+03
1.125210040000000000e+08 4.740000000000000000e+03 4.740000000000000000e+03 2.620000000000000000e+03 3.080000000000000000e+03
1.125212120000000000e+08 4.750000000000000000e+03 4.740000000000000000e+03 2.610000000000000000e+03 3.090000000000000000e+03
1.125214200000000000e+08 4.730000000000000000e+03 4.740000000000000000e+03 2.600000000000000000e+03 3.080000000000000000e+03
1.125216280000000000e+08 4.730000000000000000e+03 4.740000000000000000e+03 2.600000000000000000e+03 3.110000000000000000e+03
1.125218350000000000e+08 4.750000000000000000e+03 4.740000000000000000e+03 2.610000000000000000e+03 3.080000000000000000e+03
1.125220440000000000e+08 4.740000000000000000e+03 4.740000000000000000e+03 2.610000000000000000e+03 2.950000000000000000e+03
1.125222520000000000e+08 4.740000000000000000e+03 4.740000000000000000e+03 2.610000000000000000e+03 2.870000000000000000e+03
