1.125334820000000000e+08 5.200000000000000000e+03 5.610000000000000000e+03 2.500000000000000000e+03 2.510000000000000000e+03
1.125336900000000000e+08 5.190000000000000000e+03 5.620000000000000000e+03 2.500000000000000000e+03 2.510000000000000000e+03
1.125338970000000000e+08 5.200000000000000000e+03 5.640000000000000000e+03 2.500000000000000000e+03 2.510000000000000000e+03
1.125341050000000000e+08 5.210000000000000000e+03 5.660000000000000000e+03 2.500000000000000000e+03 2.510000000000000000e+03
1.125343140000000000e+08 5.210000000000000000e+03 5.640000000000000000e+03 2.500000000000000000e+03 2.510000000000000000e+03
1.125345210000000000e+08 5.210000000000000000e+03 5.620000000000000000e+03 2.500000000000000000e+03 2.510000000000000000e+03
1.125347290000000000e+08 5.210000000000000000e+03 5.620000000000000000e+03 2.490000000000000000e+03 2.510000000000000000e+03
1.125349370000000000e+08 5.210000000000000000e+03 5.640000000000000000e+03 2.490000000000000000e+03 2.510000000000000000e+03
1.125351450000000000e+08 5.210000000000000000e+03 5.630000000000000000e+03 2.490000000000000000e+03 2.520000000000000000e+03
1.125353530000000000e+08 5.210000000000000000e+03 5.630000000000000000e+03 2.490000000000000000e+03 2.520000000000000000e+03
1.125355630000000000e+08 5.210000000000000000e+03 5.680000000000000000e+03 2.490000000000000000e+03 2.510000000000000000e+03
1.125357700000000000e+08 5.210000000000000000e+03 5.620000000000000000e+03 2.490000000000000000e+03 2.510000000000000000e+03
1.125359770000000000e+08 5.210000000000000000e+03 5.700000000000000000e+03 2.490000000000000000e+03 2.510000000000000000e+03
1.125361850000000000e+08 5.200000000000000000e+03 5.690000000000000000e+03 2.490000000000000000e+03 2.510000000000000000e+03
1.125363930000000000e+08 5.200000000000000000e+03 5.630000000000000000e+03 2.490000000000000000e+03 2.510000000000000000e+03
1.125366010000000000e+08 5.210000000000000000e+03 5.670000000000000000e+03 2.490000000000000000e+03 2.510000000000000000e+03
1.125368090000000000e+08 5.200000000000000000e+03 5.680000000000000000e+03 2.490000000000000000e+03 2.510000000000000000e+03
1.125370170000000000e+08 5.200000000000000000e+03 5.680000000000000000e+03 2.490000000000000000e+03 2.510000000000000000e+03
1.125372250000000000e+08 5.200000000000000000e+03 5.630000000000000000e+03 2.490000000000000000e+03 2.510000000000000000e+03
1.125374330000000000e+08 5.200000000000000000e+03 5.620000000000000000e+03 2.490000000000000000e+03 2.510000000000000000e+03
1.125376410000000000e+08 5.200000000000000000e+03 5.640000000000000000e+03 2.490000000000000000e+03 2.510000000000000000e+03
1.125378480000000000e+08 5.200000000000000000e+03 5.620000000000000000e+03 2.490000000000000000e+03 2.510000000000000000e+03
1.125380570000000000e+08 5.200000000000000000e+03 5.640000000000000000e+03 2.490000000000000000e+03 2.510000000000000000e+03
1.125382650000000000e+08 5.200000000000000000e+03 5.620000000000000000e+03 2.490000000000000000e+03 2.510000000000000000e+03
1.125384730000000000e+08 5.190000000000000000e+03 5.660000000000000000e+03 2.490000000000000000e+03 2.510000000000000000e+03
1.125386810000000000e+08 5.190000000000000000e+03 5.640000000000000000e+03 2.490000000000000000e+03 2.520000000000000000e+03
1.125388880000000000e+08 5.200000000000000000e+03 5.680000000000000000e+03 2.490000000000000000e+03 2.510000000000000000e+03
1.125390960000000000e+08 5.200000000000000000e+03 5.620000000000000000e+03 2.490000000000000000e+03 2.510000000000000000e+03
1.125393050000000000e+08 5.190000000000000000e+03 5.680000000000000000e+03 2.490000000000000000e+03 2.510000000000000000e+03
1.125395130000000000e+08 5.200000000000000000e+03 5.620000000000000000e+03 2.490000000000000000e+03 2.510000000000000000e+03
1.125397200000000000e+08 5.200000000000000000e+03 5.650000000000000000e+03 2.490000000000000000e+03 2.510000000000000000e+03
1.125399290000000000e+08 5.200000000000000000e+03 5.660000000000000000e+03 2.500000000000000000e+03 2.510000000000000000e+03
1.125401360000000000e+08 5.200000000000000000e+03 5.660000000000000000e+03 2.500000000000000000e+03 2.510000000000000000e+03
1.125403440000000000e+08 5.190000000000000000e+03 5.620000000000000000e+03 2.500000000000000000e+03 2.510000000000000000e+03
1.125405520000000000e+08 5.200000000000000000e+03 5.690000000000000000e+03 2.500000000000000000e+03 2.510000000000000000e+03
1.125407600000000000e+08 5.210000000000000000e+03 5.630000000000000000e+03 2.500000000000000000e+03 2.520000000000000000e+03
1.125409680000000000e+08 5.210000000000000000e+03 5.680000000000000000e+03 2.500000000000000000e+03 2.520000000000000000e+03
1.125411760000000000e+08 5.210000000000000000e+03 5.620000000000000000e+03 2.490000000000000000e+03 2.520000000000000000e+03
1.125413840000000000e+08 5.210000000000000000e+03 5.640000000000000000e+03 2.490000000000000000e+03 2.520000000000000000e+03
1.125415920000000000e+08 5.210000000000000000e+03 5.660000000000000000e+03 2.500000000000000000e+03 2.520000000000000000e+03
1.125418000000000000e+08 5.200000000000000000e+03 5.660000000000000000e+03 2.500000000000000000e+03 2.520000000000000000e+03
1.125420080000000000e+08 5.200000000000000000e+03 5.640000000000000000e+03 2.500000000000000000e+03 2.520000000000000000e+03
1.125422160000000000e+08 5.200000000000000000e+03 5.620000000000000000e+03 2.500000000000000000e+03 2.520000000000000000e+03
1.125424240000000000e+08 5.200000000000000000e+03 5.630000000000000000e+03 2.500000000000000000e+03 2.520000000000000000e+03
1.125426320000000000e+08 5.210000000000000000e+03 5.680000000000000000e+03 2.500000000000000000e+03 2.520000000000000000e+03
1.125428400000000000e+08 5.210000000000000000e+03 5.640000000000000000e+03 2.500000000000000000e+03 2.520000000000000000e+03
1.125430480000000000e+08 5.210000000000000000e+03 5.630000000000000000e+03 2.510000000000000000e+03 2.520000000000000000e+03
1.125432560000000000e+08 5.210000000000000000e+03 5.610000000000000000e+03 2.510000000000000000e+03 2.520000000000000000e+03
1.125434630000000000e+08 5.200000000000000000e+03 5.610000000000000000e+03 2.510000000000000000e+03 2.520000000000000000e+03
1.125436720000000000e+08 5.200000000000000000e+03 5.650000000000000000e+03 2.510000000000000000e+03 2.520000000000000000e+03
1.125438800000000000e+08 5.200000000000000000e+03 5.630000000000000000e+03 2.510000000000000000e+03 2.520000000000000000e+03
1.125440880000000000e+08 5.200000000000000000e+03 5.670000000000000000e+03 2.500000000000000000e+03 2.520000000000000000e+03
1.125442960000000000e+08 5.200000000000000000e+03 5.610000000000000000e+03 2.500000000000000000e+03 2.520000000000000000e+03
1.125445030000000000e+08 5.210000000000000000e+03 5.610000000000000000e+03 2.500000000000000000e+03 2.520000000000000000e+03
1.125447120000000000e+08 5.210000000000000000e+03 5.630000000000000000e+03 2.500000000000000000e+03 2.520000000000000000e+03
1.125449200000000000e+08 5.210000000000000000e+03 5.680000000000000000e+03 2.500000000000000000e+03 2.520000000000000000e+03
1.125451280000000000e+08 5.210000000000000000e+03 5.620000000000000000e+03 2.500000000000000000e+03 2.520000000000000000e+03
1.125453360000000000e+08 5.210000000000000000e+03 5.620000000000000000e+03 2.500000000000000000e+03 2.520000000000000000e+03
1.125455430000000000e+08 5.210000000000000000e+03 5.640000000000000000e+03 2.500000000000000000e+03 2.510000000000000000e+03
1.125457510000000000e+08 5.210000000000000000e+03 5.660000000000000000e+03 2.500000000000000000e+03 2.510000000000000000e+03
1.125459600000000000e+08 5.210000000000000000e+03 5.680000000000000000e+03 2.500000000000000000e+03 2.510000000000000000e+03
1.125461670000000000e+08 5.210000000000000000e+03 5.680000000000000000e+03 2.490000000000000000e+03 2.510000000000000000e+03
1.125463750000000000e+08 5.210000000000000000e+03 5.640000000000000000e+03 2.480000000000000000e+03 2.510000000000000000e+03
1.125465830000000000e+08 5.200000000000000000e+03 5.620000000000000000e+03 2.480000000000000000e+03 2.510000000000000000e+03
1.125467910000000000e+08 5.210000000000000000e+03 5.660000000000000000e+03 2.480000000000000000e+03 2.510000000000000000e+03
1.125469990000000000e+08 5.210000000000000000e+03 5.680000000000000000e+03 2.490000000000000000e+03 2.510000000000000000e+03
1.125472070000000000e+08 5.200000000000000000e+03 5.630000000000000000e+03 2.480000000000000000e+03 2.510000000000000000e+03
1.125474150000000000e+08 5.200000000000000000e+03 5.690000000000000000e+03 2.490000000000000000e+03 2.510000000000000000e+03
1.125476230000000000e+08 5.200000000000000000e+03 5.650000000000000000e+03 2.490000000000000000e+03 2.510000000000000000e+03
1.125478310000000000e+08 5.200000000000000000e+03 5.650000000000000000e+03 2.490000000000000000e+03 2.510000000000000000e+03
1.125480380000000000e+08 5.200000000000000000e+03 5.670000000000000000e+03 2.480000000000000000e+03 2.510000000000000000e+03
1.125482470000000000e+08 5.210000000000000000e+03 5.650000000000000000e+03 2.490000000000000000e+03 2.510000000000000000e+03
1.125484550000000000e+08 5.210000000000000000e+03 5.630000000000000000e+03 2.490000000000000000e+03 2.510000000000000000e+03
1.125486630000000000e+08 5.210000000000000000e+03 5.640000000000000000e+03 2.490000000000000000e+03 2.520000000000000000e+03
1.125488710000000000e+08 5.200000000000000000e+03 5.620000000000000000e+03 2.490000000000000000e+03 2.520000000000000000e+03
1.125490790000000000e+08 5.210000000000000000e+03 5.680000000000000000e+03 2.490000000000000000e+03 2.520000000000000000e+03
1.125492870000000000e+08 5.230000000000000000e+03 5.680000000000000000e+03 2.490000000000000000e+03 2.520000000000000000e+03
1.125494950000000000e+08 5.230000000000000000e+03 5.680000000000000000e+03 2.490000000000000000e+03 2.520000000000000000e+03
1.125497030000000000e+08 5.230000000000000000e+03 5.660000000000000000e+03 2.490000000000000000e+03 2.520000000000000000e+03
1.125499110000000000e+08 5.230000000000000000e+03 5.660000000000000000e+03 2.480000000000000000e+03 2.510000000000000000e+03
1.125501190000000000e+08 5.230000000000000000e+03 5.620000000000000000e+03 2.480000000000000000e+03 2.510000000000000000e+03
1.125503270000000000e+08 5.230000000000000000e+03 5.650000000000000000e+03 2.480000000000000000e+03 2.510000000000000000e+03
1.125505340000000000e+08 5.230000000000000000e+03 5.660000000000000000e+03 2.490000000000000000e+03 2.510000000000000000e+03
1.125507430000000000e+08 5.230000000000000000e+03 5.680000000000000000e+03 2.490000000000000000e+03 2.510000000000000000e+03
1.125509510000000000e+08 5.230000000000000000e+03 5.640000000000000000e+03 2.490000000000000000e+03 2.510000000000000000e+03
1.125511590000000000e+08 5.230000000000000000e+03 5.640000000000000000e+03 2.490000000000000000e+03 2.510000000000000000e+03
1.125513660000000000e+08 5.230000000000000000e+03 5.680000000000000000e+03 2.490000000000000000e+03 2.510000000000000000e+03
1.125515740000000000e+08 5.230000000000000000e+03 5.620000000000000000e+03 2.490000000000000000e+03 2.520000000000000000e+03
1.125517820000000000e+08 5.210000000000000000e+03 5.670000000000000000e+03 2.490000000000000000e+03 2.520000000000000000e+03
1.125519900000000000e+08 5.230000000000000000e+03 5.650000000000000000e+03 2.490000000000000000e+03 2.520000000000000000e+03
1.125521980000000000e+08 5.210000000000000000e+03 5.660000000000000000e+03 2.490000000000000000e+03 2.520000000000000000e+03
1.125524070000000000e+08 5.210000000000000000e+03 5.640000000000000000e+03 2.500000000000000000e+03 2.520000000000000000e+03
1.125526140000000000e+08 5.210000000000000000e+03 5.640000000000000000e+03 2.500000000000000000e+03 2.510000000000000000e+03
1.125528220000000000e+08 5.210000000000000000e+03 5.670000000000000000e+03 2.500000000000000000e+03 2.510000000000000000e+03
1.125530300000000000e+08 5.210000000000000000e+03 5.670000000000000000e+03 2.500000000000000000e+03 2.510000000000000000e+03
1.125532380000000000e+08 5.210000000000000000e+03 5.680000000000000000e+03 2.500000000000000000e+03 2.510000000000000000e+03
1.125534460000000000e+08 5.210000000000000000e+03 5.620000000000000000e+03 2.500000000000000000e+03 2.520000000000000000e+03
1.125536540000000000e+08 5.210000000000000000e+03 5.620000000000000000e+03 2.500000000000000000e+03 2.520000000000000000e+03
1.125538620000000000e+08 5.210000000000000000e+03 5.690000000000000000e+03 2.490000000000000000e+03 2.520000000000000000e+03
1.125540700000000000e+08 5.210000000000000000e+03 5.620000000000000000e+03 2.500000000000000000e+03 2.520000000000000000e+03
1.125542780000000000e+08 5.210000000000000000e+03 5.640000000000000000e+03 2.500000000000000000e+03 2.520000000000000000e+03
1.125544860000000000e+08 5.210000000000000000e+03 5.620000000000000000e+03 2.500000000000000000e+03 2.520000000000000000e+03
1.125546940000000000e+08 5.210000000000000000e+03 5.640000000000000000e+03 2.500000000000000000e+03 2.520000000000000000e+03
1.125549030000000000e+08 5.200000000000000000e+03 5.640000000000000000e+03 2.500000000000000000e+03 2.520000000000000000e+03
1.125551100000000000e+08 5.190000000000000000e+03 5.640000000000000000e+03 2.500000000000000000e+03 2.520000000000000000e+03
1.125553180000000000e+08 5.190000000000000000e+03 5.620000000000000000e+03 2.500000000000000000e+03 2.520000000000000000e+03
1.125555280000000000e+08 5.200000000000000000e+03 5.620000000000000000e+03 2.500000000000000000e+03 2.510000000000000000e+03
1.125557340000000000e+08 5.200000000000000000e+03 5.640000000000000000e+03 2.500000000000000000e+03 2.510000000000000000e+03
1.125559420000000000e+08 5.200000000000000000e+03 5.640000000000000000e+03 2.500000000000000000e+03 2.510000000000000000e+03
1.125561500000000000e+08 5.200000000000000000e+03 5.680000000000000000e+03 2.490000000000000000e+03 2.520000000000000000e+03
1.125563580000000000e+08 5.210000000000000000e+03 5.680000000000000000e+03 2.500000000000000000e+03 2.510000000000000000e+03
1.125565650000000000e+08 5.210000000000000000e+03 5.690000000000000000e+03 2.500000000000000000e+03 2.510000000000000000e+03
1.125567730000000000e+08 5.210000000000000000e+03 5.650000000000000000e+03 2.500000000000000000e+03 2.520000000000000000e+03
1.125569810000000000e+08 5.210000000000000000e+03 5.690000000000000000e+03 2.500000000000000000e+03 2.520000000000000000e+03
1.125571890000000000e+08 5.230000000000000000e+03 5.630000000000000000e+03 2.500000000000000000e+03 2.520000000000000000e+03
1.125573970000000000e+08 5.230000000000000000e+03 5.640000000000000000e+03 2.490000000000000000e+03 2.510000000000000000e+03
1.125576050000000000e+08 5.230000000000000000e+03 5.680000000000000000e+03 2.490000000000000000e+03 2.510000000000000000e+03
1.125580210000000000e+08 5.230000000000000000e+03 5.630000000000000000e+03 2.490000000000000000e+03 2.510000000000000000e+03
1.125582290000000000e+08 5.230000000000000000e+03 5.610000000000000000e+03 2.490000000000000000e+03 2.510000000000000000e+03
1.125584370000000000e+08 5.230000000000000000e+03 5.630000000000000000e+03 2.490000000000000000e+03 2.510000000000000000e+03
1.125586450000000000e+08 5.210000000000000000e+03 5.610000000000000000e+03 2.490000000000000000e+03 2.510000000000000000e+03
1.125588530000000000e+08 5.210000000000000000e+03 5.150000000000000000e+03 3.010000000000000000e+03 2.510000000000000000e+03
1.125590610000000000e+08 5.210000000000000000e+03 5.150000000000000000e+03 2.950000000000000000e+03 2.510000000000000000e+03
1.125592690000000000e+08 5.190000000000000000e+03 5.160000000000000000e+03 2.990000000000000000e+03 2.510000000000000000e+03
1.125594770000000000e+08 5.200000000000000000e+03 5.160000000000000000e+03 3.000000000000000000e+03 2.510000000000000000e+03
1.125596850000000000e+08 5.210000000000000000e+03 5.160000000000000000e+03 3.000000000000000000e+03 2.510000000000000000e+03
1.125598930000000000e+08 5.210000000000000000e+03 5.160000000000000000e+03 2.960000000000000000e+03 2.520000000000000000e+03
1.126001010000000000e+08 5.210000000000000000e+03 5.160000000000000000e+03 2.940000000000000000e+03 2.520000000000000000e+03
1.126003090000000000e+08 5.210000000000000000e+03 5.160000000000000000e+03 3.000000000000000000e+03 2.510000000000000000e+03
1.126005170000000000e+08 5.210000000000000000e+03 5.170000000000000000e+03 2.950000000000000000e+03 2.510000000000000000e+03
1.126007250000000000e+08 5.210000000000000000e+03 5.170000000000000000e+03 2.950000000000000000e+03 2.510000000000000000e+03
1.126009330000000000e+08 5.200000000000000000e+03 5.170000000000000000e+03 2.950000000000000000e+03 2.510000000000000000e+03
1.126011410000000000e+08 5.210000000000000000e+03 5.160000000000000000e+03 2.950000000000000000e+03 2.510000000000000000e+03
1.126013480000000000e+08 5.210000000000000000e+03 5.160000000000000000e+03 2.970000000000000000e+03 2.510000000000000000e+03
1.126015570000000000e+08 5.200000000000000000e+03 5.160000000000000000e+03 3.010000000000000000e+03 2.510000000000000000e+03
1.126017650000000000e+08 5.210000000000000000e+03 5.160000000000000000e+03 2.950000000000000000e+03 2.510000000000000000e+03
1.126019720000000000e+08 5.210000000000000000e+03 5.160000000000000000e+03 3.010000000000000000e+03 2.510000000000000000e+03
1.126021810000000000e+08 5.210000000000000000e+03 5.160000000000000000e+03 2.990000000000000000e+03 2.510000000000000000e+03
1.126023890000000000e+08 5.210000000000000000e+03 5.160000000000000000e+03 3.010000000000000000e+03 2.510000000000000000e+03
1.126025960000000000e+08 5.210000000000000000e+03 5.160000000000000000e+03 2.950000000000000000e+03 2.510000000000000000e+03
1.126028050000000000e+08 5.210000000000000000e+03 5.160000000000000000e+03 2.950000000000000000e+03 2.510000000000000000e+03
1.126030120000000000e+08 5.210000000000000000e+03 5.160000000000000000e+03 2.960000000000000000e+03 2.510000000000000000e+03
1.126032210000000000e+08 5.210000000000000000e+03 5.160000000000000000e+03 3.010000000000000000e+03 2.510000000000000000e+03
1.126034280000000000e+08 5.200000000000000000e+03 5.160000000000000000e+03 3.010000000000000000e+03 2.510000000000000000e+03
1.126036360000000000e+08 5.190000000000000000e+03 5.160000000000000000e+03 2.970000000000000000e+03 2.510000000000000000e+03
1.126038440000000000e+08 5.190000000000000000e+03 5.160000000000000000e+03 2.950000000000000000e+03 2.510000000000000000e+03
1.126040520000000000e+08 5.180000000000000000e+03 5.160000000000000000e+03 2.970000000000000000e+03 2.510000000000000000e+03
1.126042600000000000e+08 5.190000000000000000e+03 5.160000000000000000e+03 2.950000000000000000e+03 2.510000000000000000e+03
1.126044680000000000e+08 5.190000000000000000e+03 5.160000000000000000e+03 2.970000000000000000e+03 2.510000000000000000e+03
1.126046760000000000e+08 5.190000000000000000e+03 5.160000000000000000e+03 3.000000000000000000e+03 2.510000000000000000e+03
1.126048840000000000e+08 5.190000000000000000e+03 5.160000000000000000e+03 2.980000000000000000e+03 2.510000000000000000e+03
1.126050910000000000e+08 5.190000000000000000e+03 5.160000000000000000e+03 2.960000000000000000e+03 2.510000000000000000e+03
1.126053000000000000e+08 5.190000000000000000e+03 5.160000000000000000e+03 2.980000000000000000e+03 2.510000000000000000e+03
1.126055080000000000e+08 5.190000000000000000e+03 5.160000000000000000e+03 2.960000000000000000e+03 2.500000000000000000e+03
1.126057160000000000e+08 5.190000000000000000e+03 5.160000000000000000e+03 3.020000000000000000e+03 2.500000000000000000e+03
1.126059240000000000e+08 5.200000000000000000e+03 5.160000000000000000e+03 2.960000000000000000e+03 2.500000000000000000e+03
1.126061320000000000e+08 5.210000000000000000e+03 5.160000000000000000e+03 2.990000000000000000e+03 2.500000000000000000e+03
1.126063400000000000e+08 5.210000000000000000e+03 5.160000000000000000e+03 2.990000000000000000e+03 2.500000000000000000e+03
1.126065480000000000e+08 5.190000000000000000e+03 5.160000000000000000e+03 2.970000000000000000e+03 2.500000000000000000e+03
1.126067560000000000e+08 5.190000000000000000e+03 5.160000000000000000e+03 2.950000000000000000e+03 2.510000000000000000e+03
1.126070110000000000e+08 5.190000000000000000e+03 5.160000000000000000e+03 2.960000000000000000e+03 2.510000000000000000e+03
1.126071720000000000e+08 5.190000000000000000e+03 5.160000000000000000e+03 3.010000000000000000e+03 2.510000000000000000e+03
1.126073790000000000e+08 5.200000000000000000e+03 5.170000000000000000e+03 2.970000000000000000e+03 2.510000000000000000e+03
1.126075880000000000e+08 5.200000000000000000e+03 5.170000000000000000e+03 2.980000000000000000e+03 2.510000000000000000e+03
1.126077950000000000e+08 5.210000000000000000e+03 5.170000000000000000e+03 2.980000000000000000e+03 2.510000000000000000e+03
1.126080040000000000e+08 5.210000000000000000e+03 5.160000000000000000e+03 3.020000000000000000e+03 2.510000000000000000e+03
1.126082120000000000e+08 5.210000000000000000e+03 5.160000000000000000e+03 2.960000000000000000e+03 2.510000000000000000e+03
1.126084190000000000e+08 5.210000000000000000e+03 5.170000000000000000e+03 3.020000000000000000e+03 2.510000000000000000e+03
1.126086270000000000e+08 5.200000000000000000e+03 5.170000000000000000e+03 2.980000000000000000e+03 2.510000000000000000e+03
1.126088350000000000e+08 5.200000000000000000e+03 5.170000000000000000e+03 3.020000000000000000e+03 2.510000000000000000e+03
1.126090440000000000e+08 5.200000000000000000e+03 5.170000000000000000e+03 2.960000000000000000e+03 2.510000000000000000e+03
1.126092510000000000e+08 5.210000000000000000e+03 5.170000000000000000e+03 3.020000000000000000e+03 2.510000000000000000e+03
1.126094590000000000e+08 5.210000000000000000e+03 5.170000000000000000e+03 3.020000000000000000e+03 2.520000000000000000e+03
1.126096670000000000e+08 5.210000000000000000e+03 5.170000000000000000e+03 2.960000000000000000e+03 2.520000000000000000e+03
1.126098750000000000e+08 5.210000000000000000e+03 5.160000000000000000e+03 3.020000000000000000e+03 2.520000000000000000e+03
1.126100830000000000e+08 5.200000000000000000e+03 5.170000000000000000e+03 3.010000000000000000e+03 2.510000000000000000e+03
1.126102920000000000e+08 5.200000000000000000e+03 5.160000000000000000e+03 3.010000000000000000e+03 2.510000000000000000e+03
1.126104990000000000e+08 5.200000000000000000e+03 5.160000000000000000e+03 3.010000000000000000e+03 2.510000000000000000e+03
1.126107070000000000e+08 5.190000000000000000e+03 5.160000000000000000e+03 3.010000000000000000e+03 2.510000000000000000e+03
1.126109150000000000e+08 5.190000000000000000e+03 5.160000000000000000e+03 2.990000000000000000e+03 2.510000000000000000e+03
1.126111230000000000e+08 5.190000000000000000e+03 5.170000000000000000e+03 2.970000000000000000e+03 2.510000000000000000e+03
1.126113310000000000e+08 5.190000000000000000e+03 5.170000000000000000e+03 2.950000000000000000e+03 2.510000000000000000e+03
1.126115380000000000e+08 5.200000000000000000e+03 5.170000000000000000e+03 2.940000000000000000e+03 2.510000000000000000e+03
1.126117460000000000e+08 5.200000000000000000e+03 5.170000000000000000e+03 2.980000000000000000e+03 2.500000000000000000e+03
1.126119550000000000e+08 5.210000000000000000e+03 5.170000000000000000e+03 2.980000000000000000e+03 2.500000000000000000e+03
1.126121630000000000e+08 5.210000000000000000e+03 5.170000000000000000e+03 2.950000000000000000e+03 2.500000000000000000e+03
1.126123710000000000e+08 5.200000000000000000e+03 5.170000000000000000e+03 2.960000000000000000e+03 2.500000000000000000e+03
1.126125790000000000e+08 5.210000000000000000e+03 5.170000000000000000e+03 3.020000000000000000e+03 2.500000000000000000e+03
1.126127870000000000e+08 5.200000000000000000e+03 5.170000000000000000e+03 2.960000000000000000e+03 2.510000000000000000e+03
1.126129950000000000e+08 5.210000000000000000e+03 5.170000000000000000e+03 2.980000000000000000e+03 2.510000000000000000e+03
1.126132030000000000e+08 5.200000000000000000e+03 5.170000000000000000e+03 3.000000000000000000e+03 2.510000000000000000e+03
1.126134100000000000e+08 5.210000000000000000e+03 5.170000000000000000e+03 2.960000000000000000e+03 2.510000000000000000e+03
1.126136190000000000e+08 5.230000000000000000e+03 5.170000000000000000e+03 2.960000000000000000e+03 2.510000000000000000e+03
1.126138270000000000e+08 5.230000000000000000e+03 5.170000000000000000e+03 2.980000000000000000e+03 2.520000000000000000e+03
1.126140340000000000e+08 5.200000000000000000e+03 5.170000000000000000e+03 3.000000000000000000e+03 2.520000000000000000e+03
1.126142420000000000e+08 5.200000000000000000e+03 5.170000000000000000e+03 2.960000000000000000e+03 2.510000000000000000e+03
1.126144500000000000e+08 5.210000000000000000e+03 5.160000000000000000e+03 3.020000000000000000e+03 2.510000000000000000e+03
1.126146580000000000e+08 5.210000000000000000e+03 5.160000000000000000e+03 3.020000000000000000e+03 2.510000000000000000e+03
1.126148660000000000e+08 5.210000000000000000e+03 5.160000000000000000e+03 3.000000000000000000e+03 2.510000000000000000e+03
1.126150780000000000e+08 5.200000000000000000e+03 5.160000000000000000e+03 2.980000000000000000e+03 2.520000000000000000e+03
1.126152820000000000e+08 5.210000000000000000e+03 5.170000000000000000e+03 2.980000000000000000e+03 2.520000000000000000e+03
1.126154910000000000e+08 5.200000000000000000e+03 5.170000000000000000e+03 2.980000000000000000e+03 2.510000000000000000e+03
1.126156980000000000e+08 5.200000000000000000e+03 5.170000000000000000e+03 2.980000000000000000e+03 2.510000000000000000e+03
1.126159060000000000e+08 5.200000000000000000e+03 5.170000000000000000e+03 3.010000000000000000e+03 2.510000000000000000e+03
1.126161140000000000e+08 5.200000000000000000e+03 5.170000000000000000e+03 3.010000000000000000e+03 2.510000000000000000e+03
1.126163220000000000e+08 5.200000000000000000e+03 5.180000000000000000e+03 2.950000000000000000e+03 2.500000000000000000e+03
1.126165300000000000e+08 5.200000000000000000e+03 5.170000000000000000e+03 2.950000000000000000e+03 2.500000000000000000e+03
1.126167380000000000e+08 5.200000000000000000e+03 5.170000000000000000e+03 3.010000000000000000e+03 2.500000000000000000e+03
1.126169460000000000e+08 5.200000000000000000e+03 5.160000000000000000e+03 2.960000000000000000e+03 2.510000000000000000e+03
1.126171540000000000e+08 5.200000000000000000e+03 5.160000000000000000e+03 2.980000000000000000e+03 2.510000000000000000e+03
1.126173620000000000e+08 5.200000000000000000e+03 5.160000000000000000e+03 2.960000000000000000e+03 2.510000000000000000e+03
1.126175700000000000e+08 5.200000000000000000e+03 5.160000000000000000e+03 3.020000000000000000e+03 2.520000000000000000e+03
1.126177780000000000e+08 5.200000000000000000e+03 5.170000000000000000e+03 2.980000000000000000e+03 2.510000000000000000e+03
1.126179860000000000e+08 5.190000000000000000e+03 5.170000000000000000e+03 2.980000000000000000e+03 2.510000000000000000e+03
1.126181940000000000e+08 5.200000000000000000e+03 5.170000000000000000e+03 3.000000000000000000e+03 2.500000000000000000e+03
1.126184020000000000e+08 5.200000000000000000e+03 5.170000000000000000e+03 2.980000000000000000e+03 2.500000000000000000e+03
1.126186100000000000e+08 5.200000000000000000e+03 5.170000000000000000e+03 3.020000000000000000e+03 2.500000000000000000e+03
1.126188180000000000e+08 5.210000000000000000e+03 5.170000000000000000e+03 2.990000000000000000e+03 2.500000000000000000e+03
1.126190260000000000e+08 5.210000000000000000e+03 5.160000000000000000e+03 2.950000000000000000e+03 2.500000000000000000e+03
1.126192340000000000e+08 5.200000000000000000e+03 5.160000000000000000e+03 2.950000000000000000e+03 2.500000000000000000e+03
1.126194420000000000e+08 5.210000000000000000e+03 5.160000000000000000e+03 3.010000000000000000e+03 2.500000000000000000e+03
1.126196500000000000e+08 5.210000000000000000e+03 5.160000000000000000e+03 2.950000000000000000e+03 2.500000000000000000e+03
1.126198580000000000e+08 5.210000000000000000e+03 5.160000000000000000e+03 2.950000000000000000e+03 2.510000000000000000e+03
1.126200650000000000e+08 5.210000000000000000e+03 5.170000000000000000e+03 2.950000000000000000e+03 2.510000000000000000e+03
1.126202730000000000e+08 5.210000000000000000e+03 5.170000000000000000e+03 2.960000000000000000e+03 2.510000000000000000e+03
1.126204810000000000e+08 5.210000000000000000e+03 5.170000000000000000e+03 3.020000000000000000e+03 2.510000000000000000e+03
1.126206890000000000e+08 5.210000000000000000e+03 5.170000000000000000e+03 2.980000000000000000e+03 2.510000000000000000e+03
1.126208980000000000e+08 5.210000000000000000e+03 5.170000000000000000e+03 3.020000000000000000e+03 2.510000000000000000e+03
1.126211050000000000e+08 5.210000000000000000e+03 5.170000000000000000e+03 3.000000000000000000e+03 2.510000000000000000e+03
1.126213130000000000e+08 5.210000000000000000e+03 5.170000000000000000e+03 3.020000000000000000e+03 2.510000000000000000e+03
1.126215210000000000e+08 5.210000000000000000e+03 5.170000000000000000e+03 3.020000000000000000e+03 2.510000000000000000e+03
1.126217290000000000e+08 5.210000000000000000e+03 5.160000000000000000e+03 2.980000000000000000e+03 2.510000000000000000e+03
1.126219370000000000e+08 5.210000000000000000e+03 5.150000000000000000e+03 3.020000000000000000e+03 2.510000000000000000e+03
1.126221450000000000e+08 5.200000000000000000e+03 5.150000000000000000e+03 3.020000000000000000e+03 2.510000000000000000e+03
1.126223540000000000e+08 5.200000000000000000e+03 5.150000000000000000e+03 3.000000000000000000e+03 2.510000000000000000e+03
1.126225610000000000e+08 5.210000000000000000e+03 5.150000000000000000e+03 3.000000000000000000e+03 2.510000000000000000e+03
1.126227690000000000e+08 5.210000000000000000e+03 5.150000000000000000e+03 2.960000000000000000e+03 2.510000000000000000e+03
1.126229770000000000e+08 5.210000000000000000e+03 5.150000000000000000e+03 2.980000000000000000e+03 2.500000000000000000e+03
1.126231850000000000e+08 5.210000000000000000e+03 5.150000000000000000e+03 3.020000000000000000e+03 2.500000000000000000e+03
1.126233930000000000e+08 5.210000000000000000e+03 5.150000000000000000e+03 2.960000000000000000e+03 2.510000000000000000e+03
1.126236010000000000e+08 5.210000000000000000e+03 5.150000000000000000e+03 3.020000000000000000e+03 2.510000000000000000e+03
1.126238090000000000e+08 5.230000000000000000e+03 5.150000000000000000e+03 2.970000000000000000e+03 2.510000000000000000e+03
1.126240170000000000e+08 5.210000000000000000e+03 5.150000000000000000e+03 2.980000000000000000e+03 2.510000000000000000e+03
1.126242250000000000e+08 5.210000000000000000e+03 5.150000000000000000e+03 3.010000000000000000e+03 2.510000000000000000e+03
1.126244330000000000e+08 5.210000000000000000e+03 5.150000000000000000e+03 2.950000000000000000e+03 2.500000000000000000e+03
