1.131519910000000000e+08 5.030000000000000000e+03 4.450000000000000000e+03 3.260000000000000000e+03 2.150000000000000000e+03
1.131521840000000000e+08 5.030000000000000000e+03 4.450000000000000000e+03 3.300000000000000000e+03 2.150000000000000000e+03
1.131523920000000000e+08 5.030000000000000000e+03 4.450000000000000000e+03 3.370000000000000000e+03 2.150000000000000000e+03
1.131525990000000000e+08 5.040000000000000000e+03 4.440000000000000000e+03 3.680000000000000000e+03 2.160000000000000000e+03
1.131528070000000000e+08 5.040000000000000000e+03 4.450000000000000000e+03 3.680000000000000000e+03 2.160000000000000000e+03
1.131532230000000000e+08 5.040000000000000000e+03 4.450000000000000000e+03 3.680000000000000000e+03 2.160000000000000000e+03
1.131534310000000000e+08 5.030000000000000000e+03 4.450000000000000000e+03 3.570000000000000000e+03 2.170000000000000000e+03
1.131538470000000000e+08 5.020000000000000000e+03 4.440000000000000000e+03 3.620000000000000000e+03 2.180000000000000000e+03
1.131540550000000000e+08 5.020000000000000000e+03 4.440000000000000000e+03 3.580000000000000000e+03 2.190000000000000000e+03
1.131542630000000000e+08 5.020000000000000000e+03 4.440000000000000000e+03 3.580000000000000000e+03 2.170000000000000000e+03
1.131544710000000000e+08 5.020000000000000000e+03 4.440000000000000000e+03 3.610000000000000000e+03 2.170000000000000000e+03
1.131546790000000000e+08 5.020000000000000000e+03 4.440000000000000000e+03 3.570000000000000000e+03 2.170000000000000000e+03
1.131548870000000000e+08 5.030000000000000000e+03 4.440000000000000000e+03 3.570000000000000000e+03 2.170000000000000000e+03
1.131550950000000000e+08 5.040000000000000000e+03 4.450000000000000000e+03 3.520000000000000000e+03 2.170000000000000000e+03
1.131553030000000000e+08 5.050000000000000000e+03 4.450000000000000000e+03 3.500000000000000000e+03 2.170000000000000000e+03
1.131554950000000000e+08 5.050000000000000000e+03 4.440000000000000000e+03 3.550000000000000000e+03 2.180000000000000000e+03
1.131557030000000000e+08 5.050000000000000000e+03 4.450000000000000000e+03 3.620000000000000000e+03 2.180000000000000000e+03
1.131561190000000000e+08 5.050000000000000000e+03 4.440000000000000000e+03 3.610000000000000000e+03 2.180000000000000000e+03
1.131563270000000000e+08 5.050000000000000000e+03 4.440000000000000000e+03 3.570000000000000000e+03 2.180000000000000000e+03
1.131565340000000000e+08 5.050000000000000000e+03 4.440000000000000000e+03 3.510000000000000000e+03 2.180000000000000000e+03
1.131567430000000000e+08 5.050000000000000000e+03 4.430000000000000000e+03 3.450000000000000000e+03 2.180000000000000000e+03
1.131569510000000000e+08 5.060000000000000000e+03 4.430000000000000000e+03 3.390000000000000000e+03 2.170000000000000000e+03
1.131571590000000000e+08 5.050000000000000000e+03 4.430000000000000000e+03 3.320000000000000000e+03 2.170000000000000000e+03
1.131573670000000000e+08 5.050000000000000000e+03 4.440000000000000000e+03 3.260000000000000000e+03 2.170000000000000000e+03
1.131575750000000000e+08 5.050000000000000000e+03 4.450000000000000000e+03 3.230000000000000000e+03 2.180000000000000000e+03
1.131577830000000000e+08 5.060000000000000000e+03 4.450000000000000000e+03 3.250000000000000000e+03 2.180000000000000000e+03
1.131579910000000000e+08 5.060000000000000000e+03 4.450000000000000000e+03 3.280000000000000000e+03 2.180000000000000000e+03
1.131581990000000000e+08 5.060000000000000000e+03 4.440000000000000000e+03 3.290000000000000000e+03 2.180000000000000000e+03
1.131584070000000000e+08 5.060000000000000000e+03 4.430000000000000000e+03 3.300000000000000000e+03 2.180000000000000000e+03
1.131586140000000000e+08 5.060000000000000000e+03 4.420000000000000000e+03 3.310000000000000000e+03 2.170000000000000000e+03
1.131588220000000000e+08 5.070000000000000000e+03 4.430000000000000000e+03 3.320000000000000000e+03 2.180000000000000000e+03
1.131590300000000000e+08 5.070000000000000000e+03 4.440000000000000000e+03 3.310000000000000000e+03 2.180000000000000000e+03
1.131592380000000000e+08 5.070000000000000000e+03 4.420000000000000000e+03 3.300000000000000000e+03 2.180000000000000000e+03
1.131594460000000000e+08 5.070000000000000000e+03 4.440000000000000000e+03 3.290000000000000000e+03 2.170000000000000000e+03
1.131596540000000000e+08 5.070000000000000000e+03 4.440000000000000000e+03 3.300000000000000000e+03 2.160000000000000000e+03
1.131598460000000000e+08 5.070000000000000000e+03 4.450000000000000000e+03 3.310000000000000000e+03 2.170000000000000000e+03
1.132000540000000000e+08 5.070000000000000000e+03 4.450000000000000000e+03 3.320000000000000000e+03 2.170000000000000000e+03
1.132002620000000000e+08 5.070000000000000000e+03 4.450000000000000000e+03 3.320000000000000000e+03 2.170000000000000000e+03
1.132004700000000000e+08 5.070000000000000000e+03 4.450000000000000000e+03 3.310000000000000000e+03 2.170000000000000000e+03
1.132006780000000000e+08 5.070000000000000000e+03 4.450000000000000000e+03 3.310000000000000000e+03 2.170000000000000000e+03
1.132008860000000000e+08 5.070000000000000000e+03 4.440000000000000000e+03 3.310000000000000000e+03 2.180000000000000000e+03
1.132010940000000000e+08 5.070000000000000000e+03 4.440000000000000000e+03 3.310000000000000000e+03 2.170000000000000000e+03
1.132013010000000000e+08 5.070000000000000000e+03 4.440000000000000000e+03 3.320000000000000000e+03 2.170000000000000000e+03
1.132015100000000000e+08 5.070000000000000000e+03 4.440000000000000000e+03 3.270000000000000000e+03 2.160000000000000000e+03
1.132017180000000000e+08 5.070000000000000000e+03 4.440000000000000000e+03 3.320000000000000000e+03 2.160000000000000000e+03
1.132019260000000000e+08 5.070000000000000000e+03 4.440000000000000000e+03 3.270000000000000000e+03 2.160000000000000000e+03
1.132021340000000000e+08 5.070000000000000000e+03 4.440000000000000000e+03 3.330000000000000000e+03 2.170000000000000000e+03
1.132023410000000000e+08 5.060000000000000000e+03 4.440000000000000000e+03 3.330000000000000000e+03 2.170000000000000000e+03
1.132025500000000000e+08 5.060000000000000000e+03 4.430000000000000000e+03 3.310000000000000000e+03 2.180000000000000000e+03
1.132027580000000000e+08 5.060000000000000000e+03 4.440000000000000000e+03 3.300000000000000000e+03 2.180000000000000000e+03
1.132029660000000000e+08 5.060000000000000000e+03 4.430000000000000000e+03 3.300000000000000000e+03 2.170000000000000000e+03
1.132031740000000000e+08 5.060000000000000000e+03 4.440000000000000000e+03 3.280000000000000000e+03 2.170000000000000000e+03
1.132033820000000000e+08 5.060000000000000000e+03 4.430000000000000000e+03 3.260000000000000000e+03 2.160000000000000000e+03
1.132035900000000000e+08 5.060000000000000000e+03 4.440000000000000000e+03 3.280000000000000000e+03 2.160000000000000000e+03
1.132037820000000000e+08 5.050000000000000000e+03 4.440000000000000000e+03 3.270000000000000000e+03 2.160000000000000000e+03
1.132039890000000000e+08 5.050000000000000000e+03 4.440000000000000000e+03 3.300000000000000000e+03 2.170000000000000000e+03
1.132041970000000000e+08 5.050000000000000000e+03 4.450000000000000000e+03 3.520000000000000000e+03 2.160000000000000000e+03
1.132044050000000000e+08 5.050000000000000000e+03 4.450000000000000000e+03 3.470000000000000000e+03 2.160000000000000000e+03
1.132046130000000000e+08 5.060000000000000000e+03 4.440000000000000000e+03 3.440000000000000000e+03 2.170000000000000000e+03
1.132048210000000000e+08 5.050000000000000000e+03 4.440000000000000000e+03 3.400000000000000000e+03 2.170000000000000000e+03
1.132050290000000000e+08 5.050000000000000000e+03 4.440000000000000000e+03 3.410000000000000000e+03 2.170000000000000000e+03
1.132052370000000000e+08 5.040000000000000000e+03 4.450000000000000000e+03 3.390000000000000000e+03 2.170000000000000000e+03
1.132054450000000000e+08 5.040000000000000000e+03 4.450000000000000000e+03 3.410000000000000000e+03 2.170000000000000000e+03
1.132056530000000000e+08 5.040000000000000000e+03 4.450000000000000000e+03 3.420000000000000000e+03 2.170000000000000000e+03
1.132058610000000000e+08 5.030000000000000000e+03 4.440000000000000000e+03 3.340000000000000000e+03 2.180000000000000000e+03
1.132060690000000000e+08 5.030000000000000000e+03 4.440000000000000000e+03 3.340000000000000000e+03 2.180000000000000000e+03
1.132062770000000000e+08 5.040000000000000000e+03 4.430000000000000000e+03 3.330000000000000000e+03 2.180000000000000000e+03
1.132064850000000000e+08 5.040000000000000000e+03 4.440000000000000000e+03 3.320000000000000000e+03 2.180000000000000000e+03
1.132066930000000000e+08 5.040000000000000000e+03 4.440000000000000000e+03 3.320000000000000000e+03 2.180000000000000000e+03
1.132069010000000000e+08 5.050000000000000000e+03 4.440000000000000000e+03 3.330000000000000000e+03 2.180000000000000000e+03
1.132071090000000000e+08 5.050000000000000000e+03 4.440000000000000000e+03 3.330000000000000000e+03 2.180000000000000000e+03
1.132073010000000000e+08 5.050000000000000000e+03 4.440000000000000000e+03 3.340000000000000000e+03 2.170000000000000000e+03
1.132075090000000000e+08 5.050000000000000000e+03 4.450000000000000000e+03 3.370000000000000000e+03 2.180000000000000000e+03
1.132077170000000000e+08 5.050000000000000000e+03 4.430000000000000000e+03 3.370000000000000000e+03 2.190000000000000000e+03
1.132079250000000000e+08 5.050000000000000000e+03 4.440000000000000000e+03 3.370000000000000000e+03 2.190000000000000000e+03
1.132081330000000000e+08 5.040000000000000000e+03 4.440000000000000000e+03 3.370000000000000000e+03 2.190000000000000000e+03
1.132083410000000000e+08 5.040000000000000000e+03 4.430000000000000000e+03 3.370000000000000000e+03 2.190000000000000000e+03
1.132085490000000000e+08 5.050000000000000000e+03 4.440000000000000000e+03 3.370000000000000000e+03 2.190000000000000000e+03
1.132087570000000000e+08 5.050000000000000000e+03 4.440000000000000000e+03 3.370000000000000000e+03 2.190000000000000000e+03
1.132089650000000000e+08 5.050000000000000000e+03 4.430000000000000000e+03 3.370000000000000000e+03 2.190000000000000000e+03
1.132091730000000000e+08 5.050000000000000000e+03 4.430000000000000000e+03 3.370000000000000000e+03 2.180000000000000000e+03
1.132093800000000000e+08 5.050000000000000000e+03 4.440000000000000000e+03 3.370000000000000000e+03 2.180000000000000000e+03
1.132095890000000000e+08 5.050000000000000000e+03 4.440000000000000000e+03 3.370000000000000000e+03 2.190000000000000000e+03
1.132097970000000000e+08 5.050000000000000000e+03 4.430000000000000000e+03 3.360000000000000000e+03 2.190000000000000000e+03
1.132100040000000000e+08 5.050000000000000000e+03 4.430000000000000000e+03 3.340000000000000000e+03 2.190000000000000000e+03
1.132102130000000000e+08 5.050000000000000000e+03 4.440000000000000000e+03 3.330000000000000000e+03 2.190000000000000000e+03
1.132104200000000000e+08 5.050000000000000000e+03 4.430000000000000000e+03 3.330000000000000000e+03 2.190000000000000000e+03
1.132106120000000000e+08 5.050000000000000000e+03 4.430000000000000000e+03 3.320000000000000000e+03 2.180000000000000000e+03
1.132108200000000000e+08 5.050000000000000000e+03 4.440000000000000000e+03 3.320000000000000000e+03 2.190000000000000000e+03
1.132110280000000000e+08 5.060000000000000000e+03 4.440000000000000000e+03 3.320000000000000000e+03 2.190000000000000000e+03
1.132112360000000000e+08 5.060000000000000000e+03 4.450000000000000000e+03 3.320000000000000000e+03 2.190000000000000000e+03
1.132114440000000000e+08 5.060000000000000000e+03 4.450000000000000000e+03 3.310000000000000000e+03 2.180000000000000000e+03
1.132116840000000000e+08 5.050000000000000000e+03 4.450000000000000000e+03 3.300000000000000000e+03 2.180000000000000000e+03
1.132118600000000000e+08 5.050000000000000000e+03 4.430000000000000000e+03 3.290000000000000000e+03 2.180000000000000000e+03
1.132120680000000000e+08 5.050000000000000000e+03 4.440000000000000000e+03 3.290000000000000000e+03 2.180000000000000000e+03
1.132122760000000000e+08 5.050000000000000000e+03 4.440000000000000000e+03 3.290000000000000000e+03 2.190000000000000000e+03
1.132124840000000000e+08 5.050000000000000000e+03 4.440000000000000000e+03 3.290000000000000000e+03 2.190000000000000000e+03
1.132126920000000000e+08 5.050000000000000000e+03 4.440000000000000000e+03 3.300000000000000000e+03 2.180000000000000000e+03
1.132129000000000000e+08 5.050000000000000000e+03 4.440000000000000000e+03 3.310000000000000000e+03 2.170000000000000000e+03
1.132131080000000000e+08 5.040000000000000000e+03 4.440000000000000000e+03 3.310000000000000000e+03 2.170000000000000000e+03
1.132133160000000000e+08 5.040000000000000000e+03 4.440000000000000000e+03 3.320000000000000000e+03 2.160000000000000000e+03
1.132135240000000000e+08 5.040000000000000000e+03 4.430000000000000000e+03 3.320000000000000000e+03 2.160000000000000000e+03
1.132137320000000000e+08 5.040000000000000000e+03 4.440000000000000000e+03 3.320000000000000000e+03 2.170000000000000000e+03
1.132139240000000000e+08 5.040000000000000000e+03 4.420000000000000000e+03 3.320000000000000000e+03 2.180000000000000000e+03
1.132141320000000000e+08 5.040000000000000000e+03 4.420000000000000000e+03 3.320000000000000000e+03 2.180000000000000000e+03
1.132143400000000000e+08 5.050000000000000000e+03 4.430000000000000000e+03 3.310000000000000000e+03 2.180000000000000000e+03
1.132145480000000000e+08 5.050000000000000000e+03 4.430000000000000000e+03 3.290000000000000000e+03 2.180000000000000000e+03
1.132147560000000000e+08 5.050000000000000000e+03 4.440000000000000000e+03 3.280000000000000000e+03 2.170000000000000000e+03
1.132149640000000000e+08 5.050000000000000000e+03 4.440000000000000000e+03 3.290000000000000000e+03 2.170000000000000000e+03
1.132151720000000000e+08 5.050000000000000000e+03 4.440000000000000000e+03 3.300000000000000000e+03 2.170000000000000000e+03
1.132153790000000000e+08 5.050000000000000000e+03 4.430000000000000000e+03 3.270000000000000000e+03 2.170000000000000000e+03
1.132155870000000000e+08 5.040000000000000000e+03 4.430000000000000000e+03 3.270000000000000000e+03 2.160000000000000000e+03
1.132157950000000000e+08 5.040000000000000000e+03 4.440000000000000000e+03 3.280000000000000000e+03 2.160000000000000000e+03
1.132160030000000000e+08 5.040000000000000000e+03 4.450000000000000000e+03 3.290000000000000000e+03 2.160000000000000000e+03
1.132162110000000000e+08 5.030000000000000000e+03 4.440000000000000000e+03 3.310000000000000000e+03 2.160000000000000000e+03
1.132164190000000000e+08 5.030000000000000000e+03 4.440000000000000000e+03 3.320000000000000000e+03 2.160000000000000000e+03
1.132166270000000000e+08 5.020000000000000000e+03 4.440000000000000000e+03 3.330000000000000000e+03 2.170000000000000000e+03
1.132168350000000000e+08 5.030000000000000000e+03 4.430000000000000000e+03 3.340000000000000000e+03 2.180000000000000000e+03
1.132170430000000000e+08 5.030000000000000000e+03 4.420000000000000000e+03 3.370000000000000000e+03 2.180000000000000000e+03
1.132172510000000000e+08 5.030000000000000000e+03 4.430000000000000000e+03 3.370000000000000000e+03 2.170000000000000000e+03
1.132174590000000000e+08 5.030000000000000000e+03 4.430000000000000000e+03 3.380000000000000000e+03 2.170000000000000000e+03
1.132176670000000000e+08 5.020000000000000000e+03 4.430000000000000000e+03 3.380000000000000000e+03 2.180000000000000000e+03
1.132178590000000000e+08 5.030000000000000000e+03 4.430000000000000000e+03 3.390000000000000000e+03 2.180000000000000000e+03
1.132180670000000000e+08 5.030000000000000000e+03 4.440000000000000000e+03 3.390000000000000000e+03 2.180000000000000000e+03
1.132182750000000000e+08 5.030000000000000000e+03 4.440000000000000000e+03 3.400000000000000000e+03 2.190000000000000000e+03
1.132184830000000000e+08 5.020000000000000000e+03 4.430000000000000000e+03 3.400000000000000000e+03 2.180000000000000000e+03
1.132186910000000000e+08 5.020000000000000000e+03 4.430000000000000000e+03 3.390000000000000000e+03 2.170000000000000000e+03
1.132188990000000000e+08 5.020000000000000000e+03 4.440000000000000000e+03 3.390000000000000000e+03 2.170000000000000000e+03
1.132191070000000000e+08 5.020000000000000000e+03 4.440000000000000000e+03 3.390000000000000000e+03 2.180000000000000000e+03
1.132193150000000000e+08 5.030000000000000000e+03 4.440000000000000000e+03 3.380000000000000000e+03 2.170000000000000000e+03
1.132195230000000000e+08 5.030000000000000000e+03 4.430000000000000000e+03 3.390000000000000000e+03 2.160000000000000000e+03
1.132353120000000000e+08 5.060000000000000000e+03 4.820000000000000000e+03 3.130000000000000000e+03 2.160000000000000000e+03
1.132355040000000000e+08 5.060000000000000000e+03 5.000000000000000000e+03 3.130000000000000000e+03 2.170000000000000000e+03
1.132357120000000000e+08 5.050000000000000000e+03 5.100000000000000000e+03 3.150000000000000000e+03 2.180000000000000000e+03
1.132359200000000000e+08 5.050000000000000000e+03 4.940000000000000000e+03 3.140000000000000000e+03 2.180000000000000000e+03
1.132361280000000000e+08 5.050000000000000000e+03 4.810000000000000000e+03 3.150000000000000000e+03 2.190000000000000000e+03
1.132363360000000000e+08 5.050000000000000000e+03 4.770000000000000000e+03 3.130000000000000000e+03 2.180000000000000000e+03
1.132365440000000000e+08 5.050000000000000000e+03 4.700000000000000000e+03 3.150000000000000000e+03 2.170000000000000000e+03
1.132367520000000000e+08 5.050000000000000000e+03 4.660000000000000000e+03 3.140000000000000000e+03 2.170000000000000000e+03
1.132369600000000000e+08 5.040000000000000000e+03 4.630000000000000000e+03 3.130000000000000000e+03 2.170000000000000000e+03
1.132371680000000000e+08 5.040000000000000000e+03 4.630000000000000000e+03 3.130000000000000000e+03 2.170000000000000000e+03
1.132373750000000000e+08 5.050000000000000000e+03 4.810000000000000000e+03 3.140000000000000000e+03 2.180000000000000000e+03
1.132375840000000000e+08 5.050000000000000000e+03 4.860000000000000000e+03 3.140000000000000000e+03 2.180000000000000000e+03
1.132377910000000000e+08 5.040000000000000000e+03 4.960000000000000000e+03 3.130000000000000000e+03 2.180000000000000000e+03
1.132380000000000000e+08 5.040000000000000000e+03 4.870000000000000000e+03 3.130000000000000000e+03 2.180000000000000000e+03
1.132382080000000000e+08 5.040000000000000000e+03 4.990000000000000000e+03 3.140000000000000000e+03 2.180000000000000000e+03
1.132384160000000000e+08 5.040000000000000000e+03 5.030000000000000000e+03 3.130000000000000000e+03 2.180000000000000000e+03
1.132386230000000000e+08 5.050000000000000000e+03 5.030000000000000000e+03 3.140000000000000000e+03 2.180000000000000000e+03
1.132388160000000000e+08 5.050000000000000000e+03 5.010000000000000000e+03 3.150000000000000000e+03 2.180000000000000000e+03
1.132390230000000000e+08 5.050000000000000000e+03 4.970000000000000000e+03 3.140000000000000000e+03 2.180000000000000000e+03
1.132392310000000000e+08 5.060000000000000000e+03 4.850000000000000000e+03 3.140000000000000000e+03 2.180000000000000000e+03
1.132394390000000000e+08 5.060000000000000000e+03 4.760000000000000000e+03 3.150000000000000000e+03 2.180000000000000000e+03
1.132396470000000000e+08 5.060000000000000000e+03 4.710000000000000000e+03 3.140000000000000000e+03 2.180000000000000000e+03
1.132398550000000000e+08 5.060000000000000000e+03 4.880000000000000000e+03 3.150000000000000000e+03 2.180000000000000000e+03
1.132400630000000000e+08 5.060000000000000000e+03 4.990000000000000000e+03 3.150000000000000000e+03 2.160000000000000000e+03
1.132402710000000000e+08 5.060000000000000000e+03 5.050000000000000000e+03 3.150000000000000000e+03 2.160000000000000000e+03
1.132404790000000000e+08 5.050000000000000000e+03 5.050000000000000000e+03 3.140000000000000000e+03 2.160000000000000000e+03
1.132406870000000000e+08 5.050000000000000000e+03 5.090000000000000000e+03 3.130000000000000000e+03 2.160000000000000000e+03
1.132408950000000000e+08 5.050000000000000000e+03 5.130000000000000000e+03 3.130000000000000000e+03 2.170000000000000000e+03
1.132411030000000000e+08 5.050000000000000000e+03 5.160000000000000000e+03 3.140000000000000000e+03 2.170000000000000000e+03
1.132413110000000000e+08 5.040000000000000000e+03 5.180000000000000000e+03 3.150000000000000000e+03 2.180000000000000000e+03
1.132415190000000000e+08 5.050000000000000000e+03 5.140000000000000000e+03 3.150000000000000000e+03 2.170000000000000000e+03
1.132417270000000000e+08 5.060000000000000000e+03 5.150000000000000000e+03 3.140000000000000000e+03 2.180000000000000000e+03
1.132419350000000000e+08 5.060000000000000000e+03 5.160000000000000000e+03 3.140000000000000000e+03 2.190000000000000000e+03
1.132421270000000000e+08 5.060000000000000000e+03 5.170000000000000000e+03 3.150000000000000000e+03 2.190000000000000000e+03
1.132423350000000000e+08 5.060000000000000000e+03 5.190000000000000000e+03 3.150000000000000000e+03 2.190000000000000000e+03
1.132425430000000000e+08 5.060000000000000000e+03 5.150000000000000000e+03 3.150000000000000000e+03 2.190000000000000000e+03
1.132427510000000000e+08 5.060000000000000000e+03 5.150000000000000000e+03 3.150000000000000000e+03 2.190000000000000000e+03
1.132429590000000000e+08 5.060000000000000000e+03 5.170000000000000000e+03 3.140000000000000000e+03 2.180000000000000000e+03
1.132431670000000000e+08 5.060000000000000000e+03 5.110000000000000000e+03 3.150000000000000000e+03 2.180000000000000000e+03
1.132433750000000000e+08 5.060000000000000000e+03 5.100000000000000000e+03 3.150000000000000000e+03 2.180000000000000000e+03
1.132435830000000000e+08 5.060000000000000000e+03 4.990000000000000000e+03 3.150000000000000000e+03 2.180000000000000000e+03
1.132437910000000000e+08 5.060000000000000000e+03 5.070000000000000000e+03 3.130000000000000000e+03 2.180000000000000000e+03
1.132439980000000000e+08 5.050000000000000000e+03 5.110000000000000000e+03 3.130000000000000000e+03 2.180000000000000000e+03
1.132442070000000000e+08 5.050000000000000000e+03 5.130000000000000000e+03 3.120000000000000000e+03 2.180000000000000000e+03
1.132444150000000000e+08 5.060000000000000000e+03 5.140000000000000000e+03 3.140000000000000000e+03 2.180000000000000000e+03
1.132446230000000000e+08 5.050000000000000000e+03 5.150000000000000000e+03 3.150000000000000000e+03 2.180000000000000000e+03
1.132448300000000000e+08 5.050000000000000000e+03 5.140000000000000000e+03 3.140000000000000000e+03 2.180000000000000000e+03
1.132450380000000000e+08 5.050000000000000000e+03 5.140000000000000000e+03 3.140000000000000000e+03 2.180000000000000000e+03
1.132452460000000000e+08 5.050000000000000000e+03 5.140000000000000000e+03 3.150000000000000000e+03 2.180000000000000000e+03
1.132454540000000000e+08 5.050000000000000000e+03 5.130000000000000000e+03 3.140000000000000000e+03 2.180000000000000000e+03
1.132456460000000000e+08 5.050000000000000000e+03 5.120000000000000000e+03 3.130000000000000000e+03 2.180000000000000000e+03
1.132458550000000000e+08 5.050000000000000000e+03 5.130000000000000000e+03 3.140000000000000000e+03 2.180000000000000000e+03
1.132460620000000000e+08 5.050000000000000000e+03 5.130000000000000000e+03 3.140000000000000000e+03 2.180000000000000000e+03
1.132462700000000000e+08 5.050000000000000000e+03 5.130000000000000000e+03 3.140000000000000000e+03 2.170000000000000000e+03
1.132464780000000000e+08 5.050000000000000000e+03 5.130000000000000000e+03 3.130000000000000000e+03 2.170000000000000000e+03
1.132466860000000000e+08 5.050000000000000000e+03 5.120000000000000000e+03 3.130000000000000000e+03 2.170000000000000000e+03
1.132468940000000000e+08 5.060000000000000000e+03 5.090000000000000000e+03 3.130000000000000000e+03 2.170000000000000000e+03
1.132471020000000000e+08 5.060000000000000000e+03 5.080000000000000000e+03 3.130000000000000000e+03 2.180000000000000000e+03
1.132473100000000000e+08 5.060000000000000000e+03 5.090000000000000000e+03 3.140000000000000000e+03 2.170000000000000000e+03
1.132475180000000000e+08 5.050000000000000000e+03 5.090000000000000000e+03 3.150000000000000000e+03 2.160000000000000000e+03
1.132477250000000000e+08 5.050000000000000000e+03 5.090000000000000000e+03 3.150000000000000000e+03 2.160000000000000000e+03
1.132479330000000000e+08 5.050000000000000000e+03 5.100000000000000000e+03 3.160000000000000000e+03 2.170000000000000000e+03
1.132481420000000000e+08 5.050000000000000000e+03 5.100000000000000000e+03 3.160000000000000000e+03 2.170000000000000000e+03
1.132483500000000000e+08 5.050000000000000000e+03 5.110000000000000000e+03 3.160000000000000000e+03 2.170000000000000000e+03
1.132485580000000000e+08 5.050000000000000000e+03 5.110000000000000000e+03 3.160000000000000000e+03 2.170000000000000000e+03
1.132487660000000000e+08 5.050000000000000000e+03 5.110000000000000000e+03 3.160000000000000000e+03 2.160000000000000000e+03
1.132489620000000000e+08 5.050000000000000000e+03 5.110000000000000000e+03 3.160000000000000000e+03 2.170000000000000000e+03
1.132491660000000000e+08 5.050000000000000000e+03 5.110000000000000000e+03 3.160000000000000000e+03 2.170000000000000000e+03
1.132493740000000000e+08 5.040000000000000000e+03 5.090000000000000000e+03 3.140000000000000000e+03 2.170000000000000000e+03
1.132495820000000000e+08 5.040000000000000000e+03 5.070000000000000000e+03 3.140000000000000000e+03 2.170000000000000000e+03
1.132497890000000000e+08 5.040000000000000000e+03 5.070000000000000000e+03 3.150000000000000000e+03 2.170000000000000000e+03
1.132499970000000000e+08 5.040000000000000000e+03 5.090000000000000000e+03 3.130000000000000000e+03 2.170000000000000000e+03
1.132502050000000000e+08 5.040000000000000000e+03 5.100000000000000000e+03 3.130000000000000000e+03 2.170000000000000000e+03
1.132504140000000000e+08 5.040000000000000000e+03 5.100000000000000000e+03 3.140000000000000000e+03 2.170000000000000000e+03
1.132506210000000000e+08 5.040000000000000000e+03 5.110000000000000000e+03 3.140000000000000000e+03 2.170000000000000000e+03
1.132508290000000000e+08 5.050000000000000000e+03 5.100000000000000000e+03 3.140000000000000000e+03 2.170000000000000000e+03
1.132510370000000000e+08 5.040000000000000000e+03 5.090000000000000000e+03 3.140000000000000000e+03 2.170000000000000000e+03
1.132512450000000000e+08 5.050000000000000000e+03 5.070000000000000000e+03 3.140000000000000000e+03 2.170000000000000000e+03
1.132514530000000000e+08 5.050000000000000000e+03 5.070000000000000000e+03 3.150000000000000000e+03 2.170000000000000000e+03
1.132516610000000000e+08 5.050000000000000000e+03 5.060000000000000000e+03 3.140000000000000000e+03 2.170000000000000000e+03
1.132518690000000000e+08 5.050000000000000000e+03 5.060000000000000000e+03 3.150000000000000000e+03 2.170000000000000000e+03
1.132520770000000000e+08 5.040000000000000000e+03 5.050000000000000000e+03 3.140000000000000000e+03 2.170000000000000000e+03
1.132522690000000000e+08 5.040000000000000000e+03 5.040000000000000000e+03 3.140000000000000000e+03 2.170000000000000000e+03
1.132524770000000000e+08 5.040000000000000000e+03 5.050000000000000000e+03 3.140000000000000000e+03 2.170000000000000000e+03
1.132526850000000000e+08 5.050000000000000000e+03 5.060000000000000000e+03 3.150000000000000000e+03 2.160000000000000000e+03
1.132528930000000000e+08 5.050000000000000000e+03 5.070000000000000000e+03 3.150000000000000000e+03 2.160000000000000000e+03
1.132531010000000000e+08 5.050000000000000000e+03 5.070000000000000000e+03 3.150000000000000000e+03 2.160000000000000000e+03
1.132533090000000000e+08 5.060000000000000000e+03 5.070000000000000000e+03 3.150000000000000000e+03 2.170000000000000000e+03
1.132535170000000000e+08 5.060000000000000000e+03 5.070000000000000000e+03 3.150000000000000000e+03 2.180000000000000000e+03
1.132537250000000000e+08 5.060000000000000000e+03 5.070000000000000000e+03 3.150000000000000000e+03 2.180000000000000000e+03
1.132539330000000000e+08 5.060000000000000000e+03 5.070000000000000000e+03 3.160000000000000000e+03 2.190000000000000000e+03
1.132541410000000000e+08 5.060000000000000000e+03 5.060000000000000000e+03 3.150000000000000000e+03 2.190000000000000000e+03
1.132543490000000000e+08 5.060000000000000000e+03 5.060000000000000000e+03 3.160000000000000000e+03 2.190000000000000000e+03
1.132545560000000000e+08 5.060000000000000000e+03 5.070000000000000000e+03 3.150000000000000000e+03 2.190000000000000000e+03
1.132547650000000000e+08 5.060000000000000000e+03 5.080000000000000000e+03 3.150000000000000000e+03 2.190000000000000000e+03
1.132549730000000000e+08 5.060000000000000000e+03 5.080000000000000000e+03 3.150000000000000000e+03 2.190000000000000000e+03
1.132551810000000000e+08 5.060000000000000000e+03 5.080000000000000000e+03 3.150000000000000000e+03 2.190000000000000000e+03
1.132553890000000000e+08 5.050000000000000000e+03 5.070000000000000000e+03 3.150000000000000000e+03 2.190000000000000000e+03
1.132555970000000000e+08 5.050000000000000000e+03 5.080000000000000000e+03 3.150000000000000000e+03 2.190000000000000000e+03
1.132557890000000000e+08 5.050000000000000000e+03 5.080000000000000000e+03 3.150000000000000000e+03 2.190000000000000000e+03
1.132559960000000000e+08 5.050000000000000000e+03 5.080000000000000000e+03 3.140000000000000000e+03 2.190000000000000000e+03
1.132562050000000000e+08 5.050000000000000000e+03 5.070000000000000000e+03 3.150000000000000000e+03 2.180000000000000000e+03
1.132564130000000000e+08 5.050000000000000000e+03 5.070000000000000000e+03 3.150000000000000000e+03 2.170000000000000000e+03
1.132566200000000000e+08 5.050000000000000000e+03 5.070000000000000000e+03 3.140000000000000000e+03 2.170000000000000000e+03
1.132568280000000000e+08 5.050000000000000000e+03 5.060000000000000000e+03 3.140000000000000000e+03 2.170000000000000000e+03
1.132570360000000000e+08 5.050000000000000000e+03 5.060000000000000000e+03 3.150000000000000000e+03 2.170000000000000000e+03
1.132572440000000000e+08 5.040000000000000000e+03 5.060000000000000000e+03 3.150000000000000000e+03 2.160000000000000000e+03
1.132574520000000000e+08 5.040000000000000000e+03 5.060000000000000000e+03 3.150000000000000000e+03 2.170000000000000000e+03
1.132576600000000000e+08 5.050000000000000000e+03 5.050000000000000000e+03 3.130000000000000000e+03 2.170000000000000000e+03
1.132578690000000000e+08 5.050000000000000000e+03 5.050000000000000000e+03 3.120000000000000000e+03 2.160000000000000000e+03
1.132580760000000000e+08 5.060000000000000000e+03 5.030000000000000000e+03 3.110000000000000000e+03 2.170000000000000000e+03
1.132582840000000000e+08 5.060000000000000000e+03 5.030000000000000000e+03 3.120000000000000000e+03 2.170000000000000000e+03
1.132584920000000000e+08 5.060000000000000000e+03 5.040000000000000000e+03 3.140000000000000000e+03 2.180000000000000000e+03
1.132587000000000000e+08 5.060000000000000000e+03 5.050000000000000000e+03 3.140000000000000000e+03 2.180000000000000000e+03
1.132589080000000000e+08 5.060000000000000000e+03 5.060000000000000000e+03 3.130000000000000000e+03 2.180000000000000000e+03
1.132591000000000000e+08 5.060000000000000000e+03 5.050000000000000000e+03 3.140000000000000000e+03 2.180000000000000000e+03
1.132593080000000000e+08 5.060000000000000000e+03 5.060000000000000000e+03 3.130000000000000000e+03 2.180000000000000000e+03
1.132595160000000000e+08 5.050000000000000000e+03 5.070000000000000000e+03 3.120000000000000000e+03 2.180000000000000000e+03
1.132597240000000000e+08 5.050000000000000000e+03 5.070000000000000000e+03 3.120000000000000000e+03 2.170000000000000000e+03
1.132599320000000000e+08 5.050000000000000000e+03 5.070000000000000000e+03 3.120000000000000000e+03 2.160000000000000000e+03
1.133001400000000000e+08 5.050000000000000000e+03 5.060000000000000000e+03 3.120000000000000000e+03 2.170000000000000000e+03
1.133003480000000000e+08 5.050000000000000000e+03 5.010000000000000000e+03 3.110000000000000000e+03 2.160000000000000000e+03
1.133005560000000000e+08 5.050000000000000000e+03 5.050000000000000000e+03 3.120000000000000000e+03 2.170000000000000000e+03
1.133007640000000000e+08 5.050000000000000000e+03 4.950000000000000000e+03 3.120000000000000000e+03 2.170000000000000000e+03
1.133009720000000000e+08 5.050000000000000000e+03 4.880000000000000000e+03 3.120000000000000000e+03 2.170000000000000000e+03
1.133011800000000000e+08 5.050000000000000000e+03 4.950000000000000000e+03 3.140000000000000000e+03 2.170000000000000000e+03
1.133014110000000000e+08 5.050000000000000000e+03 4.850000000000000000e+03 3.150000000000000000e+03 2.170000000000000000e+03
1.133015950000000000e+08 5.050000000000000000e+03 4.950000000000000000e+03 3.160000000000000000e+03 2.160000000000000000e+03
1.133018030000000000e+08 5.050000000000000000e+03 5.000000000000000000e+03 3.140000000000000000e+03 2.170000000000000000e+03
1.133020110000000000e+08 5.050000000000000000e+03 5.000000000000000000e+03 3.150000000000000000e+03 2.180000000000000000e+03
1.133022200000000000e+08 5.050000000000000000e+03 5.050000000000000000e+03 3.150000000000000000e+03 2.180000000000000000e+03
