9.434351300000000000e+07 2.610000000000000000e+03 3.810000000000000000e+03 3.920000000000000000e+03 4.870000000000000000e+03
9.434372100000000000e+07 2.600000000000000000e+03 3.800000000000000000e+03 3.920000000000000000e+03 4.880000000000000000e+03
9.434392900000000000e+07 2.600000000000000000e+03 3.800000000000000000e+03 3.920000000000000000e+03 4.870000000000000000e+03
9.434413700000000000e+07 2.560000000000000000e+03 3.820000000000000000e+03 3.920000000000000000e+03 4.870000000000000000e+03
9.434434500000000000e+07 2.580000000000000000e+03 3.820000000000000000e+03 3.920000000000000000e+03 4.870000000000000000e+03
9.434455300000000000e+07 2.570000000000000000e+03 3.820000000000000000e+03 3.930000000000000000e+03 4.860000000000000000e+03
9.434474400000000000e+07 2.580000000000000000e+03 3.810000000000000000e+03 3.920000000000000000e+03 4.860000000000000000e+03
9.434495300000000000e+07 2.540000000000000000e+03 3.810000000000000000e+03 3.920000000000000000e+03 4.860000000000000000e+03
9.434516100000000000e+07 2.530000000000000000e+03 3.810000000000000000e+03 3.920000000000000000e+03 4.860000000000000000e+03
9.434536900000000000e+07 2.540000000000000000e+03 3.820000000000000000e+03 3.910000000000000000e+03 4.860000000000000000e+03
9.434557600000000000e+07 2.610000000000000000e+03 3.810000000000000000e+03 3.910000000000000000e+03 4.860000000000000000e+03
9.434578500000000000e+07 2.540000000000000000e+03 3.800000000000000000e+03 3.920000000000000000e+03 4.860000000000000000e+03
9.434599300000000000e+07 2.530000000000000000e+03 3.800000000000000000e+03 3.930000000000000000e+03 4.860000000000000000e+03
9.434621700000000000e+07 2.540000000000000000e+03 3.800000000000000000e+03 3.920000000000000000e+03 4.860000000000000000e+03
9.434642400000000000e+07 2.580000000000000000e+03 3.800000000000000000e+03 3.920000000000000000e+03 4.860000000000000000e+03
9.434663200000000000e+07 2.530000000000000000e+03 3.800000000000000000e+03 3.920000000000000000e+03 4.860000000000000000e+03
9.434684000000000000e+07 2.530000000000000000e+03 3.800000000000000000e+03 3.920000000000000000e+03 4.860000000000000000e+03
9.434704800000000000e+07 2.530000000000000000e+03 3.800000000000000000e+03 3.920000000000000000e+03 4.850000000000000000e+03
9.434725600000000000e+07 2.530000000000000000e+03 3.800000000000000000e+03 3.920000000000000000e+03 4.850000000000000000e+03
9.434746400000000000e+07 2.540000000000000000e+03 3.800000000000000000e+03 3.920000000000000000e+03 4.860000000000000000e+03
9.434767200000000000e+07 2.600000000000000000e+03 3.820000000000000000e+03 3.920000000000000000e+03 4.860000000000000000e+03
9.434786400000000000e+07 2.550000000000000000e+03 3.820000000000000000e+03 3.920000000000000000e+03 4.870000000000000000e+03
9.434807200000000000e+07 2.530000000000000000e+03 3.820000000000000000e+03 3.920000000000000000e+03 4.870000000000000000e+03
9.434828000000000000e+07 2.520000000000000000e+03 3.820000000000000000e+03 3.930000000000000000e+03 4.870000000000000000e+03
9.434848800000000000e+07 2.550000000000000000e+03 3.820000000000000000e+03 3.930000000000000000e+03 4.870000000000000000e+03
9.434869600000000000e+07 2.550000000000000000e+03 3.820000000000000000e+03 3.930000000000000000e+03 4.870000000000000000e+03
9.434890400000000000e+07 2.570000000000000000e+03 3.820000000000000000e+03 3.930000000000000000e+03 4.880000000000000000e+03
9.434911200000000000e+07 2.570000000000000000e+03 3.820000000000000000e+03 3.930000000000000000e+03 4.880000000000000000e+03
9.434932000000000000e+07 2.590000000000000000e+03 3.820000000000000000e+03 3.930000000000000000e+03 4.880000000000000000e+03
9.434952800000000000e+07 2.580000000000000000e+03 3.820000000000000000e+03 3.920000000000000000e+03 4.880000000000000000e+03
9.434973500000000000e+07 2.550000000000000000e+03 3.810000000000000000e+03 3.920000000000000000e+03 4.880000000000000000e+03
9.434994400000000000e+07 2.560000000000000000e+03 3.810000000000000000e+03 3.920000000000000000e+03 4.870000000000000000e+03
9.435015200000000000e+07 2.540000000000000000e+03 3.810000000000000000e+03 3.920000000000000000e+03 4.860000000000000000e+03
9.435036000000000000e+07 2.550000000000000000e+03 3.810000000000000000e+03 3.920000000000000000e+03 4.860000000000000000e+03
9.435056700000000000e+07 2.550000000000000000e+03 3.810000000000000000e+03 3.920000000000000000e+03 4.860000000000000000e+03
9.435077600000000000e+07 2.550000000000000000e+03 3.820000000000000000e+03 3.920000000000000000e+03 4.860000000000000000e+03
9.435098300000000000e+07 2.530000000000000000e+03 3.820000000000000000e+03 3.920000000000000000e+03 4.870000000000000000e+03
9.435119100000000000e+07 2.530000000000000000e+03 3.820000000000000000e+03 3.930000000000000000e+03 4.870000000000000000e+03
9.435139900000000000e+07 2.570000000000000000e+03 3.820000000000000000e+03 3.920000000000000000e+03 4.870000000000000000e+03
9.435160700000000000e+07 2.550000000000000000e+03 3.820000000000000000e+03 3.910000000000000000e+03 4.860000000000000000e+03
9.435181400000000000e+07 2.540000000000000000e+03 3.830000000000000000e+03 3.920000000000000000e+03 4.850000000000000000e+03
9.435202300000000000e+07 2.540000000000000000e+03 3.820000000000000000e+03 3.920000000000000000e+03 4.850000000000000000e+03
9.435243900000000000e+07 2.550000000000000000e+03 3.820000000000000000e+03 3.920000000000000000e+03 4.850000000000000000e+03
9.435264700000000000e+07 2.530000000000000000e+03 3.830000000000000000e+03 3.920000000000000000e+03 4.860000000000000000e+03
9.435285500000000000e+07 2.600000000000000000e+03 3.830000000000000000e+03 3.910000000000000000e+03 4.860000000000000000e+03
9.435306300000000000e+07 2.570000000000000000e+03 3.840000000000000000e+03 3.920000000000000000e+03 4.870000000000000000e+03
9.435327100000000000e+07 2.550000000000000000e+03 3.830000000000000000e+03 3.920000000000000000e+03 4.870000000000000000e+03
9.435347900000000000e+07 2.540000000000000000e+03 3.830000000000000000e+03 3.920000000000000000e+03 4.880000000000000000e+03
9.435387900000000000e+07 2.570000000000000000e+03 3.820000000000000000e+03 3.930000000000000000e+03 4.880000000000000000e+03
9.435408700000000000e+07 2.590000000000000000e+03 3.820000000000000000e+03 3.920000000000000000e+03 4.870000000000000000e+03
9.435429400000000000e+07 2.600000000000000000e+03 3.830000000000000000e+03 3.930000000000000000e+03 4.860000000000000000e+03
9.435450300000000000e+07 2.530000000000000000e+03 3.820000000000000000e+03 3.930000000000000000e+03 4.860000000000000000e+03
9.435471100000000000e+07 2.590000000000000000e+03 3.800000000000000000e+03 3.930000000000000000e+03 4.860000000000000000e+03
9.435491900000000000e+07 2.550000000000000000e+03 3.800000000000000000e+03 3.930000000000000000e+03 4.870000000000000000e+03
9.435512700000000000e+07 2.560000000000000000e+03 3.800000000000000000e+03 3.930000000000000000e+03 4.860000000000000000e+03
9.435533400000000000e+07 2.570000000000000000e+03 3.800000000000000000e+03 3.920000000000000000e+03 4.860000000000000000e+03
9.435554200000000000e+07 2.530000000000000000e+03 3.800000000000000000e+03 3.930000000000000000e+03 4.860000000000000000e+03
9.435575000000000000e+07 2.590000000000000000e+03 3.820000000000000000e+03 3.930000000000000000e+03 4.860000000000000000e+03
9.435595800000000000e+07 2.550000000000000000e+03 3.820000000000000000e+03 3.930000000000000000e+03 4.860000000000000000e+03
9.435616600000000000e+07 2.540000000000000000e+03 3.820000000000000000e+03 3.920000000000000000e+03 4.860000000000000000e+03
9.435637400000000000e+07 2.570000000000000000e+03 3.810000000000000000e+03 3.910000000000000000e+03 4.860000000000000000e+03
9.435658200000000000e+07 2.560000000000000000e+03 3.820000000000000000e+03 3.910000000000000000e+03 4.860000000000000000e+03
9.435679000000000000e+07 2.540000000000000000e+03 3.820000000000000000e+03 3.910000000000000000e+03 4.860000000000000000e+03
9.435699800000000000e+07 2.600000000000000000e+03 3.810000000000000000e+03 3.920000000000000000e+03 4.870000000000000000e+03
9.435720500000000000e+07 2.570000000000000000e+03 3.810000000000000000e+03 3.920000000000000000e+03 4.870000000000000000e+03
9.435741400000000000e+07 2.550000000000000000e+03 3.810000000000000000e+03 3.920000000000000000e+03 4.860000000000000000e+03
9.435762200000000000e+07 2.530000000000000000e+03 3.810000000000000000e+03 3.920000000000000000e+03 4.860000000000000000e+03
9.435782900000000000e+07 2.560000000000000000e+03 3.810000000000000000e+03 3.920000000000000000e+03 4.870000000000000000e+03
9.435803800000000000e+07 2.520000000000000000e+03 3.800000000000000000e+03 3.920000000000000000e+03 4.870000000000000000e+03
9.435824600000000000e+07 2.510000000000000000e+03 3.800000000000000000e+03 3.920000000000000000e+03 4.870000000000000000e+03
9.435845400000000000e+07 2.580000000000000000e+03 3.810000000000000000e+03 3.920000000000000000e+03 4.870000000000000000e+03
9.435866100000000000e+07 2.550000000000000000e+03 3.820000000000000000e+03 3.920000000000000000e+03 4.880000000000000000e+03
9.435886900000000000e+07 2.540000000000000000e+03 3.820000000000000000e+03 3.920000000000000000e+03 4.870000000000000000e+03
9.435907700000000000e+07 2.570000000000000000e+03 3.820000000000000000e+03 3.920000000000000000e+03 4.860000000000000000e+03
9.435928600000000000e+07 2.530000000000000000e+03 3.820000000000000000e+03 3.920000000000000000e+03 4.860000000000000000e+03
9.435949400000000000e+07 2.590000000000000000e+03 3.820000000000000000e+03 3.910000000000000000e+03 4.860000000000000000e+03
9.435970100000000000e+07 2.550000000000000000e+03 3.830000000000000000e+03 3.910000000000000000e+03 4.860000000000000000e+03
9.435990900000000000e+07 2.550000000000000000e+03 3.820000000000000000e+03 3.910000000000000000e+03 4.860000000000000000e+03
9.440011700000000000e+07 2.550000000000000000e+03 3.810000000000000000e+03 3.910000000000000000e+03 4.860000000000000000e+03
9.440032500000000000e+07 2.590000000000000000e+03 3.820000000000000000e+03 3.910000000000000000e+03 4.870000000000000000e+03
9.440053300000000000e+07 2.590000000000000000e+03 3.830000000000000000e+03 3.910000000000000000e+03 4.870000000000000000e+03
9.440074100000000000e+07 2.550000000000000000e+03 3.840000000000000000e+03 3.920000000000000000e+03 4.860000000000000000e+03
9.440094900000000000e+07 2.580000000000000000e+03 3.840000000000000000e+03 3.930000000000000000e+03 4.860000000000000000e+03
9.440115700000000000e+07 2.550000000000000000e+03 3.840000000000000000e+03 3.930000000000000000e+03 4.860000000000000000e+03
9.440136500000000000e+07 2.600000000000000000e+03 3.850000000000000000e+03 3.930000000000000000e+03 4.860000000000000000e+03
9.440157300000000000e+07 2.550000000000000000e+03 3.850000000000000000e+03 3.920000000000000000e+03 4.870000000000000000e+03
9.440178100000000000e+07 2.550000000000000000e+03 3.860000000000000000e+03 3.920000000000000000e+03 4.870000000000000000e+03
9.440198800000000000e+07 2.590000000000000000e+03 3.840000000000000000e+03 3.920000000000000000e+03 4.860000000000000000e+03
9.440219700000000000e+07 2.590000000000000000e+03 3.840000000000000000e+03 3.900000000000000000e+03 4.860000000000000000e+03
9.440240500000000000e+07 2.530000000000000000e+03 3.830000000000000000e+03 3.910000000000000000e+03 4.860000000000000000e+03
9.440261300000000000e+07 2.570000000000000000e+03 3.830000000000000000e+03 3.910000000000000000e+03 4.860000000000000000e+03
9.440282100000000000e+07 2.540000000000000000e+03 3.820000000000000000e+03 3.920000000000000000e+03 4.860000000000000000e+03
9.440302900000000000e+07 2.530000000000000000e+03 3.830000000000000000e+03 3.920000000000000000e+03 4.860000000000000000e+03
9.440323700000000000e+07 2.550000000000000000e+03 3.830000000000000000e+03 3.920000000000000000e+03 4.860000000000000000e+03
9.440342900000000000e+07 2.570000000000000000e+03 3.820000000000000000e+03 3.920000000000000000e+03 4.860000000000000000e+03
9.440363700000000000e+07 2.550000000000000000e+03 3.820000000000000000e+03 3.910000000000000000e+03 4.870000000000000000e+03
9.440384400000000000e+07 2.580000000000000000e+03 3.810000000000000000e+03 3.910000000000000000e+03 4.870000000000000000e+03
9.440405200000000000e+07 2.540000000000000000e+03 3.810000000000000000e+03 3.920000000000000000e+03 4.870000000000000000e+03
9.440426100000000000e+07 2.560000000000000000e+03 3.830000000000000000e+03 3.920000000000000000e+03 4.870000000000000000e+03
9.440446800000000000e+07 2.600000000000000000e+03 3.830000000000000000e+03 3.920000000000000000e+03 4.860000000000000000e+03
9.440467600000000000e+07 2.560000000000000000e+03 3.830000000000000000e+03 3.920000000000000000e+03 4.870000000000000000e+03
9.440488400000000000e+07 2.600000000000000000e+03 3.820000000000000000e+03 3.920000000000000000e+03 4.870000000000000000e+03
9.440509200000000000e+07 2.610000000000000000e+03 3.830000000000000000e+03 3.920000000000000000e+03 4.870000000000000000e+03
9.440530000000000000e+07 2.610000000000000000e+03 3.820000000000000000e+03 3.930000000000000000e+03 4.880000000000000000e+03
9.440550800000000000e+07 2.550000000000000000e+03 3.820000000000000000e+03 3.930000000000000000e+03 4.870000000000000000e+03
9.440571600000000000e+07 2.090000000000000000e+03 4.300000000000000000e+03 3.920000000000000000e+03 4.870000000000000000e+03
9.440592400000000000e+07 2.090000000000000000e+03 4.280000000000000000e+03 3.920000000000000000e+03 4.870000000000000000e+03
9.440613200000000000e+07 2.090000000000000000e+03 4.270000000000000000e+03 3.910000000000000000e+03 4.870000000000000000e+03
9.440634000000000000e+07 2.080000000000000000e+03 4.320000000000000000e+03 3.910000000000000000e+03 4.870000000000000000e+03
9.440654900000000000e+07 2.080000000000000000e+03 4.300000000000000000e+03 3.910000000000000000e+03 4.870000000000000000e+03
9.440675600000000000e+07 2.080000000000000000e+03 4.300000000000000000e+03 3.910000000000000000e+03 4.870000000000000000e+03
9.440696400000000000e+07 2.080000000000000000e+03 4.290000000000000000e+03 3.890000000000000000e+03 4.870000000000000000e+03
9.440717200000000000e+07 2.070000000000000000e+03 4.290000000000000000e+03 3.900000000000000000e+03 4.870000000000000000e+03
9.440738000000000000e+07 2.080000000000000000e+03 4.290000000000000000e+03 3.910000000000000000e+03 4.870000000000000000e+03
9.440758800000000000e+07 2.080000000000000000e+03 4.340000000000000000e+03 3.910000000000000000e+03 4.870000000000000000e+03
9.440779600000000000e+07 2.080000000000000000e+03 4.280000000000000000e+03 3.900000000000000000e+03 4.880000000000000000e+03
9.440862800000000000e+07 2.090000000000000000e+03 4.350000000000000000e+03 3.900000000000000000e+03 4.880000000000000000e+03
9.440883500000000000e+07 2.090000000000000000e+03 4.320000000000000000e+03 3.910000000000000000e+03 4.880000000000000000e+03
9.440904300000000000e+07 2.080000000000000000e+03 4.290000000000000000e+03 3.910000000000000000e+03 4.870000000000000000e+03
9.440925100000000000e+07 2.070000000000000000e+03 4.300000000000000000e+03 3.910000000000000000e+03 4.870000000000000000e+03
9.440945800000000000e+07 2.070000000000000000e+03 4.270000000000000000e+03 3.920000000000000000e+03 4.870000000000000000e+03
9.440966700000000000e+07 2.070000000000000000e+03 4.300000000000000000e+03 3.920000000000000000e+03 4.880000000000000000e+03
9.440987500000000000e+07 2.070000000000000000e+03 4.290000000000000000e+03 3.920000000000000000e+03 4.870000000000000000e+03
9.441008300000000000e+07 2.070000000000000000e+03 4.270000000000000000e+03 3.920000000000000000e+03 4.870000000000000000e+03
9.441029100000000000e+07 2.080000000000000000e+03 4.330000000000000000e+03 3.910000000000000000e+03 4.870000000000000000e+03
9.441049900000000000e+07 2.090000000000000000e+03 4.310000000000000000e+03 3.920000000000000000e+03 4.860000000000000000e+03
9.441070700000000000e+07 2.090000000000000000e+03 4.290000000000000000e+03 3.910000000000000000e+03 4.860000000000000000e+03
9.441091400000000000e+07 2.090000000000000000e+03 4.320000000000000000e+03 3.900000000000000000e+03 4.860000000000000000e+03
9.441112300000000000e+07 2.080000000000000000e+03 4.320000000000000000e+03 3.890000000000000000e+03 4.860000000000000000e+03
9.441133100000000000e+07 2.080000000000000000e+03 4.320000000000000000e+03 3.890000000000000000e+03 4.860000000000000000e+03
9.441153800000000000e+07 2.080000000000000000e+03 4.290000000000000000e+03 3.880000000000000000e+03 4.860000000000000000e+03
9.441174700000000000e+07 2.090000000000000000e+03 4.270000000000000000e+03 3.890000000000000000e+03 4.860000000000000000e+03
9.441195400000000000e+07 2.090000000000000000e+03 4.290000000000000000e+03 3.890000000000000000e+03 4.860000000000000000e+03
9.441216300000000000e+07 2.090000000000000000e+03 4.310000000000000000e+03 3.890000000000000000e+03 4.860000000000000000e+03
9.441237100000000000e+07 2.090000000000000000e+03 4.270000000000000000e+03 3.900000000000000000e+03 4.870000000000000000e+03
9.441257800000000000e+07 2.090000000000000000e+03 4.270000000000000000e+03 3.900000000000000000e+03 4.870000000000000000e+03
9.441278600000000000e+07 2.090000000000000000e+03 4.330000000000000000e+03 3.900000000000000000e+03 4.860000000000000000e+03
9.441299400000000000e+07 2.090000000000000000e+03 4.270000000000000000e+03 3.900000000000000000e+03 4.860000000000000000e+03
9.441320200000000000e+07 2.080000000000000000e+03 4.260000000000000000e+03 3.890000000000000000e+03 4.860000000000000000e+03
9.441341000000000000e+07 2.080000000000000000e+03 4.320000000000000000e+03 3.900000000000000000e+03 4.860000000000000000e+03
9.441361800000000000e+07 2.080000000000000000e+03 4.330000000000000000e+03 3.890000000000000000e+03 4.860000000000000000e+03
9.441382600000000000e+07 2.080000000000000000e+03 4.350000000000000000e+03 3.890000000000000000e+03 4.870000000000000000e+03
9.441403400000000000e+07 2.080000000000000000e+03 4.330000000000000000e+03 3.890000000000000000e+03 4.870000000000000000e+03
9.441424200000000000e+07 2.090000000000000000e+03 4.300000000000000000e+03 3.890000000000000000e+03 4.860000000000000000e+03
9.441444900000000000e+07 2.090000000000000000e+03 4.300000000000000000e+03 3.890000000000000000e+03 4.860000000000000000e+03
9.441465800000000000e+07 2.090000000000000000e+03 4.290000000000000000e+03 3.880000000000000000e+03 4.860000000000000000e+03
9.441486600000000000e+07 2.090000000000000000e+03 4.360000000000000000e+03 3.890000000000000000e+03 4.860000000000000000e+03
9.441507400000000000e+07 2.090000000000000000e+03 4.290000000000000000e+03 3.880000000000000000e+03 4.860000000000000000e+03
9.441528200000000000e+07 2.080000000000000000e+03 4.280000000000000000e+03 3.880000000000000000e+03 4.870000000000000000e+03
9.441549000000000000e+07 2.090000000000000000e+03 4.290000000000000000e+03 3.890000000000000000e+03 4.860000000000000000e+03
9.441569800000000000e+07 2.080000000000000000e+03 4.280000000000000000e+03 3.890000000000000000e+03 4.860000000000000000e+03
9.441590600000000000e+07 2.080000000000000000e+03 4.330000000000000000e+03 3.890000000000000000e+03 4.860000000000000000e+03
9.441611400000000000e+07 2.080000000000000000e+03 4.270000000000000000e+03 3.900000000000000000e+03 4.860000000000000000e+03
9.441632100000000000e+07 2.080000000000000000e+03 4.340000000000000000e+03 3.900000000000000000e+03 4.870000000000000000e+03
9.441653000000000000e+07 2.070000000000000000e+03 4.300000000000000000e+03 3.890000000000000000e+03 4.870000000000000000e+03
9.441673700000000000e+07 2.070000000000000000e+03 4.300000000000000000e+03 3.890000000000000000e+03 4.870000000000000000e+03
9.441694600000000000e+07 2.070000000000000000e+03 4.330000000000000000e+03 3.890000000000000000e+03 4.870000000000000000e+03
9.441715400000000000e+07 2.080000000000000000e+03 4.300000000000000000e+03 3.900000000000000000e+03 4.860000000000000000e+03
9.441736100000000000e+07 2.080000000000000000e+03 4.290000000000000000e+03 3.900000000000000000e+03 4.860000000000000000e+03
9.441756900000000000e+07 2.080000000000000000e+03 4.300000000000000000e+03 3.900000000000000000e+03 4.860000000000000000e+03
9.441777700000000000e+07 2.070000000000000000e+03 4.270000000000000000e+03 3.900000000000000000e+03 4.860000000000000000e+03
9.441798500000000000e+07 2.080000000000000000e+03 4.330000000000000000e+03 3.910000000000000000e+03 4.860000000000000000e+03
9.441819300000000000e+07 2.070000000000000000e+03 4.300000000000000000e+03 3.910000000000000000e+03 4.860000000000000000e+03
9.441840100000000000e+07 2.070000000000000000e+03 4.280000000000000000e+03 3.900000000000000000e+03 4.860000000000000000e+03
9.441860900000000000e+07 2.070000000000000000e+03 4.330000000000000000e+03 3.900000000000000000e+03 4.860000000000000000e+03
9.441881700000000000e+07 2.070000000000000000e+03 4.290000000000000000e+03 3.890000000000000000e+03 4.860000000000000000e+03
9.441902500000000000e+07 2.070000000000000000e+03 4.310000000000000000e+03 3.890000000000000000e+03 4.870000000000000000e+03
9.441923300000000000e+07 2.070000000000000000e+03 4.280000000000000000e+03 3.890000000000000000e+03 4.860000000000000000e+03
9.441944100000000000e+07 2.070000000000000000e+03 4.310000000000000000e+03 3.890000000000000000e+03 4.860000000000000000e+03
9.441964800000000000e+07 2.070000000000000000e+03 4.290000000000000000e+03 3.890000000000000000e+03 4.870000000000000000e+03
9.441985700000000000e+07 2.070000000000000000e+03 4.340000000000000000e+03 3.890000000000000000e+03 4.870000000000000000e+03
9.442006500000000000e+07 2.070000000000000000e+03 4.320000000000000000e+03 3.890000000000000000e+03 4.870000000000000000e+03
9.442027300000000000e+07 2.080000000000000000e+03 4.310000000000000000e+03 3.890000000000000000e+03 4.870000000000000000e+03
9.442048100000000000e+07 2.070000000000000000e+03 4.300000000000000000e+03 3.890000000000000000e+03 4.870000000000000000e+03
9.442068800000000000e+07 2.080000000000000000e+03 4.330000000000000000e+03 3.890000000000000000e+03 4.870000000000000000e+03
9.442089700000000000e+07 2.070000000000000000e+03 4.280000000000000000e+03 3.890000000000000000e+03 4.870000000000000000e+03
9.442110400000000000e+07 2.070000000000000000e+03 4.350000000000000000e+03 3.890000000000000000e+03 4.870000000000000000e+03
9.442131300000000000e+07 2.070000000000000000e+03 4.350000000000000000e+03 3.900000000000000000e+03 4.860000000000000000e+03
9.442152000000000000e+07 2.070000000000000000e+03 4.350000000000000000e+03 3.900000000000000000e+03 4.860000000000000000e+03
9.442172800000000000e+07 2.070000000000000000e+03 4.340000000000000000e+03 3.900000000000000000e+03 4.860000000000000000e+03
9.442193600000000000e+07 2.070000000000000000e+03 4.280000000000000000e+03 3.900000000000000000e+03 4.870000000000000000e+03
9.442214400000000000e+07 2.070000000000000000e+03 4.300000000000000000e+03 3.900000000000000000e+03 4.870000000000000000e+03
9.442235200000000000e+07 2.070000000000000000e+03 4.270000000000000000e+03 3.900000000000000000e+03 4.870000000000000000e+03
9.442256000000000000e+07 2.080000000000000000e+03 4.300000000000000000e+03 3.900000000000000000e+03 4.870000000000000000e+03
9.442276700000000000e+07 2.070000000000000000e+03 4.340000000000000000e+03 3.900000000000000000e+03 4.860000000000000000e+03
9.442297600000000000e+07 2.070000000000000000e+03 4.280000000000000000e+03 3.900000000000000000e+03 4.870000000000000000e+03
9.442318400000000000e+07 2.080000000000000000e+03 4.300000000000000000e+03 3.900000000000000000e+03 4.860000000000000000e+03
9.442339200000000000e+07 2.070000000000000000e+03 4.290000000000000000e+03 3.900000000000000000e+03 4.870000000000000000e+03
9.442360000000000000e+07 2.090000000000000000e+03 4.310000000000000000e+03 3.900000000000000000e+03 4.870000000000000000e+03
9.442380800000000000e+07 2.090000000000000000e+03 4.290000000000000000e+03 3.910000000000000000e+03 4.870000000000000000e+03
9.442401600000000000e+07 2.110000000000000000e+03 4.310000000000000000e+03 3.920000000000000000e+03 4.860000000000000000e+03
9.442422400000000000e+07 2.090000000000000000e+03 4.300000000000000000e+03 3.910000000000000000e+03 4.860000000000000000e+03
9.442443100000000000e+07 2.110000000000000000e+03 4.320000000000000000e+03 3.910000000000000000e+03 4.860000000000000000e+03
9.442464000000000000e+07 2.110000000000000000e+03 4.340000000000000000e+03 3.910000000000000000e+03 4.860000000000000000e+03
9.442484800000000000e+07 2.090000000000000000e+03 4.270000000000000000e+03 3.910000000000000000e+03 4.860000000000000000e+03
9.442505600000000000e+07 2.090000000000000000e+03 4.290000000000000000e+03 3.910000000000000000e+03 4.860000000000000000e+03
9.442526400000000000e+07 2.090000000000000000e+03 4.280000000000000000e+03 3.910000000000000000e+03 4.860000000000000000e+03
9.442547100000000000e+07 2.090000000000000000e+03 4.350000000000000000e+03 3.900000000000000000e+03 4.860000000000000000e+03
9.442567900000000000e+07 2.110000000000000000e+03 4.300000000000000000e+03 3.900000000000000000e+03 4.860000000000000000e+03
9.442588700000000000e+07 2.110000000000000000e+03 4.320000000000000000e+03 3.900000000000000000e+03 4.870000000000000000e+03
9.442609500000000000e+07 2.110000000000000000e+03 4.290000000000000000e+03 3.900000000000000000e+03 4.870000000000000000e+03
9.442630300000000000e+07 2.090000000000000000e+03 4.280000000000000000e+03 3.900000000000000000e+03 4.860000000000000000e+03
9.442651100000000000e+07 2.090000000000000000e+03 4.300000000000000000e+03 3.890000000000000000e+03 4.860000000000000000e+03
9.442671900000000000e+07 2.110000000000000000e+03 4.310000000000000000e+03 3.890000000000000000e+03 4.860000000000000000e+03
9.442692700000000000e+07 2.110000000000000000e+03 4.320000000000000000e+03 3.890000000000000000e+03 4.860000000000000000e+03
9.442713500000000000e+07 2.110000000000000000e+03 4.300000000000000000e+03 3.890000000000000000e+03 4.870000000000000000e+03
9.442734300000000000e+07 2.110000000000000000e+03 4.320000000000000000e+03 3.880000000000000000e+03 4.860000000000000000e+03
9.442755100000000000e+07 2.090000000000000000e+03 4.280000000000000000e+03 3.890000000000000000e+03 4.860000000000000000e+03
9.442775900000000000e+07 2.090000000000000000e+03 4.330000000000000000e+03 3.900000000000000000e+03 4.870000000000000000e+03
