1.147163430000000000e+08 3.230000000000000000e+03 2.600000000000000000e+03 4.610000000000000000e+03 4.070000000000000000e+03
1.147165510000000000e+08 3.230000000000000000e+03 2.610000000000000000e+03 4.600000000000000000e+03 4.060000000000000000e+03
1.147167590000000000e+08 3.230000000000000000e+03 2.700000000000000000e+03 4.610000000000000000e+03 4.070000000000000000e+03
1.147169670000000000e+08 3.240000000000000000e+03 2.670000000000000000e+03 4.610000000000000000e+03 4.070000000000000000e+03
1.147171740000000000e+08 3.230000000000000000e+03 2.660000000000000000e+03 4.610000000000000000e+03 4.060000000000000000e+03
1.147173660000000000e+08 3.230000000000000000e+03 2.650000000000000000e+03 4.610000000000000000e+03 4.060000000000000000e+03
1.147175750000000000e+08 3.240000000000000000e+03 2.720000000000000000e+03 4.610000000000000000e+03 4.060000000000000000e+03
1.147177820000000000e+08 3.240000000000000000e+03 2.670000000000000000e+03 4.600000000000000000e+03 4.060000000000000000e+03
1.147179900000000000e+08 3.240000000000000000e+03 2.670000000000000000e+03 4.600000000000000000e+03 4.060000000000000000e+03
1.147181980000000000e+08 3.240000000000000000e+03 2.670000000000000000e+03 4.600000000000000000e+03 4.060000000000000000e+03
1.147184090000000000e+08 3.240000000000000000e+03 2.670000000000000000e+03 4.600000000000000000e+03 4.060000000000000000e+03
1.147186140000000000e+08 3.240000000000000000e+03 2.680000000000000000e+03 4.600000000000000000e+03 4.070000000000000000e+03
1.147188220000000000e+08 3.220000000000000000e+03 2.690000000000000000e+03 4.600000000000000000e+03 4.070000000000000000e+03
1.147190300000000000e+08 3.220000000000000000e+03 2.700000000000000000e+03 4.600000000000000000e+03 4.070000000000000000e+03
1.147192380000000000e+08 3.220000000000000000e+03 2.670000000000000000e+03 4.600000000000000000e+03 4.080000000000000000e+03
1.147194460000000000e+08 3.220000000000000000e+03 2.760000000000000000e+03 4.600000000000000000e+03 4.090000000000000000e+03
1.147196530000000000e+08 3.230000000000000000e+03 2.720000000000000000e+03 4.600000000000000000e+03 4.080000000000000000e+03
1.147198620000000000e+08 3.230000000000000000e+03 2.830000000000000000e+03 4.600000000000000000e+03 4.080000000000000000e+03
1.147200700000000000e+08 3.230000000000000000e+03 2.860000000000000000e+03 4.600000000000000000e+03 4.080000000000000000e+03
1.147202780000000000e+08 3.230000000000000000e+03 2.850000000000000000e+03 4.620000000000000000e+03 4.070000000000000000e+03
1.147204860000000000e+08 3.230000000000000000e+03 2.990000000000000000e+03 4.610000000000000000e+03 4.080000000000000000e+03
1.147206940000000000e+08 3.230000000000000000e+03 3.070000000000000000e+03 4.600000000000000000e+03 4.080000000000000000e+03
1.147208860000000000e+08 3.230000000000000000e+03 3.140000000000000000e+03 4.600000000000000000e+03 4.080000000000000000e+03
1.147210940000000000e+08 3.230000000000000000e+03 3.160000000000000000e+03 4.580000000000000000e+03 4.080000000000000000e+03
1.147213020000000000e+08 3.230000000000000000e+03 3.160000000000000000e+03 4.580000000000000000e+03 4.080000000000000000e+03
1.147215100000000000e+08 3.240000000000000000e+03 3.190000000000000000e+03 4.580000000000000000e+03 4.080000000000000000e+03
1.147223410000000000e+08 3.230000000000000000e+03 3.200000000000000000e+03 4.580000000000000000e+03 4.060000000000000000e+03
1.147225500000000000e+08 3.230000000000000000e+03 3.090000000000000000e+03 4.580000000000000000e+03 4.060000000000000000e+03
1.147227580000000000e+08 3.230000000000000000e+03 3.050000000000000000e+03 4.580000000000000000e+03 4.060000000000000000e+03
1.147229650000000000e+08 3.230000000000000000e+03 3.000000000000000000e+03 4.600000000000000000e+03 4.060000000000000000e+03
1.147231730000000000e+08 3.230000000000000000e+03 2.970000000000000000e+03 4.600000000000000000e+03 4.060000000000000000e+03
1.147233810000000000e+08 3.230000000000000000e+03 2.960000000000000000e+03 4.600000000000000000e+03 4.070000000000000000e+03
1.147235890000000000e+08 3.240000000000000000e+03 2.930000000000000000e+03 4.580000000000000000e+03 4.070000000000000000e+03
1.147237970000000000e+08 3.240000000000000000e+03 2.910000000000000000e+03 4.580000000000000000e+03 4.080000000000000000e+03
1.147240050000000000e+08 3.240000000000000000e+03 2.890000000000000000e+03 4.600000000000000000e+03 4.080000000000000000e+03
1.147241970000000000e+08 3.240000000000000000e+03 2.890000000000000000e+03 4.600000000000000000e+03 4.080000000000000000e+03
1.147244050000000000e+08 3.240000000000000000e+03 2.870000000000000000e+03 4.600000000000000000e+03 4.080000000000000000e+03
1.147246130000000000e+08 3.240000000000000000e+03 2.860000000000000000e+03 4.600000000000000000e+03 4.080000000000000000e+03
1.147248210000000000e+08 3.240000000000000000e+03 2.850000000000000000e+03 4.570000000000000000e+03 4.080000000000000000e+03
1.147250290000000000e+08 3.250000000000000000e+03 2.840000000000000000e+03 4.570000000000000000e+03 4.080000000000000000e+03
1.147252370000000000e+08 3.250000000000000000e+03 2.850000000000000000e+03 4.580000000000000000e+03 4.080000000000000000e+03
1.147254450000000000e+08 3.250000000000000000e+03 2.880000000000000000e+03 4.600000000000000000e+03 4.080000000000000000e+03
1.147256530000000000e+08 3.250000000000000000e+03 2.880000000000000000e+03 4.610000000000000000e+03 4.080000000000000000e+03
1.147258610000000000e+08 3.250000000000000000e+03 2.900000000000000000e+03 4.610000000000000000e+03 4.080000000000000000e+03
1.147260690000000000e+08 3.250000000000000000e+03 2.900000000000000000e+03 4.600000000000000000e+03 4.080000000000000000e+03
1.147262770000000000e+08 3.250000000000000000e+03 2.900000000000000000e+03 4.610000000000000000e+03 4.080000000000000000e+03
1.147264850000000000e+08 3.250000000000000000e+03 2.920000000000000000e+03 4.600000000000000000e+03 4.080000000000000000e+03
1.147266930000000000e+08 3.260000000000000000e+03 2.930000000000000000e+03 4.580000000000000000e+03 4.080000000000000000e+03
1.147269000000000000e+08 3.240000000000000000e+03 2.980000000000000000e+03 4.600000000000000000e+03 4.080000000000000000e+03
1.147271090000000000e+08 3.240000000000000000e+03 2.980000000000000000e+03 4.580000000000000000e+03 4.080000000000000000e+03
1.147273170000000000e+08 3.240000000000000000e+03 2.930000000000000000e+03 4.580000000000000000e+03 4.070000000000000000e+03
1.147275250000000000e+08 3.240000000000000000e+03 2.820000000000000000e+03 4.600000000000000000e+03 4.080000000000000000e+03
1.147277170000000000e+08 3.240000000000000000e+03 2.790000000000000000e+03 4.580000000000000000e+03 4.080000000000000000e+03
1.147279250000000000e+08 3.240000000000000000e+03 2.810000000000000000e+03 4.610000000000000000e+03 4.080000000000000000e+03
1.147281340000000000e+08 3.230000000000000000e+03 2.790000000000000000e+03 4.610000000000000000e+03 4.080000000000000000e+03
1.147283410000000000e+08 3.230000000000000000e+03 2.780000000000000000e+03 4.610000000000000000e+03 4.080000000000000000e+03
1.147285490000000000e+08 3.230000000000000000e+03 2.750000000000000000e+03 4.600000000000000000e+03 4.070000000000000000e+03
1.147287560000000000e+08 3.230000000000000000e+03 2.740000000000000000e+03 4.600000000000000000e+03 4.060000000000000000e+03
1.147289640000000000e+08 3.240000000000000000e+03 2.740000000000000000e+03 4.600000000000000000e+03 4.060000000000000000e+03
1.147291720000000000e+08 3.240000000000000000e+03 2.740000000000000000e+03 4.580000000000000000e+03 4.070000000000000000e+03
1.147293800000000000e+08 3.230000000000000000e+03 2.780000000000000000e+03 4.600000000000000000e+03 4.070000000000000000e+03
1.147295880000000000e+08 3.230000000000000000e+03 2.790000000000000000e+03 4.580000000000000000e+03 4.080000000000000000e+03
1.147297960000000000e+08 3.230000000000000000e+03 2.750000000000000000e+03 4.600000000000000000e+03 4.080000000000000000e+03
1.147300050000000000e+08 3.230000000000000000e+03 2.700000000000000000e+03 4.600000000000000000e+03 4.080000000000000000e+03
1.147302140000000000e+08 3.230000000000000000e+03 2.660000000000000000e+03 4.600000000000000000e+03 4.080000000000000000e+03
1.147304200000000000e+08 3.230000000000000000e+03 2.630000000000000000e+03 4.610000000000000000e+03 4.080000000000000000e+03
1.147306280000000000e+08 3.230000000000000000e+03 2.810000000000000000e+03 4.610000000000000000e+03 4.070000000000000000e+03
1.147308360000000000e+08 3.230000000000000000e+03 2.740000000000000000e+03 4.600000000000000000e+03 4.060000000000000000e+03
1.147310280000000000e+08 3.250000000000000000e+03 2.740000000000000000e+03 4.620000000000000000e+03 4.050000000000000000e+03
1.147312360000000000e+08 3.250000000000000000e+03 2.740000000000000000e+03 4.620000000000000000e+03 4.050000000000000000e+03
1.147314440000000000e+08 3.250000000000000000e+03 2.740000000000000000e+03 4.620000000000000000e+03 4.050000000000000000e+03
1.147316520000000000e+08 3.240000000000000000e+03 2.750000000000000000e+03 4.610000000000000000e+03 4.060000000000000000e+03
1.147318600000000000e+08 3.230000000000000000e+03 2.760000000000000000e+03 4.600000000000000000e+03 4.060000000000000000e+03
1.147320680000000000e+08 3.240000000000000000e+03 2.750000000000000000e+03 4.580000000000000000e+03 4.060000000000000000e+03
1.147322760000000000e+08 3.240000000000000000e+03 2.750000000000000000e+03 4.600000000000000000e+03 4.050000000000000000e+03
1.147324840000000000e+08 3.240000000000000000e+03 2.770000000000000000e+03 4.600000000000000000e+03 4.060000000000000000e+03
1.147326930000000000e+08 3.240000000000000000e+03 2.780000000000000000e+03 4.600000000000000000e+03 4.070000000000000000e+03
1.147328990000000000e+08 3.240000000000000000e+03 2.790000000000000000e+03 4.600000000000000000e+03 4.070000000000000000e+03
1.147331080000000000e+08 3.240000000000000000e+03 2.800000000000000000e+03 4.600000000000000000e+03 4.070000000000000000e+03
1.147333160000000000e+08 3.240000000000000000e+03 2.800000000000000000e+03 4.600000000000000000e+03 4.070000000000000000e+03
1.147335240000000000e+08 3.240000000000000000e+03 2.800000000000000000e+03 4.610000000000000000e+03 4.070000000000000000e+03
1.147337320000000000e+08 3.240000000000000000e+03 2.810000000000000000e+03 4.610000000000000000e+03 4.070000000000000000e+03
1.147339400000000000e+08 3.240000000000000000e+03 2.810000000000000000e+03 4.610000000000000000e+03 4.070000000000000000e+03
1.147341480000000000e+08 3.240000000000000000e+03 2.820000000000000000e+03 4.610000000000000000e+03 4.070000000000000000e+03
1.147343400000000000e+08 3.240000000000000000e+03 2.830000000000000000e+03 4.610000000000000000e+03 4.070000000000000000e+03
1.147345470000000000e+08 3.240000000000000000e+03 2.830000000000000000e+03 4.610000000000000000e+03 4.070000000000000000e+03
1.147347560000000000e+08 3.240000000000000000e+03 2.830000000000000000e+03 4.610000000000000000e+03 4.070000000000000000e+03
1.147349630000000000e+08 3.240000000000000000e+03 2.830000000000000000e+03 4.600000000000000000e+03 4.070000000000000000e+03
1.147351710000000000e+08 3.240000000000000000e+03 2.840000000000000000e+03 4.600000000000000000e+03 4.070000000000000000e+03
1.147353790000000000e+08 3.250000000000000000e+03 2.840000000000000000e+03 4.580000000000000000e+03 4.070000000000000000e+03
1.147355870000000000e+08 3.240000000000000000e+03 2.850000000000000000e+03 4.610000000000000000e+03 4.070000000000000000e+03
1.147357950000000000e+08 3.240000000000000000e+03 2.860000000000000000e+03 4.610000000000000000e+03 4.070000000000000000e+03
1.147360050000000000e+08 3.240000000000000000e+03 2.890000000000000000e+03 4.610000000000000000e+03 4.070000000000000000e+03
1.147362110000000000e+08 3.240000000000000000e+03 2.910000000000000000e+03 4.610000000000000000e+03 4.070000000000000000e+03
1.147364190000000000e+08 3.230000000000000000e+03 2.910000000000000000e+03 4.600000000000000000e+03 4.070000000000000000e+03
1.147366270000000000e+08 3.240000000000000000e+03 2.910000000000000000e+03 4.600000000000000000e+03 4.070000000000000000e+03
1.147368350000000000e+08 3.240000000000000000e+03 2.890000000000000000e+03 4.600000000000000000e+03 4.070000000000000000e+03
1.147370420000000000e+08 3.240000000000000000e+03 2.870000000000000000e+03 4.600000000000000000e+03 4.070000000000000000e+03
1.147372510000000000e+08 3.230000000000000000e+03 2.820000000000000000e+03 4.600000000000000000e+03 4.070000000000000000e+03
1.147374590000000000e+08 3.220000000000000000e+03 2.790000000000000000e+03 4.600000000000000000e+03 4.060000000000000000e+03
1.147376670000000000e+08 3.220000000000000000e+03 2.720000000000000000e+03 4.610000000000000000e+03 4.060000000000000000e+03
1.147378590000000000e+08 3.220000000000000000e+03 2.670000000000000000e+03 4.610000000000000000e+03 4.060000000000000000e+03
1.147380670000000000e+08 3.220000000000000000e+03 2.770000000000000000e+03 4.610000000000000000e+03 4.060000000000000000e+03
1.147382750000000000e+08 3.220000000000000000e+03 2.790000000000000000e+03 4.580000000000000000e+03 4.060000000000000000e+03
1.147384830000000000e+08 3.220000000000000000e+03 2.790000000000000000e+03 4.580000000000000000e+03 4.080000000000000000e+03
1.147386910000000000e+08 3.220000000000000000e+03 2.780000000000000000e+03 4.600000000000000000e+03 4.080000000000000000e+03
1.147388990000000000e+08 3.220000000000000000e+03 2.760000000000000000e+03 4.610000000000000000e+03 4.080000000000000000e+03
1.147391070000000000e+08 3.220000000000000000e+03 2.750000000000000000e+03 4.600000000000000000e+03 4.080000000000000000e+03
1.147393150000000000e+08 3.230000000000000000e+03 2.720000000000000000e+03 4.580000000000000000e+03 4.080000000000000000e+03
1.147395220000000000e+08 3.220000000000000000e+03 2.710000000000000000e+03 4.580000000000000000e+03 4.060000000000000000e+03
1.147397300000000000e+08 3.220000000000000000e+03 2.750000000000000000e+03 4.580000000000000000e+03 4.070000000000000000e+03
1.147399390000000000e+08 3.220000000000000000e+03 2.780000000000000000e+03 4.580000000000000000e+03 4.070000000000000000e+03
1.147401470000000000e+08 3.220000000000000000e+03 2.790000000000000000e+03 4.600000000000000000e+03 4.070000000000000000e+03
1.147403720000000000e+08 3.220000000000000000e+03 2.760000000000000000e+03 4.600000000000000000e+03 4.080000000000000000e+03
1.147405620000000000e+08 3.220000000000000000e+03 2.780000000000000000e+03 4.600000000000000000e+03 4.080000000000000000e+03
1.147407700000000000e+08 3.220000000000000000e+03 2.850000000000000000e+03 4.580000000000000000e+03 4.080000000000000000e+03
1.147409780000000000e+08 3.220000000000000000e+03 2.880000000000000000e+03 4.580000000000000000e+03 4.070000000000000000e+03
1.147411700000000000e+08 3.220000000000000000e+03 2.860000000000000000e+03 4.570000000000000000e+03 4.070000000000000000e+03
1.147413780000000000e+08 3.220000000000000000e+03 2.880000000000000000e+03 4.580000000000000000e+03 4.060000000000000000e+03
1.147415860000000000e+08 3.210000000000000000e+03 2.860000000000000000e+03 4.600000000000000000e+03 4.060000000000000000e+03
1.147417940000000000e+08 3.210000000000000000e+03 2.870000000000000000e+03 4.600000000000000000e+03 4.060000000000000000e+03
1.147420020000000000e+08 3.220000000000000000e+03 2.870000000000000000e+03 4.600000000000000000e+03 4.060000000000000000e+03
1.147422100000000000e+08 3.220000000000000000e+03 2.810000000000000000e+03 4.600000000000000000e+03 4.060000000000000000e+03
1.147424180000000000e+08 3.220000000000000000e+03 2.760000000000000000e+03 4.600000000000000000e+03 4.060000000000000000e+03
1.147426260000000000e+08 3.220000000000000000e+03 2.750000000000000000e+03 4.580000000000000000e+03 4.060000000000000000e+03
1.147428340000000000e+08 3.220000000000000000e+03 2.720000000000000000e+03 4.600000000000000000e+03 4.060000000000000000e+03
1.147430420000000000e+08 3.230000000000000000e+03 2.720000000000000000e+03 4.610000000000000000e+03 4.060000000000000000e+03
1.147432500000000000e+08 3.240000000000000000e+03 2.710000000000000000e+03 4.610000000000000000e+03 4.070000000000000000e+03
1.147434580000000000e+08 3.240000000000000000e+03 2.740000000000000000e+03 4.600000000000000000e+03 4.070000000000000000e+03
1.147436660000000000e+08 3.240000000000000000e+03 2.760000000000000000e+03 4.600000000000000000e+03 4.070000000000000000e+03
1.147438740000000000e+08 3.240000000000000000e+03 2.760000000000000000e+03 4.580000000000000000e+03 4.070000000000000000e+03
1.147440820000000000e+08 3.240000000000000000e+03 2.760000000000000000e+03 4.580000000000000000e+03 4.060000000000000000e+03
1.147442900000000000e+08 3.240000000000000000e+03 2.680000000000000000e+03 4.580000000000000000e+03 4.070000000000000000e+03
1.147444820000000000e+08 3.230000000000000000e+03 2.640000000000000000e+03 4.600000000000000000e+03 4.070000000000000000e+03
1.147446900000000000e+08 3.220000000000000000e+03 2.630000000000000000e+03 4.600000000000000000e+03 4.070000000000000000e+03
1.147448980000000000e+08 3.220000000000000000e+03 2.610000000000000000e+03 4.600000000000000000e+03 4.070000000000000000e+03
1.147451060000000000e+08 3.230000000000000000e+03 2.620000000000000000e+03 4.610000000000000000e+03 4.070000000000000000e+03
1.147534240000000000e+08 3.470000000000000000e+03 2.490000000000000000e+03 4.610000000000000000e+03 4.070000000000000000e+03
1.147536320000000000e+08 3.670000000000000000e+03 2.500000000000000000e+03 4.610000000000000000e+03 4.070000000000000000e+03
1.147538400000000000e+08 3.800000000000000000e+03 2.480000000000000000e+03 4.610000000000000000e+03 4.070000000000000000e+03
1.147540490000000000e+08 3.880000000000000000e+03 2.470000000000000000e+03 4.600000000000000000e+03 4.070000000000000000e+03
1.147542560000000000e+08 3.940000000000000000e+03 2.490000000000000000e+03 4.580000000000000000e+03 4.070000000000000000e+03
1.147544640000000000e+08 3.990000000000000000e+03 2.500000000000000000e+03 4.580000000000000000e+03 4.070000000000000000e+03
1.147546720000000000e+08 4.030000000000000000e+03 2.500000000000000000e+03 4.580000000000000000e+03 4.080000000000000000e+03
1.147548800000000000e+08 4.050000000000000000e+03 2.480000000000000000e+03 4.580000000000000000e+03 4.080000000000000000e+03
1.147550880000000000e+08 4.070000000000000000e+03 2.460000000000000000e+03 4.600000000000000000e+03 4.070000000000000000e+03
1.147552960000000000e+08 4.080000000000000000e+03 2.470000000000000000e+03 4.580000000000000000e+03 4.070000000000000000e+03
1.147555040000000000e+08 4.080000000000000000e+03 2.480000000000000000e+03 4.580000000000000000e+03 4.070000000000000000e+03
1.147557120000000000e+08 4.080000000000000000e+03 2.480000000000000000e+03 4.600000000000000000e+03 4.070000000000000000e+03
1.147559200000000000e+08 4.050000000000000000e+03 2.480000000000000000e+03 4.610000000000000000e+03 4.070000000000000000e+03
1.147561280000000000e+08 4.050000000000000000e+03 2.480000000000000000e+03 4.610000000000000000e+03 4.070000000000000000e+03
1.147563360000000000e+08 4.030000000000000000e+03 2.480000000000000000e+03 4.610000000000000000e+03 4.070000000000000000e+03
1.147565440000000000e+08 4.030000000000000000e+03 2.480000000000000000e+03 4.610000000000000000e+03 4.070000000000000000e+03
1.147567520000000000e+08 4.040000000000000000e+03 2.480000000000000000e+03 4.610000000000000000e+03 4.070000000000000000e+03
1.147569600000000000e+08 4.070000000000000000e+03 2.470000000000000000e+03 4.620000000000000000e+03 4.070000000000000000e+03
1.147571680000000000e+08 4.070000000000000000e+03 2.480000000000000000e+03 4.610000000000000000e+03 4.070000000000000000e+03
1.147573760000000000e+08 3.910000000000000000e+03 2.470000000000000000e+03 4.610000000000000000e+03 4.070000000000000000e+03
1.147575830000000000e+08 3.810000000000000000e+03 2.500000000000000000e+03 4.600000000000000000e+03 4.070000000000000000e+03
1.147577910000000000e+08 3.820000000000000000e+03 2.510000000000000000e+03 4.600000000000000000e+03 4.070000000000000000e+03
1.147580000000000000e+08 3.850000000000000000e+03 2.510000000000000000e+03 4.600000000000000000e+03 4.070000000000000000e+03
1.147582070000000000e+08 3.850000000000000000e+03 2.510000000000000000e+03 4.610000000000000000e+03 4.070000000000000000e+03
1.147584150000000000e+08 3.950000000000000000e+03 2.500000000000000000e+03 4.610000000000000000e+03 4.070000000000000000e+03
1.147586230000000000e+08 3.820000000000000000e+03 2.490000000000000000e+03 4.610000000000000000e+03 4.070000000000000000e+03
1.147588310000000000e+08 3.920000000000000000e+03 2.490000000000000000e+03 4.610000000000000000e+03 4.080000000000000000e+03
1.147590390000000000e+08 3.990000000000000000e+03 2.480000000000000000e+03 4.610000000000000000e+03 4.080000000000000000e+03
1.147592470000000000e+08 4.020000000000000000e+03 2.480000000000000000e+03 4.610000000000000000e+03 4.080000000000000000e+03
1.147594550000000000e+08 4.050000000000000000e+03 2.480000000000000000e+03 4.610000000000000000e+03 4.080000000000000000e+03
1.147596630000000000e+08 3.880000000000000000e+03 2.490000000000000000e+03 4.610000000000000000e+03 4.080000000000000000e+03
1.147598710000000000e+08 3.980000000000000000e+03 2.500000000000000000e+03 4.600000000000000000e+03 4.080000000000000000e+03
1.148000790000000000e+08 4.010000000000000000e+03 2.500000000000000000e+03 4.580000000000000000e+03 4.080000000000000000e+03
1.148002870000000000e+08 4.070000000000000000e+03 2.490000000000000000e+03 4.580000000000000000e+03 4.070000000000000000e+03
1.148004950000000000e+08 4.090000000000000000e+03 2.490000000000000000e+03 4.580000000000000000e+03 4.080000000000000000e+03
1.148007030000000000e+08 4.090000000000000000e+03 2.480000000000000000e+03 4.600000000000000000e+03 4.080000000000000000e+03
1.148009110000000000e+08 4.080000000000000000e+03 2.490000000000000000e+03 4.620000000000000000e+03 4.080000000000000000e+03
1.148011180000000000e+08 4.080000000000000000e+03 2.490000000000000000e+03 4.620000000000000000e+03 4.090000000000000000e+03
1.148013260000000000e+08 4.090000000000000000e+03 2.490000000000000000e+03 4.610000000000000000e+03 4.090000000000000000e+03
1.148015350000000000e+08 4.120000000000000000e+03 2.490000000000000000e+03 4.620000000000000000e+03 4.080000000000000000e+03
1.148017460000000000e+08 4.160000000000000000e+03 2.490000000000000000e+03 4.610000000000000000e+03 4.080000000000000000e+03
1.148019510000000000e+08 4.070000000000000000e+03 2.490000000000000000e+03 4.600000000000000000e+03 4.080000000000000000e+03
1.148021590000000000e+08 4.180000000000000000e+03 2.490000000000000000e+03 4.600000000000000000e+03 4.080000000000000000e+03
1.148023670000000000e+08 4.190000000000000000e+03 2.490000000000000000e+03 4.600000000000000000e+03 4.080000000000000000e+03
1.148025750000000000e+08 4.230000000000000000e+03 2.490000000000000000e+03 4.600000000000000000e+03 4.070000000000000000e+03
1.148027830000000000e+08 4.270000000000000000e+03 2.490000000000000000e+03 4.600000000000000000e+03 4.070000000000000000e+03
1.148029910000000000e+08 4.290000000000000000e+03 2.490000000000000000e+03 4.600000000000000000e+03 4.070000000000000000e+03
1.148031990000000000e+08 4.300000000000000000e+03 2.490000000000000000e+03 4.600000000000000000e+03 4.070000000000000000e+03
1.148034060000000000e+08 4.310000000000000000e+03 2.480000000000000000e+03 4.610000000000000000e+03 4.080000000000000000e+03
1.148036150000000000e+08 4.330000000000000000e+03 2.460000000000000000e+03 4.600000000000000000e+03 4.080000000000000000e+03
1.148038220000000000e+08 4.360000000000000000e+03 2.460000000000000000e+03 4.610000000000000000e+03 4.080000000000000000e+03
1.148040300000000000e+08 4.380000000000000000e+03 2.470000000000000000e+03 4.610000000000000000e+03 4.080000000000000000e+03
1.148042380000000000e+08 4.380000000000000000e+03 2.480000000000000000e+03 4.610000000000000000e+03 4.080000000000000000e+03
1.148044460000000000e+08 4.380000000000000000e+03 2.500000000000000000e+03 4.610000000000000000e+03 4.080000000000000000e+03
1.148046540000000000e+08 4.380000000000000000e+03 2.500000000000000000e+03 4.610000000000000000e+03 4.080000000000000000e+03
1.148048620000000000e+08 4.410000000000000000e+03 2.500000000000000000e+03 4.610000000000000000e+03 4.080000000000000000e+03
1.148050700000000000e+08 4.460000000000000000e+03 2.490000000000000000e+03 4.600000000000000000e+03 4.080000000000000000e+03
1.148052780000000000e+08 4.480000000000000000e+03 2.490000000000000000e+03 4.600000000000000000e+03 4.080000000000000000e+03
1.148054860000000000e+08 4.520000000000000000e+03 2.490000000000000000e+03 4.600000000000000000e+03 4.080000000000000000e+03
1.148056930000000000e+08 4.520000000000000000e+03 2.480000000000000000e+03 4.580000000000000000e+03 4.080000000000000000e+03
1.148059020000000000e+08 4.370000000000000000e+03 2.480000000000000000e+03 4.600000000000000000e+03 4.070000000000000000e+03
1.148061100000000000e+08 4.220000000000000000e+03 2.500000000000000000e+03 4.600000000000000000e+03 4.080000000000000000e+03
1.148063180000000000e+08 4.160000000000000000e+03 2.480000000000000000e+03 4.580000000000000000e+03 4.080000000000000000e+03
1.148065260000000000e+08 4.140000000000000000e+03 2.490000000000000000e+03 4.600000000000000000e+03 4.080000000000000000e+03
1.148067340000000000e+08 4.120000000000000000e+03 2.500000000000000000e+03 4.600000000000000000e+03 4.080000000000000000e+03
1.148069420000000000e+08 4.090000000000000000e+03 2.480000000000000000e+03 4.580000000000000000e+03 4.080000000000000000e+03
1.148071500000000000e+08 4.080000000000000000e+03 2.470000000000000000e+03 4.580000000000000000e+03 4.080000000000000000e+03
1.148073580000000000e+08 4.080000000000000000e+03 2.470000000000000000e+03 4.570000000000000000e+03 4.080000000000000000e+03
1.148075660000000000e+08 4.090000000000000000e+03 2.470000000000000000e+03 4.580000000000000000e+03 4.080000000000000000e+03
1.148077740000000000e+08 4.090000000000000000e+03 2.480000000000000000e+03 4.570000000000000000e+03 4.080000000000000000e+03
1.148079820000000000e+08 4.110000000000000000e+03 2.490000000000000000e+03 4.570000000000000000e+03 4.080000000000000000e+03
1.148081900000000000e+08 4.120000000000000000e+03 2.480000000000000000e+03 4.570000000000000000e+03 4.080000000000000000e+03
1.148084930000000000e+08 4.140000000000000000e+03 2.490000000000000000e+03 4.580000000000000000e+03 4.080000000000000000e+03
1.148088140000000000e+08 4.150000000000000000e+03 2.490000000000000000e+03 4.580000000000000000e+03 4.080000000000000000e+03
1.148090210000000000e+08 4.150000000000000000e+03 2.480000000000000000e+03 4.580000000000000000e+03 4.090000000000000000e+03
1.148092290000000000e+08 4.230000000000000000e+03 2.480000000000000000e+03 4.580000000000000000e+03 4.090000000000000000e+03
1.148094370000000000e+08 4.110000000000000000e+03 2.490000000000000000e+03 4.580000000000000000e+03 4.090000000000000000e+03
1.148096450000000000e+08 4.080000000000000000e+03 2.490000000000000000e+03 4.580000000000000000e+03 4.080000000000000000e+03
1.148098530000000000e+08 4.090000000000000000e+03 2.480000000000000000e+03 4.580000000000000000e+03 4.080000000000000000e+03
1.148100620000000000e+08 4.110000000000000000e+03 2.490000000000000000e+03 4.570000000000000000e+03 4.080000000000000000e+03
1.148102700000000000e+08 4.110000000000000000e+03 2.490000000000000000e+03 4.570000000000000000e+03 4.070000000000000000e+03
1.148104770000000000e+08 4.120000000000000000e+03 2.500000000000000000e+03 4.580000000000000000e+03 4.070000000000000000e+03
1.148106850000000000e+08 4.320000000000000000e+03 2.500000000000000000e+03 4.580000000000000000e+03 4.070000000000000000e+03
1.148108930000000000e+08 4.650000000000000000e+03 2.500000000000000000e+03 4.580000000000000000e+03 4.070000000000000000e+03
1.148111010000000000e+08 4.630000000000000000e+03 2.490000000000000000e+03 4.600000000000000000e+03 4.070000000000000000e+03
1.148113090000000000e+08 4.540000000000000000e+03 2.500000000000000000e+03 4.610000000000000000e+03 4.070000000000000000e+03
1.148115170000000000e+08 4.470000000000000000e+03 2.480000000000000000e+03 4.600000000000000000e+03 4.070000000000000000e+03
1.148117250000000000e+08 4.450000000000000000e+03 2.490000000000000000e+03 4.600000000000000000e+03 4.070000000000000000e+03
1.148119330000000000e+08 4.420000000000000000e+03 2.490000000000000000e+03 4.600000000000000000e+03 4.080000000000000000e+03
1.148121410000000000e+08 4.400000000000000000e+03 2.470000000000000000e+03 4.600000000000000000e+03 4.080000000000000000e+03
1.148123490000000000e+08 4.380000000000000000e+03 2.480000000000000000e+03 4.600000000000000000e+03 4.080000000000000000e+03
1.148125570000000000e+08 4.410000000000000000e+03 2.470000000000000000e+03 4.600000000000000000e+03 4.090000000000000000e+03
1.148127650000000000e+08 4.460000000000000000e+03 2.480000000000000000e+03 4.600000000000000000e+03 4.090000000000000000e+03
1.148129730000000000e+08 4.520000000000000000e+03 2.470000000000000000e+03 4.600000000000000000e+03 4.080000000000000000e+03
1.148131800000000000e+08 4.570000000000000000e+03 2.460000000000000000e+03 4.610000000000000000e+03 4.070000000000000000e+03
1.148133890000000000e+08 4.620000000000000000e+03 2.480000000000000000e+03 4.610000000000000000e+03 4.080000000000000000e+03
1.148135960000000000e+08 4.770000000000000000e+03 2.480000000000000000e+03 4.600000000000000000e+03 4.080000000000000000e+03
1.148138050000000000e+08 4.780000000000000000e+03 2.490000000000000000e+03 4.600000000000000000e+03 4.070000000000000000e+03
1.148140130000000000e+08 4.520000000000000000e+03 2.500000000000000000e+03 4.600000000000000000e+03 4.070000000000000000e+03
1.148142200000000000e+08 4.700000000000000000e+03 2.510000000000000000e+03 4.600000000000000000e+03 4.070000000000000000e+03
1.148144290000000000e+08 4.690000000000000000e+03 2.510000000000000000e+03 4.580000000000000000e+03 4.070000000000000000e+03
1.148146370000000000e+08 4.640000000000000000e+03 2.510000000000000000e+03 4.580000000000000000e+03 4.070000000000000000e+03
1.148148440000000000e+08 4.540000000000000000e+03 2.490000000000000000e+03 4.580000000000000000e+03 4.070000000000000000e+03
1.148150520000000000e+08 4.410000000000000000e+03 2.500000000000000000e+03 4.580000000000000000e+03 4.070000000000000000e+03
1.148152600000000000e+08 4.470000000000000000e+03 2.500000000000000000e+03 4.580000000000000000e+03 4.070000000000000000e+03
1.148154680000000000e+08 4.460000000000000000e+03 2.500000000000000000e+03 4.580000000000000000e+03 4.070000000000000000e+03
1.148156760000000000e+08 4.420000000000000000e+03 2.470000000000000000e+03 4.580000000000000000e+03 4.070000000000000000e+03
1.148158840000000000e+08 4.390000000000000000e+03 2.480000000000000000e+03 4.600000000000000000e+03 4.070000000000000000e+03
1.148160920000000000e+08 4.410000000000000000e+03 2.490000000000000000e+03 4.600000000000000000e+03 4.070000000000000000e+03
1.148163000000000000e+08 4.430000000000000000e+03 2.500000000000000000e+03 4.580000000000000000e+03 4.070000000000000000e+03
1.148165080000000000e+08 4.450000000000000000e+03 2.500000000000000000e+03 4.580000000000000000e+03 4.070000000000000000e+03
1.148167160000000000e+08 4.460000000000000000e+03 2.510000000000000000e+03 4.570000000000000000e+03 4.060000000000000000e+03
1.148169240000000000e+08 4.310000000000000000e+03 2.510000000000000000e+03 4.580000000000000000e+03 4.060000000000000000e+03
1.148171320000000000e+08 4.260000000000000000e+03 2.510000000000000000e+03 4.580000000000000000e+03 4.060000000000000000e+03
1.148173400000000000e+08 4.230000000000000000e+03 2.490000000000000000e+03 4.580000000000000000e+03 4.060000000000000000e+03
1.148175480000000000e+08 4.100000000000000000e+03 2.490000000000000000e+03 4.580000000000000000e+03 4.060000000000000000e+03
1.148177560000000000e+08 4.000000000000000000e+03 2.490000000000000000e+03 4.580000000000000000e+03 4.060000000000000000e+03
1.148179640000000000e+08 4.060000000000000000e+03 2.500000000000000000e+03 4.580000000000000000e+03 4.070000000000000000e+03
1.148181720000000000e+08 4.000000000000000000e+03 2.500000000000000000e+03 4.600000000000000000e+03 4.070000000000000000e+03
1.148183800000000000e+08 4.090000000000000000e+03 2.480000000000000000e+03 4.610000000000000000e+03 4.070000000000000000e+03
1.148185880000000000e+08 4.180000000000000000e+03 2.470000000000000000e+03 4.610000000000000000e+03 4.080000000000000000e+03
1.148187960000000000e+08 4.250000000000000000e+03 2.480000000000000000e+03 4.600000000000000000e+03 4.080000000000000000e+03
1.148190040000000000e+08 4.300000000000000000e+03 2.470000000000000000e+03 4.610000000000000000e+03 4.080000000000000000e+03
1.148192120000000000e+08 4.310000000000000000e+03 2.470000000000000000e+03 4.600000000000000000e+03 4.080000000000000000e+03
1.148194200000000000e+08 4.320000000000000000e+03 2.490000000000000000e+03 4.600000000000000000e+03 4.080000000000000000e+03
1.148196280000000000e+08 4.330000000000000000e+03 2.500000000000000000e+03 4.600000000000000000e+03 4.080000000000000000e+03
