1.151361060000000000e+08 3.120000000000000000e+03 2.070000000000000000e+03 5.430000000000000000e+03 4.930000000000000000e+03
1.151363130000000000e+08 3.150000000000000000e+03 2.070000000000000000e+03 5.430000000000000000e+03 4.920000000000000000e+03
1.151365210000000000e+08 3.160000000000000000e+03 2.070000000000000000e+03 5.430000000000000000e+03 4.920000000000000000e+03
1.151367290000000000e+08 3.170000000000000000e+03 2.070000000000000000e+03 5.430000000000000000e+03 4.930000000000000000e+03
1.151369360000000000e+08 3.170000000000000000e+03 2.070000000000000000e+03 5.420000000000000000e+03 4.930000000000000000e+03
1.151371450000000000e+08 3.180000000000000000e+03 2.070000000000000000e+03 5.420000000000000000e+03 4.940000000000000000e+03
1.151373530000000000e+08 3.190000000000000000e+03 2.070000000000000000e+03 5.420000000000000000e+03 4.940000000000000000e+03
1.151375600000000000e+08 3.190000000000000000e+03 2.070000000000000000e+03 5.410000000000000000e+03 4.940000000000000000e+03
1.151377690000000000e+08 3.190000000000000000e+03 2.080000000000000000e+03 5.410000000000000000e+03 4.940000000000000000e+03
1.151379770000000000e+08 3.200000000000000000e+03 2.070000000000000000e+03 5.400000000000000000e+03 4.950000000000000000e+03
1.151381840000000000e+08 3.200000000000000000e+03 2.070000000000000000e+03 5.400000000000000000e+03 4.950000000000000000e+03
1.151383770000000000e+08 3.200000000000000000e+03 2.070000000000000000e+03 5.400000000000000000e+03 4.950000000000000000e+03
1.151385840000000000e+08 3.200000000000000000e+03 2.070000000000000000e+03 5.400000000000000000e+03 4.940000000000000000e+03
1.151387930000000000e+08 3.210000000000000000e+03 2.070000000000000000e+03 5.400000000000000000e+03 4.940000000000000000e+03
1.151390010000000000e+08 3.200000000000000000e+03 2.070000000000000000e+03 5.410000000000000000e+03 4.940000000000000000e+03
1.151392090000000000e+08 3.200000000000000000e+03 2.070000000000000000e+03 5.410000000000000000e+03 4.940000000000000000e+03
1.151394170000000000e+08 3.190000000000000000e+03 2.070000000000000000e+03 5.410000000000000000e+03 4.950000000000000000e+03
1.151396250000000000e+08 3.200000000000000000e+03 2.070000000000000000e+03 5.420000000000000000e+03 4.950000000000000000e+03
1.151398330000000000e+08 3.190000000000000000e+03 2.070000000000000000e+03 5.420000000000000000e+03 4.940000000000000000e+03
1.151400410000000000e+08 3.190000000000000000e+03 2.070000000000000000e+03 5.420000000000000000e+03 4.940000000000000000e+03
1.151402490000000000e+08 3.190000000000000000e+03 2.070000000000000000e+03 5.420000000000000000e+03 4.940000000000000000e+03
1.151404570000000000e+08 3.200000000000000000e+03 2.070000000000000000e+03 5.420000000000000000e+03 4.940000000000000000e+03
1.151406650000000000e+08 3.190000000000000000e+03 2.070000000000000000e+03 5.420000000000000000e+03 4.940000000000000000e+03
1.151408730000000000e+08 3.170000000000000000e+03 2.080000000000000000e+03 5.420000000000000000e+03 4.940000000000000000e+03
1.151410800000000000e+08 3.170000000000000000e+03 2.070000000000000000e+03 5.420000000000000000e+03 4.940000000000000000e+03
1.151412890000000000e+08 3.190000000000000000e+03 2.070000000000000000e+03 5.420000000000000000e+03 4.930000000000000000e+03
1.151414970000000000e+08 3.190000000000000000e+03 2.080000000000000000e+03 5.420000000000000000e+03 4.930000000000000000e+03
1.151416890000000000e+08 3.190000000000000000e+03 2.070000000000000000e+03 5.420000000000000000e+03 4.930000000000000000e+03
1.151418960000000000e+08 3.170000000000000000e+03 2.070000000000000000e+03 5.420000000000000000e+03 4.940000000000000000e+03
1.151421040000000000e+08 3.170000000000000000e+03 2.070000000000000000e+03 5.420000000000000000e+03 4.940000000000000000e+03
1.151423120000000000e+08 3.170000000000000000e+03 2.070000000000000000e+03 5.420000000000000000e+03 4.940000000000000000e+03
1.151425200000000000e+08 3.180000000000000000e+03 2.070000000000000000e+03 5.420000000000000000e+03 4.940000000000000000e+03
1.151427280000000000e+08 3.200000000000000000e+03 2.070000000000000000e+03 5.410000000000000000e+03 4.940000000000000000e+03
1.151429360000000000e+08 3.220000000000000000e+03 2.070000000000000000e+03 5.410000000000000000e+03 4.950000000000000000e+03
1.151431450000000000e+08 3.410000000000000000e+03 2.080000000000000000e+03 5.410000000000000000e+03 4.940000000000000000e+03
1.151433520000000000e+08 3.640000000000000000e+03 2.070000000000000000e+03 5.410000000000000000e+03 4.940000000000000000e+03
1.151435600000000000e+08 3.860000000000000000e+03 2.070000000000000000e+03 5.410000000000000000e+03 4.940000000000000000e+03
1.151437680000000000e+08 4.020000000000000000e+03 2.080000000000000000e+03 5.410000000000000000e+03 4.940000000000000000e+03
1.151441840000000000e+08 4.190000000000000000e+03 2.080000000000000000e+03 5.410000000000000000e+03 4.940000000000000000e+03
1.151443920000000000e+08 4.230000000000000000e+03 2.070000000000000000e+03 5.410000000000000000e+03 4.930000000000000000e+03
1.151446000000000000e+08 4.230000000000000000e+03 2.080000000000000000e+03 5.420000000000000000e+03 4.930000000000000000e+03
1.151448080000000000e+08 4.240000000000000000e+03 2.070000000000000000e+03 5.420000000000000000e+03 4.930000000000000000e+03
1.151450160000000000e+08 4.240000000000000000e+03 2.070000000000000000e+03 5.420000000000000000e+03 4.930000000000000000e+03
1.151452080000000000e+08 4.220000000000000000e+03 2.070000000000000000e+03 5.420000000000000000e+03 4.920000000000000000e+03
1.151454160000000000e+08 4.240000000000000000e+03 2.070000000000000000e+03 5.420000000000000000e+03 4.940000000000000000e+03
1.151456240000000000e+08 4.230000000000000000e+03 2.070000000000000000e+03 5.420000000000000000e+03 4.940000000000000000e+03
1.151458320000000000e+08 4.220000000000000000e+03 2.070000000000000000e+03 5.420000000000000000e+03 4.940000000000000000e+03
1.151460400000000000e+08 4.210000000000000000e+03 2.070000000000000000e+03 5.420000000000000000e+03 4.930000000000000000e+03
1.151462480000000000e+08 4.200000000000000000e+03 2.070000000000000000e+03 5.410000000000000000e+03 4.930000000000000000e+03
1.151464560000000000e+08 4.200000000000000000e+03 2.070000000000000000e+03 5.410000000000000000e+03 4.920000000000000000e+03
1.151466640000000000e+08 4.210000000000000000e+03 2.070000000000000000e+03 5.410000000000000000e+03 4.930000000000000000e+03
1.151468720000000000e+08 4.230000000000000000e+03 2.070000000000000000e+03 5.420000000000000000e+03 4.920000000000000000e+03
1.151470790000000000e+08 4.230000000000000000e+03 2.070000000000000000e+03 5.420000000000000000e+03 4.930000000000000000e+03
1.151472880000000000e+08 4.200000000000000000e+03 2.070000000000000000e+03 5.420000000000000000e+03 4.940000000000000000e+03
1.151474950000000000e+08 4.230000000000000000e+03 2.070000000000000000e+03 5.420000000000000000e+03 4.950000000000000000e+03
1.151477040000000000e+08 4.230000000000000000e+03 2.080000000000000000e+03 5.420000000000000000e+03 4.950000000000000000e+03
1.151479110000000000e+08 4.200000000000000000e+03 2.070000000000000000e+03 5.420000000000000000e+03 4.950000000000000000e+03
1.151481190000000000e+08 3.890000000000000000e+03 2.070000000000000000e+03 5.420000000000000000e+03 4.940000000000000000e+03
1.151483270000000000e+08 3.690000000000000000e+03 2.060000000000000000e+03 5.420000000000000000e+03 4.950000000000000000e+03
1.151485190000000000e+08 3.540000000000000000e+03 2.060000000000000000e+03 5.410000000000000000e+03 4.950000000000000000e+03
1.151487270000000000e+08 3.450000000000000000e+03 2.060000000000000000e+03 5.420000000000000000e+03 4.940000000000000000e+03
1.151489350000000000e+08 3.380000000000000000e+03 2.060000000000000000e+03 5.410000000000000000e+03 4.950000000000000000e+03
1.151491430000000000e+08 3.330000000000000000e+03 2.060000000000000000e+03 5.410000000000000000e+03 4.940000000000000000e+03
1.151493510000000000e+08 3.290000000000000000e+03 2.050000000000000000e+03 5.410000000000000000e+03 4.940000000000000000e+03
1.151495590000000000e+08 3.270000000000000000e+03 2.050000000000000000e+03 5.420000000000000000e+03 4.950000000000000000e+03
1.151497670000000000e+08 3.260000000000000000e+03 2.050000000000000000e+03 5.410000000000000000e+03 4.950000000000000000e+03
1.151499750000000000e+08 3.250000000000000000e+03 2.050000000000000000e+03 5.410000000000000000e+03 4.950000000000000000e+03
1.151501830000000000e+08 3.270000000000000000e+03 2.060000000000000000e+03 5.400000000000000000e+03 4.940000000000000000e+03
1.151503910000000000e+08 3.310000000000000000e+03 2.060000000000000000e+03 5.410000000000000000e+03 4.950000000000000000e+03
1.151505990000000000e+08 3.380000000000000000e+03 2.070000000000000000e+03 5.410000000000000000e+03 4.950000000000000000e+03
1.151508070000000000e+08 3.300000000000000000e+03 2.070000000000000000e+03 5.410000000000000000e+03 4.950000000000000000e+03
1.151510150000000000e+08 3.250000000000000000e+03 2.070000000000000000e+03 5.410000000000000000e+03 4.950000000000000000e+03
1.151512230000000000e+08 3.210000000000000000e+03 2.070000000000000000e+03 5.410000000000000000e+03 4.940000000000000000e+03
1.151514310000000000e+08 3.190000000000000000e+03 2.070000000000000000e+03 5.410000000000000000e+03 4.930000000000000000e+03
1.151516390000000000e+08 3.190000000000000000e+03 2.080000000000000000e+03 5.410000000000000000e+03 4.930000000000000000e+03
1.151518310000000000e+08 3.160000000000000000e+03 2.070000000000000000e+03 5.410000000000000000e+03 4.930000000000000000e+03
1.151520970000000000e+08 3.160000000000000000e+03 2.070000000000000000e+03 5.410000000000000000e+03 4.940000000000000000e+03
1.151522470000000000e+08 3.170000000000000000e+03 2.070000000000000000e+03 5.420000000000000000e+03 4.940000000000000000e+03
1.151524540000000000e+08 3.160000000000000000e+03 2.070000000000000000e+03 5.420000000000000000e+03 4.940000000000000000e+03
1.151526620000000000e+08 3.150000000000000000e+03 2.070000000000000000e+03 5.420000000000000000e+03 4.930000000000000000e+03
1.151528700000000000e+08 3.160000000000000000e+03 2.070000000000000000e+03 5.420000000000000000e+03 4.930000000000000000e+03
1.151530790000000000e+08 3.160000000000000000e+03 2.070000000000000000e+03 5.420000000000000000e+03 4.930000000000000000e+03
1.151532860000000000e+08 3.190000000000000000e+03 2.070000000000000000e+03 5.420000000000000000e+03 4.930000000000000000e+03
1.151534940000000000e+08 3.180000000000000000e+03 2.070000000000000000e+03 5.410000000000000000e+03 4.940000000000000000e+03
1.151537020000000000e+08 3.170000000000000000e+03 2.070000000000000000e+03 5.410000000000000000e+03 4.920000000000000000e+03
1.151539100000000000e+08 3.400000000000000000e+03 2.070000000000000000e+03 5.410000000000000000e+03 4.930000000000000000e+03
1.151541180000000000e+08 3.320000000000000000e+03 2.070000000000000000e+03 5.410000000000000000e+03 4.930000000000000000e+03
1.151543260000000000e+08 3.280000000000000000e+03 2.070000000000000000e+03 5.410000000000000000e+03 4.930000000000000000e+03
1.151545340000000000e+08 3.250000000000000000e+03 2.070000000000000000e+03 5.400000000000000000e+03 4.940000000000000000e+03
1.151547420000000000e+08 3.230000000000000000e+03 2.070000000000000000e+03 5.410000000000000000e+03 4.930000000000000000e+03
1.151549500000000000e+08 3.230000000000000000e+03 2.070000000000000000e+03 5.410000000000000000e+03 4.930000000000000000e+03
1.151551580000000000e+08 3.220000000000000000e+03 2.070000000000000000e+03 5.410000000000000000e+03 4.940000000000000000e+03
1.151553500000000000e+08 3.210000000000000000e+03 2.070000000000000000e+03 5.410000000000000000e+03 4.940000000000000000e+03
1.151555580000000000e+08 3.610000000000000000e+03 2.070000000000000000e+03 5.420000000000000000e+03 4.930000000000000000e+03
1.151558210000000000e+08 3.500000000000000000e+03 2.070000000000000000e+03 5.430000000000000000e+03 4.920000000000000000e+03
1.151559740000000000e+08 3.440000000000000000e+03 2.080000000000000000e+03 5.430000000000000000e+03 4.920000000000000000e+03
1.151561820000000000e+08 3.380000000000000000e+03 2.070000000000000000e+03 5.430000000000000000e+03 4.940000000000000000e+03
1.151563900000000000e+08 3.340000000000000000e+03 2.080000000000000000e+03 5.420000000000000000e+03 4.940000000000000000e+03
1.151565980000000000e+08 3.330000000000000000e+03 2.070000000000000000e+03 5.430000000000000000e+03 4.940000000000000000e+03
1.151568060000000000e+08 3.310000000000000000e+03 2.070000000000000000e+03 5.430000000000000000e+03 4.940000000000000000e+03
1.151570140000000000e+08 3.310000000000000000e+03 2.080000000000000000e+03 5.420000000000000000e+03 4.940000000000000000e+03
1.151572220000000000e+08 3.300000000000000000e+03 2.070000000000000000e+03 5.420000000000000000e+03 4.940000000000000000e+03
1.151574300000000000e+08 3.270000000000000000e+03 2.070000000000000000e+03 5.410000000000000000e+03 4.950000000000000000e+03
1.151576380000000000e+08 3.250000000000000000e+03 2.070000000000000000e+03 5.410000000000000000e+03 4.960000000000000000e+03
1.151578460000000000e+08 3.240000000000000000e+03 2.070000000000000000e+03 5.410000000000000000e+03 4.940000000000000000e+03
1.151580540000000000e+08 3.250000000000000000e+03 2.070000000000000000e+03 5.410000000000000000e+03 4.930000000000000000e+03
1.151582640000000000e+08 3.260000000000000000e+03 2.070000000000000000e+03 5.410000000000000000e+03 4.930000000000000000e+03
1.151584700000000000e+08 3.270000000000000000e+03 2.070000000000000000e+03 5.410000000000000000e+03 4.930000000000000000e+03
1.151586620000000000e+08 3.260000000000000000e+03 2.080000000000000000e+03 5.410000000000000000e+03 4.930000000000000000e+03
1.151588700000000000e+08 3.530000000000000000e+03 2.080000000000000000e+03 5.410000000000000000e+03 4.920000000000000000e+03
1.151592850000000000e+08 3.390000000000000000e+03 2.080000000000000000e+03 5.400000000000000000e+03 4.920000000000000000e+03
1.151594930000000000e+08 3.330000000000000000e+03 2.070000000000000000e+03 5.400000000000000000e+03 4.930000000000000000e+03
1.151597010000000000e+08 3.300000000000000000e+03 2.070000000000000000e+03 5.410000000000000000e+03 4.930000000000000000e+03
1.151599090000000000e+08 3.280000000000000000e+03 2.080000000000000000e+03 5.410000000000000000e+03 4.930000000000000000e+03
1.152001170000000000e+08 3.270000000000000000e+03 2.070000000000000000e+03 5.420000000000000000e+03 4.930000000000000000e+03
1.152003240000000000e+08 3.270000000000000000e+03 2.070000000000000000e+03 5.410000000000000000e+03 4.940000000000000000e+03
1.152005330000000000e+08 3.420000000000000000e+03 2.070000000000000000e+03 5.410000000000000000e+03 4.950000000000000000e+03
1.152007410000000000e+08 3.360000000000000000e+03 2.060000000000000000e+03 5.410000000000000000e+03 4.950000000000000000e+03
1.152009490000000000e+08 3.300000000000000000e+03 2.080000000000000000e+03 5.420000000000000000e+03 4.940000000000000000e+03
1.152011570000000000e+08 3.290000000000000000e+03 2.070000000000000000e+03 5.420000000000000000e+03 4.940000000000000000e+03
1.152013650000000000e+08 3.290000000000000000e+03 2.070000000000000000e+03 5.420000000000000000e+03 4.940000000000000000e+03
1.152015730000000000e+08 3.280000000000000000e+03 2.070000000000000000e+03 5.420000000000000000e+03 4.940000000000000000e+03
1.152017810000000000e+08 3.270000000000000000e+03 2.070000000000000000e+03 5.430000000000000000e+03 4.940000000000000000e+03
1.152019730000000000e+08 3.250000000000000000e+03 2.070000000000000000e+03 5.430000000000000000e+03 4.940000000000000000e+03
1.152023890000000000e+08 3.200000000000000000e+03 2.070000000000000000e+03 5.430000000000000000e+03 4.940000000000000000e+03
1.152025970000000000e+08 3.190000000000000000e+03 2.070000000000000000e+03 5.430000000000000000e+03 4.940000000000000000e+03
1.152132030000000000e+08 2.950000000000000000e+03 2.080000000000000000e+03 5.410000000000000000e+03 5.270000000000000000e+03
1.152134110000000000e+08 2.950000000000000000e+03 2.070000000000000000e+03 5.410000000000000000e+03 5.270000000000000000e+03
1.152136180000000000e+08 2.950000000000000000e+03 2.070000000000000000e+03 5.410000000000000000e+03 5.250000000000000000e+03
1.152138270000000000e+08 2.950000000000000000e+03 2.070000000000000000e+03 5.410000000000000000e+03 5.230000000000000000e+03
1.152140350000000000e+08 2.940000000000000000e+03 2.070000000000000000e+03 5.400000000000000000e+03 5.210000000000000000e+03
1.152142430000000000e+08 2.940000000000000000e+03 2.080000000000000000e+03 5.410000000000000000e+03 5.200000000000000000e+03
1.152144510000000000e+08 2.940000000000000000e+03 2.080000000000000000e+03 5.410000000000000000e+03 5.200000000000000000e+03
1.152146590000000000e+08 2.940000000000000000e+03 2.070000000000000000e+03 5.410000000000000000e+03 5.200000000000000000e+03
1.152148670000000000e+08 2.940000000000000000e+03 2.070000000000000000e+03 5.410000000000000000e+03 5.190000000000000000e+03
1.152150750000000000e+08 2.940000000000000000e+03 2.060000000000000000e+03 5.410000000000000000e+03 5.210000000000000000e+03
1.152152820000000000e+08 2.940000000000000000e+03 2.070000000000000000e+03 5.410000000000000000e+03 5.250000000000000000e+03
1.152154910000000000e+08 2.940000000000000000e+03 2.070000000000000000e+03 5.410000000000000000e+03 5.270000000000000000e+03
1.152163230000000000e+08 2.930000000000000000e+03 2.080000000000000000e+03 5.410000000000000000e+03 5.310000000000000000e+03
1.152165300000000000e+08 2.930000000000000000e+03 2.070000000000000000e+03 5.410000000000000000e+03 5.300000000000000000e+03
1.152167380000000000e+08 2.930000000000000000e+03 2.070000000000000000e+03 5.410000000000000000e+03 5.300000000000000000e+03
1.152169460000000000e+08 2.930000000000000000e+03 2.070000000000000000e+03 5.410000000000000000e+03 5.280000000000000000e+03
1.152171550000000000e+08 2.940000000000000000e+03 2.060000000000000000e+03 5.410000000000000000e+03 5.290000000000000000e+03
1.152173620000000000e+08 2.940000000000000000e+03 2.060000000000000000e+03 5.410000000000000000e+03 5.330000000000000000e+03
1.152175700000000000e+08 2.930000000000000000e+03 2.060000000000000000e+03 5.410000000000000000e+03 5.370000000000000000e+03
1.152177780000000000e+08 2.940000000000000000e+03 2.080000000000000000e+03 5.410000000000000000e+03 5.390000000000000000e+03
1.152179860000000000e+08 2.940000000000000000e+03 2.080000000000000000e+03 5.410000000000000000e+03 5.370000000000000000e+03
1.152181940000000000e+08 2.940000000000000000e+03 2.070000000000000000e+03 5.410000000000000000e+03 5.370000000000000000e+03
1.152184020000000000e+08 2.950000000000000000e+03 2.070000000000000000e+03 5.410000000000000000e+03 5.410000000000000000e+03
1.152186100000000000e+08 2.950000000000000000e+03 2.070000000000000000e+03 5.420000000000000000e+03 5.440000000000000000e+03
1.152188180000000000e+08 2.950000000000000000e+03 2.070000000000000000e+03 5.420000000000000000e+03 5.470000000000000000e+03
1.152192340000000000e+08 2.950000000000000000e+03 2.070000000000000000e+03 5.420000000000000000e+03 5.490000000000000000e+03
1.152194420000000000e+08 2.960000000000000000e+03 2.070000000000000000e+03 5.420000000000000000e+03 5.430000000000000000e+03
1.152196500000000000e+08 2.960000000000000000e+03 2.080000000000000000e+03 5.420000000000000000e+03 5.400000000000000000e+03
1.152198570000000000e+08 2.960000000000000000e+03 2.070000000000000000e+03 5.410000000000000000e+03 5.430000000000000000e+03
1.152200650000000000e+08 2.960000000000000000e+03 2.070000000000000000e+03 5.410000000000000000e+03 5.420000000000000000e+03
1.152202740000000000e+08 2.960000000000000000e+03 2.080000000000000000e+03 5.400000000000000000e+03 5.390000000000000000e+03
1.152204820000000000e+08 2.960000000000000000e+03 2.080000000000000000e+03 5.400000000000000000e+03 5.260000000000000000e+03
1.152206900000000000e+08 2.960000000000000000e+03 2.080000000000000000e+03 5.410000000000000000e+03 5.290000000000000000e+03
1.152208970000000000e+08 2.960000000000000000e+03 2.080000000000000000e+03 5.410000000000000000e+03 5.370000000000000000e+03
1.152211050000000000e+08 2.950000000000000000e+03 2.080000000000000000e+03 5.410000000000000000e+03 5.210000000000000000e+03
1.152213140000000000e+08 2.950000000000000000e+03 2.080000000000000000e+03 5.420000000000000000e+03 5.090000000000000000e+03
1.152215220000000000e+08 2.950000000000000000e+03 2.070000000000000000e+03 5.420000000000000000e+03 5.090000000000000000e+03
1.152217290000000000e+08 2.950000000000000000e+03 2.070000000000000000e+03 5.410000000000000000e+03 5.130000000000000000e+03
1.152219370000000000e+08 2.950000000000000000e+03 2.080000000000000000e+03 5.420000000000000000e+03 5.170000000000000000e+03
1.152221450000000000e+08 2.950000000000000000e+03 2.080000000000000000e+03 5.420000000000000000e+03 5.190000000000000000e+03
1.152223530000000000e+08 2.950000000000000000e+03 2.080000000000000000e+03 5.410000000000000000e+03 5.200000000000000000e+03
1.152225620000000000e+08 2.950000000000000000e+03 2.080000000000000000e+03 5.410000000000000000e+03 5.160000000000000000e+03
1.152227690000000000e+08 2.960000000000000000e+03 2.070000000000000000e+03 5.420000000000000000e+03 5.110000000000000000e+03
1.152229770000000000e+08 2.960000000000000000e+03 2.080000000000000000e+03 5.420000000000000000e+03 5.100000000000000000e+03
1.152231850000000000e+08 2.950000000000000000e+03 2.070000000000000000e+03 5.430000000000000000e+03 5.120000000000000000e+03
1.152233930000000000e+08 2.950000000000000000e+03 2.070000000000000000e+03 5.430000000000000000e+03 5.180000000000000000e+03
1.152236020000000000e+08 2.950000000000000000e+03 2.070000000000000000e+03 5.430000000000000000e+03 5.190000000000000000e+03
1.152238090000000000e+08 2.950000000000000000e+03 2.080000000000000000e+03 5.430000000000000000e+03 5.190000000000000000e+03
1.152240170000000000e+08 2.940000000000000000e+03 2.070000000000000000e+03 5.430000000000000000e+03 5.200000000000000000e+03
1.152242250000000000e+08 2.950000000000000000e+03 2.070000000000000000e+03 5.420000000000000000e+03 5.210000000000000000e+03
1.152244330000000000e+08 2.940000000000000000e+03 2.070000000000000000e+03 5.410000000000000000e+03 5.230000000000000000e+03
1.152246400000000000e+08 2.940000000000000000e+03 2.070000000000000000e+03 5.420000000000000000e+03 5.210000000000000000e+03
1.152248490000000000e+08 2.940000000000000000e+03 2.070000000000000000e+03 5.410000000000000000e+03 5.230000000000000000e+03
1.152250570000000000e+08 2.950000000000000000e+03 2.070000000000000000e+03 5.420000000000000000e+03 5.230000000000000000e+03
1.152252650000000000e+08 2.950000000000000000e+03 2.070000000000000000e+03 5.420000000000000000e+03 5.230000000000000000e+03
1.152254730000000000e+08 2.940000000000000000e+03 2.070000000000000000e+03 5.430000000000000000e+03 5.200000000000000000e+03
1.152256810000000000e+08 2.930000000000000000e+03 2.070000000000000000e+03 5.430000000000000000e+03 5.210000000000000000e+03
1.152258890000000000e+08 2.940000000000000000e+03 2.070000000000000000e+03 5.410000000000000000e+03 5.210000000000000000e+03
1.152260970000000000e+08 2.930000000000000000e+03 2.070000000000000000e+03 5.410000000000000000e+03 5.230000000000000000e+03
1.152263050000000000e+08 2.930000000000000000e+03 2.070000000000000000e+03 5.400000000000000000e+03 5.230000000000000000e+03
1.152265120000000000e+08 2.930000000000000000e+03 2.070000000000000000e+03 5.400000000000000000e+03 5.210000000000000000e+03
1.152267210000000000e+08 2.930000000000000000e+03 2.070000000000000000e+03 5.410000000000000000e+03 5.190000000000000000e+03
1.152269280000000000e+08 2.930000000000000000e+03 2.070000000000000000e+03 5.420000000000000000e+03 5.170000000000000000e+03
1.152271370000000000e+08 2.930000000000000000e+03 2.070000000000000000e+03 5.420000000000000000e+03 5.140000000000000000e+03
1.152273440000000000e+08 2.940000000000000000e+03 2.070000000000000000e+03 5.420000000000000000e+03 5.140000000000000000e+03
1.152275520000000000e+08 2.950000000000000000e+03 2.070000000000000000e+03 5.420000000000000000e+03 5.140000000000000000e+03
1.152277600000000000e+08 2.950000000000000000e+03 2.070000000000000000e+03 5.410000000000000000e+03 5.130000000000000000e+03
1.152279680000000000e+08 2.950000000000000000e+03 2.070000000000000000e+03 5.410000000000000000e+03 5.130000000000000000e+03
1.152281750000000000e+08 2.950000000000000000e+03 2.070000000000000000e+03 5.410000000000000000e+03 5.140000000000000000e+03
1.152283840000000000e+08 2.950000000000000000e+03 2.070000000000000000e+03 5.410000000000000000e+03 5.130000000000000000e+03
1.152285920000000000e+08 2.940000000000000000e+03 2.070000000000000000e+03 5.410000000000000000e+03 5.110000000000000000e+03
1.152288000000000000e+08 2.940000000000000000e+03 2.070000000000000000e+03 5.410000000000000000e+03 5.100000000000000000e+03
1.152290080000000000e+08 2.950000000000000000e+03 2.070000000000000000e+03 5.410000000000000000e+03 5.100000000000000000e+03
1.152292160000000000e+08 2.950000000000000000e+03 2.070000000000000000e+03 5.410000000000000000e+03 5.090000000000000000e+03
1.152294240000000000e+08 2.950000000000000000e+03 2.080000000000000000e+03 5.420000000000000000e+03 5.090000000000000000e+03
1.152296320000000000e+08 2.950000000000000000e+03 2.070000000000000000e+03 5.430000000000000000e+03 5.090000000000000000e+03
1.152298390000000000e+08 2.950000000000000000e+03 2.070000000000000000e+03 5.430000000000000000e+03 5.100000000000000000e+03
1.152300480000000000e+08 2.950000000000000000e+03 2.070000000000000000e+03 5.430000000000000000e+03 5.110000000000000000e+03
1.152302560000000000e+08 2.950000000000000000e+03 2.070000000000000000e+03 5.420000000000000000e+03 5.110000000000000000e+03
1.152304640000000000e+08 2.960000000000000000e+03 2.070000000000000000e+03 5.420000000000000000e+03 5.110000000000000000e+03
1.152306720000000000e+08 2.960000000000000000e+03 2.080000000000000000e+03 5.420000000000000000e+03 5.100000000000000000e+03
1.152308800000000000e+08 2.960000000000000000e+03 2.080000000000000000e+03 5.420000000000000000e+03 5.080000000000000000e+03
1.152310880000000000e+08 2.960000000000000000e+03 2.080000000000000000e+03 5.410000000000000000e+03 5.070000000000000000e+03
1.152312960000000000e+08 2.960000000000000000e+03 2.070000000000000000e+03 5.410000000000000000e+03 5.070000000000000000e+03
1.152315030000000000e+08 2.960000000000000000e+03 2.080000000000000000e+03 5.400000000000000000e+03 5.070000000000000000e+03
1.152317120000000000e+08 2.960000000000000000e+03 2.080000000000000000e+03 5.400000000000000000e+03 5.130000000000000000e+03
1.152319200000000000e+08 2.960000000000000000e+03 2.070000000000000000e+03 5.400000000000000000e+03 5.090000000000000000e+03
1.152321280000000000e+08 2.970000000000000000e+03 2.070000000000000000e+03 5.400000000000000000e+03 5.100000000000000000e+03
1.152323360000000000e+08 2.960000000000000000e+03 2.080000000000000000e+03 5.410000000000000000e+03 5.070000000000000000e+03
1.152325440000000000e+08 2.960000000000000000e+03 2.080000000000000000e+03 5.410000000000000000e+03 5.060000000000000000e+03
1.152327510000000000e+08 2.950000000000000000e+03 2.070000000000000000e+03 5.410000000000000000e+03 5.030000000000000000e+03
1.152329590000000000e+08 2.950000000000000000e+03 2.070000000000000000e+03 5.410000000000000000e+03 5.010000000000000000e+03
1.152331680000000000e+08 2.950000000000000000e+03 2.070000000000000000e+03 5.410000000000000000e+03 5.000000000000000000e+03
1.152333760000000000e+08 2.940000000000000000e+03 2.070000000000000000e+03 5.410000000000000000e+03 5.000000000000000000e+03
1.152335830000000000e+08 2.940000000000000000e+03 2.070000000000000000e+03 5.420000000000000000e+03 5.000000000000000000e+03
1.152337910000000000e+08 2.950000000000000000e+03 2.070000000000000000e+03 5.420000000000000000e+03 4.980000000000000000e+03
1.152339990000000000e+08 2.950000000000000000e+03 2.070000000000000000e+03 5.420000000000000000e+03 4.960000000000000000e+03
1.152342070000000000e+08 2.950000000000000000e+03 2.070000000000000000e+03 5.420000000000000000e+03 4.960000000000000000e+03
1.152344150000000000e+08 2.950000000000000000e+03 2.080000000000000000e+03 5.420000000000000000e+03 4.960000000000000000e+03
1.152346230000000000e+08 2.950000000000000000e+03 2.080000000000000000e+03 5.420000000000000000e+03 4.950000000000000000e+03
1.152348310000000000e+08 2.940000000000000000e+03 2.080000000000000000e+03 5.420000000000000000e+03 4.950000000000000000e+03
1.152350390000000000e+08 2.940000000000000000e+03 2.080000000000000000e+03 5.420000000000000000e+03 4.970000000000000000e+03
1.152352470000000000e+08 2.940000000000000000e+03 2.070000000000000000e+03 5.420000000000000000e+03 5.000000000000000000e+03
1.152354550000000000e+08 2.940000000000000000e+03 2.070000000000000000e+03 5.420000000000000000e+03 5.050000000000000000e+03
1.152356630000000000e+08 2.940000000000000000e+03 2.070000000000000000e+03 5.420000000000000000e+03 5.080000000000000000e+03
1.152358710000000000e+08 2.940000000000000000e+03 2.070000000000000000e+03 5.410000000000000000e+03 5.080000000000000000e+03
1.152360790000000000e+08 2.940000000000000000e+03 2.070000000000000000e+03 5.400000000000000000e+03 5.060000000000000000e+03
1.152363170000000000e+08 2.940000000000000000e+03 2.070000000000000000e+03 5.400000000000000000e+03 5.060000000000000000e+03
1.152364940000000000e+08 2.940000000000000000e+03 2.070000000000000000e+03 5.400000000000000000e+03 5.060000000000000000e+03
1.152367030000000000e+08 2.940000000000000000e+03 2.070000000000000000e+03 5.400000000000000000e+03 5.060000000000000000e+03
1.152369110000000000e+08 2.940000000000000000e+03 2.070000000000000000e+03 5.400000000000000000e+03 5.070000000000000000e+03
