1.433399900000000000e+08 5.810000000000000000e+03 5.270000000000000000e+03 3.420000000000000000e+03 1.550000000000000000e+03
1.433401980000000000e+08 5.810000000000000000e+03 5.250000000000000000e+03 3.420000000000000000e+03 1.530000000000000000e+03
1.433404060000000000e+08 5.810000000000000000e+03 5.250000000000000000e+03 3.420000000000000000e+03 1.540000000000000000e+03
1.433406140000000000e+08 5.810000000000000000e+03 5.240000000000000000e+03 3.430000000000000000e+03 1.520000000000000000e+03
1.433408220000000000e+08 5.810000000000000000e+03 5.270000000000000000e+03 3.430000000000000000e+03 1.530000000000000000e+03
1.433410300000000000e+08 5.820000000000000000e+03 5.260000000000000000e+03 3.430000000000000000e+03 1.540000000000000000e+03
1.433412380000000000e+08 5.820000000000000000e+03 5.260000000000000000e+03 3.430000000000000000e+03 1.540000000000000000e+03
1.433414450000000000e+08 5.810000000000000000e+03 5.280000000000000000e+03 3.440000000000000000e+03 1.530000000000000000e+03
1.433416540000000000e+08 5.810000000000000000e+03 5.300000000000000000e+03 3.440000000000000000e+03 1.530000000000000000e+03
1.433418620000000000e+08 5.810000000000000000e+03 5.250000000000000000e+03 3.440000000000000000e+03 1.540000000000000000e+03
1.433420700000000000e+08 5.820000000000000000e+03 5.250000000000000000e+03 3.440000000000000000e+03 1.530000000000000000e+03
1.433422940000000000e+08 5.820000000000000000e+03 5.260000000000000000e+03 3.440000000000000000e+03 1.520000000000000000e+03
1.433425020000000000e+08 5.820000000000000000e+03 5.300000000000000000e+03 3.430000000000000000e+03 1.530000000000000000e+03
1.433427100000000000e+08 5.810000000000000000e+03 5.280000000000000000e+03 3.430000000000000000e+03 1.530000000000000000e+03
1.433429180000000000e+08 5.800000000000000000e+03 5.260000000000000000e+03 3.420000000000000000e+03 1.530000000000000000e+03
1.433431260000000000e+08 5.800000000000000000e+03 5.230000000000000000e+03 3.430000000000000000e+03 1.540000000000000000e+03
1.433433340000000000e+08 5.800000000000000000e+03 5.270000000000000000e+03 3.430000000000000000e+03 1.540000000000000000e+03
1.433435420000000000e+08 5.810000000000000000e+03 5.250000000000000000e+03 3.430000000000000000e+03 1.540000000000000000e+03
1.433437500000000000e+08 5.810000000000000000e+03 5.300000000000000000e+03 3.430000000000000000e+03 1.550000000000000000e+03
1.433439580000000000e+08 5.810000000000000000e+03 5.230000000000000000e+03 3.430000000000000000e+03 1.540000000000000000e+03
1.433441660000000000e+08 5.810000000000000000e+03 5.280000000000000000e+03 3.430000000000000000e+03 1.540000000000000000e+03
1.433443740000000000e+08 5.810000000000000000e+03 5.240000000000000000e+03 3.430000000000000000e+03 1.540000000000000000e+03
1.433445810000000000e+08 5.810000000000000000e+03 5.250000000000000000e+03 3.430000000000000000e+03 1.540000000000000000e+03
1.433447890000000000e+08 5.810000000000000000e+03 5.270000000000000000e+03 3.430000000000000000e+03 1.530000000000000000e+03
1.433449970000000000e+08 5.820000000000000000e+03 5.260000000000000000e+03 3.430000000000000000e+03 1.540000000000000000e+03
1.433452050000000000e+08 5.830000000000000000e+03 5.240000000000000000e+03 3.430000000000000000e+03 1.530000000000000000e+03
1.433454130000000000e+08 5.830000000000000000e+03 5.250000000000000000e+03 3.430000000000000000e+03 1.520000000000000000e+03
1.433456210000000000e+08 5.830000000000000000e+03 5.260000000000000000e+03 3.430000000000000000e+03 1.520000000000000000e+03
1.433458290000000000e+08 5.830000000000000000e+03 5.300000000000000000e+03 3.410000000000000000e+03 1.530000000000000000e+03
1.433460370000000000e+08 5.830000000000000000e+03 5.260000000000000000e+03 3.410000000000000000e+03 1.540000000000000000e+03
1.433462610000000000e+08 5.830000000000000000e+03 5.250000000000000000e+03 3.410000000000000000e+03 1.540000000000000000e+03
1.433464710000000000e+08 5.830000000000000000e+03 5.320000000000000000e+03 3.420000000000000000e+03 1.530000000000000000e+03
1.433466770000000000e+08 5.830000000000000000e+03 5.300000000000000000e+03 3.420000000000000000e+03 1.520000000000000000e+03
1.433468850000000000e+08 5.830000000000000000e+03 5.270000000000000000e+03 3.440000000000000000e+03 1.530000000000000000e+03
1.433470930000000000e+08 5.820000000000000000e+03 5.270000000000000000e+03 3.420000000000000000e+03 1.540000000000000000e+03
1.433473010000000000e+08 5.820000000000000000e+03 5.310000000000000000e+03 3.420000000000000000e+03 1.540000000000000000e+03
1.433475090000000000e+08 5.810000000000000000e+03 5.270000000000000000e+03 3.420000000000000000e+03 1.540000000000000000e+03
1.433477170000000000e+08 5.810000000000000000e+03 5.300000000000000000e+03 3.420000000000000000e+03 1.540000000000000000e+03
1.433479250000000000e+08 5.810000000000000000e+03 5.260000000000000000e+03 3.430000000000000000e+03 1.550000000000000000e+03
1.433481330000000000e+08 5.810000000000000000e+03 5.230000000000000000e+03 3.440000000000000000e+03 1.520000000000000000e+03
1.433483420000000000e+08 5.810000000000000000e+03 5.260000000000000000e+03 3.440000000000000000e+03 1.520000000000000000e+03
1.433485490000000000e+08 5.820000000000000000e+03 5.290000000000000000e+03 3.440000000000000000e+03 1.530000000000000000e+03
1.433487570000000000e+08 5.820000000000000000e+03 5.300000000000000000e+03 3.440000000000000000e+03 1.530000000000000000e+03
1.433489650000000000e+08 5.820000000000000000e+03 5.270000000000000000e+03 3.440000000000000000e+03 1.540000000000000000e+03
1.433491730000000000e+08 5.820000000000000000e+03 5.240000000000000000e+03 3.440000000000000000e+03 1.550000000000000000e+03
1.433493810000000000e+08 5.820000000000000000e+03 5.240000000000000000e+03 3.430000000000000000e+03 1.550000000000000000e+03
1.433495880000000000e+08 5.820000000000000000e+03 5.240000000000000000e+03 3.440000000000000000e+03 1.550000000000000000e+03
1.433497970000000000e+08 5.820000000000000000e+03 5.230000000000000000e+03 3.440000000000000000e+03 1.550000000000000000e+03
1.433500210000000000e+08 5.820000000000000000e+03 5.300000000000000000e+03 3.440000000000000000e+03 1.550000000000000000e+03
1.433502290000000000e+08 5.820000000000000000e+03 5.300000000000000000e+03 3.430000000000000000e+03 1.540000000000000000e+03
1.433504360000000000e+08 5.810000000000000000e+03 5.280000000000000000e+03 3.420000000000000000e+03 1.540000000000000000e+03
1.433506440000000000e+08 5.810000000000000000e+03 5.240000000000000000e+03 3.420000000000000000e+03 1.540000000000000000e+03
1.433508520000000000e+08 5.810000000000000000e+03 5.300000000000000000e+03 3.420000000000000000e+03 1.530000000000000000e+03
1.433510600000000000e+08 5.820000000000000000e+03 5.310000000000000000e+03 3.420000000000000000e+03 1.530000000000000000e+03
1.433512680000000000e+08 5.820000000000000000e+03 5.300000000000000000e+03 3.440000000000000000e+03 1.530000000000000000e+03
1.433514770000000000e+08 5.810000000000000000e+03 5.240000000000000000e+03 3.430000000000000000e+03 1.550000000000000000e+03
1.433516840000000000e+08 5.820000000000000000e+03 5.240000000000000000e+03 3.420000000000000000e+03 1.550000000000000000e+03
1.433518920000000000e+08 5.820000000000000000e+03 5.260000000000000000e+03 3.420000000000000000e+03 1.540000000000000000e+03
1.433521000000000000e+08 5.820000000000000000e+03 5.310000000000000000e+03 3.420000000000000000e+03 1.550000000000000000e+03
1.433523080000000000e+08 5.820000000000000000e+03 5.260000000000000000e+03 3.420000000000000000e+03 1.550000000000000000e+03
1.433525160000000000e+08 5.830000000000000000e+03 5.250000000000000000e+03 3.410000000000000000e+03 1.530000000000000000e+03
1.433527240000000000e+08 5.830000000000000000e+03 5.300000000000000000e+03 3.410000000000000000e+03 1.530000000000000000e+03
1.433529320000000000e+08 5.830000000000000000e+03 5.280000000000000000e+03 3.400000000000000000e+03 1.540000000000000000e+03
1.433531400000000000e+08 5.830000000000000000e+03 5.250000000000000000e+03 3.410000000000000000e+03 1.550000000000000000e+03
1.433533640000000000e+08 5.830000000000000000e+03 5.240000000000000000e+03 3.420000000000000000e+03 1.540000000000000000e+03
1.433535720000000000e+08 5.830000000000000000e+03 5.220000000000000000e+03 3.420000000000000000e+03 1.530000000000000000e+03
1.433537800000000000e+08 5.830000000000000000e+03 5.240000000000000000e+03 3.420000000000000000e+03 1.520000000000000000e+03
1.433539880000000000e+08 5.830000000000000000e+03 5.240000000000000000e+03 3.420000000000000000e+03 1.510000000000000000e+03
1.433541960000000000e+08 5.820000000000000000e+03 5.280000000000000000e+03 3.430000000000000000e+03 1.500000000000000000e+03
1.433544030000000000e+08 5.820000000000000000e+03 5.230000000000000000e+03 3.420000000000000000e+03 1.520000000000000000e+03
1.433546120000000000e+08 5.830000000000000000e+03 5.280000000000000000e+03 3.420000000000000000e+03 1.520000000000000000e+03
1.433548200000000000e+08 5.830000000000000000e+03 5.250000000000000000e+03 3.410000000000000000e+03 1.520000000000000000e+03
1.433550280000000000e+08 5.830000000000000000e+03 5.280000000000000000e+03 3.410000000000000000e+03 1.510000000000000000e+03
1.433552360000000000e+08 5.820000000000000000e+03 5.300000000000000000e+03 3.420000000000000000e+03 1.530000000000000000e+03
1.433554430000000000e+08 5.830000000000000000e+03 5.240000000000000000e+03 3.410000000000000000e+03 1.540000000000000000e+03
1.433556520000000000e+08 5.830000000000000000e+03 5.240000000000000000e+03 3.410000000000000000e+03 1.540000000000000000e+03
1.433558590000000000e+08 5.830000000000000000e+03 5.260000000000000000e+03 3.420000000000000000e+03 1.550000000000000000e+03
1.433560670000000000e+08 5.830000000000000000e+03 5.260000000000000000e+03 3.430000000000000000e+03 1.540000000000000000e+03
1.433562750000000000e+08 5.830000000000000000e+03 5.240000000000000000e+03 3.430000000000000000e+03 1.530000000000000000e+03
1.433564830000000000e+08 5.830000000000000000e+03 5.240000000000000000e+03 3.420000000000000000e+03 1.540000000000000000e+03
1.433567070000000000e+08 5.820000000000000000e+03 5.250000000000000000e+03 3.420000000000000000e+03 1.540000000000000000e+03
1.433569150000000000e+08 5.820000000000000000e+03 5.240000000000000000e+03 3.420000000000000000e+03 1.550000000000000000e+03
1.433571230000000000e+08 5.820000000000000000e+03 5.260000000000000000e+03 3.420000000000000000e+03 1.540000000000000000e+03
1.433573310000000000e+08 5.820000000000000000e+03 5.260000000000000000e+03 3.420000000000000000e+03 1.540000000000000000e+03
1.433575390000000000e+08 5.830000000000000000e+03 5.250000000000000000e+03 3.420000000000000000e+03 1.530000000000000000e+03
1.433577470000000000e+08 5.830000000000000000e+03 5.260000000000000000e+03 3.430000000000000000e+03 1.520000000000000000e+03
1.433579550000000000e+08 5.830000000000000000e+03 5.230000000000000000e+03 3.440000000000000000e+03 1.510000000000000000e+03
1.433581630000000000e+08 5.820000000000000000e+03 5.290000000000000000e+03 3.440000000000000000e+03 1.530000000000000000e+03
1.433583710000000000e+08 5.830000000000000000e+03 5.270000000000000000e+03 3.440000000000000000e+03 1.530000000000000000e+03
1.433585790000000000e+08 5.830000000000000000e+03 5.270000000000000000e+03 3.430000000000000000e+03 1.540000000000000000e+03
1.433587870000000000e+08 5.830000000000000000e+03 5.270000000000000000e+03 3.420000000000000000e+03 1.540000000000000000e+03
1.433589950000000000e+08 5.830000000000000000e+03 5.280000000000000000e+03 3.420000000000000000e+03 1.520000000000000000e+03
1.433592030000000000e+08 5.830000000000000000e+03 5.270000000000000000e+03 3.420000000000000000e+03 1.530000000000000000e+03
1.433594110000000000e+08 5.830000000000000000e+03 5.270000000000000000e+03 3.420000000000000000e+03 1.530000000000000000e+03
1.433596210000000000e+08 5.820000000000000000e+03 5.280000000000000000e+03 3.440000000000000000e+03 1.540000000000000000e+03
1.433598270000000000e+08 5.830000000000000000e+03 5.250000000000000000e+03 3.440000000000000000e+03 1.530000000000000000e+03
1.434000350000000000e+08 5.830000000000000000e+03 5.250000000000000000e+03 3.440000000000000000e+03 1.540000000000000000e+03
1.434002590000000000e+08 5.820000000000000000e+03 5.280000000000000000e+03 3.440000000000000000e+03 1.530000000000000000e+03
1.434004670000000000e+08 5.820000000000000000e+03 5.260000000000000000e+03 3.440000000000000000e+03 1.530000000000000000e+03
1.434006740000000000e+08 5.830000000000000000e+03 5.250000000000000000e+03 3.440000000000000000e+03 1.520000000000000000e+03
1.434008830000000000e+08 5.830000000000000000e+03 5.250000000000000000e+03 3.440000000000000000e+03 1.520000000000000000e+03
1.434010900000000000e+08 5.850000000000000000e+03 5.300000000000000000e+03 3.440000000000000000e+03 1.530000000000000000e+03
1.434012980000000000e+08 5.850000000000000000e+03 5.290000000000000000e+03 3.440000000000000000e+03 1.530000000000000000e+03
1.434015070000000000e+08 5.850000000000000000e+03 5.260000000000000000e+03 3.430000000000000000e+03 1.530000000000000000e+03
1.434017140000000000e+08 5.850000000000000000e+03 5.300000000000000000e+03 3.430000000000000000e+03 1.530000000000000000e+03
1.434019220000000000e+08 5.830000000000000000e+03 5.270000000000000000e+03 3.420000000000000000e+03 1.540000000000000000e+03
1.434021300000000000e+08 5.850000000000000000e+03 5.260000000000000000e+03 3.430000000000000000e+03 1.540000000000000000e+03
1.434023380000000000e+08 5.830000000000000000e+03 5.250000000000000000e+03 3.430000000000000000e+03 1.540000000000000000e+03
1.434025460000000000e+08 5.830000000000000000e+03 5.270000000000000000e+03 3.430000000000000000e+03 1.530000000000000000e+03
1.434027540000000000e+08 5.830000000000000000e+03 5.250000000000000000e+03 3.420000000000000000e+03 1.520000000000000000e+03
1.434029620000000000e+08 5.830000000000000000e+03 5.240000000000000000e+03 3.430000000000000000e+03 1.510000000000000000e+03
1.434031700000000000e+08 5.830000000000000000e+03 5.300000000000000000e+03 3.420000000000000000e+03 1.510000000000000000e+03
1.434033780000000000e+08 5.850000000000000000e+03 5.280000000000000000e+03 3.420000000000000000e+03 1.520000000000000000e+03
1.434036020000000000e+08 5.850000000000000000e+03 5.260000000000000000e+03 3.430000000000000000e+03 1.520000000000000000e+03
1.434038100000000000e+08 5.850000000000000000e+03 5.260000000000000000e+03 3.420000000000000000e+03 1.520000000000000000e+03
1.434040180000000000e+08 5.850000000000000000e+03 4.780000000000000000e+03 3.440000000000000000e+03 2.000000000000000000e+03
1.434042250000000000e+08 5.830000000000000000e+03 4.780000000000000000e+03 3.440000000000000000e+03 1.990000000000000000e+03
1.434044330000000000e+08 5.830000000000000000e+03 4.780000000000000000e+03 3.450000000000000000e+03 2.010000000000000000e+03
1.434046420000000000e+08 5.830000000000000000e+03 4.780000000000000000e+03 3.440000000000000000e+03 2.010000000000000000e+03
1.434050580000000000e+08 5.830000000000000000e+03 4.780000000000000000e+03 3.440000000000000000e+03 1.980000000000000000e+03
1.434052650000000000e+08 5.820000000000000000e+03 4.780000000000000000e+03 3.430000000000000000e+03 2.040000000000000000e+03
1.434054740000000000e+08 5.820000000000000000e+03 4.780000000000000000e+03 3.440000000000000000e+03 2.000000000000000000e+03
1.434056820000000000e+08 5.810000000000000000e+03 4.780000000000000000e+03 3.440000000000000000e+03 1.990000000000000000e+03
1.434058900000000000e+08 5.820000000000000000e+03 4.780000000000000000e+03 3.440000000000000000e+03 2.030000000000000000e+03
1.434060980000000000e+08 5.820000000000000000e+03 4.780000000000000000e+03 3.440000000000000000e+03 2.040000000000000000e+03
1.434063060000000000e+08 5.820000000000000000e+03 4.780000000000000000e+03 3.440000000000000000e+03 2.000000000000000000e+03
1.434065140000000000e+08 5.820000000000000000e+03 4.780000000000000000e+03 3.430000000000000000e+03 2.020000000000000000e+03
1.434067220000000000e+08 5.830000000000000000e+03 4.770000000000000000e+03 3.430000000000000000e+03 2.030000000000000000e+03
1.434069300000000000e+08 5.830000000000000000e+03 4.790000000000000000e+03 3.440000000000000000e+03 2.040000000000000000e+03
1.434071540000000000e+08 5.830000000000000000e+03 4.780000000000000000e+03 3.430000000000000000e+03 1.990000000000000000e+03
1.434073610000000000e+08 5.820000000000000000e+03 4.770000000000000000e+03 3.420000000000000000e+03 2.020000000000000000e+03
1.434075700000000000e+08 5.830000000000000000e+03 4.770000000000000000e+03 3.420000000000000000e+03 2.030000000000000000e+03
1.434077770000000000e+08 5.830000000000000000e+03 4.770000000000000000e+03 3.430000000000000000e+03 1.970000000000000000e+03
1.434079850000000000e+08 5.820000000000000000e+03 4.770000000000000000e+03 3.430000000000000000e+03 2.020000000000000000e+03
1.434081930000000000e+08 5.820000000000000000e+03 4.780000000000000000e+03 3.430000000000000000e+03 2.020000000000000000e+03
1.434084010000000000e+08 5.830000000000000000e+03 4.780000000000000000e+03 3.430000000000000000e+03 1.970000000000000000e+03
1.434086090000000000e+08 5.830000000000000000e+03 4.780000000000000000e+03 3.440000000000000000e+03 1.990000000000000000e+03
1.434088170000000000e+08 5.830000000000000000e+03 4.790000000000000000e+03 3.430000000000000000e+03 1.950000000000000000e+03
1.434090250000000000e+08 5.830000000000000000e+03 4.780000000000000000e+03 3.430000000000000000e+03 2.010000000000000000e+03
1.434092330000000000e+08 5.830000000000000000e+03 4.770000000000000000e+03 3.440000000000000000e+03 1.980000000000000000e+03
1.434094410000000000e+08 5.830000000000000000e+03 4.780000000000000000e+03 3.430000000000000000e+03 1.980000000000000000e+03
1.434096490000000000e+08 5.830000000000000000e+03 4.780000000000000000e+03 3.430000000000000000e+03 1.990000000000000000e+03
1.434098570000000000e+08 5.820000000000000000e+03 4.790000000000000000e+03 3.440000000000000000e+03 1.960000000000000000e+03
1.434100650000000000e+08 5.820000000000000000e+03 4.790000000000000000e+03 3.430000000000000000e+03 1.950000000000000000e+03
1.434102730000000000e+08 5.820000000000000000e+03 4.790000000000000000e+03 3.430000000000000000e+03 1.950000000000000000e+03
1.434104970000000000e+08 5.820000000000000000e+03 4.790000000000000000e+03 3.420000000000000000e+03 1.950000000000000000e+03
1.434107050000000000e+08 5.820000000000000000e+03 4.780000000000000000e+03 3.420000000000000000e+03 1.970000000000000000e+03
1.434109130000000000e+08 5.820000000000000000e+03 4.780000000000000000e+03 3.420000000000000000e+03 1.950000000000000000e+03
1.434111210000000000e+08 5.820000000000000000e+03 4.780000000000000000e+03 3.420000000000000000e+03 1.970000000000000000e+03
1.434113290000000000e+08 5.830000000000000000e+03 4.800000000000000000e+03 3.430000000000000000e+03 1.970000000000000000e+03
1.434115370000000000e+08 5.830000000000000000e+03 4.780000000000000000e+03 3.430000000000000000e+03 1.980000000000000000e+03
1.434117450000000000e+08 5.850000000000000000e+03 4.780000000000000000e+03 3.430000000000000000e+03 1.970000000000000000e+03
1.434119530000000000e+08 5.850000000000000000e+03 4.770000000000000000e+03 3.430000000000000000e+03 2.040000000000000000e+03
1.434121610000000000e+08 5.850000000000000000e+03 4.770000000000000000e+03 3.430000000000000000e+03 1.980000000000000000e+03
1.434123690000000000e+08 5.850000000000000000e+03 4.770000000000000000e+03 3.430000000000000000e+03 1.990000000000000000e+03
1.434125770000000000e+08 5.830000000000000000e+03 4.780000000000000000e+03 3.430000000000000000e+03 1.970000000000000000e+03
1.434127850000000000e+08 5.830000000000000000e+03 4.780000000000000000e+03 3.430000000000000000e+03 2.030000000000000000e+03
1.434129930000000000e+08 5.830000000000000000e+03 4.770000000000000000e+03 3.420000000000000000e+03 2.030000000000000000e+03
1.434132000000000000e+08 5.830000000000000000e+03 4.770000000000000000e+03 3.430000000000000000e+03 1.960000000000000000e+03
1.434134090000000000e+08 5.830000000000000000e+03 4.770000000000000000e+03 3.420000000000000000e+03 2.010000000000000000e+03
1.434136160000000000e+08 5.830000000000000000e+03 4.760000000000000000e+03 3.420000000000000000e+03 2.020000000000000000e+03
1.434138420000000000e+08 5.830000000000000000e+03 4.760000000000000000e+03 3.420000000000000000e+03 1.970000000000000000e+03
1.434140480000000000e+08 5.830000000000000000e+03 4.770000000000000000e+03 3.410000000000000000e+03 1.980000000000000000e+03
1.434142560000000000e+08 5.830000000000000000e+03 4.780000000000000000e+03 3.420000000000000000e+03 2.040000000000000000e+03
1.434144640000000000e+08 5.850000000000000000e+03 4.780000000000000000e+03 3.430000000000000000e+03 2.010000000000000000e+03
1.434146730000000000e+08 5.830000000000000000e+03 4.780000000000000000e+03 3.430000000000000000e+03 1.990000000000000000e+03
1.434148810000000000e+08 5.850000000000000000e+03 4.800000000000000000e+03 3.440000000000000000e+03 1.990000000000000000e+03
1.434150880000000000e+08 5.830000000000000000e+03 4.790000000000000000e+03 3.430000000000000000e+03 2.000000000000000000e+03
1.434152960000000000e+08 5.830000000000000000e+03 4.780000000000000000e+03 3.430000000000000000e+03 2.020000000000000000e+03
1.434155040000000000e+08 5.830000000000000000e+03 4.800000000000000000e+03 3.430000000000000000e+03 2.030000000000000000e+03
1.434157130000000000e+08 5.820000000000000000e+03 4.800000000000000000e+03 3.430000000000000000e+03 2.020000000000000000e+03
1.434159200000000000e+08 5.820000000000000000e+03 4.800000000000000000e+03 3.430000000000000000e+03 2.030000000000000000e+03
1.434161280000000000e+08 5.830000000000000000e+03 4.790000000000000000e+03 3.430000000000000000e+03 2.000000000000000000e+03
1.434163360000000000e+08 5.830000000000000000e+03 4.780000000000000000e+03 3.440000000000000000e+03 1.960000000000000000e+03
1.434165440000000000e+08 5.820000000000000000e+03 4.780000000000000000e+03 3.430000000000000000e+03 2.030000000000000000e+03
1.434167530000000000e+08 5.820000000000000000e+03 4.790000000000000000e+03 3.440000000000000000e+03 2.030000000000000000e+03
1.434169600000000000e+08 5.820000000000000000e+03 4.780000000000000000e+03 3.430000000000000000e+03 1.980000000000000000e+03
1.434171680000000000e+08 5.820000000000000000e+03 4.780000000000000000e+03 3.430000000000000000e+03 2.000000000000000000e+03
1.434173760000000000e+08 5.820000000000000000e+03 4.780000000000000000e+03 3.420000000000000000e+03 2.020000000000000000e+03
1.434176000000000000e+08 5.830000000000000000e+03 4.780000000000000000e+03 3.420000000000000000e+03 1.960000000000000000e+03
1.434178080000000000e+08 5.830000000000000000e+03 4.780000000000000000e+03 3.420000000000000000e+03 1.990000000000000000e+03
1.434180160000000000e+08 5.830000000000000000e+03 4.780000000000000000e+03 3.420000000000000000e+03 1.950000000000000000e+03
1.434182240000000000e+08 5.830000000000000000e+03 4.780000000000000000e+03 3.420000000000000000e+03 1.960000000000000000e+03
1.434184320000000000e+08 5.820000000000000000e+03 4.790000000000000000e+03 3.440000000000000000e+03 2.010000000000000000e+03
1.434186400000000000e+08 5.820000000000000000e+03 4.790000000000000000e+03 3.430000000000000000e+03 2.010000000000000000e+03
1.434188480000000000e+08 5.820000000000000000e+03 4.780000000000000000e+03 3.440000000000000000e+03 1.990000000000000000e+03
1.434190560000000000e+08 5.820000000000000000e+03 4.790000000000000000e+03 3.430000000000000000e+03 2.050000000000000000e+03
1.434192630000000000e+08 5.820000000000000000e+03 4.790000000000000000e+03 3.430000000000000000e+03 1.970000000000000000e+03
1.434194710000000000e+08 5.820000000000000000e+03 4.790000000000000000e+03 3.430000000000000000e+03 2.050000000000000000e+03
1.434196790000000000e+08 5.830000000000000000e+03 4.790000000000000000e+03 3.440000000000000000e+03 2.010000000000000000e+03
1.434198870000000000e+08 5.830000000000000000e+03 4.790000000000000000e+03 3.430000000000000000e+03 1.980000000000000000e+03
1.434200950000000000e+08 5.820000000000000000e+03 4.780000000000000000e+03 3.430000000000000000e+03 1.990000000000000000e+03
1.434203030000000000e+08 5.820000000000000000e+03 4.780000000000000000e+03 3.430000000000000000e+03 2.000000000000000000e+03
1.434205110000000000e+08 5.820000000000000000e+03 4.780000000000000000e+03 3.420000000000000000e+03 1.990000000000000000e+03
1.434207190000000000e+08 5.820000000000000000e+03 4.780000000000000000e+03 3.420000000000000000e+03 1.970000000000000000e+03
1.434209270000000000e+08 5.820000000000000000e+03 4.790000000000000000e+03 3.420000000000000000e+03 1.980000000000000000e+03
1.434211510000000000e+08 5.820000000000000000e+03 4.780000000000000000e+03 3.410000000000000000e+03 1.970000000000000000e+03
1.434213590000000000e+08 5.820000000000000000e+03 4.780000000000000000e+03 3.420000000000000000e+03 2.050000000000000000e+03
1.434215670000000000e+08 5.810000000000000000e+03 4.790000000000000000e+03 3.420000000000000000e+03 2.040000000000000000e+03
1.434217750000000000e+08 5.820000000000000000e+03 4.790000000000000000e+03 3.430000000000000000e+03 2.050000000000000000e+03
1.434219830000000000e+08 5.820000000000000000e+03 4.780000000000000000e+03 3.430000000000000000e+03 1.980000000000000000e+03
1.434221910000000000e+08 5.820000000000000000e+03 4.790000000000000000e+03 3.430000000000000000e+03 1.980000000000000000e+03
1.434223990000000000e+08 5.820000000000000000e+03 4.770000000000000000e+03 3.440000000000000000e+03 2.020000000000000000e+03
1.434226070000000000e+08 5.820000000000000000e+03 4.780000000000000000e+03 3.440000000000000000e+03 2.020000000000000000e+03
1.434228140000000000e+08 5.820000000000000000e+03 4.780000000000000000e+03 3.440000000000000000e+03 2.030000000000000000e+03
1.434230230000000000e+08 5.820000000000000000e+03 4.760000000000000000e+03 3.440000000000000000e+03 1.970000000000000000e+03
1.434232310000000000e+08 5.820000000000000000e+03 4.780000000000000000e+03 3.440000000000000000e+03 1.970000000000000000e+03
1.434234380000000000e+08 5.830000000000000000e+03 4.770000000000000000e+03 3.440000000000000000e+03 2.000000000000000000e+03
1.434236460000000000e+08 5.830000000000000000e+03 4.780000000000000000e+03 3.430000000000000000e+03 2.040000000000000000e+03
1.434238550000000000e+08 5.830000000000000000e+03 4.780000000000000000e+03 3.430000000000000000e+03 1.990000000000000000e+03
1.434240620000000000e+08 5.850000000000000000e+03 4.780000000000000000e+03 3.430000000000000000e+03 1.990000000000000000e+03
1.434242700000000000e+08 5.850000000000000000e+03 4.780000000000000000e+03 3.430000000000000000e+03 2.030000000000000000e+03
1.434244950000000000e+08 5.850000000000000000e+03 4.780000000000000000e+03 3.440000000000000000e+03 1.980000000000000000e+03
1.434247030000000000e+08 5.830000000000000000e+03 4.780000000000000000e+03 3.440000000000000000e+03 2.000000000000000000e+03
1.434249100000000000e+08 5.830000000000000000e+03 4.780000000000000000e+03 3.440000000000000000e+03 2.000000000000000000e+03
1.434251180000000000e+08 5.830000000000000000e+03 4.780000000000000000e+03 3.430000000000000000e+03 2.020000000000000000e+03
1.434253260000000000e+08 5.830000000000000000e+03 4.780000000000000000e+03 3.420000000000000000e+03 1.970000000000000000e+03
1.434255340000000000e+08 5.830000000000000000e+03 4.780000000000000000e+03 3.430000000000000000e+03 1.960000000000000000e+03
1.434257420000000000e+08 5.830000000000000000e+03 4.780000000000000000e+03 3.430000000000000000e+03 1.980000000000000000e+03
1.434259500000000000e+08 5.830000000000000000e+03 4.780000000000000000e+03 3.430000000000000000e+03 2.010000000000000000e+03
1.434261580000000000e+08 5.830000000000000000e+03 4.780000000000000000e+03 3.440000000000000000e+03 1.990000000000000000e+03
1.434263660000000000e+08 5.830000000000000000e+03 4.780000000000000000e+03 3.440000000000000000e+03 1.980000000000000000e+03
1.434265740000000000e+08 5.830000000000000000e+03 4.790000000000000000e+03 3.430000000000000000e+03 1.970000000000000000e+03
1.434267820000000000e+08 5.830000000000000000e+03 4.790000000000000000e+03 3.430000000000000000e+03 1.960000000000000000e+03
1.434269900000000000e+08 5.830000000000000000e+03 4.790000000000000000e+03 3.430000000000000000e+03 2.030000000000000000e+03
1.434272000000000000e+08 5.830000000000000000e+03 4.780000000000000000e+03 3.420000000000000000e+03 1.970000000000000000e+03
1.434274060000000000e+08 5.830000000000000000e+03 4.780000000000000000e+03 3.420000000000000000e+03 1.990000000000000000e+03
1.434276300000000000e+08 5.830000000000000000e+03 4.790000000000000000e+03 3.420000000000000000e+03 2.010000000000000000e+03
1.434278380000000000e+08 5.830000000000000000e+03 4.790000000000000000e+03 3.420000000000000000e+03 2.010000000000000000e+03
1.434280460000000000e+08 5.830000000000000000e+03 4.790000000000000000e+03 3.420000000000000000e+03 2.020000000000000000e+03
1.434282540000000000e+08 5.820000000000000000e+03 4.790000000000000000e+03 3.420000000000000000e+03 2.030000000000000000e+03
