1.444017380000000000e+08 5.850000000000000000e+03 3.570000000000000000e+03 4.210000000000000000e+03 1.800000000000000000e+03
1.444019460000000000e+08 6.030000000000000000e+03 3.590000000000000000e+03 4.200000000000000000e+03 1.800000000000000000e+03
1.444021530000000000e+08 6.160000000000000000e+03 3.580000000000000000e+03 4.190000000000000000e+03 1.800000000000000000e+03
1.444023620000000000e+08 5.940000000000000000e+03 3.570000000000000000e+03 4.210000000000000000e+03 1.800000000000000000e+03
1.444025700000000000e+08 5.940000000000000000e+03 3.570000000000000000e+03 4.220000000000000000e+03 1.800000000000000000e+03
1.444027780000000000e+08 6.070000000000000000e+03 3.570000000000000000e+03 4.220000000000000000e+03 1.780000000000000000e+03
1.444029860000000000e+08 6.070000000000000000e+03 3.570000000000000000e+03 4.220000000000000000e+03 1.770000000000000000e+03
1.444031940000000000e+08 5.950000000000000000e+03 3.570000000000000000e+03 4.220000000000000000e+03 1.770000000000000000e+03
1.444034020000000000e+08 5.900000000000000000e+03 3.570000000000000000e+03 4.220000000000000000e+03 1.780000000000000000e+03
1.444036100000000000e+08 5.880000000000000000e+03 3.590000000000000000e+03 4.220000000000000000e+03 1.780000000000000000e+03
1.444038180000000000e+08 5.860000000000000000e+03 3.580000000000000000e+03 4.210000000000000000e+03 1.800000000000000000e+03
1.444040260000000000e+08 5.820000000000000000e+03 3.580000000000000000e+03 4.210000000000000000e+03 1.800000000000000000e+03
1.444042500000000000e+08 5.800000000000000000e+03 3.570000000000000000e+03 4.200000000000000000e+03 1.800000000000000000e+03
1.444044580000000000e+08 5.770000000000000000e+03 3.570000000000000000e+03 4.200000000000000000e+03 1.800000000000000000e+03
1.444046660000000000e+08 5.710000000000000000e+03 3.570000000000000000e+03 4.210000000000000000e+03 1.810000000000000000e+03
1.444048740000000000e+08 5.670000000000000000e+03 3.570000000000000000e+03 4.220000000000000000e+03 1.810000000000000000e+03
1.444050810000000000e+08 5.640000000000000000e+03 3.570000000000000000e+03 4.210000000000000000e+03 1.780000000000000000e+03
1.444052900000000000e+08 5.630000000000000000e+03 3.570000000000000000e+03 4.220000000000000000e+03 1.780000000000000000e+03
1.444054980000000000e+08 5.630000000000000000e+03 3.570000000000000000e+03 4.210000000000000000e+03 1.770000000000000000e+03
1.444057050000000000e+08 5.640000000000000000e+03 3.570000000000000000e+03 4.200000000000000000e+03 1.770000000000000000e+03
1.444059130000000000e+08 5.780000000000000000e+03 3.580000000000000000e+03 4.210000000000000000e+03 1.760000000000000000e+03
1.444061230000000000e+08 5.910000000000000000e+03 3.570000000000000000e+03 4.200000000000000000e+03 1.750000000000000000e+03
1.444063290000000000e+08 5.850000000000000000e+03 3.570000000000000000e+03 4.210000000000000000e+03 1.750000000000000000e+03
1.444065530000000000e+08 6.030000000000000000e+03 3.570000000000000000e+03 4.210000000000000000e+03 1.750000000000000000e+03
1.444067610000000000e+08 5.860000000000000000e+03 3.570000000000000000e+03 4.220000000000000000e+03 1.760000000000000000e+03
1.444069690000000000e+08 5.730000000000000000e+03 3.570000000000000000e+03 4.210000000000000000e+03 1.770000000000000000e+03
1.444071770000000000e+08 5.650000000000000000e+03 3.570000000000000000e+03 4.210000000000000000e+03 1.780000000000000000e+03
1.444073850000000000e+08 5.590000000000000000e+03 3.570000000000000000e+03 4.210000000000000000e+03 1.780000000000000000e+03
1.444075930000000000e+08 5.550000000000000000e+03 3.570000000000000000e+03 4.210000000000000000e+03 1.770000000000000000e+03
1.444078010000000000e+08 5.520000000000000000e+03 3.580000000000000000e+03 4.210000000000000000e+03 1.780000000000000000e+03
1.444080090000000000e+08 5.500000000000000000e+03 3.590000000000000000e+03 4.220000000000000000e+03 1.800000000000000000e+03
1.444082170000000000e+08 5.490000000000000000e+03 3.590000000000000000e+03 4.220000000000000000e+03 1.800000000000000000e+03
1.444084250000000000e+08 5.550000000000000000e+03 3.590000000000000000e+03 4.220000000000000000e+03 1.800000000000000000e+03
1.444086330000000000e+08 5.560000000000000000e+03 3.580000000000000000e+03 4.220000000000000000e+03 1.810000000000000000e+03
1.444088410000000000e+08 5.570000000000000000e+03 3.570000000000000000e+03 4.220000000000000000e+03 1.800000000000000000e+03
1.444090490000000000e+08 5.600000000000000000e+03 3.570000000000000000e+03 4.220000000000000000e+03 1.780000000000000000e+03
1.444092720000000000e+08 5.640000000000000000e+03 3.570000000000000000e+03 4.220000000000000000e+03 1.770000000000000000e+03
1.444094810000000000e+08 5.610000000000000000e+03 3.570000000000000000e+03 4.220000000000000000e+03 1.760000000000000000e+03
1.444096890000000000e+08 5.570000000000000000e+03 3.570000000000000000e+03 4.210000000000000000e+03 1.760000000000000000e+03
1.444098970000000000e+08 5.570000000000000000e+03 3.570000000000000000e+03 4.220000000000000000e+03 1.760000000000000000e+03
1.444101040000000000e+08 5.620000000000000000e+03 3.570000000000000000e+03 4.220000000000000000e+03 1.760000000000000000e+03
1.444103130000000000e+08 5.660000000000000000e+03 3.580000000000000000e+03 4.220000000000000000e+03 1.750000000000000000e+03
1.444105210000000000e+08 5.660000000000000000e+03 3.570000000000000000e+03 4.220000000000000000e+03 1.760000000000000000e+03
1.444107280000000000e+08 5.670000000000000000e+03 3.570000000000000000e+03 4.220000000000000000e+03 1.760000000000000000e+03
1.444109360000000000e+08 5.660000000000000000e+03 3.570000000000000000e+03 4.210000000000000000e+03 1.770000000000000000e+03
1.444111600000000000e+08 5.650000000000000000e+03 3.570000000000000000e+03 4.200000000000000000e+03 1.760000000000000000e+03
1.444113680000000000e+08 5.630000000000000000e+03 3.570000000000000000e+03 4.200000000000000000e+03 1.760000000000000000e+03
1.444115760000000000e+08 5.600000000000000000e+03 3.570000000000000000e+03 4.210000000000000000e+03 1.750000000000000000e+03
1.444117840000000000e+08 5.570000000000000000e+03 3.570000000000000000e+03 4.220000000000000000e+03 1.750000000000000000e+03
1.444119920000000000e+08 5.750000000000000000e+03 3.580000000000000000e+03 4.220000000000000000e+03 1.750000000000000000e+03
1.444122000000000000e+08 5.760000000000000000e+03 3.570000000000000000e+03 4.210000000000000000e+03 1.770000000000000000e+03
1.444124080000000000e+08 5.740000000000000000e+03 3.570000000000000000e+03 4.220000000000000000e+03 1.770000000000000000e+03
1.444126160000000000e+08 5.710000000000000000e+03 3.580000000000000000e+03 4.210000000000000000e+03 1.770000000000000000e+03
1.444128240000000000e+08 5.700000000000000000e+03 3.580000000000000000e+03 4.210000000000000000e+03 1.780000000000000000e+03
1.444130320000000000e+08 5.680000000000000000e+03 3.580000000000000000e+03 4.220000000000000000e+03 1.770000000000000000e+03
1.444132400000000000e+08 5.670000000000000000e+03 3.580000000000000000e+03 4.220000000000000000e+03 1.770000000000000000e+03
1.444134640000000000e+08 5.670000000000000000e+03 3.570000000000000000e+03 4.210000000000000000e+03 1.770000000000000000e+03
1.444136720000000000e+08 5.680000000000000000e+03 3.580000000000000000e+03 4.210000000000000000e+03 1.780000000000000000e+03
1.444138800000000000e+08 5.710000000000000000e+03 3.580000000000000000e+03 4.220000000000000000e+03 1.800000000000000000e+03
1.444140880000000000e+08 5.660000000000000000e+03 3.590000000000000000e+03 4.220000000000000000e+03 1.800000000000000000e+03
1.444142960000000000e+08 5.640000000000000000e+03 3.580000000000000000e+03 4.220000000000000000e+03 1.800000000000000000e+03
1.444145040000000000e+08 5.790000000000000000e+03 3.590000000000000000e+03 4.210000000000000000e+03 1.810000000000000000e+03
1.444147120000000000e+08 5.980000000000000000e+03 3.590000000000000000e+03 4.220000000000000000e+03 1.810000000000000000e+03
1.444149200000000000e+08 6.320000000000000000e+03 3.580000000000000000e+03 4.220000000000000000e+03 1.800000000000000000e+03
1.444151270000000000e+08 6.540000000000000000e+03 3.580000000000000000e+03 4.220000000000000000e+03 1.800000000000000000e+03
1.444153360000000000e+08 6.690000000000000000e+03 3.580000000000000000e+03 4.230000000000000000e+03 1.800000000000000000e+03
1.444155440000000000e+08 6.810000000000000000e+03 3.590000000000000000e+03 4.230000000000000000e+03 1.780000000000000000e+03
1.444159590000000000e+08 6.560000000000000000e+03 3.570000000000000000e+03 4.220000000000000000e+03 1.780000000000000000e+03
1.444161840000000000e+08 6.600000000000000000e+03 3.570000000000000000e+03 4.210000000000000000e+03 1.800000000000000000e+03
1.444163920000000000e+08 6.630000000000000000e+03 3.570000000000000000e+03 4.210000000000000000e+03 1.800000000000000000e+03
1.444165990000000000e+08 6.730000000000000000e+03 3.570000000000000000e+03 4.210000000000000000e+03 1.800000000000000000e+03
1.444168080000000000e+08 6.360000000000000000e+03 3.570000000000000000e+03 4.210000000000000000e+03 1.800000000000000000e+03
1.444170150000000000e+08 6.090000000000000000e+03 3.560000000000000000e+03 4.200000000000000000e+03 1.780000000000000000e+03
1.444172230000000000e+08 6.370000000000000000e+03 3.570000000000000000e+03 4.190000000000000000e+03 1.780000000000000000e+03
1.444174310000000000e+08 6.370000000000000000e+03 3.570000000000000000e+03 4.200000000000000000e+03 1.780000000000000000e+03
1.444176390000000000e+08 6.190000000000000000e+03 3.580000000000000000e+03 4.210000000000000000e+03 1.770000000000000000e+03
1.444178470000000000e+08 6.040000000000000000e+03 3.580000000000000000e+03 4.210000000000000000e+03 1.760000000000000000e+03
1.444180550000000000e+08 5.920000000000000000e+03 3.570000000000000000e+03 4.220000000000000000e+03 1.750000000000000000e+03
1.444182630000000000e+08 5.860000000000000000e+03 3.570000000000000000e+03 4.230000000000000000e+03 1.770000000000000000e+03
1.444184710000000000e+08 5.810000000000000000e+03 3.570000000000000000e+03 4.230000000000000000e+03 1.770000000000000000e+03
1.444186790000000000e+08 5.790000000000000000e+03 3.580000000000000000e+03 4.220000000000000000e+03 1.770000000000000000e+03
1.444188860000000000e+08 5.760000000000000000e+03 3.580000000000000000e+03 4.220000000000000000e+03 1.800000000000000000e+03
1.444190950000000000e+08 5.780000000000000000e+03 3.580000000000000000e+03 4.220000000000000000e+03 1.780000000000000000e+03
1.444193190000000000e+08 5.900000000000000000e+03 3.590000000000000000e+03 4.210000000000000000e+03 1.780000000000000000e+03
1.444195270000000000e+08 6.210000000000000000e+03 3.580000000000000000e+03 4.220000000000000000e+03 1.800000000000000000e+03
1.444197350000000000e+08 6.430000000000000000e+03 3.580000000000000000e+03 4.210000000000000000e+03 1.780000000000000000e+03
1.444199420000000000e+08 6.530000000000000000e+03 3.580000000000000000e+03 4.210000000000000000e+03 1.770000000000000000e+03
1.444201510000000000e+08 6.400000000000000000e+03 3.570000000000000000e+03 4.220000000000000000e+03 1.780000000000000000e+03
1.444203590000000000e+08 6.340000000000000000e+03 3.570000000000000000e+03 4.210000000000000000e+03 1.780000000000000000e+03
1.444205670000000000e+08 6.300000000000000000e+03 3.570000000000000000e+03 4.200000000000000000e+03 1.780000000000000000e+03
1.444207740000000000e+08 6.250000000000000000e+03 3.570000000000000000e+03 4.190000000000000000e+03 1.780000000000000000e+03
1.444209820000000000e+08 6.330000000000000000e+03 3.570000000000000000e+03 4.190000000000000000e+03 1.770000000000000000e+03
1.444211900000000000e+08 6.540000000000000000e+03 3.580000000000000000e+03 4.180000000000000000e+03 1.780000000000000000e+03
1.444213980000000000e+08 6.350000000000000000e+03 3.590000000000000000e+03 4.190000000000000000e+03 1.780000000000000000e+03
1.444216060000000000e+08 6.180000000000000000e+03 3.580000000000000000e+03 4.200000000000000000e+03 1.770000000000000000e+03
1.444218150000000000e+08 6.050000000000000000e+03 3.580000000000000000e+03 4.210000000000000000e+03 1.760000000000000000e+03
1.444220230000000000e+08 5.950000000000000000e+03 3.590000000000000000e+03 4.220000000000000000e+03 1.760000000000000000e+03
1.444222300000000000e+08 5.890000000000000000e+03 3.590000000000000000e+03 4.210000000000000000e+03 1.760000000000000000e+03
1.444224390000000000e+08 5.850000000000000000e+03 3.580000000000000000e+03 4.200000000000000000e+03 1.770000000000000000e+03
1.444226630000000000e+08 6.210000000000000000e+03 3.580000000000000000e+03 4.200000000000000000e+03 1.770000000000000000e+03
1.444228700000000000e+08 6.450000000000000000e+03 3.580000000000000000e+03 4.210000000000000000e+03 1.760000000000000000e+03
1.444230780000000000e+08 6.630000000000000000e+03 3.570000000000000000e+03 4.210000000000000000e+03 1.770000000000000000e+03
1.444232860000000000e+08 6.740000000000000000e+03 3.570000000000000000e+03 4.210000000000000000e+03 1.770000000000000000e+03
1.444234940000000000e+08 6.410000000000000000e+03 3.580000000000000000e+03 4.200000000000000000e+03 1.770000000000000000e+03
1.444237010000000000e+08 6.170000000000000000e+03 3.580000000000000000e+03 4.200000000000000000e+03 1.780000000000000000e+03
1.444239090000000000e+08 6.030000000000000000e+03 3.580000000000000000e+03 4.190000000000000000e+03 1.800000000000000000e+03
1.444241180000000000e+08 6.020000000000000000e+03 3.580000000000000000e+03 4.200000000000000000e+03 1.800000000000000000e+03
1.444243260000000000e+08 6.290000000000000000e+03 3.590000000000000000e+03 4.200000000000000000e+03 1.780000000000000000e+03
1.444245340000000000e+08 6.260000000000000000e+03 3.580000000000000000e+03 4.210000000000000000e+03 1.780000000000000000e+03
1.444247420000000000e+08 6.450000000000000000e+03 3.590000000000000000e+03 4.220000000000000000e+03 1.770000000000000000e+03
1.444249500000000000e+08 6.600000000000000000e+03 3.590000000000000000e+03 4.210000000000000000e+03 1.780000000000000000e+03
1.444251570000000000e+08 6.710000000000000000e+03 3.580000000000000000e+03 4.210000000000000000e+03 1.760000000000000000e+03
1.444253660000000000e+08 6.440000000000000000e+03 3.580000000000000000e+03 4.210000000000000000e+03 1.760000000000000000e+03
1.444255740000000000e+08 6.240000000000000000e+03 3.580000000000000000e+03 4.210000000000000000e+03 1.760000000000000000e+03
1.444257820000000000e+08 6.180000000000000000e+03 3.580000000000000000e+03 4.220000000000000000e+03 1.770000000000000000e+03
1.444260060000000000e+08 6.130000000000000000e+03 3.580000000000000000e+03 4.220000000000000000e+03 1.770000000000000000e+03
1.444262140000000000e+08 6.090000000000000000e+03 3.590000000000000000e+03 4.220000000000000000e+03 1.770000000000000000e+03
1.444264220000000000e+08 6.050000000000000000e+03 3.580000000000000000e+03 4.230000000000000000e+03 1.770000000000000000e+03
1.444266300000000000e+08 6.010000000000000000e+03 3.580000000000000000e+03 4.220000000000000000e+03 1.780000000000000000e+03
1.444268380000000000e+08 5.960000000000000000e+03 3.580000000000000000e+03 4.220000000000000000e+03 1.780000000000000000e+03
1.444270460000000000e+08 5.920000000000000000e+03 3.580000000000000000e+03 4.210000000000000000e+03 1.770000000000000000e+03
1.444272530000000000e+08 5.900000000000000000e+03 3.580000000000000000e+03 4.210000000000000000e+03 1.770000000000000000e+03
1.444274620000000000e+08 5.890000000000000000e+03 3.580000000000000000e+03 4.210000000000000000e+03 1.780000000000000000e+03
1.444276700000000000e+08 5.880000000000000000e+03 3.580000000000000000e+03 4.200000000000000000e+03 1.810000000000000000e+03
1.444278770000000000e+08 5.820000000000000000e+03 3.580000000000000000e+03 4.210000000000000000e+03 1.800000000000000000e+03
1.444280850000000000e+08 5.900000000000000000e+03 3.580000000000000000e+03 4.210000000000000000e+03 1.800000000000000000e+03
1.444424670000000000e+08 5.410000000000000000e+03 3.580000000000000000e+03 4.220000000000000000e+03 2.070000000000000000e+03
1.444426750000000000e+08 5.400000000000000000e+03 3.580000000000000000e+03 4.220000000000000000e+03 2.080000000000000000e+03
1.444428820000000000e+08 5.400000000000000000e+03 3.580000000000000000e+03 4.220000000000000000e+03 2.090000000000000000e+03
1.444430990000000000e+08 5.400000000000000000e+03 3.580000000000000000e+03 4.230000000000000000e+03 2.090000000000000000e+03
1.444432980000000000e+08 5.400000000000000000e+03 3.580000000000000000e+03 4.220000000000000000e+03 2.080000000000000000e+03
1.444435070000000000e+08 5.400000000000000000e+03 3.580000000000000000e+03 4.230000000000000000e+03 2.050000000000000000e+03
1.444437150000000000e+08 5.410000000000000000e+03 3.580000000000000000e+03 4.220000000000000000e+03 2.030000000000000000e+03
1.444439220000000000e+08 5.410000000000000000e+03 3.580000000000000000e+03 4.220000000000000000e+03 2.020000000000000000e+03
1.444441310000000000e+08 5.410000000000000000e+03 3.580000000000000000e+03 4.220000000000000000e+03 2.030000000000000000e+03
1.444443380000000000e+08 5.410000000000000000e+03 3.580000000000000000e+03 4.210000000000000000e+03 2.050000000000000000e+03
1.444445460000000000e+08 5.420000000000000000e+03 3.580000000000000000e+03 4.200000000000000000e+03 2.070000000000000000e+03
1.444447700000000000e+08 5.420000000000000000e+03 3.580000000000000000e+03 4.200000000000000000e+03 2.070000000000000000e+03
1.444449780000000000e+08 5.420000000000000000e+03 3.580000000000000000e+03 4.210000000000000000e+03 2.080000000000000000e+03
1.444451860000000000e+08 5.420000000000000000e+03 3.580000000000000000e+03 4.230000000000000000e+03 2.090000000000000000e+03
1.444453940000000000e+08 5.430000000000000000e+03 3.570000000000000000e+03 4.230000000000000000e+03 2.090000000000000000e+03
1.444456020000000000e+08 5.430000000000000000e+03 3.570000000000000000e+03 4.220000000000000000e+03 2.080000000000000000e+03
1.444458100000000000e+08 5.420000000000000000e+03 3.570000000000000000e+03 4.220000000000000000e+03 2.070000000000000000e+03
1.444460180000000000e+08 5.420000000000000000e+03 3.580000000000000000e+03 4.210000000000000000e+03 2.060000000000000000e+03
1.444462260000000000e+08 5.420000000000000000e+03 3.590000000000000000e+03 4.220000000000000000e+03 2.050000000000000000e+03
1.444464340000000000e+08 5.410000000000000000e+03 3.580000000000000000e+03 4.210000000000000000e+03 2.040000000000000000e+03
1.444466420000000000e+08 5.410000000000000000e+03 3.580000000000000000e+03 4.200000000000000000e+03 2.040000000000000000e+03
1.444468500000000000e+08 5.400000000000000000e+03 3.580000000000000000e+03 4.200000000000000000e+03 2.040000000000000000e+03
1.444470580000000000e+08 5.390000000000000000e+03 3.580000000000000000e+03 4.210000000000000000e+03 2.040000000000000000e+03
1.444472660000000000e+08 5.390000000000000000e+03 3.570000000000000000e+03 4.200000000000000000e+03 2.030000000000000000e+03
1.444474740000000000e+08 5.400000000000000000e+03 3.570000000000000000e+03 4.210000000000000000e+03 2.010000000000000000e+03
1.444476820000000000e+08 5.400000000000000000e+03 3.570000000000000000e+03 4.220000000000000000e+03 2.020000000000000000e+03
1.444478900000000000e+08 5.400000000000000000e+03 3.570000000000000000e+03 4.210000000000000000e+03 2.050000000000000000e+03
1.444480980000000000e+08 5.400000000000000000e+03 3.570000000000000000e+03 4.210000000000000000e+03 2.060000000000000000e+03
1.444483060000000000e+08 5.400000000000000000e+03 3.570000000000000000e+03 4.210000000000000000e+03 2.060000000000000000e+03
1.444485130000000000e+08 5.400000000000000000e+03 3.570000000000000000e+03 4.210000000000000000e+03 2.070000000000000000e+03
1.444487220000000000e+08 5.420000000000000000e+03 3.570000000000000000e+03 4.220000000000000000e+03 2.080000000000000000e+03
1.444489450000000000e+08 5.420000000000000000e+03 3.580000000000000000e+03 4.210000000000000000e+03 2.080000000000000000e+03
1.444491540000000000e+08 5.420000000000000000e+03 3.580000000000000000e+03 4.210000000000000000e+03 2.060000000000000000e+03
1.444493610000000000e+08 5.410000000000000000e+03 3.580000000000000000e+03 4.210000000000000000e+03 2.060000000000000000e+03
1.444495700000000000e+08 5.410000000000000000e+03 3.590000000000000000e+03 4.210000000000000000e+03 2.060000000000000000e+03
1.444497780000000000e+08 5.420000000000000000e+03 3.590000000000000000e+03 4.200000000000000000e+03 2.060000000000000000e+03
1.444499860000000000e+08 5.420000000000000000e+03 3.590000000000000000e+03 4.190000000000000000e+03 2.060000000000000000e+03
1.444504020000000000e+08 5.420000000000000000e+03 3.590000000000000000e+03 4.220000000000000000e+03 2.030000000000000000e+03
1.444506100000000000e+08 5.410000000000000000e+03 3.590000000000000000e+03 4.210000000000000000e+03 2.020000000000000000e+03
1.444508180000000000e+08 5.410000000000000000e+03 3.580000000000000000e+03 4.210000000000000000e+03 2.030000000000000000e+03
1.444510260000000000e+08 5.410000000000000000e+03 3.580000000000000000e+03 4.210000000000000000e+03 2.030000000000000000e+03
1.444512340000000000e+08 5.410000000000000000e+03 3.570000000000000000e+03 4.230000000000000000e+03 2.030000000000000000e+03
1.444514420000000000e+08 5.410000000000000000e+03 3.570000000000000000e+03 4.240000000000000000e+03 2.040000000000000000e+03
1.444516490000000000e+08 5.400000000000000000e+03 3.570000000000000000e+03 4.230000000000000000e+03 2.070000000000000000e+03
1.444518570000000000e+08 5.400000000000000000e+03 3.570000000000000000e+03 4.240000000000000000e+03 2.080000000000000000e+03
1.444520650000000000e+08 5.400000000000000000e+03 3.590000000000000000e+03 4.230000000000000000e+03 2.080000000000000000e+03
1.444522730000000000e+08 5.400000000000000000e+03 3.590000000000000000e+03 4.230000000000000000e+03 2.070000000000000000e+03
1.444524810000000000e+08 5.410000000000000000e+03 3.590000000000000000e+03 4.230000000000000000e+03 2.090000000000000000e+03
1.444526890000000000e+08 5.410000000000000000e+03 3.590000000000000000e+03 4.210000000000000000e+03 2.090000000000000000e+03
1.444528970000000000e+08 5.410000000000000000e+03 3.580000000000000000e+03 4.220000000000000000e+03 2.090000000000000000e+03
1.444531050000000000e+08 5.410000000000000000e+03 3.580000000000000000e+03 4.210000000000000000e+03 2.090000000000000000e+03
1.444533130000000000e+08 5.400000000000000000e+03 3.580000000000000000e+03 4.220000000000000000e+03 2.090000000000000000e+03
1.444535210000000000e+08 5.400000000000000000e+03 3.580000000000000000e+03 4.210000000000000000e+03 2.090000000000000000e+03
1.444537290000000000e+08 5.400000000000000000e+03 3.580000000000000000e+03 4.210000000000000000e+03 2.090000000000000000e+03
1.444539370000000000e+08 5.400000000000000000e+03 3.580000000000000000e+03 4.220000000000000000e+03 2.080000000000000000e+03
1.444541450000000000e+08 5.400000000000000000e+03 3.580000000000000000e+03 4.230000000000000000e+03 2.070000000000000000e+03
1.444543530000000000e+08 5.390000000000000000e+03 3.580000000000000000e+03 4.240000000000000000e+03 2.070000000000000000e+03
1.444545610000000000e+08 5.400000000000000000e+03 3.580000000000000000e+03 4.230000000000000000e+03 2.070000000000000000e+03
1.444547690000000000e+08 5.400000000000000000e+03 3.590000000000000000e+03 4.230000000000000000e+03 2.070000000000000000e+03
1.444551840000000000e+08 5.400000000000000000e+03 3.590000000000000000e+03 4.210000000000000000e+03 2.080000000000000000e+03
1.444553930000000000e+08 5.410000000000000000e+03 3.580000000000000000e+03 4.200000000000000000e+03 2.080000000000000000e+03
1.444556000000000000e+08 5.410000000000000000e+03 3.580000000000000000e+03 4.210000000000000000e+03 2.080000000000000000e+03
1.444558090000000000e+08 5.400000000000000000e+03 3.590000000000000000e+03 4.220000000000000000e+03 2.080000000000000000e+03
1.444560170000000000e+08 5.400000000000000000e+03 3.590000000000000000e+03 4.220000000000000000e+03 2.080000000000000000e+03
1.444562240000000000e+08 5.410000000000000000e+03 3.580000000000000000e+03 4.220000000000000000e+03 2.070000000000000000e+03
1.444564330000000000e+08 5.400000000000000000e+03 3.560000000000000000e+03 4.220000000000000000e+03 2.080000000000000000e+03
1.444566400000000000e+08 5.400000000000000000e+03 3.560000000000000000e+03 4.210000000000000000e+03 2.070000000000000000e+03
1.444568480000000000e+08 5.390000000000000000e+03 3.560000000000000000e+03 4.220000000000000000e+03 2.060000000000000000e+03
1.444570560000000000e+08 5.390000000000000000e+03 3.560000000000000000e+03 4.210000000000000000e+03 2.060000000000000000e+03
1.444572650000000000e+08 5.390000000000000000e+03 3.580000000000000000e+03 4.210000000000000000e+03 2.060000000000000000e+03
1.444574720000000000e+08 5.380000000000000000e+03 3.580000000000000000e+03 4.220000000000000000e+03 2.050000000000000000e+03
1.444576800000000000e+08 5.380000000000000000e+03 3.580000000000000000e+03 4.210000000000000000e+03 2.060000000000000000e+03
1.444578880000000000e+08 5.380000000000000000e+03 3.580000000000000000e+03 4.210000000000000000e+03 2.080000000000000000e+03
1.444580950000000000e+08 5.380000000000000000e+03 3.590000000000000000e+03 4.200000000000000000e+03 2.080000000000000000e+03
1.444583040000000000e+08 5.380000000000000000e+03 3.570000000000000000e+03 4.210000000000000000e+03 2.080000000000000000e+03
1.444585120000000000e+08 5.380000000000000000e+03 3.570000000000000000e+03 4.210000000000000000e+03 2.080000000000000000e+03
1.444587200000000000e+08 5.390000000000000000e+03 3.570000000000000000e+03 4.220000000000000000e+03 2.070000000000000000e+03
1.444589280000000000e+08 5.400000000000000000e+03 3.560000000000000000e+03 4.220000000000000000e+03 2.070000000000000000e+03
1.444591350000000000e+08 5.400000000000000000e+03 3.570000000000000000e+03 4.220000000000000000e+03 2.120000000000000000e+03
1.444593440000000000e+08 5.400000000000000000e+03 3.580000000000000000e+03 4.210000000000000000e+03 2.140000000000000000e+03
1.444595520000000000e+08 5.400000000000000000e+03 3.580000000000000000e+03 4.220000000000000000e+03 2.170000000000000000e+03
1.444597590000000000e+08 5.400000000000000000e+03 3.580000000000000000e+03 4.220000000000000000e+03 2.220000000000000000e+03
1.444599680000000000e+08 5.400000000000000000e+03 3.580000000000000000e+03 4.220000000000000000e+03 2.250000000000000000e+03
1.445001750000000000e+08 5.400000000000000000e+03 3.580000000000000000e+03 4.210000000000000000e+03 2.270000000000000000e+03
1.445003840000000000e+08 5.390000000000000000e+03 3.580000000000000000e+03 4.210000000000000000e+03 2.280000000000000000e+03
1.445005920000000000e+08 5.390000000000000000e+03 3.580000000000000000e+03 4.220000000000000000e+03 2.280000000000000000e+03
1.445008000000000000e+08 5.400000000000000000e+03 3.580000000000000000e+03 4.220000000000000000e+03 2.300000000000000000e+03
1.445010080000000000e+08 5.400000000000000000e+03 3.580000000000000000e+03 4.220000000000000000e+03 2.340000000000000000e+03
1.445012160000000000e+08 5.390000000000000000e+03 3.580000000000000000e+03 4.220000000000000000e+03 2.450000000000000000e+03
1.445022560000000000e+08 5.390000000000000000e+03 3.580000000000000000e+03 4.200000000000000000e+03 2.490000000000000000e+03
1.445024630000000000e+08 5.390000000000000000e+03 3.580000000000000000e+03 4.200000000000000000e+03 2.430000000000000000e+03
1.445026720000000000e+08 5.400000000000000000e+03 3.580000000000000000e+03 4.210000000000000000e+03 2.430000000000000000e+03
1.445029200000000000e+08 5.390000000000000000e+03 3.570000000000000000e+03 4.210000000000000000e+03 2.350000000000000000e+03
1.445031030000000000e+08 5.390000000000000000e+03 3.560000000000000000e+03 4.220000000000000000e+03 2.290000000000000000e+03
1.445033110000000000e+08 5.390000000000000000e+03 3.570000000000000000e+03 4.230000000000000000e+03 2.250000000000000000e+03
1.445035190000000000e+08 5.400000000000000000e+03 3.570000000000000000e+03 4.210000000000000000e+03 2.190000000000000000e+03
1.445037270000000000e+08 5.390000000000000000e+03 3.580000000000000000e+03 4.220000000000000000e+03 2.150000000000000000e+03
1.445039580000000000e+08 5.400000000000000000e+03 3.580000000000000000e+03 4.210000000000000000e+03 2.160000000000000000e+03
1.445041430000000000e+08 5.400000000000000000e+03 3.570000000000000000e+03 4.220000000000000000e+03 2.150000000000000000e+03
1.445043510000000000e+08 5.400000000000000000e+03 3.570000000000000000e+03 4.220000000000000000e+03 2.130000000000000000e+03
1.445045590000000000e+08 5.410000000000000000e+03 3.570000000000000000e+03 4.220000000000000000e+03 2.110000000000000000e+03
1.445047670000000000e+08 5.410000000000000000e+03 3.570000000000000000e+03 4.220000000000000000e+03 2.110000000000000000e+03
1.445049750000000000e+08 5.410000000000000000e+03 3.580000000000000000e+03 4.220000000000000000e+03 2.110000000000000000e+03
1.445051830000000000e+08 5.410000000000000000e+03 3.590000000000000000e+03 4.220000000000000000e+03 2.120000000000000000e+03
1.445053910000000000e+08 5.400000000000000000e+03 3.580000000000000000e+03 4.210000000000000000e+03 2.130000000000000000e+03
1.445055990000000000e+08 5.400000000000000000e+03 3.580000000000000000e+03 4.220000000000000000e+03 2.130000000000000000e+03
1.445058070000000000e+08 5.390000000000000000e+03 3.570000000000000000e+03 4.220000000000000000e+03 2.150000000000000000e+03
1.445060150000000000e+08 5.390000000000000000e+03 3.570000000000000000e+03 4.220000000000000000e+03 2.160000000000000000e+03
1.445062220000000000e+08 5.390000000000000000e+03 3.570000000000000000e+03 4.220000000000000000e+03 2.150000000000000000e+03
1.445064310000000000e+08 5.390000000000000000e+03 3.570000000000000000e+03 4.220000000000000000e+03 2.120000000000000000e+03
1.445066460000000000e+08 5.390000000000000000e+03 3.570000000000000000e+03 4.220000000000000000e+03 2.110000000000000000e+03
1.445068470000000000e+08 5.390000000000000000e+03 3.570000000000000000e+03 4.220000000000000000e+03 2.110000000000000000e+03
1.445070550000000000e+08 5.380000000000000000e+03 3.580000000000000000e+03 4.220000000000000000e+03 2.090000000000000000e+03
1.445072630000000000e+08 5.380000000000000000e+03 3.580000000000000000e+03 4.230000000000000000e+03 2.090000000000000000e+03
1.445074710000000000e+08 5.390000000000000000e+03 3.580000000000000000e+03 4.230000000000000000e+03 2.090000000000000000e+03
1.445076790000000000e+08 5.390000000000000000e+03 3.580000000000000000e+03 4.230000000000000000e+03 2.130000000000000000e+03
1.445078870000000000e+08 5.390000000000000000e+03 3.570000000000000000e+03 4.230000000000000000e+03 2.150000000000000000e+03
1.445080940000000000e+08 5.390000000000000000e+03 3.570000000000000000e+03 4.220000000000000000e+03 2.150000000000000000e+03
1.445083020000000000e+08 5.390000000000000000e+03 3.570000000000000000e+03 4.210000000000000000e+03 2.170000000000000000e+03
1.445085100000000000e+08 5.390000000000000000e+03 3.570000000000000000e+03 4.220000000000000000e+03 2.180000000000000000e+03
1.445087180000000000e+08 5.390000000000000000e+03 3.570000000000000000e+03 4.210000000000000000e+03 2.180000000000000000e+03
