1.500153290000000000e+08 4.630000000000000000e+03 1.070000000000000000e+03 6.380000000000000000e+03 4.570000000000000000e+03
1.500155370000000000e+08 4.630000000000000000e+03 1.040000000000000000e+03 6.380000000000000000e+03 4.570000000000000000e+03
1.500157450000000000e+08 4.630000000000000000e+03 1.070000000000000000e+03 6.370000000000000000e+03 4.570000000000000000e+03
1.500159520000000000e+08 4.630000000000000000e+03 1.080000000000000000e+03 6.370000000000000000e+03 4.570000000000000000e+03
1.500161600000000000e+08 4.620000000000000000e+03 1.110000000000000000e+03 6.360000000000000000e+03 4.570000000000000000e+03
1.500163680000000000e+08 4.630000000000000000e+03 1.050000000000000000e+03 6.380000000000000000e+03 4.570000000000000000e+03
1.500165760000000000e+08 4.630000000000000000e+03 1.060000000000000000e+03 6.380000000000000000e+03 4.560000000000000000e+03
1.500167840000000000e+08 4.630000000000000000e+03 1.050000000000000000e+03 6.390000000000000000e+03 4.560000000000000000e+03
1.500169920000000000e+08 4.630000000000000000e+03 1.090000000000000000e+03 6.380000000000000000e+03 4.560000000000000000e+03
1.500172000000000000e+08 4.630000000000000000e+03 1.070000000000000000e+03 6.380000000000000000e+03 4.560000000000000000e+03
1.500174080000000000e+08 4.630000000000000000e+03 1.100000000000000000e+03 6.380000000000000000e+03 4.550000000000000000e+03
1.500176160000000000e+08 4.630000000000000000e+03 1.060000000000000000e+03 6.390000000000000000e+03 4.550000000000000000e+03
1.500178240000000000e+08 4.630000000000000000e+03 1.040000000000000000e+03 6.390000000000000000e+03 4.550000000000000000e+03
1.500180320000000000e+08 4.630000000000000000e+03 1.070000000000000000e+03 6.390000000000000000e+03 4.550000000000000000e+03
1.500182400000000000e+08 4.630000000000000000e+03 1.090000000000000000e+03 6.380000000000000000e+03 4.550000000000000000e+03
1.500184480000000000e+08 4.630000000000000000e+03 1.060000000000000000e+03 6.380000000000000000e+03 4.550000000000000000e+03
1.500186570000000000e+08 4.630000000000000000e+03 1.030000000000000000e+03 6.370000000000000000e+03 4.560000000000000000e+03
1.500188640000000000e+08 4.630000000000000000e+03 1.030000000000000000e+03 6.370000000000000000e+03 4.560000000000000000e+03
1.500190720000000000e+08 4.630000000000000000e+03 1.080000000000000000e+03 6.370000000000000000e+03 4.570000000000000000e+03
1.500192800000000000e+08 4.630000000000000000e+03 1.080000000000000000e+03 6.380000000000000000e+03 4.570000000000000000e+03
1.500194880000000000e+08 4.630000000000000000e+03 1.040000000000000000e+03 6.380000000000000000e+03 4.580000000000000000e+03
1.500196950000000000e+08 4.630000000000000000e+03 1.050000000000000000e+03 6.380000000000000000e+03 4.580000000000000000e+03
1.500199040000000000e+08 4.630000000000000000e+03 1.120000000000000000e+03 6.380000000000000000e+03 4.580000000000000000e+03
1.500201120000000000e+08 4.630000000000000000e+03 1.060000000000000000e+03 6.390000000000000000e+03 4.580000000000000000e+03
1.500203200000000000e+08 4.630000000000000000e+03 1.120000000000000000e+03 6.400000000000000000e+03 4.580000000000000000e+03
1.500205280000000000e+08 4.630000000000000000e+03 1.050000000000000000e+03 6.390000000000000000e+03 4.580000000000000000e+03
1.500207360000000000e+08 4.630000000000000000e+03 1.070000000000000000e+03 6.380000000000000000e+03 4.580000000000000000e+03
1.500209440000000000e+08 4.630000000000000000e+03 1.120000000000000000e+03 6.380000000000000000e+03 4.570000000000000000e+03
1.500211520000000000e+08 4.630000000000000000e+03 1.080000000000000000e+03 6.380000000000000000e+03 4.570000000000000000e+03
1.500213590000000000e+08 4.630000000000000000e+03 1.060000000000000000e+03 6.380000000000000000e+03 4.570000000000000000e+03
1.500215670000000000e+08 4.620000000000000000e+03 1.070000000000000000e+03 6.370000000000000000e+03 4.570000000000000000e+03
1.500217750000000000e+08 4.610000000000000000e+03 1.050000000000000000e+03 6.370000000000000000e+03 4.570000000000000000e+03
1.500219830000000000e+08 4.600000000000000000e+03 1.110000000000000000e+03 6.360000000000000000e+03 4.570000000000000000e+03
1.500221910000000000e+08 4.600000000000000000e+03 1.050000000000000000e+03 6.360000000000000000e+03 4.560000000000000000e+03
1.500223990000000000e+08 4.610000000000000000e+03 1.070000000000000000e+03 6.370000000000000000e+03 4.560000000000000000e+03
1.500226080000000000e+08 4.610000000000000000e+03 1.100000000000000000e+03 6.370000000000000000e+03 4.560000000000000000e+03
1.500228150000000000e+08 4.620000000000000000e+03 1.040000000000000000e+03 6.370000000000000000e+03 4.550000000000000000e+03
1.500230230000000000e+08 4.630000000000000000e+03 1.100000000000000000e+03 6.370000000000000000e+03 4.550000000000000000e+03
1.500232300000000000e+08 4.620000000000000000e+03 1.100000000000000000e+03 6.380000000000000000e+03 4.560000000000000000e+03
1.500234390000000000e+08 4.620000000000000000e+03 1.080000000000000000e+03 6.360000000000000000e+03 4.560000000000000000e+03
1.500236460000000000e+08 4.620000000000000000e+03 1.030000000000000000e+03 6.360000000000000000e+03 4.560000000000000000e+03
1.500238550000000000e+08 4.630000000000000000e+03 1.070000000000000000e+03 6.380000000000000000e+03 4.560000000000000000e+03
1.500240630000000000e+08 4.630000000000000000e+03 1.060000000000000000e+03 6.380000000000000000e+03 4.560000000000000000e+03
1.500242710000000000e+08 4.630000000000000000e+03 1.050000000000000000e+03 6.380000000000000000e+03 4.550000000000000000e+03
1.500244860000000000e+08 4.630000000000000000e+03 1.090000000000000000e+03 6.390000000000000000e+03 4.560000000000000000e+03
1.500246870000000000e+08 4.630000000000000000e+03 1.050000000000000000e+03 6.400000000000000000e+03 4.560000000000000000e+03
1.500248950000000000e+08 4.630000000000000000e+03 1.070000000000000000e+03 6.390000000000000000e+03 4.560000000000000000e+03
1.500251030000000000e+08 4.630000000000000000e+03 1.030000000000000000e+03 6.390000000000000000e+03 4.570000000000000000e+03
1.500253110000000000e+08 4.610000000000000000e+03 1.030000000000000000e+03 6.390000000000000000e+03 4.570000000000000000e+03
1.500255190000000000e+08 4.610000000000000000e+03 1.090000000000000000e+03 6.380000000000000000e+03 4.580000000000000000e+03
1.500257270000000000e+08 4.620000000000000000e+03 1.090000000000000000e+03 6.380000000000000000e+03 4.570000000000000000e+03
1.500259350000000000e+08 4.620000000000000000e+03 1.030000000000000000e+03 6.380000000000000000e+03 4.570000000000000000e+03
1.500261430000000000e+08 4.630000000000000000e+03 1.060000000000000000e+03 6.380000000000000000e+03 4.560000000000000000e+03
1.500263500000000000e+08 4.630000000000000000e+03 1.070000000000000000e+03 6.360000000000000000e+03 4.570000000000000000e+03
1.500265590000000000e+08 4.620000000000000000e+03 1.100000000000000000e+03 6.360000000000000000e+03 4.560000000000000000e+03
1.500267670000000000e+08 4.620000000000000000e+03 1.060000000000000000e+03 6.360000000000000000e+03 4.560000000000000000e+03
1.500269740000000000e+08 4.620000000000000000e+03 1.030000000000000000e+03 6.360000000000000000e+03 4.570000000000000000e+03
1.500271830000000000e+08 4.620000000000000000e+03 1.080000000000000000e+03 6.360000000000000000e+03 4.560000000000000000e+03
1.500273910000000000e+08 4.620000000000000000e+03 1.060000000000000000e+03 6.370000000000000000e+03 4.560000000000000000e+03
1.500275990000000000e+08 4.630000000000000000e+03 1.100000000000000000e+03 6.370000000000000000e+03 4.560000000000000000e+03
1.500278070000000000e+08 4.630000000000000000e+03 1.030000000000000000e+03 6.370000000000000000e+03 4.560000000000000000e+03
1.500280140000000000e+08 4.630000000000000000e+03 1.030000000000000000e+03 6.370000000000000000e+03 4.560000000000000000e+03
1.500282220000000000e+08 4.620000000000000000e+03 1.090000000000000000e+03 6.370000000000000000e+03 4.570000000000000000e+03
1.500284300000000000e+08 4.620000000000000000e+03 1.030000000000000000e+03 6.360000000000000000e+03 4.560000000000000000e+03
1.500286380000000000e+08 4.620000000000000000e+03 1.040000000000000000e+03 6.360000000000000000e+03 4.570000000000000000e+03
1.500288460000000000e+08 4.610000000000000000e+03 1.050000000000000000e+03 6.370000000000000000e+03 4.570000000000000000e+03
1.500290540000000000e+08 4.610000000000000000e+03 1.070000000000000000e+03 6.360000000000000000e+03 4.570000000000000000e+03
1.500292620000000000e+08 4.610000000000000000e+03 1.030000000000000000e+03 6.360000000000000000e+03 4.570000000000000000e+03
1.500294700000000000e+08 4.630000000000000000e+03 1.090000000000000000e+03 6.370000000000000000e+03 4.570000000000000000e+03
1.500296780000000000e+08 4.630000000000000000e+03 1.090000000000000000e+03 6.380000000000000000e+03 4.570000000000000000e+03
1.500298860000000000e+08 4.630000000000000000e+03 1.060000000000000000e+03 6.380000000000000000e+03 4.570000000000000000e+03
1.500300940000000000e+08 4.630000000000000000e+03 1.030000000000000000e+03 6.350000000000000000e+03 4.570000000000000000e+03
1.500303020000000000e+08 4.620000000000000000e+03 1.050000000000000000e+03 6.340000000000000000e+03 4.570000000000000000e+03
1.500305100000000000e+08 4.620000000000000000e+03 1.050000000000000000e+03 6.350000000000000000e+03 4.570000000000000000e+03
1.500307180000000000e+08 4.610000000000000000e+03 1.070000000000000000e+03 6.350000000000000000e+03 4.560000000000000000e+03
1.500309260000000000e+08 4.620000000000000000e+03 1.090000000000000000e+03 6.350000000000000000e+03 4.570000000000000000e+03
1.500311340000000000e+08 4.630000000000000000e+03 1.060000000000000000e+03 6.360000000000000000e+03 4.570000000000000000e+03
1.500313420000000000e+08 4.630000000000000000e+03 1.090000000000000000e+03 6.360000000000000000e+03 4.570000000000000000e+03
1.500315490000000000e+08 4.630000000000000000e+03 1.040000000000000000e+03 6.350000000000000000e+03 4.570000000000000000e+03
1.500317580000000000e+08 4.630000000000000000e+03 1.080000000000000000e+03 6.360000000000000000e+03 4.570000000000000000e+03
1.500319660000000000e+08 4.630000000000000000e+03 1.040000000000000000e+03 6.360000000000000000e+03 4.570000000000000000e+03
1.500321740000000000e+08 4.620000000000000000e+03 1.030000000000000000e+03 6.360000000000000000e+03 4.570000000000000000e+03
1.500323820000000000e+08 4.620000000000000000e+03 1.080000000000000000e+03 6.360000000000000000e+03 4.570000000000000000e+03
1.500325900000000000e+08 4.630000000000000000e+03 1.040000000000000000e+03 6.360000000000000000e+03 4.570000000000000000e+03
1.500327980000000000e+08 4.630000000000000000e+03 1.100000000000000000e+03 6.360000000000000000e+03 4.570000000000000000e+03
1.500330050000000000e+08 4.610000000000000000e+03 1.090000000000000000e+03 6.350000000000000000e+03 4.570000000000000000e+03
1.500332140000000000e+08 4.610000000000000000e+03 1.100000000000000000e+03 6.350000000000000000e+03 4.570000000000000000e+03
1.500334210000000000e+08 4.620000000000000000e+03 1.060000000000000000e+03 6.360000000000000000e+03 4.570000000000000000e+03
1.500336290000000000e+08 4.610000000000000000e+03 1.120000000000000000e+03 6.350000000000000000e+03 4.560000000000000000e+03
1.500338370000000000e+08 4.600000000000000000e+03 1.060000000000000000e+03 6.360000000000000000e+03 4.560000000000000000e+03
1.500340450000000000e+08 4.600000000000000000e+03 1.100000000000000000e+03 6.350000000000000000e+03 4.560000000000000000e+03
1.500342530000000000e+08 4.600000000000000000e+03 1.050000000000000000e+03 6.350000000000000000e+03 4.560000000000000000e+03
1.500344610000000000e+08 4.600000000000000000e+03 1.110000000000000000e+03 6.350000000000000000e+03 4.560000000000000000e+03
1.500346690000000000e+08 4.600000000000000000e+03 1.110000000000000000e+03 6.360000000000000000e+03 4.560000000000000000e+03
1.500348770000000000e+08 4.600000000000000000e+03 1.100000000000000000e+03 6.360000000000000000e+03 4.560000000000000000e+03
1.500350860000000000e+08 4.580000000000000000e+03 1.100000000000000000e+03 6.350000000000000000e+03 4.560000000000000000e+03
1.500352930000000000e+08 4.580000000000000000e+03 1.030000000000000000e+03 6.360000000000000000e+03 4.560000000000000000e+03
1.500355010000000000e+08 4.580000000000000000e+03 1.030000000000000000e+03 6.370000000000000000e+03 4.560000000000000000e+03
1.500357090000000000e+08 4.580000000000000000e+03 1.070000000000000000e+03 6.380000000000000000e+03 4.560000000000000000e+03
1.500359170000000000e+08 4.580000000000000000e+03 1.050000000000000000e+03 6.380000000000000000e+03 4.560000000000000000e+03
1.500361250000000000e+08 4.580000000000000000e+03 1.040000000000000000e+03 6.380000000000000000e+03 4.560000000000000000e+03
1.500363330000000000e+08 4.580000000000000000e+03 1.060000000000000000e+03 6.380000000000000000e+03 4.570000000000000000e+03
1.500365410000000000e+08 4.580000000000000000e+03 1.090000000000000000e+03 6.390000000000000000e+03 4.570000000000000000e+03
1.500367490000000000e+08 4.610000000000000000e+03 1.030000000000000000e+03 6.380000000000000000e+03 4.570000000000000000e+03
1.500369570000000000e+08 4.610000000000000000e+03 1.090000000000000000e+03 6.390000000000000000e+03 4.570000000000000000e+03
1.500371650000000000e+08 4.610000000000000000e+03 1.100000000000000000e+03 6.370000000000000000e+03 4.570000000000000000e+03
1.500373730000000000e+08 4.610000000000000000e+03 1.090000000000000000e+03 6.380000000000000000e+03 4.570000000000000000e+03
1.500375820000000000e+08 4.610000000000000000e+03 1.110000000000000000e+03 6.370000000000000000e+03 4.570000000000000000e+03
1.500377890000000000e+08 4.600000000000000000e+03 1.050000000000000000e+03 6.360000000000000000e+03 4.570000000000000000e+03
1.500379970000000000e+08 4.600000000000000000e+03 1.100000000000000000e+03 6.360000000000000000e+03 4.560000000000000000e+03
1.500382050000000000e+08 4.600000000000000000e+03 1.060000000000000000e+03 6.360000000000000000e+03 4.550000000000000000e+03
1.500384130000000000e+08 4.600000000000000000e+03 1.040000000000000000e+03 6.360000000000000000e+03 4.550000000000000000e+03
1.500386200000000000e+08 4.610000000000000000e+03 1.050000000000000000e+03 6.350000000000000000e+03 4.550000000000000000e+03
1.500388280000000000e+08 4.610000000000000000e+03 1.050000000000000000e+03 6.350000000000000000e+03 4.550000000000000000e+03
1.500390360000000000e+08 4.610000000000000000e+03 1.030000000000000000e+03 6.350000000000000000e+03 4.550000000000000000e+03
1.500392440000000000e+08 4.600000000000000000e+03 1.070000000000000000e+03 6.350000000000000000e+03 4.550000000000000000e+03
1.500394520000000000e+08 4.610000000000000000e+03 1.070000000000000000e+03 6.350000000000000000e+03 4.550000000000000000e+03
1.500396600000000000e+08 4.610000000000000000e+03 1.000000000000000000e+03 6.360000000000000000e+03 4.550000000000000000e+03
1.500398680000000000e+08 4.610000000000000000e+03 1.060000000000000000e+03 6.350000000000000000e+03 4.550000000000000000e+03
1.500400760000000000e+08 4.610000000000000000e+03 1.050000000000000000e+03 6.360000000000000000e+03 4.550000000000000000e+03
1.500402840000000000e+08 4.610000000000000000e+03 1.090000000000000000e+03 6.360000000000000000e+03 4.550000000000000000e+03
1.500404920000000000e+08 4.610000000000000000e+03 1.040000000000000000e+03 6.370000000000000000e+03 4.560000000000000000e+03
1.500407000000000000e+08 4.600000000000000000e+03 1.050000000000000000e+03 6.380000000000000000e+03 4.560000000000000000e+03
1.500409070000000000e+08 4.600000000000000000e+03 1.050000000000000000e+03 6.380000000000000000e+03 4.560000000000000000e+03
1.500411160000000000e+08 4.610000000000000000e+03 1.070000000000000000e+03 6.380000000000000000e+03 4.560000000000000000e+03
1.500413240000000000e+08 4.610000000000000000e+03 1.060000000000000000e+03 6.380000000000000000e+03 4.550000000000000000e+03
1.500415310000000000e+08 4.600000000000000000e+03 1.040000000000000000e+03 6.370000000000000000e+03 4.550000000000000000e+03
1.500417400000000000e+08 4.600000000000000000e+03 5.900000000000000000e+02 6.860000000000000000e+03 4.550000000000000000e+03
1.500419480000000000e+08 4.610000000000000000e+03 5.700000000000000000e+02 6.840000000000000000e+03 4.560000000000000000e+03
1.500421560000000000e+08 4.620000000000000000e+03 5.700000000000000000e+02 6.900000000000000000e+03 4.570000000000000000e+03
1.500423640000000000e+08 4.620000000000000000e+03 5.700000000000000000e+02 6.850000000000000000e+03 4.570000000000000000e+03
1.500425720000000000e+08 4.620000000000000000e+03 5.700000000000000000e+02 6.870000000000000000e+03 4.570000000000000000e+03
1.500427800000000000e+08 4.620000000000000000e+03 5.700000000000000000e+02 6.840000000000000000e+03 4.570000000000000000e+03
1.500429880000000000e+08 4.620000000000000000e+03 5.700000000000000000e+02 6.880000000000000000e+03 4.580000000000000000e+03
1.500431960000000000e+08 4.610000000000000000e+03 5.700000000000000000e+02 6.870000000000000000e+03 4.570000000000000000e+03
1.500434040000000000e+08 4.610000000000000000e+03 5.700000000000000000e+02 6.840000000000000000e+03 4.570000000000000000e+03
1.500436120000000000e+08 4.600000000000000000e+03 5.800000000000000000e+02 6.880000000000000000e+03 4.570000000000000000e+03
1.500438200000000000e+08 4.610000000000000000e+03 5.900000000000000000e+02 6.830000000000000000e+03 4.570000000000000000e+03
1.500440270000000000e+08 4.610000000000000000e+03 5.900000000000000000e+02 6.840000000000000000e+03 4.570000000000000000e+03
1.500442360000000000e+08 4.610000000000000000e+03 5.900000000000000000e+02 6.850000000000000000e+03 4.570000000000000000e+03
1.500444420000000000e+08 4.600000000000000000e+03 5.900000000000000000e+02 6.850000000000000000e+03 4.560000000000000000e+03
1.500446510000000000e+08 4.580000000000000000e+03 5.800000000000000000e+02 6.900000000000000000e+03 4.560000000000000000e+03
1.500448590000000000e+08 4.580000000000000000e+03 5.700000000000000000e+02 6.890000000000000000e+03 4.550000000000000000e+03
1.500450670000000000e+08 4.610000000000000000e+03 5.600000000000000000e+02 6.860000000000000000e+03 4.560000000000000000e+03
1.500452750000000000e+08 4.610000000000000000e+03 5.800000000000000000e+02 6.860000000000000000e+03 4.560000000000000000e+03
1.500454830000000000e+08 4.600000000000000000e+03 5.800000000000000000e+02 6.870000000000000000e+03 4.560000000000000000e+03
1.500456910000000000e+08 4.610000000000000000e+03 5.800000000000000000e+02 6.840000000000000000e+03 4.570000000000000000e+03
1.500458990000000000e+08 4.610000000000000000e+03 5.800000000000000000e+02 6.860000000000000000e+03 4.570000000000000000e+03
1.500461070000000000e+08 4.610000000000000000e+03 5.800000000000000000e+02 6.860000000000000000e+03 4.570000000000000000e+03
1.500463150000000000e+08 4.610000000000000000e+03 5.900000000000000000e+02 6.870000000000000000e+03 4.580000000000000000e+03
1.500465230000000000e+08 4.620000000000000000e+03 5.800000000000000000e+02 6.850000000000000000e+03 4.570000000000000000e+03
1.500467310000000000e+08 4.620000000000000000e+03 5.700000000000000000e+02 6.840000000000000000e+03 4.570000000000000000e+03
1.500469390000000000e+08 4.620000000000000000e+03 5.700000000000000000e+02 6.880000000000000000e+03 4.570000000000000000e+03
1.500471470000000000e+08 4.620000000000000000e+03 5.800000000000000000e+02 6.840000000000000000e+03 4.560000000000000000e+03
1.500473550000000000e+08 4.620000000000000000e+03 5.700000000000000000e+02 6.830000000000000000e+03 4.550000000000000000e+03
1.500475630000000000e+08 4.630000000000000000e+03 5.700000000000000000e+02 6.830000000000000000e+03 4.550000000000000000e+03
1.500477710000000000e+08 4.630000000000000000e+03 5.800000000000000000e+02 6.890000000000000000e+03 4.550000000000000000e+03
1.500479800000000000e+08 4.620000000000000000e+03 5.800000000000000000e+02 6.830000000000000000e+03 4.560000000000000000e+03
1.500481870000000000e+08 4.620000000000000000e+03 5.800000000000000000e+02 6.850000000000000000e+03 4.560000000000000000e+03
1.500483950000000000e+08 4.620000000000000000e+03 5.800000000000000000e+02 6.830000000000000000e+03 4.560000000000000000e+03
1.500486030000000000e+08 4.620000000000000000e+03 5.800000000000000000e+02 6.840000000000000000e+03 4.560000000000000000e+03
1.500488110000000000e+08 4.610000000000000000e+03 5.700000000000000000e+02 6.860000000000000000e+03 4.560000000000000000e+03
1.500490190000000000e+08 4.610000000000000000e+03 5.700000000000000000e+02 6.860000000000000000e+03 4.560000000000000000e+03
1.500492270000000000e+08 4.610000000000000000e+03 5.700000000000000000e+02 6.890000000000000000e+03 4.540000000000000000e+03
1.500494350000000000e+08 4.620000000000000000e+03 5.800000000000000000e+02 6.850000000000000000e+03 4.550000000000000000e+03
1.500496420000000000e+08 4.620000000000000000e+03 5.700000000000000000e+02 6.880000000000000000e+03 4.550000000000000000e+03
1.500498510000000000e+08 4.620000000000000000e+03 5.700000000000000000e+02 6.840000000000000000e+03 4.550000000000000000e+03
1.500500590000000000e+08 4.620000000000000000e+03 5.700000000000000000e+02 6.860000000000000000e+03 4.550000000000000000e+03
1.500502670000000000e+08 4.610000000000000000e+03 5.600000000000000000e+02 6.840000000000000000e+03 4.550000000000000000e+03
1.500504740000000000e+08 4.620000000000000000e+03 5.700000000000000000e+02 6.850000000000000000e+03 4.560000000000000000e+03
1.500506820000000000e+08 4.620000000000000000e+03 5.800000000000000000e+02 6.830000000000000000e+03 4.550000000000000000e+03
1.500508900000000000e+08 4.620000000000000000e+03 5.700000000000000000e+02 6.860000000000000000e+03 4.550000000000000000e+03
1.500510980000000000e+08 4.620000000000000000e+03 5.700000000000000000e+02 6.900000000000000000e+03 4.560000000000000000e+03
1.500513060000000000e+08 4.630000000000000000e+03 5.800000000000000000e+02 6.870000000000000000e+03 4.550000000000000000e+03
1.500515140000000000e+08 4.630000000000000000e+03 5.800000000000000000e+02 6.890000000000000000e+03 4.560000000000000000e+03
1.500517220000000000e+08 4.630000000000000000e+03 5.900000000000000000e+02 6.860000000000000000e+03 4.550000000000000000e+03
1.500519290000000000e+08 4.620000000000000000e+03 5.900000000000000000e+02 6.840000000000000000e+03 4.550000000000000000e+03
1.500521380000000000e+08 4.610000000000000000e+03 5.900000000000000000e+02 6.880000000000000000e+03 4.550000000000000000e+03
1.500523460000000000e+08 4.610000000000000000e+03 5.800000000000000000e+02 6.870000000000000000e+03 4.550000000000000000e+03
1.500525540000000000e+08 4.610000000000000000e+03 5.800000000000000000e+02 6.830000000000000000e+03 4.560000000000000000e+03
1.500527620000000000e+08 4.620000000000000000e+03 5.800000000000000000e+02 6.830000000000000000e+03 4.550000000000000000e+03
1.500529700000000000e+08 4.610000000000000000e+03 5.800000000000000000e+02 6.870000000000000000e+03 4.550000000000000000e+03
1.500531780000000000e+08 4.610000000000000000e+03 5.800000000000000000e+02 6.850000000000000000e+03 4.550000000000000000e+03
1.500533860000000000e+08 4.620000000000000000e+03 5.800000000000000000e+02 6.890000000000000000e+03 4.550000000000000000e+03
1.500535940000000000e+08 4.620000000000000000e+03 5.700000000000000000e+02 6.870000000000000000e+03 4.560000000000000000e+03
1.500538020000000000e+08 4.630000000000000000e+03 5.700000000000000000e+02 6.830000000000000000e+03 4.560000000000000000e+03
1.500540100000000000e+08 4.620000000000000000e+03 5.700000000000000000e+02 6.810000000000000000e+03 4.560000000000000000e+03
1.500542180000000000e+08 4.630000000000000000e+03 5.600000000000000000e+02 6.830000000000000000e+03 4.550000000000000000e+03
1.500544260000000000e+08 4.620000000000000000e+03 5.600000000000000000e+02 6.850000000000000000e+03 4.550000000000000000e+03
1.500546340000000000e+08 4.620000000000000000e+03 5.700000000000000000e+02 6.850000000000000000e+03 4.550000000000000000e+03
1.500548420000000000e+08 4.620000000000000000e+03 5.700000000000000000e+02 6.850000000000000000e+03 4.560000000000000000e+03
1.500550500000000000e+08 4.630000000000000000e+03 5.700000000000000000e+02 6.810000000000000000e+03 4.550000000000000000e+03
1.500552580000000000e+08 4.630000000000000000e+03 5.700000000000000000e+02 6.830000000000000000e+03 4.550000000000000000e+03
1.500554660000000000e+08 4.620000000000000000e+03 5.700000000000000000e+02 6.840000000000000000e+03 4.540000000000000000e+03
1.500556740000000000e+08 4.620000000000000000e+03 5.800000000000000000e+02 6.860000000000000000e+03 4.550000000000000000e+03
1.500558820000000000e+08 4.620000000000000000e+03 5.900000000000000000e+02 6.880000000000000000e+03 4.560000000000000000e+03
1.500560910000000000e+08 4.620000000000000000e+03 5.900000000000000000e+02 6.840000000000000000e+03 4.560000000000000000e+03
1.500562970000000000e+08 4.620000000000000000e+03 5.800000000000000000e+02 6.880000000000000000e+03 4.560000000000000000e+03
1.500565050000000000e+08 4.610000000000000000e+03 5.800000000000000000e+02 6.820000000000000000e+03 4.560000000000000000e+03
1.500567130000000000e+08 4.630000000000000000e+03 5.800000000000000000e+02 6.880000000000000000e+03 4.560000000000000000e+03
1.500569210000000000e+08 4.620000000000000000e+03 5.700000000000000000e+02 6.850000000000000000e+03 4.560000000000000000e+03
1.500571290000000000e+08 4.610000000000000000e+03 5.800000000000000000e+02 6.810000000000000000e+03 4.550000000000000000e+03
1.500573370000000000e+08 4.620000000000000000e+03 5.900000000000000000e+02 6.850000000000000000e+03 4.550000000000000000e+03
1.500575450000000000e+08 4.610000000000000000e+03 5.900000000000000000e+02 6.810000000000000000e+03 4.550000000000000000e+03
1.500577530000000000e+08 4.610000000000000000e+03 5.900000000000000000e+02 6.860000000000000000e+03 4.550000000000000000e+03
1.500579610000000000e+08 4.620000000000000000e+03 5.900000000000000000e+02 6.820000000000000000e+03 4.550000000000000000e+03
1.500581690000000000e+08 4.610000000000000000e+03 5.800000000000000000e+02 6.830000000000000000e+03 4.550000000000000000e+03
1.500583770000000000e+08 4.610000000000000000e+03 5.800000000000000000e+02 6.830000000000000000e+03 4.560000000000000000e+03
1.500585850000000000e+08 4.610000000000000000e+03 5.800000000000000000e+02 6.820000000000000000e+03 4.560000000000000000e+03
1.500587930000000000e+08 4.620000000000000000e+03 5.700000000000000000e+02 6.840000000000000000e+03 4.550000000000000000e+03
1.500590010000000000e+08 4.610000000000000000e+03 5.700000000000000000e+02 6.840000000000000000e+03 4.560000000000000000e+03
1.500592090000000000e+08 4.620000000000000000e+03 5.800000000000000000e+02 6.840000000000000000e+03 4.550000000000000000e+03
1.500594170000000000e+08 4.610000000000000000e+03 5.800000000000000000e+02 6.880000000000000000e+03 4.560000000000000000e+03
1.500596250000000000e+08 4.610000000000000000e+03 5.800000000000000000e+02 6.820000000000000000e+03 4.550000000000000000e+03
1.501000410000000000e+08 4.610000000000000000e+03 5.800000000000000000e+02 6.890000000000000000e+03 4.560000000000000000e+03
1.501002490000000000e+08 4.610000000000000000e+03 5.800000000000000000e+02 6.890000000000000000e+03 4.560000000000000000e+03
1.501004610000000000e+08 4.610000000000000000e+03 5.900000000000000000e+02 6.850000000000000000e+03 4.560000000000000000e+03
1.501006650000000000e+08 4.600000000000000000e+03 5.900000000000000000e+02 6.820000000000000000e+03 4.550000000000000000e+03
1.501008720000000000e+08 4.600000000000000000e+03 5.800000000000000000e+02 6.860000000000000000e+03 4.550000000000000000e+03
1.501010800000000000e+08 4.600000000000000000e+03 5.800000000000000000e+02 6.840000000000000000e+03 4.550000000000000000e+03
1.501012890000000000e+08 4.600000000000000000e+03 5.900000000000000000e+02 6.820000000000000000e+03 4.540000000000000000e+03
1.501014970000000000e+08 4.610000000000000000e+03 5.800000000000000000e+02 6.830000000000000000e+03 4.550000000000000000e+03
1.501017050000000000e+08 4.610000000000000000e+03 5.700000000000000000e+02 6.860000000000000000e+03 4.550000000000000000e+03
1.501019130000000000e+08 4.610000000000000000e+03 5.700000000000000000e+02 6.880000000000000000e+03 4.560000000000000000e+03
1.501021200000000000e+08 4.620000000000000000e+03 5.800000000000000000e+02 6.820000000000000000e+03 4.560000000000000000e+03
1.501023290000000000e+08 4.620000000000000000e+03 5.800000000000000000e+02 6.860000000000000000e+03 4.560000000000000000e+03
1.501025370000000000e+08 4.630000000000000000e+03 5.700000000000000000e+02 6.860000000000000000e+03 4.570000000000000000e+03
1.501027440000000000e+08 4.630000000000000000e+03 5.700000000000000000e+02 6.870000000000000000e+03 4.570000000000000000e+03
1.501029520000000000e+08 4.620000000000000000e+03 5.700000000000000000e+02 6.860000000000000000e+03 4.560000000000000000e+03
1.501031600000000000e+08 4.620000000000000000e+03 5.600000000000000000e+02 6.820000000000000000e+03 4.560000000000000000e+03
1.501033680000000000e+08 4.620000000000000000e+03 5.600000000000000000e+02 6.840000000000000000e+03 4.570000000000000000e+03
1.501035760000000000e+08 4.620000000000000000e+03 5.600000000000000000e+02 6.830000000000000000e+03 4.560000000000000000e+03
1.501037840000000000e+08 4.620000000000000000e+03 5.700000000000000000e+02 6.860000000000000000e+03 4.560000000000000000e+03
1.501039920000000000e+08 4.620000000000000000e+03 5.800000000000000000e+02 6.900000000000000000e+03 4.570000000000000000e+03
1.501042000000000000e+08 4.620000000000000000e+03 5.800000000000000000e+02 6.890000000000000000e+03 4.570000000000000000e+03
1.501044080000000000e+08 4.630000000000000000e+03 5.900000000000000000e+02 6.820000000000000000e+03 4.570000000000000000e+03
1.501046160000000000e+08 4.630000000000000000e+03 5.900000000000000000e+02 6.860000000000000000e+03 4.550000000000000000e+03
1.501048240000000000e+08 4.630000000000000000e+03 6.000000000000000000e+02 6.860000000000000000e+03 4.550000000000000000e+03
1.501050320000000000e+08 4.630000000000000000e+03 5.900000000000000000e+02 6.850000000000000000e+03 4.550000000000000000e+03
1.501052400000000000e+08 4.620000000000000000e+03 5.900000000000000000e+02 6.880000000000000000e+03 4.540000000000000000e+03
1.501054480000000000e+08 4.610000000000000000e+03 5.800000000000000000e+02 6.820000000000000000e+03 4.540000000000000000e+03
1.501056560000000000e+08 4.620000000000000000e+03 5.800000000000000000e+02 6.820000000000000000e+03 4.540000000000000000e+03
1.501058640000000000e+08 4.620000000000000000e+03 5.800000000000000000e+02 6.830000000000000000e+03 4.540000000000000000e+03
1.501060720000000000e+08 4.620000000000000000e+03 5.800000000000000000e+02 6.840000000000000000e+03 4.540000000000000000e+03
1.501062800000000000e+08 4.620000000000000000e+03 5.700000000000000000e+02 6.850000000000000000e+03 4.540000000000000000e+03
1.501064880000000000e+08 4.620000000000000000e+03 5.800000000000000000e+02 6.890000000000000000e+03 4.540000000000000000e+03
1.501066960000000000e+08 4.620000000000000000e+03 5.800000000000000000e+02 6.850000000000000000e+03 4.540000000000000000e+03
1.501069040000000000e+08 4.620000000000000000e+03 5.800000000000000000e+02 6.840000000000000000e+03 4.540000000000000000e+03
1.501071120000000000e+08 4.610000000000000000e+03 5.800000000000000000e+02 6.850000000000000000e+03 4.540000000000000000e+03
1.501073200000000000e+08 4.610000000000000000e+03 5.800000000000000000e+02 6.850000000000000000e+03 4.540000000000000000e+03
1.501075280000000000e+08 4.610000000000000000e+03 5.700000000000000000e+02 6.840000000000000000e+03 4.550000000000000000e+03
1.501077350000000000e+08 4.610000000000000000e+03 5.800000000000000000e+02 6.840000000000000000e+03 4.560000000000000000e+03
1.501079430000000000e+08 4.620000000000000000e+03 5.800000000000000000e+02 6.890000000000000000e+03 4.560000000000000000e+03
1.501081510000000000e+08 4.630000000000000000e+03 5.800000000000000000e+02 6.890000000000000000e+03 4.560000000000000000e+03
1.501083600000000000e+08 4.620000000000000000e+03 5.700000000000000000e+02 6.900000000000000000e+03 4.560000000000000000e+03
1.501085670000000000e+08 4.630000000000000000e+03 5.700000000000000000e+02 6.890000000000000000e+03 4.560000000000000000e+03
