1.505070530000000000e+08 4.820000000000000000e+03 1.430000000000000000e+03 5.710000000000000000e+03 3.650000000000000000e+03
1.505072620000000000e+08 4.820000000000000000e+03 1.420000000000000000e+03 5.710000000000000000e+03 3.690000000000000000e+03
1.505074700000000000e+08 4.810000000000000000e+03 1.440000000000000000e+03 5.700000000000000000e+03 3.730000000000000000e+03
1.505076770000000000e+08 4.830000000000000000e+03 1.430000000000000000e+03 5.700000000000000000e+03 3.710000000000000000e+03
1.505078850000000000e+08 4.840000000000000000e+03 1.440000000000000000e+03 5.710000000000000000e+03 3.720000000000000000e+03
1.505080930000000000e+08 4.820000000000000000e+03 1.440000000000000000e+03 5.720000000000000000e+03 3.730000000000000000e+03
1.505083010000000000e+08 4.810000000000000000e+03 1.420000000000000000e+03 5.710000000000000000e+03 3.730000000000000000e+03
1.505085100000000000e+08 4.810000000000000000e+03 1.430000000000000000e+03 5.710000000000000000e+03 3.740000000000000000e+03
1.505087170000000000e+08 4.810000000000000000e+03 1.430000000000000000e+03 5.710000000000000000e+03 3.750000000000000000e+03
1.505089250000000000e+08 4.810000000000000000e+03 1.420000000000000000e+03 5.710000000000000000e+03 3.740000000000000000e+03
1.505091340000000000e+08 4.810000000000000000e+03 1.420000000000000000e+03 5.710000000000000000e+03 3.710000000000000000e+03
1.505093410000000000e+08 4.810000000000000000e+03 1.430000000000000000e+03 5.720000000000000000e+03 3.720000000000000000e+03
1.505095490000000000e+08 4.800000000000000000e+03 1.430000000000000000e+03 5.720000000000000000e+03 3.740000000000000000e+03
1.505097570000000000e+08 4.810000000000000000e+03 1.430000000000000000e+03 5.710000000000000000e+03 3.740000000000000000e+03
1.505099650000000000e+08 4.810000000000000000e+03 1.430000000000000000e+03 5.710000000000000000e+03 3.750000000000000000e+03
1.505101730000000000e+08 4.810000000000000000e+03 1.430000000000000000e+03 5.710000000000000000e+03 3.760000000000000000e+03
1.505103810000000000e+08 4.830000000000000000e+03 1.450000000000000000e+03 5.710000000000000000e+03 3.780000000000000000e+03
1.505105890000000000e+08 4.830000000000000000e+03 1.450000000000000000e+03 5.710000000000000000e+03 3.780000000000000000e+03
1.505107970000000000e+08 4.830000000000000000e+03 1.440000000000000000e+03 5.710000000000000000e+03 3.790000000000000000e+03
1.505110050000000000e+08 4.840000000000000000e+03 1.430000000000000000e+03 5.710000000000000000e+03 3.790000000000000000e+03
1.505112130000000000e+08 4.830000000000000000e+03 1.440000000000000000e+03 5.710000000000000000e+03 3.790000000000000000e+03
1.505114210000000000e+08 4.820000000000000000e+03 1.430000000000000000e+03 5.710000000000000000e+03 3.800000000000000000e+03
1.505116290000000000e+08 4.820000000000000000e+03 1.430000000000000000e+03 5.710000000000000000e+03 4.040000000000000000e+03
1.505118370000000000e+08 4.800000000000000000e+03 1.430000000000000000e+03 5.700000000000000000e+03 3.920000000000000000e+03
1.505120450000000000e+08 4.810000000000000000e+03 1.420000000000000000e+03 5.710000000000000000e+03 3.910000000000000000e+03
1.505122530000000000e+08 4.820000000000000000e+03 1.420000000000000000e+03 5.710000000000000000e+03 3.880000000000000000e+03
1.505124610000000000e+08 4.820000000000000000e+03 1.410000000000000000e+03 5.700000000000000000e+03 3.840000000000000000e+03
1.505126690000000000e+08 4.810000000000000000e+03 1.410000000000000000e+03 5.700000000000000000e+03 3.930000000000000000e+03
1.505128770000000000e+08 4.810000000000000000e+03 1.420000000000000000e+03 5.700000000000000000e+03 3.860000000000000000e+03
1.505130850000000000e+08 4.820000000000000000e+03 1.420000000000000000e+03 5.700000000000000000e+03 3.850000000000000000e+03
1.505132930000000000e+08 4.810000000000000000e+03 1.420000000000000000e+03 5.700000000000000000e+03 3.810000000000000000e+03
1.505135010000000000e+08 4.810000000000000000e+03 1.430000000000000000e+03 5.710000000000000000e+03 3.770000000000000000e+03
1.505137090000000000e+08 4.820000000000000000e+03 1.440000000000000000e+03 5.700000000000000000e+03 3.740000000000000000e+03
1.505139160000000000e+08 4.830000000000000000e+03 1.450000000000000000e+03 5.700000000000000000e+03 3.780000000000000000e+03
1.505141250000000000e+08 4.820000000000000000e+03 1.450000000000000000e+03 5.700000000000000000e+03 3.790000000000000000e+03
1.505143330000000000e+08 4.820000000000000000e+03 1.450000000000000000e+03 5.710000000000000000e+03 3.810000000000000000e+03
1.505147480000000000e+08 4.810000000000000000e+03 1.440000000000000000e+03 5.700000000000000000e+03 3.760000000000000000e+03
1.505149570000000000e+08 4.810000000000000000e+03 1.440000000000000000e+03 5.700000000000000000e+03 3.790000000000000000e+03
1.505151640000000000e+08 4.810000000000000000e+03 1.440000000000000000e+03 5.700000000000000000e+03 3.760000000000000000e+03
1.505153720000000000e+08 4.810000000000000000e+03 1.440000000000000000e+03 5.710000000000000000e+03 3.770000000000000000e+03
1.505155800000000000e+08 4.820000000000000000e+03 1.430000000000000000e+03 5.700000000000000000e+03 3.780000000000000000e+03
1.505157880000000000e+08 4.810000000000000000e+03 1.430000000000000000e+03 5.700000000000000000e+03 3.810000000000000000e+03
1.505159960000000000e+08 4.810000000000000000e+03 1.430000000000000000e+03 5.690000000000000000e+03 3.840000000000000000e+03
1.505162040000000000e+08 4.810000000000000000e+03 1.430000000000000000e+03 5.690000000000000000e+03 3.810000000000000000e+03
1.505170360000000000e+08 4.840000000000000000e+03 1.420000000000000000e+03 5.700000000000000000e+03 4.100000000000000000e+03
1.505172440000000000e+08 4.840000000000000000e+03 1.420000000000000000e+03 5.700000000000000000e+03 4.000000000000000000e+03
1.505174520000000000e+08 4.820000000000000000e+03 1.420000000000000000e+03 5.700000000000000000e+03 3.930000000000000000e+03
1.505176610000000000e+08 4.810000000000000000e+03 1.420000000000000000e+03 5.700000000000000000e+03 3.880000000000000000e+03
1.505178680000000000e+08 4.820000000000000000e+03 1.420000000000000000e+03 5.700000000000000000e+03 3.820000000000000000e+03
1.505180760000000000e+08 4.810000000000000000e+03 1.420000000000000000e+03 5.710000000000000000e+03 3.920000000000000000e+03
1.505182830000000000e+08 4.820000000000000000e+03 1.420000000000000000e+03 5.710000000000000000e+03 3.920000000000000000e+03
1.505184920000000000e+08 4.810000000000000000e+03 1.420000000000000000e+03 5.710000000000000000e+03 3.840000000000000000e+03
1.505187000000000000e+08 4.810000000000000000e+03 1.420000000000000000e+03 5.710000000000000000e+03 3.790000000000000000e+03
1.505189080000000000e+08 4.800000000000000000e+03 1.420000000000000000e+03 5.710000000000000000e+03 3.760000000000000000e+03
1.505191160000000000e+08 4.820000000000000000e+03 1.420000000000000000e+03 5.710000000000000000e+03 3.730000000000000000e+03
1.505193230000000000e+08 4.820000000000000000e+03 1.430000000000000000e+03 5.720000000000000000e+03 3.730000000000000000e+03
1.505195320000000000e+08 4.810000000000000000e+03 1.410000000000000000e+03 5.710000000000000000e+03 3.730000000000000000e+03
1.505197400000000000e+08 4.820000000000000000e+03 1.420000000000000000e+03 5.700000000000000000e+03 3.750000000000000000e+03
1.505199480000000000e+08 4.820000000000000000e+03 1.410000000000000000e+03 5.700000000000000000e+03 3.780000000000000000e+03
1.505201560000000000e+08 4.820000000000000000e+03 1.410000000000000000e+03 5.710000000000000000e+03 3.780000000000000000e+03
1.505203650000000000e+08 4.810000000000000000e+03 1.420000000000000000e+03 5.710000000000000000e+03 3.800000000000000000e+03
1.505205710000000000e+08 4.810000000000000000e+03 1.430000000000000000e+03 5.710000000000000000e+03 3.800000000000000000e+03
1.505207790000000000e+08 4.830000000000000000e+03 1.440000000000000000e+03 5.710000000000000000e+03 3.800000000000000000e+03
1.505209870000000000e+08 4.830000000000000000e+03 1.440000000000000000e+03 5.710000000000000000e+03 3.780000000000000000e+03
1.505211950000000000e+08 4.830000000000000000e+03 1.430000000000000000e+03 5.710000000000000000e+03 3.810000000000000000e+03
1.505214030000000000e+08 4.820000000000000000e+03 1.430000000000000000e+03 5.710000000000000000e+03 3.830000000000000000e+03
1.505216110000000000e+08 4.820000000000000000e+03 1.430000000000000000e+03 5.710000000000000000e+03 3.800000000000000000e+03
1.505218210000000000e+08 4.820000000000000000e+03 1.430000000000000000e+03 5.710000000000000000e+03 3.790000000000000000e+03
1.505220270000000000e+08 4.810000000000000000e+03 1.430000000000000000e+03 5.710000000000000000e+03 3.800000000000000000e+03
1.505222350000000000e+08 4.810000000000000000e+03 1.440000000000000000e+03 5.710000000000000000e+03 3.810000000000000000e+03
1.505224430000000000e+08 4.810000000000000000e+03 1.430000000000000000e+03 5.710000000000000000e+03 3.810000000000000000e+03
1.505226510000000000e+08 4.800000000000000000e+03 1.430000000000000000e+03 5.710000000000000000e+03 3.810000000000000000e+03
1.505228590000000000e+08 4.820000000000000000e+03 1.430000000000000000e+03 5.710000000000000000e+03 3.810000000000000000e+03
1.505230670000000000e+08 4.830000000000000000e+03 1.430000000000000000e+03 5.710000000000000000e+03 3.810000000000000000e+03
1.505232750000000000e+08 4.830000000000000000e+03 1.430000000000000000e+03 5.720000000000000000e+03 3.800000000000000000e+03
1.505234830000000000e+08 4.820000000000000000e+03 1.420000000000000000e+03 5.710000000000000000e+03 3.820000000000000000e+03
1.505236910000000000e+08 4.810000000000000000e+03 1.430000000000000000e+03 5.700000000000000000e+03 3.820000000000000000e+03
1.505239000000000000e+08 4.810000000000000000e+03 1.430000000000000000e+03 5.700000000000000000e+03 3.810000000000000000e+03
1.505241070000000000e+08 4.830000000000000000e+03 1.420000000000000000e+03 5.700000000000000000e+03 3.820000000000000000e+03
1.505243150000000000e+08 4.830000000000000000e+03 1.420000000000000000e+03 5.700000000000000000e+03 3.820000000000000000e+03
1.505245230000000000e+08 4.830000000000000000e+03 1.410000000000000000e+03 5.700000000000000000e+03 3.830000000000000000e+03
1.505247310000000000e+08 4.840000000000000000e+03 1.420000000000000000e+03 5.700000000000000000e+03 3.820000000000000000e+03
1.505249390000000000e+08 4.820000000000000000e+03 1.420000000000000000e+03 5.700000000000000000e+03 3.830000000000000000e+03
1.505251470000000000e+08 4.810000000000000000e+03 1.420000000000000000e+03 5.700000000000000000e+03 3.820000000000000000e+03
1.505253550000000000e+08 4.820000000000000000e+03 1.420000000000000000e+03 5.700000000000000000e+03 3.810000000000000000e+03
1.505255630000000000e+08 4.820000000000000000e+03 1.430000000000000000e+03 5.700000000000000000e+03 3.810000000000000000e+03
1.505257700000000000e+08 4.810000000000000000e+03 1.430000000000000000e+03 5.700000000000000000e+03 3.820000000000000000e+03
1.505259880000000000e+08 4.800000000000000000e+03 1.430000000000000000e+03 5.700000000000000000e+03 3.830000000000000000e+03
1.505261860000000000e+08 4.820000000000000000e+03 1.430000000000000000e+03 5.700000000000000000e+03 3.830000000000000000e+03
1.505263940000000000e+08 4.820000000000000000e+03 1.430000000000000000e+03 5.700000000000000000e+03 3.820000000000000000e+03
1.505266020000000000e+08 4.810000000000000000e+03 1.430000000000000000e+03 5.700000000000000000e+03 3.810000000000000000e+03
1.505268100000000000e+08 4.810000000000000000e+03 1.430000000000000000e+03 5.700000000000000000e+03 3.790000000000000000e+03
1.505270180000000000e+08 4.820000000000000000e+03 1.430000000000000000e+03 5.700000000000000000e+03 3.780000000000000000e+03
1.505272260000000000e+08 4.830000000000000000e+03 1.430000000000000000e+03 5.690000000000000000e+03 3.780000000000000000e+03
1.505274340000000000e+08 4.810000000000000000e+03 1.430000000000000000e+03 5.700000000000000000e+03 3.790000000000000000e+03
1.505276420000000000e+08 4.820000000000000000e+03 1.430000000000000000e+03 5.700000000000000000e+03 3.800000000000000000e+03
1.505278500000000000e+08 4.840000000000000000e+03 1.430000000000000000e+03 5.700000000000000000e+03 3.790000000000000000e+03
1.505280580000000000e+08 4.830000000000000000e+03 1.430000000000000000e+03 5.700000000000000000e+03 3.790000000000000000e+03
1.505282660000000000e+08 4.830000000000000000e+03 1.420000000000000000e+03 5.700000000000000000e+03 3.790000000000000000e+03
1.505284740000000000e+08 4.830000000000000000e+03 1.420000000000000000e+03 5.700000000000000000e+03 3.780000000000000000e+03
1.505286830000000000e+08 4.820000000000000000e+03 1.420000000000000000e+03 5.700000000000000000e+03 3.800000000000000000e+03
1.505288900000000000e+08 4.830000000000000000e+03 1.420000000000000000e+03 5.700000000000000000e+03 3.810000000000000000e+03
1.505290970000000000e+08 4.830000000000000000e+03 1.420000000000000000e+03 5.700000000000000000e+03 3.820000000000000000e+03
1.505293060000000000e+08 4.820000000000000000e+03 1.420000000000000000e+03 5.700000000000000000e+03 3.820000000000000000e+03
1.505295130000000000e+08 4.830000000000000000e+03 1.420000000000000000e+03 5.700000000000000000e+03 3.810000000000000000e+03
1.505297210000000000e+08 4.840000000000000000e+03 1.430000000000000000e+03 5.710000000000000000e+03 3.800000000000000000e+03
1.505299470000000000e+08 4.840000000000000000e+03 1.430000000000000000e+03 5.710000000000000000e+03 3.800000000000000000e+03
1.505301380000000000e+08 4.850000000000000000e+03 1.430000000000000000e+03 5.710000000000000000e+03 3.800000000000000000e+03
1.505303460000000000e+08 4.850000000000000000e+03 1.430000000000000000e+03 5.710000000000000000e+03 3.810000000000000000e+03
1.505305530000000000e+08 4.830000000000000000e+03 1.430000000000000000e+03 5.710000000000000000e+03 3.810000000000000000e+03
1.505307620000000000e+08 4.830000000000000000e+03 1.440000000000000000e+03 5.710000000000000000e+03 3.800000000000000000e+03
1.505309700000000000e+08 4.830000000000000000e+03 1.430000000000000000e+03 5.700000000000000000e+03 3.790000000000000000e+03
1.505311780000000000e+08 4.840000000000000000e+03 1.430000000000000000e+03 5.700000000000000000e+03 3.790000000000000000e+03
1.505313860000000000e+08 4.820000000000000000e+03 1.440000000000000000e+03 5.710000000000000000e+03 3.780000000000000000e+03
1.505315940000000000e+08 4.810000000000000000e+03 1.430000000000000000e+03 5.710000000000000000e+03 3.780000000000000000e+03
1.505318010000000000e+08 4.800000000000000000e+03 1.420000000000000000e+03 5.700000000000000000e+03 3.780000000000000000e+03
1.505320090000000000e+08 4.800000000000000000e+03 1.430000000000000000e+03 5.700000000000000000e+03 3.770000000000000000e+03
1.505419920000000000e+08 4.830000000000000000e+03 1.420000000000000000e+03 5.980000000000000000e+03 3.570000000000000000e+03
1.505422000000000000e+08 4.830000000000000000e+03 1.430000000000000000e+03 5.980000000000000000e+03 3.570000000000000000e+03
1.505423910000000000e+08 4.810000000000000000e+03 1.430000000000000000e+03 5.980000000000000000e+03 3.570000000000000000e+03
1.505426000000000000e+08 4.820000000000000000e+03 1.430000000000000000e+03 5.980000000000000000e+03 3.570000000000000000e+03
1.505428070000000000e+08 4.840000000000000000e+03 1.430000000000000000e+03 6.000000000000000000e+03 3.580000000000000000e+03
1.505430160000000000e+08 4.830000000000000000e+03 1.420000000000000000e+03 5.980000000000000000e+03 3.580000000000000000e+03
1.505432230000000000e+08 4.850000000000000000e+03 1.430000000000000000e+03 5.910000000000000000e+03 3.580000000000000000e+03
1.505434310000000000e+08 4.840000000000000000e+03 1.430000000000000000e+03 5.820000000000000000e+03 3.570000000000000000e+03
1.505436390000000000e+08 4.840000000000000000e+03 1.440000000000000000e+03 5.820000000000000000e+03 3.580000000000000000e+03
1.505438480000000000e+08 4.840000000000000000e+03 1.430000000000000000e+03 5.850000000000000000e+03 3.580000000000000000e+03
1.505440550000000000e+08 4.840000000000000000e+03 1.440000000000000000e+03 5.860000000000000000e+03 3.580000000000000000e+03
1.505442620000000000e+08 4.830000000000000000e+03 1.430000000000000000e+03 5.860000000000000000e+03 3.590000000000000000e+03
1.505444710000000000e+08 4.840000000000000000e+03 1.430000000000000000e+03 5.900000000000000000e+03 3.580000000000000000e+03
1.505446790000000000e+08 4.840000000000000000e+03 1.430000000000000000e+03 5.930000000000000000e+03 3.570000000000000000e+03
1.505449060000000000e+08 4.850000000000000000e+03 1.430000000000000000e+03 5.950000000000000000e+03 3.570000000000000000e+03
1.505450950000000000e+08 4.860000000000000000e+03 1.430000000000000000e+03 5.970000000000000000e+03 3.570000000000000000e+03
1.505453030000000000e+08 4.850000000000000000e+03 1.440000000000000000e+03 5.990000000000000000e+03 3.570000000000000000e+03
1.505455110000000000e+08 4.850000000000000000e+03 1.440000000000000000e+03 6.010000000000000000e+03 3.570000000000000000e+03
1.505457190000000000e+08 4.850000000000000000e+03 1.450000000000000000e+03 6.020000000000000000e+03 3.570000000000000000e+03
1.505459270000000000e+08 4.850000000000000000e+03 1.450000000000000000e+03 6.000000000000000000e+03 3.580000000000000000e+03
1.505461350000000000e+08 4.830000000000000000e+03 1.450000000000000000e+03 5.990000000000000000e+03 3.580000000000000000e+03
1.505463430000000000e+08 4.840000000000000000e+03 1.440000000000000000e+03 5.970000000000000000e+03 3.580000000000000000e+03
1.505465510000000000e+08 4.840000000000000000e+03 1.440000000000000000e+03 6.010000000000000000e+03 3.580000000000000000e+03
1.505467590000000000e+08 4.840000000000000000e+03 1.430000000000000000e+03 6.000000000000000000e+03 3.570000000000000000e+03
1.505469670000000000e+08 4.840000000000000000e+03 1.430000000000000000e+03 6.000000000000000000e+03 3.580000000000000000e+03
1.505471750000000000e+08 4.850000000000000000e+03 1.420000000000000000e+03 5.980000000000000000e+03 3.580000000000000000e+03
1.505473830000000000e+08 4.850000000000000000e+03 1.420000000000000000e+03 5.950000000000000000e+03 3.580000000000000000e+03
1.505475740000000000e+08 4.860000000000000000e+03 1.420000000000000000e+03 5.910000000000000000e+03 3.580000000000000000e+03
1.505477830000000000e+08 4.850000000000000000e+03 1.420000000000000000e+03 5.970000000000000000e+03 3.580000000000000000e+03
1.505479900000000000e+08 4.840000000000000000e+03 1.420000000000000000e+03 5.990000000000000000e+03 3.580000000000000000e+03
1.505481990000000000e+08 4.820000000000000000e+03 1.420000000000000000e+03 5.940000000000000000e+03 3.590000000000000000e+03
1.505484070000000000e+08 4.810000000000000000e+03 1.410000000000000000e+03 6.020000000000000000e+03 3.600000000000000000e+03
1.505486140000000000e+08 4.840000000000000000e+03 1.420000000000000000e+03 6.110000000000000000e+03 3.600000000000000000e+03
1.505488230000000000e+08 4.850000000000000000e+03 1.420000000000000000e+03 6.220000000000000000e+03 3.590000000000000000e+03
1.505490300000000000e+08 4.850000000000000000e+03 1.420000000000000000e+03 6.170000000000000000e+03 3.580000000000000000e+03
1.505492380000000000e+08 4.830000000000000000e+03 1.420000000000000000e+03 6.080000000000000000e+03 3.580000000000000000e+03
1.505494460000000000e+08 4.820000000000000000e+03 1.420000000000000000e+03 6.010000000000000000e+03 3.570000000000000000e+03
1.505496700000000000e+08 4.830000000000000000e+03 1.420000000000000000e+03 5.960000000000000000e+03 3.580000000000000000e+03
1.505498620000000000e+08 4.820000000000000000e+03 1.410000000000000000e+03 5.950000000000000000e+03 3.590000000000000000e+03
1.505500700000000000e+08 4.820000000000000000e+03 1.420000000000000000e+03 5.950000000000000000e+03 3.590000000000000000e+03
1.505502780000000000e+08 4.810000000000000000e+03 1.430000000000000000e+03 5.880000000000000000e+03 3.590000000000000000e+03
1.505504860000000000e+08 4.800000000000000000e+03 1.440000000000000000e+03 5.850000000000000000e+03 3.580000000000000000e+03
1.505506940000000000e+08 4.810000000000000000e+03 1.440000000000000000e+03 5.860000000000000000e+03 3.580000000000000000e+03
1.505509010000000000e+08 4.810000000000000000e+03 1.440000000000000000e+03 5.900000000000000000e+03 3.570000000000000000e+03
1.505511100000000000e+08 4.820000000000000000e+03 1.440000000000000000e+03 5.930000000000000000e+03 3.570000000000000000e+03
1.505513180000000000e+08 4.810000000000000000e+03 1.430000000000000000e+03 5.940000000000000000e+03 3.570000000000000000e+03
1.505515260000000000e+08 4.810000000000000000e+03 1.430000000000000000e+03 5.930000000000000000e+03 3.570000000000000000e+03
1.505517340000000000e+08 4.810000000000000000e+03 1.430000000000000000e+03 5.940000000000000000e+03 3.580000000000000000e+03
1.505519250000000000e+08 4.820000000000000000e+03 1.420000000000000000e+03 5.940000000000000000e+03 3.580000000000000000e+03
1.505521340000000000e+08 4.830000000000000000e+03 1.430000000000000000e+03 5.940000000000000000e+03 3.590000000000000000e+03
1.505523440000000000e+08 4.820000000000000000e+03 1.430000000000000000e+03 5.910000000000000000e+03 3.600000000000000000e+03
1.505525500000000000e+08 4.810000000000000000e+03 1.430000000000000000e+03 5.920000000000000000e+03 3.600000000000000000e+03
1.505527580000000000e+08 4.810000000000000000e+03 1.430000000000000000e+03 5.910000000000000000e+03 3.590000000000000000e+03
1.505529660000000000e+08 4.810000000000000000e+03 1.420000000000000000e+03 5.890000000000000000e+03 3.590000000000000000e+03
1.505531740000000000e+08 4.810000000000000000e+03 1.420000000000000000e+03 5.890000000000000000e+03 3.580000000000000000e+03
1.505533820000000000e+08 4.810000000000000000e+03 1.420000000000000000e+03 5.900000000000000000e+03 3.590000000000000000e+03
1.505535900000000000e+08 4.810000000000000000e+03 1.430000000000000000e+03 5.910000000000000000e+03 3.580000000000000000e+03
1.505537970000000000e+08 4.830000000000000000e+03 1.440000000000000000e+03 5.920000000000000000e+03 3.590000000000000000e+03
1.505540050000000000e+08 4.850000000000000000e+03 1.430000000000000000e+03 5.920000000000000000e+03 3.580000000000000000e+03
1.505542140000000000e+08 4.830000000000000000e+03 1.430000000000000000e+03 5.920000000000000000e+03 3.590000000000000000e+03
1.505544210000000000e+08 4.830000000000000000e+03 1.430000000000000000e+03 5.920000000000000000e+03 3.590000000000000000e+03
1.505546290000000000e+08 4.830000000000000000e+03 1.430000000000000000e+03 5.920000000000000000e+03 3.590000000000000000e+03
1.505548370000000000e+08 4.840000000000000000e+03 1.430000000000000000e+03 5.940000000000000000e+03 3.590000000000000000e+03
1.505550450000000000e+08 4.830000000000000000e+03 1.440000000000000000e+03 5.960000000000000000e+03 3.600000000000000000e+03
1.505552530000000000e+08 4.840000000000000000e+03 1.440000000000000000e+03 5.970000000000000000e+03 3.600000000000000000e+03
1.505554610000000000e+08 4.850000000000000000e+03 1.430000000000000000e+03 5.970000000000000000e+03 3.580000000000000000e+03
1.505556700000000000e+08 4.850000000000000000e+03 1.430000000000000000e+03 5.980000000000000000e+03 3.580000000000000000e+03
1.505558770000000000e+08 4.850000000000000000e+03 1.440000000000000000e+03 5.970000000000000000e+03 3.580000000000000000e+03
1.505560850000000000e+08 4.840000000000000000e+03 1.450000000000000000e+03 5.940000000000000000e+03 3.590000000000000000e+03
1.505562930000000000e+08 4.840000000000000000e+03 1.430000000000000000e+03 5.940000000000000000e+03 3.590000000000000000e+03
1.505565010000000000e+08 4.840000000000000000e+03 1.430000000000000000e+03 5.960000000000000000e+03 3.580000000000000000e+03
1.505567090000000000e+08 4.840000000000000000e+03 1.430000000000000000e+03 5.970000000000000000e+03 3.570000000000000000e+03
1.505569170000000000e+08 4.830000000000000000e+03 1.430000000000000000e+03 5.980000000000000000e+03 3.580000000000000000e+03
1.505571240000000000e+08 4.820000000000000000e+03 1.430000000000000000e+03 5.960000000000000000e+03 3.580000000000000000e+03
1.505573330000000000e+08 4.830000000000000000e+03 1.440000000000000000e+03 5.960000000000000000e+03 3.580000000000000000e+03
1.505575250000000000e+08 4.830000000000000000e+03 1.430000000000000000e+03 5.970000000000000000e+03 3.590000000000000000e+03
1.505577330000000000e+08 4.820000000000000000e+03 1.430000000000000000e+03 5.970000000000000000e+03 3.590000000000000000e+03
1.505579520000000000e+08 4.810000000000000000e+03 1.430000000000000000e+03 5.960000000000000000e+03 3.580000000000000000e+03
1.505581490000000000e+08 4.820000000000000000e+03 1.430000000000000000e+03 5.970000000000000000e+03 3.590000000000000000e+03
1.505583560000000000e+08 4.820000000000000000e+03 1.430000000000000000e+03 5.970000000000000000e+03 3.580000000000000000e+03
1.505585650000000000e+08 4.810000000000000000e+03 1.430000000000000000e+03 5.990000000000000000e+03 3.580000000000000000e+03
1.505587730000000000e+08 4.820000000000000000e+03 1.430000000000000000e+03 5.990000000000000000e+03 3.590000000000000000e+03
1.505589810000000000e+08 4.830000000000000000e+03 1.440000000000000000e+03 5.990000000000000000e+03 3.590000000000000000e+03
1.505591880000000000e+08 4.820000000000000000e+03 1.430000000000000000e+03 5.990000000000000000e+03 3.600000000000000000e+03
1.505593960000000000e+08 4.830000000000000000e+03 1.430000000000000000e+03 5.980000000000000000e+03 3.590000000000000000e+03
1.505596040000000000e+08 4.840000000000000000e+03 1.420000000000000000e+03 5.970000000000000000e+03 3.590000000000000000e+03
1.505598120000000000e+08 4.840000000000000000e+03 1.420000000000000000e+03 5.940000000000000000e+03 3.580000000000000000e+03
1.506000200000000000e+08 4.840000000000000000e+03 1.430000000000000000e+03 5.910000000000000000e+03 3.580000000000000000e+03
1.506002280000000000e+08 4.830000000000000000e+03 1.430000000000000000e+03 5.900000000000000000e+03 3.580000000000000000e+03
1.506004360000000000e+08 4.830000000000000000e+03 1.430000000000000000e+03 5.960000000000000000e+03 3.570000000000000000e+03
1.506006440000000000e+08 4.830000000000000000e+03 1.430000000000000000e+03 5.990000000000000000e+03 3.570000000000000000e+03
1.506008520000000000e+08 4.830000000000000000e+03 1.430000000000000000e+03 6.000000000000000000e+03 3.560000000000000000e+03
1.506010600000000000e+08 4.840000000000000000e+03 1.430000000000000000e+03 6.000000000000000000e+03 3.560000000000000000e+03
1.506012520000000000e+08 4.850000000000000000e+03 1.430000000000000000e+03 5.990000000000000000e+03 3.570000000000000000e+03
1.506014600000000000e+08 4.840000000000000000e+03 1.430000000000000000e+03 6.000000000000000000e+03 3.570000000000000000e+03
1.506016680000000000e+08 4.830000000000000000e+03 1.430000000000000000e+03 6.000000000000000000e+03 3.580000000000000000e+03
1.506018760000000000e+08 4.820000000000000000e+03 1.430000000000000000e+03 6.000000000000000000e+03 3.580000000000000000e+03
1.506020840000000000e+08 4.820000000000000000e+03 1.430000000000000000e+03 5.990000000000000000e+03 3.570000000000000000e+03
1.506022920000000000e+08 4.800000000000000000e+03 1.430000000000000000e+03 5.990000000000000000e+03 3.570000000000000000e+03
1.506025000000000000e+08 4.790000000000000000e+03 1.440000000000000000e+03 5.990000000000000000e+03 3.570000000000000000e+03
1.506027080000000000e+08 4.800000000000000000e+03 1.440000000000000000e+03 5.990000000000000000e+03 3.580000000000000000e+03
1.506029160000000000e+08 4.820000000000000000e+03 1.440000000000000000e+03 5.990000000000000000e+03 3.580000000000000000e+03
1.506031240000000000e+08 4.830000000000000000e+03 1.430000000000000000e+03 5.980000000000000000e+03 3.570000000000000000e+03
1.506033320000000000e+08 4.850000000000000000e+03 1.440000000000000000e+03 5.990000000000000000e+03 3.570000000000000000e+03
1.506035400000000000e+08 4.840000000000000000e+03 1.450000000000000000e+03 5.970000000000000000e+03 3.570000000000000000e+03
1.506037480000000000e+08 4.820000000000000000e+03 1.450000000000000000e+03 5.970000000000000000e+03 3.570000000000000000e+03
1.506039610000000000e+08 4.820000000000000000e+03 1.450000000000000000e+03 5.960000000000000000e+03 3.570000000000000000e+03
1.506045800000000000e+08 4.810000000000000000e+03 1.450000000000000000e+03 5.970000000000000000e+03 3.570000000000000000e+03
1.506047720000000000e+08 4.820000000000000000e+03 1.440000000000000000e+03 5.950000000000000000e+03 3.570000000000000000e+03
