1.518134610000000000e+08 6.540000000000000000e+03 4.490000000000000000e+03 4.450000000000000000e+03 8.300000000000000000e+02
1.518136690000000000e+08 6.540000000000000000e+03 4.500000000000000000e+03 4.460000000000000000e+03 8.200000000000000000e+02
1.518138770000000000e+08 6.540000000000000000e+03 4.490000000000000000e+03 4.450000000000000000e+03 7.900000000000000000e+02
1.518140840000000000e+08 6.540000000000000000e+03 4.490000000000000000e+03 4.450000000000000000e+03 7.800000000000000000e+02
1.518142930000000000e+08 6.540000000000000000e+03 4.480000000000000000e+03 4.460000000000000000e+03 7.700000000000000000e+02
1.518145000000000000e+08 6.540000000000000000e+03 4.490000000000000000e+03 4.460000000000000000e+03 7.900000000000000000e+02
1.518147250000000000e+08 6.540000000000000000e+03 4.510000000000000000e+03 4.460000000000000000e+03 9.100000000000000000e+02
1.518149320000000000e+08 6.540000000000000000e+03 4.520000000000000000e+03 4.450000000000000000e+03 9.500000000000000000e+02
1.518151400000000000e+08 6.540000000000000000e+03 4.520000000000000000e+03 4.450000000000000000e+03 9.300000000000000000e+02
1.518153490000000000e+08 6.550000000000000000e+03 4.510000000000000000e+03 4.460000000000000000e+03 9.600000000000000000e+02
1.518155570000000000e+08 6.540000000000000000e+03 4.500000000000000000e+03 4.450000000000000000e+03 1.040000000000000000e+03
1.518157640000000000e+08 6.540000000000000000e+03 4.500000000000000000e+03 4.460000000000000000e+03 1.020000000000000000e+03
1.518159720000000000e+08 6.540000000000000000e+03 4.490000000000000000e+03 4.460000000000000000e+03 1.010000000000000000e+03
1.518161800000000000e+08 6.540000000000000000e+03 4.490000000000000000e+03 4.450000000000000000e+03 1.000000000000000000e+03
1.518163880000000000e+08 6.540000000000000000e+03 4.490000000000000000e+03 4.450000000000000000e+03 1.090000000000000000e+03
1.518166120000000000e+08 6.540000000000000000e+03 4.490000000000000000e+03 4.470000000000000000e+03 1.080000000000000000e+03
1.518168200000000000e+08 6.540000000000000000e+03 4.500000000000000000e+03 4.470000000000000000e+03 1.070000000000000000e+03
1.518170280000000000e+08 6.540000000000000000e+03 4.490000000000000000e+03 4.470000000000000000e+03 1.040000000000000000e+03
1.518172360000000000e+08 6.540000000000000000e+03 4.500000000000000000e+03 4.460000000000000000e+03 1.010000000000000000e+03
1.518174440000000000e+08 6.550000000000000000e+03 4.500000000000000000e+03 4.450000000000000000e+03 9.800000000000000000e+02
1.518176520000000000e+08 6.560000000000000000e+03 4.510000000000000000e+03 4.450000000000000000e+03 9.700000000000000000e+02
1.518180680000000000e+08 6.550000000000000000e+03 4.500000000000000000e+03 4.450000000000000000e+03 1.050000000000000000e+03
1.518182760000000000e+08 6.550000000000000000e+03 4.500000000000000000e+03 4.450000000000000000e+03 1.020000000000000000e+03
1.518184840000000000e+08 6.550000000000000000e+03 4.510000000000000000e+03 4.450000000000000000e+03 9.400000000000000000e+02
1.518186920000000000e+08 6.550000000000000000e+03 4.510000000000000000e+03 4.450000000000000000e+03 9.900000000000000000e+02
1.518188990000000000e+08 6.550000000000000000e+03 4.500000000000000000e+03 4.450000000000000000e+03 1.190000000000000000e+03
1.518191240000000000e+08 6.550000000000000000e+03 4.500000000000000000e+03 4.440000000000000000e+03 1.120000000000000000e+03
1.518193320000000000e+08 6.550000000000000000e+03 4.490000000000000000e+03 4.440000000000000000e+03 1.180000000000000000e+03
1.518195400000000000e+08 6.550000000000000000e+03 4.480000000000000000e+03 4.460000000000000000e+03 1.290000000000000000e+03
1.518197480000000000e+08 6.550000000000000000e+03 4.480000000000000000e+03 4.450000000000000000e+03 1.180000000000000000e+03
1.518199550000000000e+08 6.550000000000000000e+03 4.480000000000000000e+03 4.450000000000000000e+03 1.120000000000000000e+03
1.518201640000000000e+08 6.550000000000000000e+03 4.480000000000000000e+03 4.450000000000000000e+03 1.060000000000000000e+03
1.518203720000000000e+08 6.550000000000000000e+03 4.490000000000000000e+03 4.470000000000000000e+03 1.030000000000000000e+03
1.518205790000000000e+08 6.550000000000000000e+03 4.490000000000000000e+03 4.470000000000000000e+03 1.020000000000000000e+03
1.518208030000000000e+08 6.550000000000000000e+03 4.500000000000000000e+03 4.470000000000000000e+03 1.000000000000000000e+03
1.518210120000000000e+08 6.550000000000000000e+03 4.510000000000000000e+03 4.470000000000000000e+03 9.900000000000000000e+02
1.518212190000000000e+08 6.550000000000000000e+03 4.500000000000000000e+03 4.460000000000000000e+03 1.070000000000000000e+03
1.518214270000000000e+08 6.550000000000000000e+03 4.500000000000000000e+03 4.470000000000000000e+03 1.150000000000000000e+03
1.518216350000000000e+08 6.560000000000000000e+03 4.500000000000000000e+03 4.480000000000000000e+03 1.220000000000000000e+03
1.518218440000000000e+08 6.560000000000000000e+03 4.500000000000000000e+03 4.480000000000000000e+03 1.200000000000000000e+03
1.518220510000000000e+08 6.550000000000000000e+03 4.510000000000000000e+03 4.480000000000000000e+03 1.140000000000000000e+03
1.518222590000000000e+08 6.550000000000000000e+03 4.520000000000000000e+03 4.470000000000000000e+03 1.150000000000000000e+03
1.518224670000000000e+08 6.550000000000000000e+03 4.520000000000000000e+03 4.470000000000000000e+03 1.120000000000000000e+03
1.518226750000000000e+08 6.550000000000000000e+03 4.510000000000000000e+03 4.470000000000000000e+03 1.050000000000000000e+03
1.518228990000000000e+08 6.550000000000000000e+03 4.520000000000000000e+03 4.460000000000000000e+03 1.030000000000000000e+03
1.518231060000000000e+08 6.550000000000000000e+03 4.510000000000000000e+03 4.470000000000000000e+03 1.010000000000000000e+03
1.518233150000000000e+08 6.550000000000000000e+03 4.500000000000000000e+03 4.460000000000000000e+03 9.900000000000000000e+02
1.518235220000000000e+08 6.550000000000000000e+03 4.490000000000000000e+03 4.460000000000000000e+03 9.700000000000000000e+02
1.518237310000000000e+08 6.550000000000000000e+03 4.490000000000000000e+03 4.470000000000000000e+03 9.600000000000000000e+02
1.518239390000000000e+08 6.550000000000000000e+03 4.490000000000000000e+03 4.470000000000000000e+03 9.500000000000000000e+02
1.518241470000000000e+08 6.550000000000000000e+03 4.490000000000000000e+03 4.470000000000000000e+03 9.400000000000000000e+02
1.518243550000000000e+08 6.550000000000000000e+03 4.500000000000000000e+03 4.480000000000000000e+03 9.600000000000000000e+02
1.518245630000000000e+08 6.550000000000000000e+03 4.500000000000000000e+03 4.480000000000000000e+03 9.700000000000000000e+02
1.518247710000000000e+08 6.550000000000000000e+03 4.500000000000000000e+03 4.470000000000000000e+03 9.700000000000000000e+02
1.518249950000000000e+08 6.550000000000000000e+03 4.490000000000000000e+03 4.460000000000000000e+03 9.700000000000000000e+02
1.518252030000000000e+08 6.560000000000000000e+03 4.490000000000000000e+03 4.460000000000000000e+03 9.700000000000000000e+02
1.518254110000000000e+08 6.560000000000000000e+03 4.500000000000000000e+03 4.470000000000000000e+03 9.300000000000000000e+02
1.518256190000000000e+08 6.560000000000000000e+03 4.500000000000000000e+03 4.460000000000000000e+03 9.300000000000000000e+02
1.518258260000000000e+08 6.560000000000000000e+03 4.500000000000000000e+03 4.460000000000000000e+03 9.500000000000000000e+02
1.518260350000000000e+08 6.550000000000000000e+03 4.510000000000000000e+03 4.480000000000000000e+03 9.500000000000000000e+02
1.518262430000000000e+08 6.550000000000000000e+03 4.500000000000000000e+03 4.470000000000000000e+03 9.800000000000000000e+02
1.518264510000000000e+08 6.540000000000000000e+03 4.500000000000000000e+03 4.480000000000000000e+03 1.000000000000000000e+03
1.518266580000000000e+08 6.540000000000000000e+03 4.500000000000000000e+03 4.470000000000000000e+03 9.900000000000000000e+02
1.518268670000000000e+08 6.540000000000000000e+03 4.500000000000000000e+03 4.460000000000000000e+03 9.500000000000000000e+02
1.518270900000000000e+08 6.540000000000000000e+03 4.500000000000000000e+03 4.470000000000000000e+03 9.200000000000000000e+02
1.518272980000000000e+08 6.540000000000000000e+03 4.510000000000000000e+03 4.470000000000000000e+03 1.100000000000000000e+03
1.518275060000000000e+08 6.540000000000000000e+03 4.510000000000000000e+03 4.460000000000000000e+03 1.020000000000000000e+03
1.518277140000000000e+08 6.540000000000000000e+03 4.510000000000000000e+03 4.450000000000000000e+03 1.160000000000000000e+03
1.518279220000000000e+08 6.550000000000000000e+03 4.510000000000000000e+03 4.450000000000000000e+03 1.270000000000000000e+03
1.518281300000000000e+08 6.550000000000000000e+03 4.510000000000000000e+03 4.450000000000000000e+03 1.310000000000000000e+03
1.518283380000000000e+08 6.550000000000000000e+03 4.520000000000000000e+03 4.470000000000000000e+03 1.380000000000000000e+03
1.518285460000000000e+08 6.550000000000000000e+03 4.520000000000000000e+03 4.470000000000000000e+03 1.430000000000000000e+03
1.518287540000000000e+08 6.550000000000000000e+03 4.520000000000000000e+03 4.490000000000000000e+03 1.440000000000000000e+03
1.518289620000000000e+08 6.550000000000000000e+03 4.510000000000000000e+03 4.470000000000000000e+03 1.470000000000000000e+03
1.518291700000000000e+08 6.550000000000000000e+03 4.500000000000000000e+03 4.480000000000000000e+03 1.500000000000000000e+03
1.518293780000000000e+08 6.550000000000000000e+03 4.490000000000000000e+03 4.470000000000000000e+03 1.350000000000000000e+03
1.518296010000000000e+08 6.550000000000000000e+03 4.500000000000000000e+03 4.490000000000000000e+03 1.180000000000000000e+03
1.518298100000000000e+08 6.550000000000000000e+03 4.500000000000000000e+03 4.490000000000000000e+03 1.080000000000000000e+03
1.518300180000000000e+08 6.550000000000000000e+03 4.500000000000000000e+03 4.470000000000000000e+03 1.000000000000000000e+03
1.518302260000000000e+08 6.550000000000000000e+03 4.500000000000000000e+03 4.460000000000000000e+03 9.400000000000000000e+02
1.518304340000000000e+08 6.550000000000000000e+03 4.490000000000000000e+03 4.460000000000000000e+03 8.800000000000000000e+02
1.518306420000000000e+08 6.540000000000000000e+03 4.490000000000000000e+03 4.450000000000000000e+03 8.500000000000000000e+02
1.518308490000000000e+08 6.540000000000000000e+03 4.490000000000000000e+03 4.460000000000000000e+03 9.800000000000000000e+02
1.518310580000000000e+08 6.540000000000000000e+03 4.490000000000000000e+03 4.460000000000000000e+03 1.130000000000000000e+03
1.518312820000000000e+08 6.540000000000000000e+03 4.480000000000000000e+03 4.450000000000000000e+03 1.190000000000000000e+03
1.518314900000000000e+08 6.540000000000000000e+03 4.490000000000000000e+03 4.460000000000000000e+03 1.220000000000000000e+03
1.518316980000000000e+08 6.550000000000000000e+03 4.490000000000000000e+03 4.450000000000000000e+03 1.290000000000000000e+03
1.518319060000000000e+08 6.550000000000000000e+03 4.480000000000000000e+03 4.450000000000000000e+03 1.380000000000000000e+03
1.518321130000000000e+08 6.550000000000000000e+03 4.480000000000000000e+03 4.460000000000000000e+03 1.360000000000000000e+03
1.518323220000000000e+08 6.550000000000000000e+03 4.480000000000000000e+03 4.470000000000000000e+03 1.320000000000000000e+03
1.518325290000000000e+08 6.550000000000000000e+03 4.500000000000000000e+03 4.470000000000000000e+03 1.310000000000000000e+03
1.518327370000000000e+08 6.550000000000000000e+03 4.500000000000000000e+03 4.470000000000000000e+03 1.300000000000000000e+03
1.518329610000000000e+08 6.550000000000000000e+03 4.490000000000000000e+03 4.470000000000000000e+03 1.300000000000000000e+03
1.518331690000000000e+08 6.540000000000000000e+03 4.490000000000000000e+03 4.470000000000000000e+03 1.290000000000000000e+03
1.518333770000000000e+08 6.540000000000000000e+03 4.490000000000000000e+03 4.470000000000000000e+03 1.280000000000000000e+03
1.518335850000000000e+08 6.540000000000000000e+03 4.500000000000000000e+03 4.490000000000000000e+03 1.280000000000000000e+03
1.518337930000000000e+08 6.540000000000000000e+03 4.500000000000000000e+03 4.480000000000000000e+03 1.280000000000000000e+03
1.518340010000000000e+08 6.540000000000000000e+03 4.500000000000000000e+03 4.480000000000000000e+03 1.280000000000000000e+03
1.518342090000000000e+08 6.540000000000000000e+03 4.490000000000000000e+03 4.480000000000000000e+03 1.280000000000000000e+03
1.518344170000000000e+08 6.540000000000000000e+03 4.490000000000000000e+03 4.470000000000000000e+03 1.280000000000000000e+03
1.518346250000000000e+08 6.550000000000000000e+03 4.490000000000000000e+03 4.470000000000000000e+03 1.250000000000000000e+03
1.518348330000000000e+08 6.550000000000000000e+03 4.490000000000000000e+03 4.470000000000000000e+03 1.230000000000000000e+03
1.518350570000000000e+08 6.550000000000000000e+03 4.480000000000000000e+03 4.460000000000000000e+03 1.220000000000000000e+03
1.518352650000000000e+08 6.540000000000000000e+03 4.490000000000000000e+03 4.470000000000000000e+03 1.210000000000000000e+03
1.518354730000000000e+08 6.540000000000000000e+03 4.510000000000000000e+03 4.470000000000000000e+03 1.180000000000000000e+03
1.518356800000000000e+08 6.530000000000000000e+03 4.500000000000000000e+03 4.460000000000000000e+03 1.130000000000000000e+03
1.518358890000000000e+08 6.530000000000000000e+03 4.490000000000000000e+03 4.450000000000000000e+03 1.130000000000000000e+03
1.518360970000000000e+08 6.530000000000000000e+03 4.500000000000000000e+03 4.450000000000000000e+03 1.130000000000000000e+03
1.518363050000000000e+08 6.540000000000000000e+03 4.490000000000000000e+03 4.450000000000000000e+03 1.090000000000000000e+03
1.518365130000000000e+08 6.530000000000000000e+03 4.490000000000000000e+03 4.450000000000000000e+03 1.060000000000000000e+03
1.518367200000000000e+08 6.540000000000000000e+03 4.500000000000000000e+03 4.460000000000000000e+03 1.110000000000000000e+03
1.518369450000000000e+08 6.530000000000000000e+03 4.490000000000000000e+03 4.470000000000000000e+03 1.240000000000000000e+03
1.518371530000000000e+08 6.530000000000000000e+03 4.490000000000000000e+03 4.470000000000000000e+03 1.340000000000000000e+03
1.518373600000000000e+08 6.520000000000000000e+03 4.500000000000000000e+03 4.470000000000000000e+03 1.230000000000000000e+03
1.518480300000000000e+08 6.530000000000000000e+03 4.720000000000000000e+03 4.460000000000000000e+03 6.600000000000000000e+02
1.518482380000000000e+08 6.540000000000000000e+03 4.690000000000000000e+03 4.480000000000000000e+03 6.400000000000000000e+02
1.518484460000000000e+08 6.540000000000000000e+03 4.680000000000000000e+03 4.470000000000000000e+03 6.500000000000000000e+02
1.518486550000000000e+08 6.540000000000000000e+03 4.660000000000000000e+03 4.460000000000000000e+03 6.400000000000000000e+02
1.518488620000000000e+08 6.540000000000000000e+03 4.640000000000000000e+03 4.450000000000000000e+03 6.400000000000000000e+02
1.518490700000000000e+08 6.540000000000000000e+03 4.640000000000000000e+03 4.470000000000000000e+03 6.300000000000000000e+02
1.518492790000000000e+08 6.540000000000000000e+03 4.640000000000000000e+03 4.460000000000000000e+03 6.300000000000000000e+02
1.518494870000000000e+08 6.550000000000000000e+03 4.660000000000000000e+03 4.460000000000000000e+03 6.200000000000000000e+02
1.518496940000000000e+08 6.550000000000000000e+03 4.700000000000000000e+03 4.460000000000000000e+03 6.200000000000000000e+02
1.518499020000000000e+08 6.550000000000000000e+03 4.710000000000000000e+03 4.450000000000000000e+03 6.400000000000000000e+02
1.518501100000000000e+08 6.550000000000000000e+03 4.650000000000000000e+03 4.460000000000000000e+03 6.300000000000000000e+02
1.518503180000000000e+08 6.550000000000000000e+03 4.680000000000000000e+03 4.480000000000000000e+03 6.300000000000000000e+02
1.518505260000000000e+08 6.550000000000000000e+03 4.710000000000000000e+03 4.470000000000000000e+03 6.400000000000000000e+02
1.518507340000000000e+08 6.550000000000000000e+03 4.730000000000000000e+03 4.480000000000000000e+03 6.300000000000000000e+02
1.518509420000000000e+08 6.550000000000000000e+03 4.740000000000000000e+03 4.470000000000000000e+03 6.500000000000000000e+02
1.518511510000000000e+08 6.550000000000000000e+03 4.750000000000000000e+03 4.450000000000000000e+03 6.500000000000000000e+02
1.518513580000000000e+08 6.550000000000000000e+03 4.780000000000000000e+03 4.450000000000000000e+03 6.500000000000000000e+02
1.518515660000000000e+08 6.540000000000000000e+03 4.780000000000000000e+03 4.450000000000000000e+03 6.400000000000000000e+02
1.518517740000000000e+08 6.540000000000000000e+03 4.790000000000000000e+03 4.450000000000000000e+03 6.300000000000000000e+02
1.518519820000000000e+08 6.530000000000000000e+03 4.790000000000000000e+03 4.450000000000000000e+03 6.300000000000000000e+02
1.518521900000000000e+08 6.530000000000000000e+03 4.800000000000000000e+03 4.450000000000000000e+03 6.300000000000000000e+02
1.518523980000000000e+08 6.540000000000000000e+03 4.790000000000000000e+03 4.450000000000000000e+03 6.300000000000000000e+02
1.518526060000000000e+08 6.540000000000000000e+03 4.790000000000000000e+03 4.450000000000000000e+03 6.300000000000000000e+02
1.518528140000000000e+08 6.530000000000000000e+03 4.780000000000000000e+03 4.450000000000000000e+03 6.400000000000000000e+02
1.518530220000000000e+08 6.530000000000000000e+03 4.780000000000000000e+03 4.450000000000000000e+03 6.500000000000000000e+02
1.518532300000000000e+08 6.540000000000000000e+03 4.770000000000000000e+03 4.450000000000000000e+03 6.500000000000000000e+02
1.518534380000000000e+08 6.540000000000000000e+03 4.760000000000000000e+03 4.470000000000000000e+03 6.400000000000000000e+02
1.518536460000000000e+08 6.540000000000000000e+03 4.750000000000000000e+03 4.470000000000000000e+03 6.300000000000000000e+02
1.518538540000000000e+08 6.540000000000000000e+03 4.760000000000000000e+03 4.470000000000000000e+03 6.300000000000000000e+02
1.518540620000000000e+08 6.530000000000000000e+03 4.780000000000000000e+03 4.460000000000000000e+03 6.200000000000000000e+02
1.518542700000000000e+08 6.540000000000000000e+03 4.790000000000000000e+03 4.460000000000000000e+03 6.200000000000000000e+02
1.518544780000000000e+08 6.550000000000000000e+03 4.790000000000000000e+03 4.470000000000000000e+03 6.200000000000000000e+02
1.518546860000000000e+08 6.560000000000000000e+03 4.800000000000000000e+03 4.470000000000000000e+03 6.200000000000000000e+02
1.518548940000000000e+08 6.560000000000000000e+03 4.810000000000000000e+03 4.460000000000000000e+03 6.200000000000000000e+02
1.518551020000000000e+08 6.550000000000000000e+03 4.940000000000000000e+03 4.470000000000000000e+03 6.400000000000000000e+02
1.518553100000000000e+08 6.550000000000000000e+03 5.030000000000000000e+03 4.480000000000000000e+03 6.400000000000000000e+02
1.518555180000000000e+08 6.550000000000000000e+03 4.980000000000000000e+03 4.490000000000000000e+03 6.400000000000000000e+02
1.518557260000000000e+08 6.550000000000000000e+03 4.910000000000000000e+03 4.480000000000000000e+03 6.300000000000000000e+02
1.518559330000000000e+08 6.550000000000000000e+03 4.830000000000000000e+03 4.480000000000000000e+03 6.300000000000000000e+02
1.518561410000000000e+08 6.550000000000000000e+03 4.790000000000000000e+03 4.480000000000000000e+03 6.400000000000000000e+02
1.518563490000000000e+08 6.540000000000000000e+03 4.770000000000000000e+03 4.470000000000000000e+03 6.400000000000000000e+02
1.518565570000000000e+08 6.540000000000000000e+03 4.760000000000000000e+03 4.480000000000000000e+03 6.400000000000000000e+02
1.518567650000000000e+08 6.540000000000000000e+03 4.760000000000000000e+03 4.470000000000000000e+03 6.300000000000000000e+02
1.518571650000000000e+08 6.540000000000000000e+03 4.770000000000000000e+03 4.470000000000000000e+03 6.400000000000000000e+02
1.518573730000000000e+08 6.540000000000000000e+03 4.790000000000000000e+03 4.470000000000000000e+03 6.400000000000000000e+02
1.518575810000000000e+08 6.540000000000000000e+03 4.820000000000000000e+03 4.460000000000000000e+03 6.400000000000000000e+02
1.518577890000000000e+08 6.550000000000000000e+03 4.830000000000000000e+03 4.460000000000000000e+03 6.300000000000000000e+02
1.518579970000000000e+08 6.540000000000000000e+03 4.830000000000000000e+03 4.460000000000000000e+03 6.200000000000000000e+02
1.518582050000000000e+08 6.530000000000000000e+03 4.830000000000000000e+03 4.450000000000000000e+03 6.400000000000000000e+02
1.518584130000000000e+08 6.530000000000000000e+03 4.830000000000000000e+03 4.440000000000000000e+03 6.400000000000000000e+02
1.518586210000000000e+08 6.540000000000000000e+03 4.830000000000000000e+03 4.440000000000000000e+03 6.300000000000000000e+02
1.518588290000000000e+08 6.540000000000000000e+03 4.820000000000000000e+03 4.440000000000000000e+03 6.200000000000000000e+02
1.518590370000000000e+08 6.540000000000000000e+03 4.810000000000000000e+03 4.450000000000000000e+03 6.400000000000000000e+02
1.518592450000000000e+08 6.540000000000000000e+03 4.810000000000000000e+03 4.450000000000000000e+03 6.500000000000000000e+02
1.518594530000000000e+08 6.530000000000000000e+03 4.820000000000000000e+03 4.470000000000000000e+03 6.400000000000000000e+02
1.518596630000000000e+08 6.530000000000000000e+03 4.830000000000000000e+03 4.480000000000000000e+03 6.400000000000000000e+02
1.518598690000000000e+08 6.540000000000000000e+03 4.840000000000000000e+03 4.470000000000000000e+03 6.500000000000000000e+02
1.519000770000000000e+08 6.550000000000000000e+03 4.840000000000000000e+03 4.480000000000000000e+03 6.400000000000000000e+02
1.519002850000000000e+08 6.550000000000000000e+03 4.830000000000000000e+03 4.470000000000000000e+03 6.400000000000000000e+02
1.519004930000000000e+08 6.550000000000000000e+03 4.830000000000000000e+03 4.470000000000000000e+03 6.500000000000000000e+02
1.519007000000000000e+08 6.550000000000000000e+03 4.830000000000000000e+03 4.460000000000000000e+03 6.300000000000000000e+02
1.519008930000000000e+08 6.550000000000000000e+03 4.820000000000000000e+03 4.460000000000000000e+03 6.300000000000000000e+02
1.519011010000000000e+08 6.550000000000000000e+03 4.810000000000000000e+03 4.450000000000000000e+03 6.400000000000000000e+02
1.519013080000000000e+08 6.550000000000000000e+03 4.790000000000000000e+03 4.450000000000000000e+03 6.400000000000000000e+02
1.519015170000000000e+08 6.550000000000000000e+03 4.790000000000000000e+03 4.450000000000000000e+03 6.300000000000000000e+02
1.519017240000000000e+08 6.560000000000000000e+03 4.800000000000000000e+03 4.440000000000000000e+03 6.300000000000000000e+02
1.519019320000000000e+08 6.550000000000000000e+03 4.800000000000000000e+03 4.460000000000000000e+03 6.300000000000000000e+02
1.519021400000000000e+08 6.550000000000000000e+03 4.800000000000000000e+03 4.450000000000000000e+03 6.300000000000000000e+02
1.519023480000000000e+08 6.550000000000000000e+03 4.800000000000000000e+03 4.460000000000000000e+03 6.300000000000000000e+02
1.519025560000000000e+08 6.560000000000000000e+03 4.810000000000000000e+03 4.460000000000000000e+03 6.200000000000000000e+02
1.519027650000000000e+08 6.550000000000000000e+03 4.820000000000000000e+03 4.460000000000000000e+03 6.100000000000000000e+02
1.519029720000000000e+08 6.560000000000000000e+03 4.820000000000000000e+03 4.460000000000000000e+03 6.300000000000000000e+02
1.519031800000000000e+08 6.560000000000000000e+03 4.820000000000000000e+03 4.470000000000000000e+03 6.300000000000000000e+02
1.519033880000000000e+08 6.560000000000000000e+03 4.820000000000000000e+03 4.470000000000000000e+03 6.200000000000000000e+02
1.519035960000000000e+08 6.560000000000000000e+03 4.810000000000000000e+03 4.460000000000000000e+03 6.200000000000000000e+02
1.519038040000000000e+08 6.560000000000000000e+03 4.810000000000000000e+03 4.470000000000000000e+03 6.200000000000000000e+02
1.519040120000000000e+08 6.550000000000000000e+03 4.800000000000000000e+03 4.470000000000000000e+03 6.200000000000000000e+02
1.519042200000000000e+08 6.550000000000000000e+03 4.790000000000000000e+03 4.470000000000000000e+03 6.200000000000000000e+02
1.519044280000000000e+08 6.540000000000000000e+03 4.800000000000000000e+03 4.460000000000000000e+03 6.200000000000000000e+02
1.519046360000000000e+08 6.540000000000000000e+03 4.800000000000000000e+03 4.480000000000000000e+03 6.200000000000000000e+02
1.519048430000000000e+08 6.540000000000000000e+03 4.800000000000000000e+03 4.490000000000000000e+03 6.200000000000000000e+02
1.519052600000000000e+08 6.540000000000000000e+03 4.800000000000000000e+03 4.480000000000000000e+03 6.400000000000000000e+02
1.519054680000000000e+08 6.540000000000000000e+03 4.810000000000000000e+03 4.460000000000000000e+03 6.300000000000000000e+02
1.519056760000000000e+08 6.550000000000000000e+03 4.810000000000000000e+03 4.480000000000000000e+03 6.300000000000000000e+02
1.519058840000000000e+08 6.550000000000000000e+03 4.820000000000000000e+03 4.470000000000000000e+03 6.400000000000000000e+02
1.519060920000000000e+08 6.550000000000000000e+03 4.820000000000000000e+03 4.470000000000000000e+03 6.400000000000000000e+02
1.519062830000000000e+08 6.550000000000000000e+03 4.830000000000000000e+03 4.460000000000000000e+03 6.400000000000000000e+02
1.519064920000000000e+08 6.550000000000000000e+03 4.830000000000000000e+03 4.450000000000000000e+03 6.400000000000000000e+02
1.519067000000000000e+08 6.550000000000000000e+03 4.830000000000000000e+03 4.450000000000000000e+03 6.400000000000000000e+02
1.519069070000000000e+08 6.550000000000000000e+03 4.830000000000000000e+03 4.450000000000000000e+03 6.500000000000000000e+02
1.519071160000000000e+08 6.560000000000000000e+03 4.830000000000000000e+03 4.450000000000000000e+03 6.500000000000000000e+02
1.519073230000000000e+08 6.550000000000000000e+03 4.840000000000000000e+03 4.460000000000000000e+03 6.400000000000000000e+02
1.519075310000000000e+08 6.550000000000000000e+03 4.840000000000000000e+03 4.460000000000000000e+03 6.300000000000000000e+02
1.519077390000000000e+08 6.550000000000000000e+03 4.840000000000000000e+03 4.460000000000000000e+03 6.400000000000000000e+02
1.519079470000000000e+08 6.550000000000000000e+03 4.840000000000000000e+03 4.450000000000000000e+03 6.400000000000000000e+02
1.519081550000000000e+08 6.560000000000000000e+03 4.840000000000000000e+03 4.450000000000000000e+03 6.400000000000000000e+02
1.519083630000000000e+08 6.560000000000000000e+03 4.830000000000000000e+03 4.450000000000000000e+03 6.500000000000000000e+02
1.519085710000000000e+08 6.560000000000000000e+03 4.820000000000000000e+03 4.450000000000000000e+03 6.500000000000000000e+02
1.519087790000000000e+08 6.550000000000000000e+03 4.810000000000000000e+03 4.450000000000000000e+03 6.400000000000000000e+02
1.519089870000000000e+08 6.550000000000000000e+03 4.800000000000000000e+03 4.460000000000000000e+03 6.300000000000000000e+02
1.519091950000000000e+08 6.550000000000000000e+03 4.800000000000000000e+03 4.470000000000000000e+03 6.300000000000000000e+02
1.519094030000000000e+08 6.550000000000000000e+03 4.800000000000000000e+03 4.460000000000000000e+03 6.400000000000000000e+02
1.519096100000000000e+08 6.550000000000000000e+03 4.800000000000000000e+03 4.470000000000000000e+03 6.300000000000000000e+02
1.519098190000000000e+08 6.560000000000000000e+03 4.800000000000000000e+03 4.480000000000000000e+03 6.300000000000000000e+02
1.519100270000000000e+08 6.560000000000000000e+03 4.790000000000000000e+03 4.480000000000000000e+03 6.300000000000000000e+02
1.519102350000000000e+08 6.560000000000000000e+03 4.770000000000000000e+03 4.470000000000000000e+03 6.300000000000000000e+02
1.519104430000000000e+08 6.560000000000000000e+03 4.750000000000000000e+03 4.460000000000000000e+03 6.200000000000000000e+02
1.519106510000000000e+08 6.550000000000000000e+03 4.730000000000000000e+03 4.460000000000000000e+03 6.100000000000000000e+02
1.519108590000000000e+08 6.560000000000000000e+03 4.730000000000000000e+03 4.460000000000000000e+03 6.100000000000000000e+02
1.519110670000000000e+08 6.560000000000000000e+03 4.730000000000000000e+03 4.460000000000000000e+03 6.300000000000000000e+02
1.519112750000000000e+08 6.560000000000000000e+03 4.740000000000000000e+03 4.460000000000000000e+03 6.200000000000000000e+02
1.519114830000000000e+08 6.560000000000000000e+03 4.750000000000000000e+03 4.450000000000000000e+03 6.200000000000000000e+02
1.519116910000000000e+08 6.560000000000000000e+03 4.750000000000000000e+03 4.450000000000000000e+03 6.400000000000000000e+02
1.519118990000000000e+08 6.550000000000000000e+03 4.720000000000000000e+03 4.450000000000000000e+03 6.400000000000000000e+02
1.519121070000000000e+08 6.550000000000000000e+03 4.710000000000000000e+03 4.450000000000000000e+03 6.400000000000000000e+02
1.519123150000000000e+08 6.550000000000000000e+03 4.720000000000000000e+03 4.470000000000000000e+03 6.400000000000000000e+02
1.519125220000000000e+08 6.540000000000000000e+03 4.730000000000000000e+03 4.460000000000000000e+03 6.400000000000000000e+02
1.519127310000000000e+08 6.530000000000000000e+03 4.720000000000000000e+03 4.450000000000000000e+03 6.400000000000000000e+02
1.519129380000000000e+08 6.540000000000000000e+03 4.720000000000000000e+03 4.440000000000000000e+03 6.500000000000000000e+02
1.519131460000000000e+08 6.540000000000000000e+03 4.740000000000000000e+03 4.440000000000000000e+03 6.400000000000000000e+02
1.519133540000000000e+08 6.530000000000000000e+03 4.770000000000000000e+03 4.440000000000000000e+03 6.200000000000000000e+02
