1.529584900000000000e+08 2.180000000000000000e+03 4.910000000000000000e+03 3.080000000000000000e+03 5.410000000000000000e+03
1.529586980000000000e+08 2.220000000000000000e+03 4.890000000000000000e+03 3.070000000000000000e+03 5.410000000000000000e+03
1.529589060000000000e+08 2.240000000000000000e+03 4.880000000000000000e+03 3.080000000000000000e+03 5.430000000000000000e+03
1.529591130000000000e+08 2.250000000000000000e+03 4.880000000000000000e+03 3.080000000000000000e+03 5.430000000000000000e+03
1.529593060000000000e+08 2.270000000000000000e+03 4.880000000000000000e+03 3.060000000000000000e+03 5.430000000000000000e+03
1.529595140000000000e+08 2.290000000000000000e+03 4.890000000000000000e+03 3.070000000000000000e+03 5.440000000000000000e+03
1.529597210000000000e+08 2.300000000000000000e+03 4.890000000000000000e+03 3.070000000000000000e+03 5.440000000000000000e+03
1.529599300000000000e+08 2.300000000000000000e+03 4.880000000000000000e+03 3.060000000000000000e+03 5.440000000000000000e+03
1.530001380000000000e+08 2.290000000000000000e+03 4.880000000000000000e+03 3.070000000000000000e+03 5.440000000000000000e+03
1.530003460000000000e+08 2.280000000000000000e+03 4.880000000000000000e+03 3.060000000000000000e+03 5.440000000000000000e+03
1.530005540000000000e+08 2.270000000000000000e+03 4.880000000000000000e+03 3.070000000000000000e+03 5.440000000000000000e+03
1.530007620000000000e+08 2.280000000000000000e+03 4.880000000000000000e+03 3.070000000000000000e+03 5.440000000000000000e+03
1.530009700000000000e+08 2.270000000000000000e+03 4.880000000000000000e+03 3.070000000000000000e+03 5.450000000000000000e+03
1.530011780000000000e+08 2.270000000000000000e+03 4.880000000000000000e+03 3.070000000000000000e+03 5.450000000000000000e+03
1.530013860000000000e+08 2.270000000000000000e+03 4.860000000000000000e+03 3.060000000000000000e+03 5.450000000000000000e+03
1.530015940000000000e+08 2.270000000000000000e+03 4.860000000000000000e+03 3.070000000000000000e+03 5.450000000000000000e+03
1.530018020000000000e+08 2.270000000000000000e+03 4.860000000000000000e+03 3.080000000000000000e+03 5.450000000000000000e+03
1.530020100000000000e+08 2.280000000000000000e+03 4.870000000000000000e+03 3.080000000000000000e+03 5.450000000000000000e+03
1.530022170000000000e+08 2.280000000000000000e+03 4.870000000000000000e+03 3.080000000000000000e+03 5.450000000000000000e+03
1.530024250000000000e+08 2.280000000000000000e+03 4.870000000000000000e+03 3.070000000000000000e+03 5.430000000000000000e+03
1.530026330000000000e+08 2.290000000000000000e+03 4.880000000000000000e+03 3.070000000000000000e+03 5.440000000000000000e+03
1.530028250000000000e+08 2.300000000000000000e+03 4.890000000000000000e+03 3.060000000000000000e+03 5.440000000000000000e+03
1.530030330000000000e+08 2.310000000000000000e+03 4.890000000000000000e+03 3.060000000000000000e+03 5.420000000000000000e+03
1.530032410000000000e+08 2.310000000000000000e+03 4.890000000000000000e+03 3.050000000000000000e+03 5.430000000000000000e+03
1.530034490000000000e+08 2.300000000000000000e+03 4.890000000000000000e+03 3.030000000000000000e+03 5.440000000000000000e+03
1.530036570000000000e+08 2.300000000000000000e+03 4.910000000000000000e+03 3.050000000000000000e+03 5.430000000000000000e+03
1.530038650000000000e+08 2.300000000000000000e+03 4.910000000000000000e+03 3.050000000000000000e+03 5.430000000000000000e+03
1.530040730000000000e+08 2.310000000000000000e+03 4.910000000000000000e+03 3.050000000000000000e+03 5.430000000000000000e+03
1.530042810000000000e+08 2.310000000000000000e+03 4.910000000000000000e+03 3.050000000000000000e+03 5.430000000000000000e+03
1.530044890000000000e+08 2.300000000000000000e+03 4.910000000000000000e+03 3.060000000000000000e+03 5.440000000000000000e+03
1.530046970000000000e+08 2.300000000000000000e+03 4.890000000000000000e+03 3.050000000000000000e+03 5.440000000000000000e+03
1.530049050000000000e+08 2.300000000000000000e+03 4.890000000000000000e+03 3.060000000000000000e+03 5.440000000000000000e+03
1.530051130000000000e+08 2.310000000000000000e+03 4.890000000000000000e+03 3.060000000000000000e+03 5.440000000000000000e+03
1.530053200000000000e+08 2.310000000000000000e+03 4.910000000000000000e+03 3.050000000000000000e+03 5.430000000000000000e+03
1.530055290000000000e+08 2.300000000000000000e+03 4.910000000000000000e+03 3.050000000000000000e+03 5.430000000000000000e+03
1.530057370000000000e+08 2.290000000000000000e+03 4.910000000000000000e+03 3.060000000000000000e+03 5.430000000000000000e+03
1.530059450000000000e+08 2.290000000000000000e+03 4.890000000000000000e+03 3.060000000000000000e+03 5.440000000000000000e+03
1.530061370000000000e+08 2.290000000000000000e+03 4.880000000000000000e+03 3.070000000000000000e+03 5.440000000000000000e+03
1.530063450000000000e+08 2.290000000000000000e+03 4.890000000000000000e+03 3.070000000000000000e+03 5.440000000000000000e+03
1.530065520000000000e+08 2.290000000000000000e+03 4.890000000000000000e+03 3.060000000000000000e+03 5.440000000000000000e+03
1.530067600000000000e+08 2.290000000000000000e+03 4.890000000000000000e+03 3.060000000000000000e+03 5.440000000000000000e+03
1.530069680000000000e+08 2.290000000000000000e+03 4.880000000000000000e+03 3.070000000000000000e+03 5.440000000000000000e+03
1.530071760000000000e+08 2.290000000000000000e+03 4.890000000000000000e+03 3.060000000000000000e+03 5.430000000000000000e+03
1.530073840000000000e+08 2.290000000000000000e+03 4.880000000000000000e+03 3.070000000000000000e+03 5.440000000000000000e+03
1.530075920000000000e+08 2.290000000000000000e+03 4.880000000000000000e+03 3.070000000000000000e+03 5.450000000000000000e+03
1.530078000000000000e+08 2.290000000000000000e+03 4.880000000000000000e+03 3.060000000000000000e+03 5.450000000000000000e+03
1.530080080000000000e+08 2.300000000000000000e+03 4.880000000000000000e+03 3.070000000000000000e+03 5.450000000000000000e+03
1.530082160000000000e+08 2.300000000000000000e+03 4.880000000000000000e+03 3.060000000000000000e+03 5.450000000000000000e+03
1.530084240000000000e+08 2.300000000000000000e+03 4.880000000000000000e+03 3.070000000000000000e+03 5.450000000000000000e+03
1.530086320000000000e+08 2.300000000000000000e+03 4.880000000000000000e+03 3.060000000000000000e+03 5.450000000000000000e+03
1.530088400000000000e+08 2.300000000000000000e+03 4.880000000000000000e+03 3.050000000000000000e+03 5.450000000000000000e+03
1.530090480000000000e+08 2.300000000000000000e+03 4.880000000000000000e+03 3.050000000000000000e+03 5.440000000000000000e+03
1.530092560000000000e+08 2.300000000000000000e+03 4.870000000000000000e+03 3.030000000000000000e+03 5.440000000000000000e+03
1.530094480000000000e+08 2.290000000000000000e+03 4.880000000000000000e+03 3.060000000000000000e+03 5.440000000000000000e+03
1.530096560000000000e+08 2.290000000000000000e+03 4.890000000000000000e+03 3.060000000000000000e+03 5.430000000000000000e+03
1.530098630000000000e+08 2.290000000000000000e+03 4.890000000000000000e+03 3.060000000000000000e+03 5.420000000000000000e+03
1.530100720000000000e+08 2.290000000000000000e+03 4.890000000000000000e+03 3.050000000000000000e+03 5.420000000000000000e+03
1.530102810000000000e+08 2.290000000000000000e+03 4.890000000000000000e+03 3.050000000000000000e+03 5.420000000000000000e+03
1.530104880000000000e+08 2.290000000000000000e+03 4.890000000000000000e+03 3.050000000000000000e+03 5.430000000000000000e+03
1.530106960000000000e+08 2.290000000000000000e+03 4.890000000000000000e+03 3.060000000000000000e+03 5.430000000000000000e+03
1.530109040000000000e+08 2.300000000000000000e+03 4.890000000000000000e+03 3.060000000000000000e+03 5.420000000000000000e+03
1.530111120000000000e+08 2.300000000000000000e+03 4.890000000000000000e+03 3.070000000000000000e+03 5.430000000000000000e+03
1.530113190000000000e+08 2.300000000000000000e+03 4.890000000000000000e+03 3.050000000000000000e+03 5.450000000000000000e+03
1.530115270000000000e+08 2.300000000000000000e+03 4.890000000000000000e+03 3.060000000000000000e+03 5.440000000000000000e+03
1.530117360000000000e+08 2.300000000000000000e+03 4.890000000000000000e+03 3.060000000000000000e+03 5.430000000000000000e+03
1.530119430000000000e+08 2.290000000000000000e+03 4.890000000000000000e+03 3.060000000000000000e+03 5.430000000000000000e+03
1.530121520000000000e+08 2.290000000000000000e+03 4.890000000000000000e+03 3.070000000000000000e+03 5.440000000000000000e+03
1.530123600000000000e+08 2.290000000000000000e+03 4.890000000000000000e+03 3.060000000000000000e+03 5.440000000000000000e+03
1.530125780000000000e+08 2.290000000000000000e+03 4.910000000000000000e+03 3.070000000000000000e+03 5.440000000000000000e+03
1.530127760000000000e+08 2.290000000000000000e+03 4.910000000000000000e+03 3.080000000000000000e+03 5.440000000000000000e+03
1.530129680000000000e+08 2.300000000000000000e+03 4.910000000000000000e+03 3.080000000000000000e+03 5.440000000000000000e+03
1.530131750000000000e+08 2.300000000000000000e+03 4.910000000000000000e+03 3.080000000000000000e+03 5.450000000000000000e+03
1.530133830000000000e+08 2.300000000000000000e+03 4.910000000000000000e+03 3.080000000000000000e+03 5.440000000000000000e+03
1.530135910000000000e+08 2.300000000000000000e+03 4.910000000000000000e+03 3.080000000000000000e+03 5.440000000000000000e+03
1.530137990000000000e+08 2.300000000000000000e+03 4.910000000000000000e+03 3.070000000000000000e+03 5.440000000000000000e+03
1.530140070000000000e+08 2.300000000000000000e+03 4.910000000000000000e+03 3.060000000000000000e+03 5.440000000000000000e+03
1.530142150000000000e+08 2.300000000000000000e+03 4.890000000000000000e+03 3.060000000000000000e+03 5.440000000000000000e+03
1.530144230000000000e+08 2.300000000000000000e+03 4.890000000000000000e+03 3.070000000000000000e+03 5.430000000000000000e+03
1.530146310000000000e+08 2.300000000000000000e+03 4.890000000000000000e+03 3.080000000000000000e+03 5.440000000000000000e+03
1.530148390000000000e+08 2.300000000000000000e+03 4.890000000000000000e+03 3.080000000000000000e+03 5.440000000000000000e+03
1.530150470000000000e+08 2.290000000000000000e+03 4.880000000000000000e+03 3.060000000000000000e+03 5.440000000000000000e+03
1.530152550000000000e+08 2.290000000000000000e+03 4.880000000000000000e+03 3.070000000000000000e+03 5.440000000000000000e+03
1.530154630000000000e+08 2.290000000000000000e+03 4.890000000000000000e+03 3.060000000000000000e+03 5.440000000000000000e+03
1.530156710000000000e+08 2.300000000000000000e+03 4.880000000000000000e+03 3.070000000000000000e+03 5.440000000000000000e+03
1.530158790000000000e+08 2.300000000000000000e+03 4.890000000000000000e+03 3.080000000000000000e+03 5.450000000000000000e+03
1.530160870000000000e+08 2.300000000000000000e+03 4.890000000000000000e+03 3.070000000000000000e+03 5.450000000000000000e+03
1.530162790000000000e+08 2.310000000000000000e+03 4.890000000000000000e+03 3.060000000000000000e+03 5.450000000000000000e+03
1.530164870000000000e+08 2.320000000000000000e+03 4.880000000000000000e+03 3.070000000000000000e+03 5.450000000000000000e+03
1.530166950000000000e+08 2.320000000000000000e+03 4.880000000000000000e+03 3.080000000000000000e+03 5.450000000000000000e+03
1.530169030000000000e+08 2.320000000000000000e+03 4.910000000000000000e+03 3.080000000000000000e+03 5.450000000000000000e+03
1.530171110000000000e+08 2.320000000000000000e+03 4.890000000000000000e+03 3.070000000000000000e+03 5.450000000000000000e+03
1.530173180000000000e+08 2.320000000000000000e+03 4.890000000000000000e+03 3.070000000000000000e+03 5.450000000000000000e+03
1.530175260000000000e+08 2.310000000000000000e+03 4.910000000000000000e+03 3.070000000000000000e+03 5.450000000000000000e+03
1.530177350000000000e+08 2.300000000000000000e+03 4.910000000000000000e+03 3.060000000000000000e+03 5.450000000000000000e+03
1.530179430000000000e+08 2.300000000000000000e+03 4.930000000000000000e+03 3.060000000000000000e+03 5.450000000000000000e+03
1.530181510000000000e+08 2.290000000000000000e+03 4.920000000000000000e+03 3.070000000000000000e+03 5.450000000000000000e+03
1.530183590000000000e+08 2.290000000000000000e+03 4.920000000000000000e+03 3.070000000000000000e+03 5.450000000000000000e+03
1.530185670000000000e+08 2.300000000000000000e+03 4.920000000000000000e+03 3.050000000000000000e+03 5.460000000000000000e+03
1.530187750000000000e+08 2.300000000000000000e+03 4.910000000000000000e+03 3.050000000000000000e+03 5.460000000000000000e+03
1.530189850000000000e+08 2.290000000000000000e+03 4.890000000000000000e+03 3.060000000000000000e+03 5.460000000000000000e+03
1.530191900000000000e+08 2.290000000000000000e+03 4.910000000000000000e+03 3.050000000000000000e+03 5.460000000000000000e+03
1.530193980000000000e+08 2.280000000000000000e+03 4.920000000000000000e+03 3.060000000000000000e+03 5.440000000000000000e+03
1.530195900000000000e+08 2.280000000000000000e+03 4.890000000000000000e+03 3.060000000000000000e+03 5.440000000000000000e+03
1.530197980000000000e+08 2.280000000000000000e+03 4.890000000000000000e+03 3.060000000000000000e+03 5.440000000000000000e+03
1.530200060000000000e+08 2.280000000000000000e+03 4.890000000000000000e+03 3.060000000000000000e+03 5.440000000000000000e+03
1.530202140000000000e+08 2.290000000000000000e+03 4.890000000000000000e+03 3.060000000000000000e+03 5.440000000000000000e+03
1.530204220000000000e+08 2.290000000000000000e+03 4.890000000000000000e+03 3.070000000000000000e+03 5.450000000000000000e+03
1.530206310000000000e+08 2.290000000000000000e+03 4.890000000000000000e+03 3.060000000000000000e+03 5.440000000000000000e+03
1.530208380000000000e+08 2.300000000000000000e+03 4.910000000000000000e+03 3.060000000000000000e+03 5.450000000000000000e+03
1.530210460000000000e+08 2.300000000000000000e+03 4.910000000000000000e+03 3.050000000000000000e+03 5.450000000000000000e+03
1.530212540000000000e+08 2.300000000000000000e+03 4.910000000000000000e+03 3.050000000000000000e+03 5.450000000000000000e+03
1.530214620000000000e+08 2.290000000000000000e+03 4.910000000000000000e+03 3.060000000000000000e+03 5.450000000000000000e+03
1.530216700000000000e+08 2.290000000000000000e+03 4.910000000000000000e+03 3.070000000000000000e+03 5.450000000000000000e+03
1.530218780000000000e+08 2.280000000000000000e+03 4.910000000000000000e+03 3.070000000000000000e+03 5.450000000000000000e+03
1.530220860000000000e+08 2.280000000000000000e+03 4.910000000000000000e+03 3.070000000000000000e+03 5.440000000000000000e+03
1.530222940000000000e+08 2.280000000000000000e+03 4.890000000000000000e+03 3.080000000000000000e+03 5.440000000000000000e+03
1.530225020000000000e+08 2.280000000000000000e+03 4.890000000000000000e+03 3.080000000000000000e+03 5.440000000000000000e+03
1.530227100000000000e+08 2.270000000000000000e+03 4.870000000000000000e+03 3.060000000000000000e+03 5.440000000000000000e+03
1.530229180000000000e+08 2.280000000000000000e+03 4.880000000000000000e+03 3.060000000000000000e+03 5.440000000000000000e+03
1.530309960000000000e+08 2.110000000000000000e+03 5.120000000000000000e+03 3.070000000000000000e+03 5.440000000000000000e+03
1.530312040000000000e+08 2.110000000000000000e+03 5.150000000000000000e+03 3.060000000000000000e+03 5.440000000000000000e+03
1.530314130000000000e+08 2.110000000000000000e+03 5.100000000000000000e+03 3.050000000000000000e+03 5.440000000000000000e+03
1.530316200000000000e+08 2.090000000000000000e+03 5.130000000000000000e+03 3.050000000000000000e+03 5.430000000000000000e+03
1.530318290000000000e+08 2.090000000000000000e+03 5.130000000000000000e+03 3.060000000000000000e+03 5.430000000000000000e+03
1.530320360000000000e+08 2.090000000000000000e+03 5.170000000000000000e+03 3.060000000000000000e+03 5.440000000000000000e+03
1.530322440000000000e+08 2.080000000000000000e+03 5.210000000000000000e+03 3.070000000000000000e+03 5.440000000000000000e+03
1.530324520000000000e+08 2.080000000000000000e+03 5.190000000000000000e+03 3.070000000000000000e+03 5.440000000000000000e+03
1.530326600000000000e+08 2.080000000000000000e+03 5.230000000000000000e+03 3.070000000000000000e+03 5.440000000000000000e+03
1.530328680000000000e+08 2.090000000000000000e+03 5.240000000000000000e+03 3.070000000000000000e+03 5.440000000000000000e+03
1.530330760000000000e+08 2.090000000000000000e+03 5.300000000000000000e+03 3.060000000000000000e+03 5.430000000000000000e+03
1.530332840000000000e+08 2.090000000000000000e+03 5.380000000000000000e+03 3.060000000000000000e+03 5.430000000000000000e+03
1.530334750000000000e+08 2.090000000000000000e+03 5.410000000000000000e+03 3.070000000000000000e+03 5.430000000000000000e+03
1.530336840000000000e+08 2.090000000000000000e+03 5.490000000000000000e+03 3.060000000000000000e+03 5.430000000000000000e+03
1.530338920000000000e+08 2.110000000000000000e+03 5.560000000000000000e+03 3.060000000000000000e+03 5.430000000000000000e+03
1.530341000000000000e+08 2.090000000000000000e+03 5.570000000000000000e+03 3.060000000000000000e+03 5.440000000000000000e+03
1.530343080000000000e+08 2.090000000000000000e+03 5.600000000000000000e+03 3.060000000000000000e+03 5.440000000000000000e+03
1.530345160000000000e+08 2.090000000000000000e+03 5.590000000000000000e+03 3.060000000000000000e+03 5.440000000000000000e+03
1.530347240000000000e+08 2.080000000000000000e+03 5.570000000000000000e+03 3.060000000000000000e+03 5.440000000000000000e+03
1.530349320000000000e+08 2.080000000000000000e+03 5.540000000000000000e+03 3.060000000000000000e+03 5.440000000000000000e+03
1.530351400000000000e+08 2.080000000000000000e+03 5.500000000000000000e+03 3.060000000000000000e+03 5.440000000000000000e+03
1.530353480000000000e+08 2.080000000000000000e+03 5.470000000000000000e+03 3.060000000000000000e+03 5.440000000000000000e+03
1.530355560000000000e+08 2.080000000000000000e+03 5.450000000000000000e+03 3.070000000000000000e+03 5.440000000000000000e+03
1.530357630000000000e+08 2.080000000000000000e+03 5.440000000000000000e+03 3.070000000000000000e+03 5.440000000000000000e+03
1.530359720000000000e+08 2.080000000000000000e+03 5.420000000000000000e+03 3.070000000000000000e+03 5.450000000000000000e+03
1.530361800000000000e+08 2.090000000000000000e+03 5.420000000000000000e+03 3.070000000000000000e+03 5.450000000000000000e+03
1.530363870000000000e+08 2.090000000000000000e+03 5.430000000000000000e+03 3.060000000000000000e+03 5.440000000000000000e+03
1.530365960000000000e+08 2.090000000000000000e+03 5.450000000000000000e+03 3.060000000000000000e+03 5.440000000000000000e+03
1.530367870000000000e+08 2.090000000000000000e+03 5.460000000000000000e+03 3.060000000000000000e+03 5.440000000000000000e+03
1.530369950000000000e+08 2.090000000000000000e+03 5.430000000000000000e+03 3.070000000000000000e+03 5.440000000000000000e+03
1.530372030000000000e+08 2.110000000000000000e+03 5.400000000000000000e+03 3.060000000000000000e+03 5.440000000000000000e+03
1.530374110000000000e+08 2.110000000000000000e+03 5.360000000000000000e+03 3.070000000000000000e+03 5.440000000000000000e+03
1.530376190000000000e+08 2.110000000000000000e+03 5.330000000000000000e+03 3.070000000000000000e+03 5.440000000000000000e+03
1.530378270000000000e+08 2.110000000000000000e+03 5.350000000000000000e+03 3.060000000000000000e+03 5.440000000000000000e+03
1.530380350000000000e+08 2.110000000000000000e+03 5.350000000000000000e+03 3.060000000000000000e+03 5.440000000000000000e+03
1.530382430000000000e+08 2.090000000000000000e+03 5.360000000000000000e+03 3.060000000000000000e+03 5.440000000000000000e+03
1.530384510000000000e+08 2.090000000000000000e+03 5.370000000000000000e+03 3.050000000000000000e+03 5.440000000000000000e+03
1.530386590000000000e+08 2.090000000000000000e+03 5.420000000000000000e+03 3.060000000000000000e+03 5.440000000000000000e+03
1.530388670000000000e+08 2.090000000000000000e+03 5.450000000000000000e+03 3.060000000000000000e+03 5.440000000000000000e+03
1.530390750000000000e+08 2.090000000000000000e+03 5.420000000000000000e+03 3.070000000000000000e+03 5.430000000000000000e+03
1.530394750000000000e+08 2.110000000000000000e+03 5.420000000000000000e+03 3.070000000000000000e+03 5.430000000000000000e+03
1.530396830000000000e+08 2.110000000000000000e+03 5.400000000000000000e+03 3.070000000000000000e+03 5.420000000000000000e+03
1.530398910000000000e+08 2.110000000000000000e+03 5.360000000000000000e+03 3.070000000000000000e+03 5.420000000000000000e+03
1.530400990000000000e+08 2.120000000000000000e+03 5.350000000000000000e+03 3.060000000000000000e+03 5.430000000000000000e+03
1.530403070000000000e+08 2.120000000000000000e+03 5.330000000000000000e+03 3.050000000000000000e+03 5.430000000000000000e+03
1.530405150000000000e+08 2.120000000000000000e+03 5.310000000000000000e+03 3.060000000000000000e+03 5.440000000000000000e+03
1.530407230000000000e+08 2.110000000000000000e+03 5.290000000000000000e+03 3.070000000000000000e+03 5.440000000000000000e+03
1.530409310000000000e+08 2.110000000000000000e+03 5.270000000000000000e+03 3.070000000000000000e+03 5.440000000000000000e+03
1.530411390000000000e+08 2.110000000000000000e+03 5.270000000000000000e+03 3.060000000000000000e+03 5.450000000000000000e+03
1.530413470000000000e+08 2.110000000000000000e+03 5.270000000000000000e+03 3.050000000000000000e+03 5.440000000000000000e+03
1.530415550000000000e+08 2.110000000000000000e+03 5.270000000000000000e+03 3.060000000000000000e+03 5.440000000000000000e+03
1.530417630000000000e+08 2.090000000000000000e+03 5.270000000000000000e+03 3.070000000000000000e+03 5.440000000000000000e+03
1.530419710000000000e+08 2.090000000000000000e+03 5.270000000000000000e+03 3.070000000000000000e+03 5.450000000000000000e+03
1.530421780000000000e+08 2.090000000000000000e+03 5.270000000000000000e+03 3.070000000000000000e+03 5.430000000000000000e+03
1.530423860000000000e+08 2.090000000000000000e+03 5.260000000000000000e+03 3.070000000000000000e+03 5.430000000000000000e+03
1.530425940000000000e+08 2.090000000000000000e+03 5.250000000000000000e+03 3.070000000000000000e+03 5.440000000000000000e+03
1.530427860000000000e+08 2.080000000000000000e+03 5.270000000000000000e+03 3.080000000000000000e+03 5.440000000000000000e+03
1.530429940000000000e+08 2.090000000000000000e+03 5.280000000000000000e+03 3.060000000000000000e+03 5.430000000000000000e+03
1.530432020000000000e+08 2.110000000000000000e+03 5.290000000000000000e+03 3.070000000000000000e+03 5.430000000000000000e+03
1.530434100000000000e+08 2.110000000000000000e+03 5.320000000000000000e+03 3.060000000000000000e+03 5.440000000000000000e+03
1.530436180000000000e+08 2.110000000000000000e+03 5.350000000000000000e+03 3.070000000000000000e+03 5.430000000000000000e+03
1.530438260000000000e+08 2.090000000000000000e+03 5.360000000000000000e+03 3.070000000000000000e+03 5.430000000000000000e+03
1.530440340000000000e+08 2.090000000000000000e+03 5.390000000000000000e+03 3.070000000000000000e+03 5.430000000000000000e+03
1.530442420000000000e+08 2.090000000000000000e+03 5.410000000000000000e+03 3.070000000000000000e+03 5.430000000000000000e+03
1.530444500000000000e+08 2.090000000000000000e+03 5.420000000000000000e+03 3.060000000000000000e+03 5.430000000000000000e+03
1.530446580000000000e+08 2.090000000000000000e+03 5.440000000000000000e+03 3.070000000000000000e+03 5.430000000000000000e+03
1.530448660000000000e+08 2.110000000000000000e+03 5.470000000000000000e+03 3.070000000000000000e+03 5.430000000000000000e+03
1.530450740000000000e+08 2.090000000000000000e+03 5.480000000000000000e+03 3.060000000000000000e+03 5.430000000000000000e+03
1.530452820000000000e+08 2.090000000000000000e+03 5.480000000000000000e+03 3.060000000000000000e+03 5.440000000000000000e+03
1.530454900000000000e+08 2.110000000000000000e+03 5.470000000000000000e+03 3.060000000000000000e+03 5.450000000000000000e+03
1.530456980000000000e+08 2.090000000000000000e+03 5.440000000000000000e+03 3.050000000000000000e+03 5.450000000000000000e+03
1.530459060000000000e+08 2.090000000000000000e+03 5.410000000000000000e+03 3.060000000000000000e+03 5.450000000000000000e+03
1.530460970000000000e+08 2.090000000000000000e+03 5.400000000000000000e+03 3.060000000000000000e+03 5.450000000000000000e+03
1.530463060000000000e+08 2.080000000000000000e+03 5.370000000000000000e+03 3.050000000000000000e+03 5.450000000000000000e+03
1.530465130000000000e+08 2.080000000000000000e+03 5.340000000000000000e+03 3.050000000000000000e+03 5.440000000000000000e+03
1.530467220000000000e+08 2.080000000000000000e+03 5.320000000000000000e+03 3.060000000000000000e+03 5.440000000000000000e+03
1.530469300000000000e+08 2.080000000000000000e+03 5.330000000000000000e+03 3.060000000000000000e+03 5.440000000000000000e+03
1.530471380000000000e+08 2.080000000000000000e+03 5.340000000000000000e+03 3.050000000000000000e+03 5.430000000000000000e+03
1.530473460000000000e+08 2.080000000000000000e+03 5.340000000000000000e+03 3.060000000000000000e+03 5.430000000000000000e+03
1.530475530000000000e+08 2.080000000000000000e+03 5.340000000000000000e+03 3.060000000000000000e+03 5.430000000000000000e+03
1.530477620000000000e+08 2.080000000000000000e+03 5.320000000000000000e+03 3.060000000000000000e+03 5.420000000000000000e+03
1.530479690000000000e+08 2.080000000000000000e+03 5.330000000000000000e+03 3.070000000000000000e+03 5.420000000000000000e+03
1.530481770000000000e+08 2.080000000000000000e+03 5.330000000000000000e+03 3.070000000000000000e+03 5.420000000000000000e+03
1.530483850000000000e+08 2.090000000000000000e+03 5.360000000000000000e+03 3.070000000000000000e+03 5.430000000000000000e+03
1.530485940000000000e+08 2.090000000000000000e+03 5.390000000000000000e+03 3.080000000000000000e+03 5.430000000000000000e+03
1.530488010000000000e+08 2.090000000000000000e+03 5.450000000000000000e+03 3.080000000000000000e+03 5.430000000000000000e+03
1.530490090000000000e+08 2.090000000000000000e+03 5.480000000000000000e+03 3.080000000000000000e+03 5.430000000000000000e+03
1.530492170000000000e+08 2.090000000000000000e+03 5.450000000000000000e+03 3.080000000000000000e+03 5.430000000000000000e+03
1.530494250000000000e+08 2.090000000000000000e+03 5.430000000000000000e+03 3.080000000000000000e+03 5.430000000000000000e+03
1.530496170000000000e+08 2.090000000000000000e+03 5.410000000000000000e+03 3.070000000000000000e+03 5.430000000000000000e+03
1.530498250000000000e+08 2.090000000000000000e+03 5.410000000000000000e+03 3.060000000000000000e+03 5.430000000000000000e+03
1.530500330000000000e+08 2.110000000000000000e+03 5.390000000000000000e+03 3.060000000000000000e+03 5.430000000000000000e+03
1.530502410000000000e+08 2.110000000000000000e+03 5.360000000000000000e+03 3.060000000000000000e+03 5.440000000000000000e+03
1.530504490000000000e+08 2.110000000000000000e+03 5.340000000000000000e+03 3.060000000000000000e+03 5.440000000000000000e+03
1.530506580000000000e+08 2.110000000000000000e+03 5.330000000000000000e+03 3.060000000000000000e+03 5.440000000000000000e+03
1.530508650000000000e+08 2.110000000000000000e+03 5.320000000000000000e+03 3.070000000000000000e+03 5.440000000000000000e+03
1.530510730000000000e+08 2.110000000000000000e+03 5.300000000000000000e+03 3.080000000000000000e+03 5.440000000000000000e+03
1.530512810000000000e+08 2.090000000000000000e+03 5.250000000000000000e+03 3.070000000000000000e+03 5.450000000000000000e+03
1.530514890000000000e+08 2.080000000000000000e+03 5.230000000000000000e+03 3.070000000000000000e+03 5.440000000000000000e+03
1.530516970000000000e+08 2.080000000000000000e+03 5.210000000000000000e+03 3.060000000000000000e+03 5.450000000000000000e+03
1.530519050000000000e+08 2.080000000000000000e+03 5.190000000000000000e+03 3.050000000000000000e+03 5.440000000000000000e+03
1.530521610000000000e+08 2.070000000000000000e+03 5.180000000000000000e+03 3.060000000000000000e+03 5.440000000000000000e+03
1.530523200000000000e+08 2.070000000000000000e+03 5.150000000000000000e+03 3.070000000000000000e+03 5.440000000000000000e+03
1.530525290000000000e+08 2.070000000000000000e+03 5.130000000000000000e+03 3.070000000000000000e+03 5.430000000000000000e+03
1.530527360000000000e+08 2.080000000000000000e+03 5.150000000000000000e+03 3.070000000000000000e+03 5.440000000000000000e+03
1.530529290000000000e+08 2.090000000000000000e+03 5.150000000000000000e+03 3.080000000000000000e+03 5.440000000000000000e+03
1.530531370000000000e+08 2.110000000000000000e+03 5.170000000000000000e+03 3.080000000000000000e+03 5.430000000000000000e+03
1.530533440000000000e+08 2.110000000000000000e+03 5.210000000000000000e+03 3.070000000000000000e+03 5.430000000000000000e+03
1.530535520000000000e+08 2.090000000000000000e+03 5.240000000000000000e+03 3.070000000000000000e+03 5.430000000000000000e+03
