1.535200980000000000e+08 3.540000000000000000e+03 6.150000000000000000e+03 1.540000000000000000e+03 4.750000000000000000e+03
1.535203060000000000e+08 3.540000000000000000e+03 6.150000000000000000e+03 1.540000000000000000e+03 4.740000000000000000e+03
1.535205140000000000e+08 3.550000000000000000e+03 6.150000000000000000e+03 1.540000000000000000e+03 4.740000000000000000e+03
1.535207230000000000e+08 3.540000000000000000e+03 6.170000000000000000e+03 1.540000000000000000e+03 4.740000000000000000e+03
1.535209300000000000e+08 3.540000000000000000e+03 6.150000000000000000e+03 1.550000000000000000e+03 4.740000000000000000e+03
1.535211370000000000e+08 3.540000000000000000e+03 6.210000000000000000e+03 1.550000000000000000e+03 4.740000000000000000e+03
1.535213460000000000e+08 3.530000000000000000e+03 6.170000000000000000e+03 1.550000000000000000e+03 4.740000000000000000e+03
1.535215530000000000e+08 3.540000000000000000e+03 6.190000000000000000e+03 1.560000000000000000e+03 4.740000000000000000e+03
1.535217620000000000e+08 3.550000000000000000e+03 6.170000000000000000e+03 1.560000000000000000e+03 4.750000000000000000e+03
1.535219700000000000e+08 3.550000000000000000e+03 6.150000000000000000e+03 1.560000000000000000e+03 4.740000000000000000e+03
1.535221780000000000e+08 3.550000000000000000e+03 6.170000000000000000e+03 1.560000000000000000e+03 4.740000000000000000e+03
1.535223860000000000e+08 3.550000000000000000e+03 6.170000000000000000e+03 1.540000000000000000e+03 4.740000000000000000e+03
1.535225940000000000e+08 3.550000000000000000e+03 6.200000000000000000e+03 1.550000000000000000e+03 4.740000000000000000e+03
1.535228020000000000e+08 3.540000000000000000e+03 6.160000000000000000e+03 1.560000000000000000e+03 4.740000000000000000e+03
1.535230090000000000e+08 3.560000000000000000e+03 6.160000000000000000e+03 1.560000000000000000e+03 4.740000000000000000e+03
1.535232170000000000e+08 3.560000000000000000e+03 6.170000000000000000e+03 1.560000000000000000e+03 4.740000000000000000e+03
1.535234250000000000e+08 3.560000000000000000e+03 6.190000000000000000e+03 1.560000000000000000e+03 4.740000000000000000e+03
1.535236330000000000e+08 3.550000000000000000e+03 6.140000000000000000e+03 1.560000000000000000e+03 7.000000000000000000e+01
1.535238410000000000e+08 3.550000000000000000e+03 6.200000000000000000e+03 1.560000000000000000e+03 4.740000000000000000e+03
1.535240500000000000e+08 3.560000000000000000e+03 6.150000000000000000e+03 1.560000000000000000e+03 4.730000000000000000e+03
1.535242570000000000e+08 3.560000000000000000e+03 6.170000000000000000e+03 1.550000000000000000e+03 4.750000000000000000e+03
1.535244650000000000e+08 3.560000000000000000e+03 6.180000000000000000e+03 1.550000000000000000e+03 4.750000000000000000e+03
1.535246730000000000e+08 3.560000000000000000e+03 6.200000000000000000e+03 1.560000000000000000e+03 4.740000000000000000e+03
1.535248810000000000e+08 3.540000000000000000e+03 6.150000000000000000e+03 1.560000000000000000e+03 4.760000000000000000e+03
1.535251040000000000e+08 3.530000000000000000e+03 6.150000000000000000e+03 1.530000000000000000e+03 4.760000000000000000e+03
1.535252970000000000e+08 3.540000000000000000e+03 6.210000000000000000e+03 1.530000000000000000e+03 4.760000000000000000e+03
1.535255040000000000e+08 3.560000000000000000e+03 6.150000000000000000e+03 1.540000000000000000e+03 4.750000000000000000e+03
1.535257130000000000e+08 3.560000000000000000e+03 6.140000000000000000e+03 1.530000000000000000e+03 4.750000000000000000e+03
1.535259210000000000e+08 3.560000000000000000e+03 6.200000000000000000e+03 1.540000000000000000e+03 4.740000000000000000e+03
1.535261290000000000e+08 3.550000000000000000e+03 6.200000000000000000e+03 1.530000000000000000e+03 4.760000000000000000e+03
1.535263370000000000e+08 3.550000000000000000e+03 6.160000000000000000e+03 1.540000000000000000e+03 4.760000000000000000e+03
1.535265450000000000e+08 3.550000000000000000e+03 6.140000000000000000e+03 1.530000000000000000e+03 4.740000000000000000e+03
1.535267530000000000e+08 3.550000000000000000e+03 6.140000000000000000e+03 1.530000000000000000e+03 4.740000000000000000e+03
1.535269610000000000e+08 3.550000000000000000e+03 6.180000000000000000e+03 1.540000000000000000e+03 4.740000000000000000e+03
1.535271690000000000e+08 3.550000000000000000e+03 6.140000000000000000e+03 1.530000000000000000e+03 4.740000000000000000e+03
1.535273770000000000e+08 3.550000000000000000e+03 6.150000000000000000e+03 1.530000000000000000e+03 4.750000000000000000e+03
1.535275850000000000e+08 3.550000000000000000e+03 6.160000000000000000e+03 1.520000000000000000e+03 4.750000000000000000e+03
1.535277930000000000e+08 3.550000000000000000e+03 6.210000000000000000e+03 1.530000000000000000e+03 4.750000000000000000e+03
1.535280010000000000e+08 3.540000000000000000e+03 6.210000000000000000e+03 1.530000000000000000e+03 4.750000000000000000e+03
1.535282090000000000e+08 3.540000000000000000e+03 6.190000000000000000e+03 1.520000000000000000e+03 4.750000000000000000e+03
1.535284170000000000e+08 3.540000000000000000e+03 6.150000000000000000e+03 1.540000000000000000e+03 4.760000000000000000e+03
1.535286240000000000e+08 3.540000000000000000e+03 6.190000000000000000e+03 1.550000000000000000e+03 4.760000000000000000e+03
1.535288320000000000e+08 3.550000000000000000e+03 6.150000000000000000e+03 1.550000000000000000e+03 4.760000000000000000e+03
1.535290410000000000e+08 3.550000000000000000e+03 6.150000000000000000e+03 1.550000000000000000e+03 4.760000000000000000e+03
1.535292490000000000e+08 3.550000000000000000e+03 6.150000000000000000e+03 1.550000000000000000e+03 4.760000000000000000e+03
1.535294560000000000e+08 3.550000000000000000e+03 6.150000000000000000e+03 1.540000000000000000e+03 4.760000000000000000e+03
1.535296640000000000e+08 3.560000000000000000e+03 6.150000000000000000e+03 1.550000000000000000e+03 4.760000000000000000e+03
1.535298720000000000e+08 3.540000000000000000e+03 6.220000000000000000e+03 1.550000000000000000e+03 4.760000000000000000e+03
1.535300800000000000e+08 3.540000000000000000e+03 6.180000000000000000e+03 1.560000000000000000e+03 4.750000000000000000e+03
1.535302880000000000e+08 3.550000000000000000e+03 6.220000000000000000e+03 1.560000000000000000e+03 4.740000000000000000e+03
1.535304960000000000e+08 3.540000000000000000e+03 6.200000000000000000e+03 1.540000000000000000e+03 4.740000000000000000e+03
1.535307040000000000e+08 3.550000000000000000e+03 6.220000000000000000e+03 1.550000000000000000e+03 4.750000000000000000e+03
1.535309120000000000e+08 3.550000000000000000e+03 6.160000000000000000e+03 1.540000000000000000e+03 4.750000000000000000e+03
1.535311200000000000e+08 3.550000000000000000e+03 6.160000000000000000e+03 1.540000000000000000e+03 4.750000000000000000e+03
1.535313280000000000e+08 3.550000000000000000e+03 6.150000000000000000e+03 1.540000000000000000e+03 4.740000000000000000e+03
1.535315360000000000e+08 3.550000000000000000e+03 6.170000000000000000e+03 1.540000000000000000e+03 4.740000000000000000e+03
1.535317440000000000e+08 3.550000000000000000e+03 6.190000000000000000e+03 1.550000000000000000e+03 4.740000000000000000e+03
1.535319520000000000e+08 3.550000000000000000e+03 6.160000000000000000e+03 1.560000000000000000e+03 4.740000000000000000e+03
1.535321600000000000e+08 3.550000000000000000e+03 6.180000000000000000e+03 1.560000000000000000e+03 4.740000000000000000e+03
1.535323680000000000e+08 3.550000000000000000e+03 6.200000000000000000e+03 1.550000000000000000e+03 4.740000000000000000e+03
1.535325760000000000e+08 3.540000000000000000e+03 6.220000000000000000e+03 1.540000000000000000e+03 4.740000000000000000e+03
1.535327840000000000e+08 3.540000000000000000e+03 6.160000000000000000e+03 1.540000000000000000e+03 4.740000000000000000e+03
1.535329920000000000e+08 3.530000000000000000e+03 6.230000000000000000e+03 1.540000000000000000e+03 4.740000000000000000e+03
1.535332000000000000e+08 3.530000000000000000e+03 6.200000000000000000e+03 1.550000000000000000e+03 4.740000000000000000e+03
1.535334080000000000e+08 3.540000000000000000e+03 6.160000000000000000e+03 1.550000000000000000e+03 4.740000000000000000e+03
1.535336160000000000e+08 3.550000000000000000e+03 6.220000000000000000e+03 1.550000000000000000e+03 4.740000000000000000e+03
1.535338240000000000e+08 3.560000000000000000e+03 6.150000000000000000e+03 1.540000000000000000e+03 4.740000000000000000e+03
1.535340320000000000e+08 3.560000000000000000e+03 6.170000000000000000e+03 1.540000000000000000e+03 4.750000000000000000e+03
1.535342400000000000e+08 3.560000000000000000e+03 6.150000000000000000e+03 1.540000000000000000e+03 4.750000000000000000e+03
1.535344470000000000e+08 3.560000000000000000e+03 6.170000000000000000e+03 1.550000000000000000e+03 4.750000000000000000e+03
1.535346550000000000e+08 3.550000000000000000e+03 6.170000000000000000e+03 1.550000000000000000e+03 4.750000000000000000e+03
1.535348630000000000e+08 3.550000000000000000e+03 6.150000000000000000e+03 1.550000000000000000e+03 4.750000000000000000e+03
1.535350710000000000e+08 3.550000000000000000e+03 6.190000000000000000e+03 1.550000000000000000e+03 4.740000000000000000e+03
1.535352800000000000e+08 3.550000000000000000e+03 6.170000000000000000e+03 1.550000000000000000e+03 4.750000000000000000e+03
1.535354870000000000e+08 3.550000000000000000e+03 6.200000000000000000e+03 1.540000000000000000e+03 4.750000000000000000e+03
1.535356950000000000e+08 3.560000000000000000e+03 6.160000000000000000e+03 1.540000000000000000e+03 4.750000000000000000e+03
1.535359030000000000e+08 3.560000000000000000e+03 6.160000000000000000e+03 1.540000000000000000e+03 4.740000000000000000e+03
1.535361110000000000e+08 3.560000000000000000e+03 6.180000000000000000e+03 1.540000000000000000e+03 4.740000000000000000e+03
1.535363190000000000e+08 3.560000000000000000e+03 6.150000000000000000e+03 1.550000000000000000e+03 4.750000000000000000e+03
1.535365270000000000e+08 3.560000000000000000e+03 6.170000000000000000e+03 1.540000000000000000e+03 4.750000000000000000e+03
1.535367350000000000e+08 3.560000000000000000e+03 6.190000000000000000e+03 1.540000000000000000e+03 4.750000000000000000e+03
1.535369430000000000e+08 3.560000000000000000e+03 6.170000000000000000e+03 1.540000000000000000e+03 4.740000000000000000e+03
1.535371500000000000e+08 3.560000000000000000e+03 6.150000000000000000e+03 1.540000000000000000e+03 4.740000000000000000e+03
1.535373600000000000e+08 3.550000000000000000e+03 6.190000000000000000e+03 1.540000000000000000e+03 4.750000000000000000e+03
1.535375670000000000e+08 3.550000000000000000e+03 6.170000000000000000e+03 1.530000000000000000e+03 4.740000000000000000e+03
1.535377750000000000e+08 3.550000000000000000e+03 6.190000000000000000e+03 1.520000000000000000e+03 4.740000000000000000e+03
1.535379830000000000e+08 3.550000000000000000e+03 6.170000000000000000e+03 1.520000000000000000e+03 4.740000000000000000e+03
1.535381900000000000e+08 3.550000000000000000e+03 6.170000000000000000e+03 1.530000000000000000e+03 4.740000000000000000e+03
1.535383980000000000e+08 3.550000000000000000e+03 6.150000000000000000e+03 1.520000000000000000e+03 4.740000000000000000e+03
1.535386070000000000e+08 3.550000000000000000e+03 6.150000000000000000e+03 1.530000000000000000e+03 4.750000000000000000e+03
1.535388140000000000e+08 3.560000000000000000e+03 6.170000000000000000e+03 1.530000000000000000e+03 4.750000000000000000e+03
1.535390220000000000e+08 3.560000000000000000e+03 6.170000000000000000e+03 1.540000000000000000e+03 4.740000000000000000e+03
1.535392310000000000e+08 3.560000000000000000e+03 6.150000000000000000e+03 1.550000000000000000e+03 4.740000000000000000e+03
1.535394390000000000e+08 3.550000000000000000e+03 6.150000000000000000e+03 1.550000000000000000e+03 4.740000000000000000e+03
1.535396540000000000e+08 3.550000000000000000e+03 6.160000000000000000e+03 1.540000000000000000e+03 4.750000000000000000e+03
1.535398550000000000e+08 3.550000000000000000e+03 6.160000000000000000e+03 1.530000000000000000e+03 4.750000000000000000e+03
1.535400630000000000e+08 3.550000000000000000e+03 6.140000000000000000e+03 1.530000000000000000e+03 4.750000000000000000e+03
1.535402710000000000e+08 3.550000000000000000e+03 6.200000000000000000e+03 1.540000000000000000e+03 4.750000000000000000e+03
1.535404780000000000e+08 3.550000000000000000e+03 6.200000000000000000e+03 1.530000000000000000e+03 4.750000000000000000e+03
1.535406860000000000e+08 3.550000000000000000e+03 6.140000000000000000e+03 1.540000000000000000e+03 4.750000000000000000e+03
1.535408940000000000e+08 3.550000000000000000e+03 6.180000000000000000e+03 1.550000000000000000e+03 4.750000000000000000e+03
1.535411020000000000e+08 3.550000000000000000e+03 6.200000000000000000e+03 1.540000000000000000e+03 4.740000000000000000e+03
1.535413690000000000e+08 3.550000000000000000e+03 6.220000000000000000e+03 1.540000000000000000e+03 4.740000000000000000e+03
1.535415190000000000e+08 3.550000000000000000e+03 6.160000000000000000e+03 1.550000000000000000e+03 4.740000000000000000e+03
1.535417260000000000e+08 3.550000000000000000e+03 6.210000000000000000e+03 1.550000000000000000e+03 4.750000000000000000e+03
1.535419340000000000e+08 3.550000000000000000e+03 6.210000000000000000e+03 1.540000000000000000e+03 4.750000000000000000e+03
1.535421420000000000e+08 3.560000000000000000e+03 6.210000000000000000e+03 1.550000000000000000e+03 4.750000000000000000e+03
1.535423500000000000e+08 3.550000000000000000e+03 5.690000000000000000e+03 2.010000000000000000e+03 4.760000000000000000e+03
1.535425580000000000e+08 3.540000000000000000e+03 5.690000000000000000e+03 2.020000000000000000e+03 4.750000000000000000e+03
1.535427660000000000e+08 3.540000000000000000e+03 5.690000000000000000e+03 2.050000000000000000e+03 4.750000000000000000e+03
1.535429740000000000e+08 3.540000000000000000e+03 5.700000000000000000e+03 2.070000000000000000e+03 4.750000000000000000e+03
1.535431820000000000e+08 3.540000000000000000e+03 5.700000000000000000e+03 2.070000000000000000e+03 4.750000000000000000e+03
1.535433900000000000e+08 3.550000000000000000e+03 5.700000000000000000e+03 2.070000000000000000e+03 4.760000000000000000e+03
1.535435980000000000e+08 3.560000000000000000e+03 5.700000000000000000e+03 2.050000000000000000e+03 4.750000000000000000e+03
1.535438060000000000e+08 3.560000000000000000e+03 5.690000000000000000e+03 2.040000000000000000e+03 4.750000000000000000e+03
1.535440140000000000e+08 3.540000000000000000e+03 5.680000000000000000e+03 2.080000000000000000e+03 4.750000000000000000e+03
1.535442220000000000e+08 3.540000000000000000e+03 5.690000000000000000e+03 2.050000000000000000e+03 4.750000000000000000e+03
1.535444290000000000e+08 3.540000000000000000e+03 5.700000000000000000e+03 2.050000000000000000e+03 4.760000000000000000e+03
1.535446380000000000e+08 3.550000000000000000e+03 5.700000000000000000e+03 2.000000000000000000e+03 4.760000000000000000e+03
1.535448460000000000e+08 3.550000000000000000e+03 5.700000000000000000e+03 2.000000000000000000e+03 4.750000000000000000e+03
1.535450540000000000e+08 3.560000000000000000e+03 5.700000000000000000e+03 2.020000000000000000e+03 4.750000000000000000e+03
1.535452620000000000e+08 3.560000000000000000e+03 5.700000000000000000e+03 2.030000000000000000e+03 4.740000000000000000e+03
1.535454700000000000e+08 3.560000000000000000e+03 5.700000000000000000e+03 2.010000000000000000e+03 4.740000000000000000e+03
1.535456780000000000e+08 3.560000000000000000e+03 5.700000000000000000e+03 2.020000000000000000e+03 4.740000000000000000e+03
1.535458860000000000e+08 3.560000000000000000e+03 5.700000000000000000e+03 2.070000000000000000e+03 4.740000000000000000e+03
1.535460930000000000e+08 3.560000000000000000e+03 5.700000000000000000e+03 2.020000000000000000e+03 4.740000000000000000e+03
1.535463020000000000e+08 3.560000000000000000e+03 5.700000000000000000e+03 2.020000000000000000e+03 4.740000000000000000e+03
1.535465090000000000e+08 3.560000000000000000e+03 5.700000000000000000e+03 1.990000000000000000e+03 4.740000000000000000e+03
1.535467170000000000e+08 3.560000000000000000e+03 5.700000000000000000e+03 1.990000000000000000e+03 4.750000000000000000e+03
1.535469250000000000e+08 3.560000000000000000e+03 5.700000000000000000e+03 2.050000000000000000e+03 4.750000000000000000e+03
1.535471330000000000e+08 3.560000000000000000e+03 5.700000000000000000e+03 2.060000000000000000e+03 4.750000000000000000e+03
1.535473420000000000e+08 3.560000000000000000e+03 5.700000000000000000e+03 2.010000000000000000e+03 4.750000000000000000e+03
1.535475490000000000e+08 3.560000000000000000e+03 5.700000000000000000e+03 2.010000000000000000e+03 4.750000000000000000e+03
1.535477570000000000e+08 3.560000000000000000e+03 5.700000000000000000e+03 2.050000000000000000e+03 4.750000000000000000e+03
1.535479650000000000e+08 3.560000000000000000e+03 5.700000000000000000e+03 2.010000000000000000e+03 4.750000000000000000e+03
1.535481730000000000e+08 3.560000000000000000e+03 5.700000000000000000e+03 1.990000000000000000e+03 4.750000000000000000e+03
1.535483810000000000e+08 3.560000000000000000e+03 5.700000000000000000e+03 2.040000000000000000e+03 4.740000000000000000e+03
1.535485880000000000e+08 3.560000000000000000e+03 5.700000000000000000e+03 2.010000000000000000e+03 4.740000000000000000e+03
1.535487960000000000e+08 3.560000000000000000e+03 5.700000000000000000e+03 2.000000000000000000e+03 4.740000000000000000e+03
1.535490050000000000e+08 3.560000000000000000e+03 5.690000000000000000e+03 2.040000000000000000e+03 4.740000000000000000e+03
1.535492120000000000e+08 3.560000000000000000e+03 5.690000000000000000e+03 2.010000000000000000e+03 4.740000000000000000e+03
1.535494210000000000e+08 3.560000000000000000e+03 5.690000000000000000e+03 2.010000000000000000e+03 4.730000000000000000e+03
1.535496280000000000e+08 3.560000000000000000e+03 5.690000000000000000e+03 2.000000000000000000e+03 4.730000000000000000e+03
1.535498380000000000e+08 3.560000000000000000e+03 5.690000000000000000e+03 2.000000000000000000e+03 4.730000000000000000e+03
1.535500450000000000e+08 3.560000000000000000e+03 5.690000000000000000e+03 2.010000000000000000e+03 4.730000000000000000e+03
1.535502520000000000e+08 3.560000000000000000e+03 5.690000000000000000e+03 2.020000000000000000e+03 4.730000000000000000e+03
1.535504610000000000e+08 3.560000000000000000e+03 5.690000000000000000e+03 2.010000000000000000e+03 4.730000000000000000e+03
1.535506680000000000e+08 3.570000000000000000e+03 5.690000000000000000e+03 2.050000000000000000e+03 4.730000000000000000e+03
1.535508770000000000e+08 3.570000000000000000e+03 5.690000000000000000e+03 2.000000000000000000e+03 4.730000000000000000e+03
1.535510850000000000e+08 3.580000000000000000e+03 5.690000000000000000e+03 2.020000000000000000e+03 4.730000000000000000e+03
1.535512920000000000e+08 3.580000000000000000e+03 5.690000000000000000e+03 2.010000000000000000e+03 4.730000000000000000e+03
1.535515010000000000e+08 3.570000000000000000e+03 5.690000000000000000e+03 2.010000000000000000e+03 4.730000000000000000e+03
1.535517090000000000e+08 3.570000000000000000e+03 5.690000000000000000e+03 2.050000000000000000e+03 4.730000000000000000e+03
1.535519160000000000e+08 3.570000000000000000e+03 5.690000000000000000e+03 2.060000000000000000e+03 4.740000000000000000e+03
1.535521240000000000e+08 3.570000000000000000e+03 5.690000000000000000e+03 2.020000000000000000e+03 4.740000000000000000e+03
1.535523330000000000e+08 3.550000000000000000e+03 5.690000000000000000e+03 2.050000000000000000e+03 4.750000000000000000e+03
1.535525400000000000e+08 3.550000000000000000e+03 5.690000000000000000e+03 2.000000000000000000e+03 4.740000000000000000e+03
1.535527480000000000e+08 3.550000000000000000e+03 5.690000000000000000e+03 2.000000000000000000e+03 4.740000000000000000e+03
1.535529560000000000e+08 3.550000000000000000e+03 5.690000000000000000e+03 2.000000000000000000e+03 4.740000000000000000e+03
1.535531640000000000e+08 3.550000000000000000e+03 5.690000000000000000e+03 2.000000000000000000e+03 4.740000000000000000e+03
1.535533710000000000e+08 3.550000000000000000e+03 5.690000000000000000e+03 2.070000000000000000e+03 4.730000000000000000e+03
1.535535800000000000e+08 3.550000000000000000e+03 5.690000000000000000e+03 2.040000000000000000e+03 4.740000000000000000e+03
1.535537880000000000e+08 3.550000000000000000e+03 5.690000000000000000e+03 1.990000000000000000e+03 4.740000000000000000e+03
1.535539960000000000e+08 3.550000000000000000e+03 5.690000000000000000e+03 2.050000000000000000e+03 4.740000000000000000e+03
1.535542040000000000e+08 3.550000000000000000e+03 5.680000000000000000e+03 2.000000000000000000e+03 4.740000000000000000e+03
1.535544120000000000e+08 3.560000000000000000e+03 5.690000000000000000e+03 2.010000000000000000e+03 4.740000000000000000e+03
1.535546200000000000e+08 3.560000000000000000e+03 5.690000000000000000e+03 2.050000000000000000e+03 4.740000000000000000e+03
1.535548280000000000e+08 3.560000000000000000e+03 5.690000000000000000e+03 2.000000000000000000e+03 4.740000000000000000e+03
1.535550360000000000e+08 3.560000000000000000e+03 5.690000000000000000e+03 2.020000000000000000e+03 4.740000000000000000e+03
1.535552440000000000e+08 3.560000000000000000e+03 5.700000000000000000e+03 2.030000000000000000e+03 4.740000000000000000e+03
1.535554510000000000e+08 3.560000000000000000e+03 5.700000000000000000e+03 2.080000000000000000e+03 4.740000000000000000e+03
1.535556600000000000e+08 3.560000000000000000e+03 5.700000000000000000e+03 2.020000000000000000e+03 4.740000000000000000e+03
1.535558680000000000e+08 3.560000000000000000e+03 5.700000000000000000e+03 2.010000000000000000e+03 4.740000000000000000e+03
1.535560760000000000e+08 3.560000000000000000e+03 5.710000000000000000e+03 2.030000000000000000e+03 4.750000000000000000e+03
1.535562840000000000e+08 3.560000000000000000e+03 5.710000000000000000e+03 2.070000000000000000e+03 4.750000000000000000e+03
1.535564920000000000e+08 3.560000000000000000e+03 5.710000000000000000e+03 2.030000000000000000e+03 4.750000000000000000e+03
1.535567000000000000e+08 3.560000000000000000e+03 5.710000000000000000e+03 2.010000000000000000e+03 4.760000000000000000e+03
1.535569080000000000e+08 3.560000000000000000e+03 5.710000000000000000e+03 2.010000000000000000e+03 4.760000000000000000e+03
1.535571160000000000e+08 3.580000000000000000e+03 5.700000000000000000e+03 2.050000000000000000e+03 4.760000000000000000e+03
1.535573230000000000e+08 3.570000000000000000e+03 5.700000000000000000e+03 2.080000000000000000e+03 4.760000000000000000e+03
1.535575320000000000e+08 3.570000000000000000e+03 5.700000000000000000e+03 2.090000000000000000e+03 4.760000000000000000e+03
1.535577390000000000e+08 3.570000000000000000e+03 5.710000000000000000e+03 2.050000000000000000e+03 4.760000000000000000e+03
1.535579470000000000e+08 3.570000000000000000e+03 5.710000000000000000e+03 2.040000000000000000e+03 4.750000000000000000e+03
1.535581550000000000e+08 3.570000000000000000e+03 5.700000000000000000e+03 2.080000000000000000e+03 4.750000000000000000e+03
1.535583650000000000e+08 3.580000000000000000e+03 5.690000000000000000e+03 2.060000000000000000e+03 4.750000000000000000e+03
1.535585710000000000e+08 3.570000000000000000e+03 5.690000000000000000e+03 2.070000000000000000e+03 4.750000000000000000e+03
1.535587790000000000e+08 3.570000000000000000e+03 5.690000000000000000e+03 2.020000000000000000e+03 4.750000000000000000e+03
1.535589870000000000e+08 3.550000000000000000e+03 5.690000000000000000e+03 2.080000000000000000e+03 4.740000000000000000e+03
1.535591950000000000e+08 3.550000000000000000e+03 5.690000000000000000e+03 2.010000000000000000e+03 4.750000000000000000e+03
1.535594030000000000e+08 3.550000000000000000e+03 5.690000000000000000e+03 2.050000000000000000e+03 4.740000000000000000e+03
1.535596110000000000e+08 3.550000000000000000e+03 5.680000000000000000e+03 2.050000000000000000e+03 4.740000000000000000e+03
1.535598180000000000e+08 3.560000000000000000e+03 5.690000000000000000e+03 2.050000000000000000e+03 4.740000000000000000e+03
1.536000270000000000e+08 3.560000000000000000e+03 5.690000000000000000e+03 2.050000000000000000e+03 4.750000000000000000e+03
1.536002340000000000e+08 3.550000000000000000e+03 5.700000000000000000e+03 2.070000000000000000e+03 4.770000000000000000e+03
1.536004430000000000e+08 3.550000000000000000e+03 5.700000000000000000e+03 2.020000000000000000e+03 4.760000000000000000e+03
1.536006500000000000e+08 3.550000000000000000e+03 5.700000000000000000e+03 2.080000000000000000e+03 4.750000000000000000e+03
1.536008590000000000e+08 3.550000000000000000e+03 5.700000000000000000e+03 2.080000000000000000e+03 4.750000000000000000e+03
1.536010670000000000e+08 3.550000000000000000e+03 5.700000000000000000e+03 2.070000000000000000e+03 4.750000000000000000e+03
1.536012750000000000e+08 3.550000000000000000e+03 5.700000000000000000e+03 2.040000000000000000e+03 4.750000000000000000e+03
1.536014830000000000e+08 3.560000000000000000e+03 5.700000000000000000e+03 2.080000000000000000e+03 4.740000000000000000e+03
1.536016910000000000e+08 3.550000000000000000e+03 5.690000000000000000e+03 2.020000000000000000e+03 4.730000000000000000e+03
1.536019000000000000e+08 3.550000000000000000e+03 5.690000000000000000e+03 2.080000000000000000e+03 4.750000000000000000e+03
1.536021070000000000e+08 3.560000000000000000e+03 5.690000000000000000e+03 2.040000000000000000e+03 4.750000000000000000e+03
1.536023150000000000e+08 3.560000000000000000e+03 5.690000000000000000e+03 2.010000000000000000e+03 4.740000000000000000e+03
1.536025220000000000e+08 3.550000000000000000e+03 5.690000000000000000e+03 2.040000000000000000e+03 4.740000000000000000e+03
1.536027310000000000e+08 3.550000000000000000e+03 5.690000000000000000e+03 2.020000000000000000e+03 4.730000000000000000e+03
1.536029390000000000e+08 3.550000000000000000e+03 5.680000000000000000e+03 2.050000000000000000e+03 4.730000000000000000e+03
1.536031460000000000e+08 3.550000000000000000e+03 5.680000000000000000e+03 2.070000000000000000e+03 4.740000000000000000e+03
1.536033550000000000e+08 3.560000000000000000e+03 5.680000000000000000e+03 2.070000000000000000e+03 4.740000000000000000e+03
1.536035620000000000e+08 3.560000000000000000e+03 5.680000000000000000e+03 2.020000000000000000e+03 4.750000000000000000e+03
1.536037700000000000e+08 3.560000000000000000e+03 5.680000000000000000e+03 2.060000000000000000e+03 4.750000000000000000e+03
1.536039780000000000e+08 3.560000000000000000e+03 5.680000000000000000e+03 2.050000000000000000e+03 4.750000000000000000e+03
1.536042060000000000e+08 3.570000000000000000e+03 5.680000000000000000e+03 2.010000000000000000e+03 4.750000000000000000e+03
1.536043940000000000e+08 3.570000000000000000e+03 5.680000000000000000e+03 2.020000000000000000e+03 4.750000000000000000e+03
1.536046020000000000e+08 3.570000000000000000e+03 5.690000000000000000e+03 2.020000000000000000e+03 4.750000000000000000e+03
1.536048100000000000e+08 3.570000000000000000e+03 5.690000000000000000e+03 2.020000000000000000e+03 4.740000000000000000e+03
