1.548101720000000000e+08 3.270000000000000000e+03 5.130000000000000000e+03 2.160000000000000000e+03 4.490000000000000000e+03
1.548103790000000000e+08 3.270000000000000000e+03 5.130000000000000000e+03 2.160000000000000000e+03 4.490000000000000000e+03
1.548105880000000000e+08 3.270000000000000000e+03 5.170000000000000000e+03 2.170000000000000000e+03 4.490000000000000000e+03
1.548107960000000000e+08 3.270000000000000000e+03 5.370000000000000000e+03 2.170000000000000000e+03 4.490000000000000000e+03
1.548110040000000000e+08 3.270000000000000000e+03 5.320000000000000000e+03 2.170000000000000000e+03 4.490000000000000000e+03
1.548112120000000000e+08 3.270000000000000000e+03 5.280000000000000000e+03 2.160000000000000000e+03 4.500000000000000000e+03
1.548114200000000000e+08 3.270000000000000000e+03 5.250000000000000000e+03 2.170000000000000000e+03 4.500000000000000000e+03
1.548116270000000000e+08 3.270000000000000000e+03 5.420000000000000000e+03 2.170000000000000000e+03 4.510000000000000000e+03
1.548118350000000000e+08 3.270000000000000000e+03 5.560000000000000000e+03 2.180000000000000000e+03 4.500000000000000000e+03
1.548120430000000000e+08 3.270000000000000000e+03 5.640000000000000000e+03 2.180000000000000000e+03 4.510000000000000000e+03
1.548122520000000000e+08 3.260000000000000000e+03 5.670000000000000000e+03 2.180000000000000000e+03 4.500000000000000000e+03
1.548124430000000000e+08 3.260000000000000000e+03 5.510000000000000000e+03 2.180000000000000000e+03 4.500000000000000000e+03
1.548126510000000000e+08 3.260000000000000000e+03 5.430000000000000000e+03 2.180000000000000000e+03 4.510000000000000000e+03
1.548128590000000000e+08 3.270000000000000000e+03 5.480000000000000000e+03 2.170000000000000000e+03 4.510000000000000000e+03
1.548130670000000000e+08 3.260000000000000000e+03 5.390000000000000000e+03 2.170000000000000000e+03 4.500000000000000000e+03
1.548132770000000000e+08 3.260000000000000000e+03 5.500000000000000000e+03 2.170000000000000000e+03 4.510000000000000000e+03
1.548134830000000000e+08 3.260000000000000000e+03 5.580000000000000000e+03 2.160000000000000000e+03 4.510000000000000000e+03
1.548136910000000000e+08 3.270000000000000000e+03 5.650000000000000000e+03 2.150000000000000000e+03 4.510000000000000000e+03
1.548138990000000000e+08 3.280000000000000000e+03 5.600000000000000000e+03 2.160000000000000000e+03 4.500000000000000000e+03
1.548141070000000000e+08 3.280000000000000000e+03 5.620000000000000000e+03 2.170000000000000000e+03 4.500000000000000000e+03
1.548143150000000000e+08 3.270000000000000000e+03 5.650000000000000000e+03 2.160000000000000000e+03 4.510000000000000000e+03
1.548145230000000000e+08 3.280000000000000000e+03 5.670000000000000000e+03 2.160000000000000000e+03 4.510000000000000000e+03
1.548147310000000000e+08 3.270000000000000000e+03 5.690000000000000000e+03 2.160000000000000000e+03 4.500000000000000000e+03
1.548149390000000000e+08 3.270000000000000000e+03 5.510000000000000000e+03 2.160000000000000000e+03 4.490000000000000000e+03
1.548151470000000000e+08 3.260000000000000000e+03 5.600000000000000000e+03 2.160000000000000000e+03 4.490000000000000000e+03
1.548153550000000000e+08 3.280000000000000000e+03 5.630000000000000000e+03 2.160000000000000000e+03 4.490000000000000000e+03
1.548155630000000000e+08 3.270000000000000000e+03 5.660000000000000000e+03 2.150000000000000000e+03 4.490000000000000000e+03
1.548157540000000000e+08 3.270000000000000000e+03 5.690000000000000000e+03 2.150000000000000000e+03 4.490000000000000000e+03
1.548159630000000000e+08 3.250000000000000000e+03 5.720000000000000000e+03 2.160000000000000000e+03 4.500000000000000000e+03
1.548161700000000000e+08 3.260000000000000000e+03 5.740000000000000000e+03 2.160000000000000000e+03 4.500000000000000000e+03
1.548163790000000000e+08 3.260000000000000000e+03 5.750000000000000000e+03 2.160000000000000000e+03 4.510000000000000000e+03
1.548165860000000000e+08 3.260000000000000000e+03 5.750000000000000000e+03 2.160000000000000000e+03 4.510000000000000000e+03
1.548167940000000000e+08 3.280000000000000000e+03 5.750000000000000000e+03 2.160000000000000000e+03 4.510000000000000000e+03
1.548170030000000000e+08 3.290000000000000000e+03 5.750000000000000000e+03 2.170000000000000000e+03 4.510000000000000000e+03
1.548172110000000000e+08 3.280000000000000000e+03 5.740000000000000000e+03 2.170000000000000000e+03 4.490000000000000000e+03
1.548174190000000000e+08 3.290000000000000000e+03 5.730000000000000000e+03 2.160000000000000000e+03 4.500000000000000000e+03
1.548176270000000000e+08 3.290000000000000000e+03 5.720000000000000000e+03 2.160000000000000000e+03 4.500000000000000000e+03
1.548178340000000000e+08 3.280000000000000000e+03 5.750000000000000000e+03 2.170000000000000000e+03 4.490000000000000000e+03
1.548180420000000000e+08 3.270000000000000000e+03 5.750000000000000000e+03 2.170000000000000000e+03 4.490000000000000000e+03
1.548182500000000000e+08 3.270000000000000000e+03 5.750000000000000000e+03 2.170000000000000000e+03 4.500000000000000000e+03
1.548184580000000000e+08 3.270000000000000000e+03 5.760000000000000000e+03 2.170000000000000000e+03 4.500000000000000000e+03
1.548186660000000000e+08 3.270000000000000000e+03 5.760000000000000000e+03 2.170000000000000000e+03 4.510000000000000000e+03
1.548188740000000000e+08 3.270000000000000000e+03 5.760000000000000000e+03 2.170000000000000000e+03 4.510000000000000000e+03
1.548190820000000000e+08 3.270000000000000000e+03 5.760000000000000000e+03 2.170000000000000000e+03 4.520000000000000000e+03
1.548192740000000000e+08 3.270000000000000000e+03 5.760000000000000000e+03 2.170000000000000000e+03 4.520000000000000000e+03
1.548194810000000000e+08 3.270000000000000000e+03 5.760000000000000000e+03 2.170000000000000000e+03 4.520000000000000000e+03
1.548196900000000000e+08 3.270000000000000000e+03 5.770000000000000000e+03 2.170000000000000000e+03 4.520000000000000000e+03
1.548198980000000000e+08 3.270000000000000000e+03 5.770000000000000000e+03 2.170000000000000000e+03 4.510000000000000000e+03
1.548201060000000000e+08 3.270000000000000000e+03 5.770000000000000000e+03 2.160000000000000000e+03 4.510000000000000000e+03
1.548203130000000000e+08 3.270000000000000000e+03 5.770000000000000000e+03 2.160000000000000000e+03 4.500000000000000000e+03
1.548205220000000000e+08 3.280000000000000000e+03 5.780000000000000000e+03 2.170000000000000000e+03 4.500000000000000000e+03
1.548207300000000000e+08 3.270000000000000000e+03 5.800000000000000000e+03 2.170000000000000000e+03 4.500000000000000000e+03
1.548209380000000000e+08 3.270000000000000000e+03 5.790000000000000000e+03 2.170000000000000000e+03 4.500000000000000000e+03
1.548211460000000000e+08 3.270000000000000000e+03 5.770000000000000000e+03 2.170000000000000000e+03 4.500000000000000000e+03
1.548213540000000000e+08 3.260000000000000000e+03 5.760000000000000000e+03 2.170000000000000000e+03 4.510000000000000000e+03
1.548215620000000000e+08 3.260000000000000000e+03 5.750000000000000000e+03 2.170000000000000000e+03 4.510000000000000000e+03
1.548217700000000000e+08 3.270000000000000000e+03 5.760000000000000000e+03 2.170000000000000000e+03 4.500000000000000000e+03
1.548219780000000000e+08 3.270000000000000000e+03 5.760000000000000000e+03 2.170000000000000000e+03 4.500000000000000000e+03
1.548221860000000000e+08 3.270000000000000000e+03 5.800000000000000000e+03 2.160000000000000000e+03 4.500000000000000000e+03
1.548223940000000000e+08 3.280000000000000000e+03 5.830000000000000000e+03 2.160000000000000000e+03 4.510000000000000000e+03
1.548225860000000000e+08 3.280000000000000000e+03 5.750000000000000000e+03 2.170000000000000000e+03 4.510000000000000000e+03
1.548227940000000000e+08 3.280000000000000000e+03 5.610000000000000000e+03 2.170000000000000000e+03 4.510000000000000000e+03
1.548230020000000000e+08 3.270000000000000000e+03 5.700000000000000000e+03 2.170000000000000000e+03 4.510000000000000000e+03
1.548232100000000000e+08 3.270000000000000000e+03 5.760000000000000000e+03 2.170000000000000000e+03 4.510000000000000000e+03
1.548234170000000000e+08 3.270000000000000000e+03 5.790000000000000000e+03 2.170000000000000000e+03 4.500000000000000000e+03
1.548236260000000000e+08 3.270000000000000000e+03 5.810000000000000000e+03 2.170000000000000000e+03 4.500000000000000000e+03
1.548238330000000000e+08 3.270000000000000000e+03 5.830000000000000000e+03 2.170000000000000000e+03 4.500000000000000000e+03
1.548240410000000000e+08 3.270000000000000000e+03 5.830000000000000000e+03 2.170000000000000000e+03 4.500000000000000000e+03
1.548242490000000000e+08 3.280000000000000000e+03 5.830000000000000000e+03 2.170000000000000000e+03 4.510000000000000000e+03
1.548244570000000000e+08 3.270000000000000000e+03 5.830000000000000000e+03 2.160000000000000000e+03 4.510000000000000000e+03
1.548246650000000000e+08 3.270000000000000000e+03 5.830000000000000000e+03 2.160000000000000000e+03 4.500000000000000000e+03
1.548248730000000000e+08 3.270000000000000000e+03 5.820000000000000000e+03 2.160000000000000000e+03 4.500000000000000000e+03
1.548250810000000000e+08 3.260000000000000000e+03 5.820000000000000000e+03 2.160000000000000000e+03 4.500000000000000000e+03
1.548252890000000000e+08 3.260000000000000000e+03 5.820000000000000000e+03 2.160000000000000000e+03 4.490000000000000000e+03
1.548254970000000000e+08 3.270000000000000000e+03 5.830000000000000000e+03 2.160000000000000000e+03 4.490000000000000000e+03
1.548257050000000000e+08 3.270000000000000000e+03 5.850000000000000000e+03 2.170000000000000000e+03 4.490000000000000000e+03
1.548258970000000000e+08 3.250000000000000000e+03 5.870000000000000000e+03 2.170000000000000000e+03 4.500000000000000000e+03
1.548261050000000000e+08 3.250000000000000000e+03 5.890000000000000000e+03 2.160000000000000000e+03 4.500000000000000000e+03
1.548263130000000000e+08 3.240000000000000000e+03 5.890000000000000000e+03 2.160000000000000000e+03 4.500000000000000000e+03
1.548265210000000000e+08 3.240000000000000000e+03 5.870000000000000000e+03 2.160000000000000000e+03 4.500000000000000000e+03
1.548267290000000000e+08 3.240000000000000000e+03 5.860000000000000000e+03 2.170000000000000000e+03 4.500000000000000000e+03
1.548269370000000000e+08 3.240000000000000000e+03 5.850000000000000000e+03 2.170000000000000000e+03 4.500000000000000000e+03
1.548271450000000000e+08 3.230000000000000000e+03 5.850000000000000000e+03 2.170000000000000000e+03 4.500000000000000000e+03
1.548273530000000000e+08 3.240000000000000000e+03 5.850000000000000000e+03 2.180000000000000000e+03 4.500000000000000000e+03
1.548275610000000000e+08 3.240000000000000000e+03 5.850000000000000000e+03 2.170000000000000000e+03 4.500000000000000000e+03
1.548277690000000000e+08 3.260000000000000000e+03 5.850000000000000000e+03 2.170000000000000000e+03 4.500000000000000000e+03
1.548279770000000000e+08 3.260000000000000000e+03 5.850000000000000000e+03 2.170000000000000000e+03 4.510000000000000000e+03
1.548281850000000000e+08 3.260000000000000000e+03 5.830000000000000000e+03 2.160000000000000000e+03 4.510000000000000000e+03
1.548283930000000000e+08 3.260000000000000000e+03 5.820000000000000000e+03 2.160000000000000000e+03 4.520000000000000000e+03
1.548286010000000000e+08 3.260000000000000000e+03 5.820000000000000000e+03 2.170000000000000000e+03 4.510000000000000000e+03
1.548288090000000000e+08 3.260000000000000000e+03 5.820000000000000000e+03 2.170000000000000000e+03 4.500000000000000000e+03
1.548290170000000000e+08 3.260000000000000000e+03 5.830000000000000000e+03 2.160000000000000000e+03 4.500000000000000000e+03
1.548292240000000000e+08 3.260000000000000000e+03 5.860000000000000000e+03 2.170000000000000000e+03 4.500000000000000000e+03
1.548294160000000000e+08 3.260000000000000000e+03 5.870000000000000000e+03 2.180000000000000000e+03 4.500000000000000000e+03
1.548296240000000000e+08 3.260000000000000000e+03 5.890000000000000000e+03 2.180000000000000000e+03 4.500000000000000000e+03
1.548356560000000000e+08 3.370000000000000000e+03 5.040000000000000000e+03 2.170000000000000000e+03 4.500000000000000000e+03
1.548358630000000000e+08 3.420000000000000000e+03 5.050000000000000000e+03 2.170000000000000000e+03 4.510000000000000000e+03
1.548360710000000000e+08 3.480000000000000000e+03 5.050000000000000000e+03 2.170000000000000000e+03 4.510000000000000000e+03
1.548362790000000000e+08 3.470000000000000000e+03 5.050000000000000000e+03 2.170000000000000000e+03 4.510000000000000000e+03
1.548364860000000000e+08 3.470000000000000000e+03 5.070000000000000000e+03 2.170000000000000000e+03 4.510000000000000000e+03
1.548366790000000000e+08 3.490000000000000000e+03 5.060000000000000000e+03 2.170000000000000000e+03 4.510000000000000000e+03
1.548368870000000000e+08 3.520000000000000000e+03 5.050000000000000000e+03 2.160000000000000000e+03 4.510000000000000000e+03
1.548370950000000000e+08 3.490000000000000000e+03 5.040000000000000000e+03 2.160000000000000000e+03 4.510000000000000000e+03
1.548373030000000000e+08 3.470000000000000000e+03 5.050000000000000000e+03 2.160000000000000000e+03 4.510000000000000000e+03
1.548375110000000000e+08 3.500000000000000000e+03 5.060000000000000000e+03 2.160000000000000000e+03 4.500000000000000000e+03
1.548377190000000000e+08 3.500000000000000000e+03 5.060000000000000000e+03 2.170000000000000000e+03 4.490000000000000000e+03
1.548379270000000000e+08 3.520000000000000000e+03 5.060000000000000000e+03 2.170000000000000000e+03 4.500000000000000000e+03
1.548381350000000000e+08 3.500000000000000000e+03 5.060000000000000000e+03 2.170000000000000000e+03 4.500000000000000000e+03
1.548383430000000000e+08 3.490000000000000000e+03 5.060000000000000000e+03 2.170000000000000000e+03 4.500000000000000000e+03
1.548385510000000000e+08 3.490000000000000000e+03 5.060000000000000000e+03 2.160000000000000000e+03 4.500000000000000000e+03
1.548387590000000000e+08 3.470000000000000000e+03 5.060000000000000000e+03 2.150000000000000000e+03 4.500000000000000000e+03
1.548389670000000000e+08 3.480000000000000000e+03 5.040000000000000000e+03 2.160000000000000000e+03 4.500000000000000000e+03
1.548391750000000000e+08 3.500000000000000000e+03 5.040000000000000000e+03 2.160000000000000000e+03 4.500000000000000000e+03
1.548393830000000000e+08 3.520000000000000000e+03 5.050000000000000000e+03 2.160000000000000000e+03 4.490000000000000000e+03
1.548395910000000000e+08 3.530000000000000000e+03 5.060000000000000000e+03 2.160000000000000000e+03 4.490000000000000000e+03
1.548397990000000000e+08 3.510000000000000000e+03 5.050000000000000000e+03 2.170000000000000000e+03 4.490000000000000000e+03
1.548400070000000000e+08 3.490000000000000000e+03 5.050000000000000000e+03 2.160000000000000000e+03 4.490000000000000000e+03
1.548402170000000000e+08 3.500000000000000000e+03 5.060000000000000000e+03 2.160000000000000000e+03 4.480000000000000000e+03
1.548404230000000000e+08 3.500000000000000000e+03 5.060000000000000000e+03 2.160000000000000000e+03 4.480000000000000000e+03
1.548406310000000000e+08 3.490000000000000000e+03 5.060000000000000000e+03 2.160000000000000000e+03 4.480000000000000000e+03
1.548408390000000000e+08 3.480000000000000000e+03 5.060000000000000000e+03 2.170000000000000000e+03 4.490000000000000000e+03
1.548410470000000000e+08 3.470000000000000000e+03 5.060000000000000000e+03 2.170000000000000000e+03 4.500000000000000000e+03
1.548412550000000000e+08 3.460000000000000000e+03 5.060000000000000000e+03 2.170000000000000000e+03 4.490000000000000000e+03
1.548414460000000000e+08 3.460000000000000000e+03 5.070000000000000000e+03 2.160000000000000000e+03 4.490000000000000000e+03
1.548416540000000000e+08 3.480000000000000000e+03 5.070000000000000000e+03 2.160000000000000000e+03 4.500000000000000000e+03
1.548418620000000000e+08 3.480000000000000000e+03 5.070000000000000000e+03 2.170000000000000000e+03 4.500000000000000000e+03
1.548420700000000000e+08 3.480000000000000000e+03 5.060000000000000000e+03 2.170000000000000000e+03 4.500000000000000000e+03
1.548422770000000000e+08 3.490000000000000000e+03 5.070000000000000000e+03 2.170000000000000000e+03 4.500000000000000000e+03
1.548424860000000000e+08 3.510000000000000000e+03 5.070000000000000000e+03 2.180000000000000000e+03 4.500000000000000000e+03
1.548426940000000000e+08 3.530000000000000000e+03 5.070000000000000000e+03 2.180000000000000000e+03 4.500000000000000000e+03
1.548429020000000000e+08 3.540000000000000000e+03 5.070000000000000000e+03 2.170000000000000000e+03 4.510000000000000000e+03
1.548431100000000000e+08 3.560000000000000000e+03 5.060000000000000000e+03 2.180000000000000000e+03 4.500000000000000000e+03
1.548433170000000000e+08 3.540000000000000000e+03 5.070000000000000000e+03 2.180000000000000000e+03 4.500000000000000000e+03
1.548435260000000000e+08 3.510000000000000000e+03 5.070000000000000000e+03 2.170000000000000000e+03 4.500000000000000000e+03
1.548437340000000000e+08 3.490000000000000000e+03 5.070000000000000000e+03 2.170000000000000000e+03 4.500000000000000000e+03
1.548439410000000000e+08 3.490000000000000000e+03 5.080000000000000000e+03 2.170000000000000000e+03 4.490000000000000000e+03
1.548441500000000000e+08 3.490000000000000000e+03 5.070000000000000000e+03 2.170000000000000000e+03 4.500000000000000000e+03
1.548443570000000000e+08 3.490000000000000000e+03 5.060000000000000000e+03 2.170000000000000000e+03 4.510000000000000000e+03
1.548445660000000000e+08 3.490000000000000000e+03 5.060000000000000000e+03 2.170000000000000000e+03 4.500000000000000000e+03
1.548447590000000000e+08 3.470000000000000000e+03 5.060000000000000000e+03 2.170000000000000000e+03 4.510000000000000000e+03
1.548449660000000000e+08 3.470000000000000000e+03 5.060000000000000000e+03 2.170000000000000000e+03 4.500000000000000000e+03
1.548451740000000000e+08 3.460000000000000000e+03 5.070000000000000000e+03 2.160000000000000000e+03 4.500000000000000000e+03
1.548453820000000000e+08 3.470000000000000000e+03 5.070000000000000000e+03 2.160000000000000000e+03 4.500000000000000000e+03
1.548455900000000000e+08 3.450000000000000000e+03 5.070000000000000000e+03 2.150000000000000000e+03 4.500000000000000000e+03
1.548457970000000000e+08 3.460000000000000000e+03 5.060000000000000000e+03 2.150000000000000000e+03 4.510000000000000000e+03
1.548460060000000000e+08 3.440000000000000000e+03 5.040000000000000000e+03 2.160000000000000000e+03 4.500000000000000000e+03
1.548462140000000000e+08 3.440000000000000000e+03 5.050000000000000000e+03 2.160000000000000000e+03 4.500000000000000000e+03
1.548464210000000000e+08 3.490000000000000000e+03 5.050000000000000000e+03 2.160000000000000000e+03 4.510000000000000000e+03
1.548466290000000000e+08 3.510000000000000000e+03 5.070000000000000000e+03 2.160000000000000000e+03 4.500000000000000000e+03
1.548468370000000000e+08 3.540000000000000000e+03 5.050000000000000000e+03 2.160000000000000000e+03 4.490000000000000000e+03
1.548470450000000000e+08 3.560000000000000000e+03 5.050000000000000000e+03 2.160000000000000000e+03 4.490000000000000000e+03
1.548472530000000000e+08 3.600000000000000000e+03 5.040000000000000000e+03 2.160000000000000000e+03 4.510000000000000000e+03
1.548474610000000000e+08 3.610000000000000000e+03 5.030000000000000000e+03 2.160000000000000000e+03 4.500000000000000000e+03
1.548476700000000000e+08 3.610000000000000000e+03 5.040000000000000000e+03 2.160000000000000000e+03 4.500000000000000000e+03
1.548478770000000000e+08 3.640000000000000000e+03 5.040000000000000000e+03 2.160000000000000000e+03 4.500000000000000000e+03
1.548480850000000000e+08 3.670000000000000000e+03 5.050000000000000000e+03 2.160000000000000000e+03 4.500000000000000000e+03
1.548482930000000000e+08 3.600000000000000000e+03 5.060000000000000000e+03 2.160000000000000000e+03 4.490000000000000000e+03
1.548485010000000000e+08 3.550000000000000000e+03 5.060000000000000000e+03 2.170000000000000000e+03 4.490000000000000000e+03
1.548487090000000000e+08 3.520000000000000000e+03 5.060000000000000000e+03 2.160000000000000000e+03 4.500000000000000000e+03
1.548489170000000000e+08 3.510000000000000000e+03 5.060000000000000000e+03 2.160000000000000000e+03 4.500000000000000000e+03
1.548491250000000000e+08 3.480000000000000000e+03 5.060000000000000000e+03 2.160000000000000000e+03 4.510000000000000000e+03
1.548493170000000000e+08 3.470000000000000000e+03 5.060000000000000000e+03 2.170000000000000000e+03 4.500000000000000000e+03
1.548495250000000000e+08 3.450000000000000000e+03 5.060000000000000000e+03 2.160000000000000000e+03 4.500000000000000000e+03
1.548497330000000000e+08 3.430000000000000000e+03 5.060000000000000000e+03 2.160000000000000000e+03 4.490000000000000000e+03
1.548499410000000000e+08 3.440000000000000000e+03 5.050000000000000000e+03 2.170000000000000000e+03 4.500000000000000000e+03
1.548501480000000000e+08 3.460000000000000000e+03 5.060000000000000000e+03 2.170000000000000000e+03 4.500000000000000000e+03
1.548503560000000000e+08 3.460000000000000000e+03 5.050000000000000000e+03 2.180000000000000000e+03 4.500000000000000000e+03
1.548505650000000000e+08 3.460000000000000000e+03 5.060000000000000000e+03 2.170000000000000000e+03 4.500000000000000000e+03
1.548507730000000000e+08 3.460000000000000000e+03 5.060000000000000000e+03 2.160000000000000000e+03 4.500000000000000000e+03
1.548509810000000000e+08 3.430000000000000000e+03 5.060000000000000000e+03 2.160000000000000000e+03 4.500000000000000000e+03
1.548511890000000000e+08 3.430000000000000000e+03 5.060000000000000000e+03 2.160000000000000000e+03 4.500000000000000000e+03
1.548513960000000000e+08 3.450000000000000000e+03 5.050000000000000000e+03 2.170000000000000000e+03 4.500000000000000000e+03
1.548516050000000000e+08 3.480000000000000000e+03 5.060000000000000000e+03 2.170000000000000000e+03 4.500000000000000000e+03
1.548518130000000000e+08 3.510000000000000000e+03 5.050000000000000000e+03 2.160000000000000000e+03 4.500000000000000000e+03
1.548520210000000000e+08 3.530000000000000000e+03 5.060000000000000000e+03 2.160000000000000000e+03 4.500000000000000000e+03
1.548522280000000000e+08 3.550000000000000000e+03 5.050000000000000000e+03 2.160000000000000000e+03 4.500000000000000000e+03
1.548524370000000000e+08 3.540000000000000000e+03 5.040000000000000000e+03 2.170000000000000000e+03 4.490000000000000000e+03
1.548526440000000000e+08 3.540000000000000000e+03 5.040000000000000000e+03 2.160000000000000000e+03 4.490000000000000000e+03
1.548528520000000000e+08 3.540000000000000000e+03 5.050000000000000000e+03 2.150000000000000000e+03 4.490000000000000000e+03
1.548530600000000000e+08 3.480000000000000000e+03 5.050000000000000000e+03 2.170000000000000000e+03 4.500000000000000000e+03
1.548532680000000000e+08 3.470000000000000000e+03 5.040000000000000000e+03 2.170000000000000000e+03 4.500000000000000000e+03
1.548534760000000000e+08 3.470000000000000000e+03 5.050000000000000000e+03 2.170000000000000000e+03 4.500000000000000000e+03
1.548536840000000000e+08 3.470000000000000000e+03 5.060000000000000000e+03 2.160000000000000000e+03 4.510000000000000000e+03
1.548538920000000000e+08 3.460000000000000000e+03 5.060000000000000000e+03 2.160000000000000000e+03 4.510000000000000000e+03
1.548541000000000000e+08 3.460000000000000000e+03 5.050000000000000000e+03 2.160000000000000000e+03 4.520000000000000000e+03
1.548543080000000000e+08 3.480000000000000000e+03 5.050000000000000000e+03 2.160000000000000000e+03 4.510000000000000000e+03
1.548545160000000000e+08 3.510000000000000000e+03 5.040000000000000000e+03 2.160000000000000000e+03 4.500000000000000000e+03
1.548547240000000000e+08 3.500000000000000000e+03 5.050000000000000000e+03 2.160000000000000000e+03 4.500000000000000000e+03
1.548549320000000000e+08 3.500000000000000000e+03 5.060000000000000000e+03 2.170000000000000000e+03 4.500000000000000000e+03
1.548551240000000000e+08 3.510000000000000000e+03 5.060000000000000000e+03 2.170000000000000000e+03 4.510000000000000000e+03
1.548553320000000000e+08 3.500000000000000000e+03 5.060000000000000000e+03 2.160000000000000000e+03 4.510000000000000000e+03
1.548555400000000000e+08 3.500000000000000000e+03 5.060000000000000000e+03 2.160000000000000000e+03 4.510000000000000000e+03
1.548557480000000000e+08 3.500000000000000000e+03 5.050000000000000000e+03 2.170000000000000000e+03 4.520000000000000000e+03
1.548559550000000000e+08 3.500000000000000000e+03 5.060000000000000000e+03 2.170000000000000000e+03 4.510000000000000000e+03
1.548561650000000000e+08 3.490000000000000000e+03 5.070000000000000000e+03 2.170000000000000000e+03 4.510000000000000000e+03
1.548563720000000000e+08 3.490000000000000000e+03 5.080000000000000000e+03 2.160000000000000000e+03 4.500000000000000000e+03
1.548565800000000000e+08 3.480000000000000000e+03 5.060000000000000000e+03 2.160000000000000000e+03 4.500000000000000000e+03
1.548567880000000000e+08 3.480000000000000000e+03 5.060000000000000000e+03 2.160000000000000000e+03 4.500000000000000000e+03
1.548569960000000000e+08 3.450000000000000000e+03 5.060000000000000000e+03 2.160000000000000000e+03 4.490000000000000000e+03
1.548572050000000000e+08 3.450000000000000000e+03 5.060000000000000000e+03 2.160000000000000000e+03 4.500000000000000000e+03
1.548574120000000000e+08 3.450000000000000000e+03 5.050000000000000000e+03 2.160000000000000000e+03 4.500000000000000000e+03
1.548576200000000000e+08 3.450000000000000000e+03 5.060000000000000000e+03 2.170000000000000000e+03 4.500000000000000000e+03
1.548578280000000000e+08 3.460000000000000000e+03 5.060000000000000000e+03 2.170000000000000000e+03 4.500000000000000000e+03
1.548580350000000000e+08 3.440000000000000000e+03 5.050000000000000000e+03 2.170000000000000000e+03 4.500000000000000000e+03
1.548582440000000000e+08 3.440000000000000000e+03 5.060000000000000000e+03 2.180000000000000000e+03 4.500000000000000000e+03
1.548584510000000000e+08 3.450000000000000000e+03 5.060000000000000000e+03 2.180000000000000000e+03 4.500000000000000000e+03
1.548586590000000000e+08 3.450000000000000000e+03 5.060000000000000000e+03 2.180000000000000000e+03 4.490000000000000000e+03
1.548588780000000000e+08 3.470000000000000000e+03 5.060000000000000000e+03 2.180000000000000000e+03 4.500000000000000000e+03
1.548590750000000000e+08 3.490000000000000000e+03 5.060000000000000000e+03 2.180000000000000000e+03 4.490000000000000000e+03
1.548592830000000000e+08 3.500000000000000000e+03 5.060000000000000000e+03 2.180000000000000000e+03 4.490000000000000000e+03
1.548594750000000000e+08 3.500000000000000000e+03 5.060000000000000000e+03 2.170000000000000000e+03 4.500000000000000000e+03
1.548596830000000000e+08 3.500000000000000000e+03 5.050000000000000000e+03 2.170000000000000000e+03 4.500000000000000000e+03
1.548598910000000000e+08 3.490000000000000000e+03 5.060000000000000000e+03 2.170000000000000000e+03 4.500000000000000000e+03
1.549000990000000000e+08 3.460000000000000000e+03 5.060000000000000000e+03 2.160000000000000000e+03 4.500000000000000000e+03
1.549003070000000000e+08 3.440000000000000000e+03 5.060000000000000000e+03 2.170000000000000000e+03 4.490000000000000000e+03
1.549005150000000000e+08 3.430000000000000000e+03 5.060000000000000000e+03 2.160000000000000000e+03 4.500000000000000000e+03
1.549007230000000000e+08 3.430000000000000000e+03 5.060000000000000000e+03 2.160000000000000000e+03 4.500000000000000000e+03
1.549009310000000000e+08 3.440000000000000000e+03 5.040000000000000000e+03 2.160000000000000000e+03 4.500000000000000000e+03
1.549011390000000000e+08 3.440000000000000000e+03 5.030000000000000000e+03 2.160000000000000000e+03 4.510000000000000000e+03
1.549013470000000000e+08 3.440000000000000000e+03 5.020000000000000000e+03 2.160000000000000000e+03 4.500000000000000000e+03
