1.550147410000000000e+08 2.820000000000000000e+03 5.310000000000000000e+03 2.590000000000000000e+03 4.750000000000000000e+03
1.550149500000000000e+08 2.810000000000000000e+03 5.280000000000000000e+03 2.590000000000000000e+03 4.750000000000000000e+03
1.550151410000000000e+08 2.810000000000000000e+03 5.270000000000000000e+03 2.590000000000000000e+03 4.750000000000000000e+03
1.550153500000000000e+08 2.820000000000000000e+03 5.210000000000000000e+03 2.590000000000000000e+03 4.760000000000000000e+03
1.550155570000000000e+08 2.810000000000000000e+03 5.160000000000000000e+03 2.600000000000000000e+03 4.760000000000000000e+03
1.550157650000000000e+08 2.820000000000000000e+03 5.130000000000000000e+03 2.590000000000000000e+03 4.760000000000000000e+03
1.550159740000000000e+08 2.810000000000000000e+03 5.120000000000000000e+03 2.590000000000000000e+03 4.760000000000000000e+03
1.550161820000000000e+08 2.830000000000000000e+03 5.100000000000000000e+03 2.590000000000000000e+03 4.770000000000000000e+03
1.550163900000000000e+08 2.810000000000000000e+03 5.070000000000000000e+03 2.590000000000000000e+03 4.780000000000000000e+03
1.550165980000000000e+08 2.810000000000000000e+03 5.060000000000000000e+03 2.600000000000000000e+03 4.780000000000000000e+03
1.550168060000000000e+08 2.810000000000000000e+03 5.050000000000000000e+03 2.600000000000000000e+03 4.780000000000000000e+03
1.550170140000000000e+08 2.820000000000000000e+03 5.150000000000000000e+03 2.600000000000000000e+03 4.780000000000000000e+03
1.550172220000000000e+08 2.820000000000000000e+03 5.200000000000000000e+03 2.600000000000000000e+03 4.780000000000000000e+03
1.550174310000000000e+08 2.820000000000000000e+03 5.120000000000000000e+03 2.610000000000000000e+03 4.780000000000000000e+03
1.550176380000000000e+08 2.820000000000000000e+03 5.060000000000000000e+03 2.610000000000000000e+03 4.770000000000000000e+03
1.550178460000000000e+08 2.810000000000000000e+03 5.010000000000000000e+03 2.610000000000000000e+03 4.770000000000000000e+03
1.550180540000000000e+08 2.820000000000000000e+03 4.950000000000000000e+03 2.610000000000000000e+03 4.770000000000000000e+03
1.550182620000000000e+08 2.810000000000000000e+03 5.170000000000000000e+03 2.610000000000000000e+03 4.760000000000000000e+03
1.550184700000000000e+08 2.800000000000000000e+03 5.320000000000000000e+03 2.600000000000000000e+03 4.750000000000000000e+03
1.550186620000000000e+08 2.800000000000000000e+03 5.420000000000000000e+03 2.600000000000000000e+03 4.750000000000000000e+03
1.550188690000000000e+08 2.800000000000000000e+03 5.500000000000000000e+03 2.600000000000000000e+03 4.760000000000000000e+03
1.550190780000000000e+08 2.800000000000000000e+03 5.560000000000000000e+03 2.600000000000000000e+03 4.750000000000000000e+03
1.550192850000000000e+08 2.790000000000000000e+03 5.580000000000000000e+03 2.610000000000000000e+03 4.750000000000000000e+03
1.550194930000000000e+08 2.790000000000000000e+03 5.590000000000000000e+03 2.600000000000000000e+03 4.750000000000000000e+03
1.550197010000000000e+08 2.810000000000000000e+03 5.600000000000000000e+03 2.600000000000000000e+03 4.760000000000000000e+03
1.550199090000000000e+08 2.810000000000000000e+03 5.600000000000000000e+03 2.600000000000000000e+03 4.760000000000000000e+03
1.550201170000000000e+08 2.810000000000000000e+03 5.600000000000000000e+03 2.600000000000000000e+03 4.760000000000000000e+03
1.550203250000000000e+08 2.810000000000000000e+03 5.600000000000000000e+03 2.600000000000000000e+03 4.750000000000000000e+03
1.550205330000000000e+08 2.810000000000000000e+03 5.570000000000000000e+03 2.600000000000000000e+03 4.750000000000000000e+03
1.550207410000000000e+08 2.810000000000000000e+03 5.500000000000000000e+03 2.600000000000000000e+03 4.750000000000000000e+03
1.550209490000000000e+08 2.810000000000000000e+03 5.440000000000000000e+03 2.600000000000000000e+03 4.750000000000000000e+03
1.550211570000000000e+08 2.810000000000000000e+03 5.380000000000000000e+03 2.600000000000000000e+03 4.750000000000000000e+03
1.550213650000000000e+08 2.790000000000000000e+03 5.320000000000000000e+03 2.600000000000000000e+03 4.750000000000000000e+03
1.550215720000000000e+08 2.810000000000000000e+03 5.340000000000000000e+03 2.610000000000000000e+03 4.750000000000000000e+03
1.550217810000000000e+08 2.810000000000000000e+03 5.380000000000000000e+03 2.610000000000000000e+03 4.750000000000000000e+03
1.550219730000000000e+08 2.810000000000000000e+03 5.390000000000000000e+03 2.610000000000000000e+03 4.750000000000000000e+03
1.550221810000000000e+08 2.820000000000000000e+03 5.350000000000000000e+03 2.610000000000000000e+03 4.760000000000000000e+03
1.550223880000000000e+08 2.820000000000000000e+03 5.310000000000000000e+03 2.610000000000000000e+03 4.750000000000000000e+03
1.550225960000000000e+08 2.820000000000000000e+03 5.280000000000000000e+03 2.610000000000000000e+03 4.760000000000000000e+03
1.550228040000000000e+08 2.810000000000000000e+03 5.250000000000000000e+03 2.610000000000000000e+03 4.760000000000000000e+03
1.550230130000000000e+08 2.810000000000000000e+03 5.260000000000000000e+03 2.600000000000000000e+03 4.760000000000000000e+03
1.550232210000000000e+08 2.800000000000000000e+03 5.260000000000000000e+03 2.600000000000000000e+03 4.750000000000000000e+03
1.550234290000000000e+08 2.800000000000000000e+03 5.240000000000000000e+03 2.600000000000000000e+03 4.750000000000000000e+03
1.550236370000000000e+08 2.820000000000000000e+03 5.260000000000000000e+03 2.600000000000000000e+03 4.760000000000000000e+03
1.550238450000000000e+08 2.820000000000000000e+03 5.270000000000000000e+03 2.590000000000000000e+03 4.760000000000000000e+03
1.550240530000000000e+08 2.820000000000000000e+03 5.260000000000000000e+03 2.590000000000000000e+03 4.770000000000000000e+03
1.550242600000000000e+08 2.820000000000000000e+03 5.250000000000000000e+03 2.600000000000000000e+03 4.760000000000000000e+03
1.550244680000000000e+08 2.820000000000000000e+03 5.230000000000000000e+03 2.600000000000000000e+03 4.760000000000000000e+03
1.550246760000000000e+08 2.820000000000000000e+03 5.200000000000000000e+03 2.600000000000000000e+03 4.760000000000000000e+03
1.550248840000000000e+08 2.820000000000000000e+03 5.180000000000000000e+03 2.600000000000000000e+03 4.760000000000000000e+03
1.550250920000000000e+08 2.820000000000000000e+03 5.170000000000000000e+03 2.600000000000000000e+03 4.750000000000000000e+03
1.550252840000000000e+08 2.820000000000000000e+03 5.180000000000000000e+03 2.600000000000000000e+03 4.750000000000000000e+03
1.550254920000000000e+08 2.820000000000000000e+03 5.170000000000000000e+03 2.600000000000000000e+03 4.750000000000000000e+03
1.550257000000000000e+08 2.820000000000000000e+03 5.210000000000000000e+03 2.600000000000000000e+03 4.750000000000000000e+03
1.550259070000000000e+08 2.820000000000000000e+03 5.330000000000000000e+03 2.600000000000000000e+03 4.750000000000000000e+03
1.550261150000000000e+08 2.810000000000000000e+03 5.400000000000000000e+03 2.600000000000000000e+03 4.760000000000000000e+03
1.550263240000000000e+08 2.810000000000000000e+03 5.310000000000000000e+03 2.600000000000000000e+03 4.760000000000000000e+03
1.550265320000000000e+08 2.810000000000000000e+03 5.280000000000000000e+03 2.600000000000000000e+03 4.770000000000000000e+03
1.550267400000000000e+08 2.810000000000000000e+03 5.250000000000000000e+03 2.610000000000000000e+03 4.770000000000000000e+03
1.550269480000000000e+08 2.810000000000000000e+03 5.240000000000000000e+03 2.610000000000000000e+03 4.770000000000000000e+03
1.550271560000000000e+08 2.810000000000000000e+03 5.190000000000000000e+03 2.610000000000000000e+03 4.770000000000000000e+03
1.550273640000000000e+08 2.810000000000000000e+03 5.170000000000000000e+03 2.610000000000000000e+03 4.770000000000000000e+03
1.550275720000000000e+08 2.820000000000000000e+03 5.160000000000000000e+03 2.610000000000000000e+03 4.760000000000000000e+03
1.550277800000000000e+08 2.810000000000000000e+03 5.180000000000000000e+03 2.600000000000000000e+03 4.760000000000000000e+03
1.550279880000000000e+08 2.810000000000000000e+03 5.240000000000000000e+03 2.590000000000000000e+03 4.760000000000000000e+03
1.550281960000000000e+08 2.830000000000000000e+03 5.290000000000000000e+03 2.590000000000000000e+03 4.760000000000000000e+03
1.550284030000000000e+08 2.830000000000000000e+03 5.310000000000000000e+03 2.590000000000000000e+03 4.760000000000000000e+03
1.550286120000000000e+08 2.830000000000000000e+03 5.320000000000000000e+03 2.590000000000000000e+03 4.750000000000000000e+03
1.550288030000000000e+08 2.830000000000000000e+03 5.230000000000000000e+03 2.600000000000000000e+03 4.750000000000000000e+03
1.550290120000000000e+08 2.820000000000000000e+03 5.130000000000000000e+03 2.600000000000000000e+03 4.750000000000000000e+03
1.550292200000000000e+08 2.820000000000000000e+03 5.110000000000000000e+03 2.610000000000000000e+03 4.750000000000000000e+03
1.550294280000000000e+08 2.810000000000000000e+03 5.180000000000000000e+03 2.600000000000000000e+03 4.740000000000000000e+03
1.550296350000000000e+08 2.820000000000000000e+03 5.070000000000000000e+03 2.600000000000000000e+03 4.740000000000000000e+03
1.550298440000000000e+08 2.820000000000000000e+03 5.010000000000000000e+03 2.600000000000000000e+03 4.740000000000000000e+03
1.550300510000000000e+08 2.820000000000000000e+03 4.980000000000000000e+03 2.600000000000000000e+03 4.750000000000000000e+03
1.550302590000000000e+08 2.820000000000000000e+03 4.970000000000000000e+03 2.600000000000000000e+03 4.750000000000000000e+03
1.550304670000000000e+08 2.830000000000000000e+03 4.960000000000000000e+03 2.600000000000000000e+03 4.750000000000000000e+03
1.550306750000000000e+08 2.830000000000000000e+03 4.940000000000000000e+03 2.600000000000000000e+03 4.750000000000000000e+03
1.550308830000000000e+08 2.830000000000000000e+03 4.940000000000000000e+03 2.600000000000000000e+03 4.750000000000000000e+03
1.550310910000000000e+08 2.830000000000000000e+03 4.940000000000000000e+03 2.600000000000000000e+03 4.750000000000000000e+03
1.550312990000000000e+08 2.830000000000000000e+03 4.950000000000000000e+03 2.610000000000000000e+03 4.750000000000000000e+03
1.550315070000000000e+08 2.830000000000000000e+03 4.970000000000000000e+03 2.600000000000000000e+03 4.750000000000000000e+03
1.550317150000000000e+08 2.830000000000000000e+03 4.990000000000000000e+03 2.600000000000000000e+03 4.750000000000000000e+03
1.550319230000000000e+08 2.830000000000000000e+03 5.020000000000000000e+03 2.600000000000000000e+03 4.750000000000000000e+03
1.550321150000000000e+08 2.830000000000000000e+03 5.020000000000000000e+03 2.600000000000000000e+03 4.750000000000000000e+03
1.550323230000000000e+08 2.830000000000000000e+03 5.020000000000000000e+03 2.600000000000000000e+03 4.760000000000000000e+03
1.550325310000000000e+08 2.830000000000000000e+03 5.020000000000000000e+03 2.590000000000000000e+03 4.760000000000000000e+03
1.550327400000000000e+08 2.830000000000000000e+03 5.010000000000000000e+03 2.590000000000000000e+03 4.760000000000000000e+03
1.550329460000000000e+08 2.820000000000000000e+03 4.970000000000000000e+03 2.590000000000000000e+03 4.760000000000000000e+03
1.550331550000000000e+08 2.830000000000000000e+03 4.940000000000000000e+03 2.590000000000000000e+03 4.770000000000000000e+03
1.550333630000000000e+08 2.830000000000000000e+03 4.910000000000000000e+03 2.590000000000000000e+03 4.770000000000000000e+03
1.550335710000000000e+08 2.820000000000000000e+03 4.910000000000000000e+03 2.590000000000000000e+03 4.760000000000000000e+03
1.550337790000000000e+08 2.820000000000000000e+03 4.910000000000000000e+03 2.590000000000000000e+03 4.760000000000000000e+03
1.550339860000000000e+08 2.820000000000000000e+03 4.930000000000000000e+03 2.590000000000000000e+03 4.750000000000000000e+03
1.550341950000000000e+08 2.810000000000000000e+03 4.940000000000000000e+03 2.600000000000000000e+03 4.750000000000000000e+03
1.550344030000000000e+08 2.820000000000000000e+03 4.960000000000000000e+03 2.600000000000000000e+03 4.760000000000000000e+03
1.550346100000000000e+08 2.830000000000000000e+03 4.990000000000000000e+03 2.600000000000000000e+03 4.760000000000000000e+03
1.550348180000000000e+08 2.830000000000000000e+03 5.010000000000000000e+03 2.600000000000000000e+03 4.760000000000000000e+03
1.550350270000000000e+08 2.830000000000000000e+03 5.050000000000000000e+03 2.600000000000000000e+03 4.760000000000000000e+03
1.550352350000000000e+08 2.820000000000000000e+03 5.050000000000000000e+03 2.590000000000000000e+03 4.760000000000000000e+03
1.550354270000000000e+08 2.820000000000000000e+03 5.030000000000000000e+03 2.590000000000000000e+03 4.760000000000000000e+03
1.550356350000000000e+08 2.800000000000000000e+03 5.030000000000000000e+03 2.590000000000000000e+03 4.760000000000000000e+03
1.550358430000000000e+08 2.810000000000000000e+03 5.030000000000000000e+03 2.590000000000000000e+03 4.760000000000000000e+03
1.550360500000000000e+08 2.810000000000000000e+03 5.010000000000000000e+03 2.590000000000000000e+03 4.760000000000000000e+03
1.550362580000000000e+08 2.810000000000000000e+03 5.000000000000000000e+03 2.590000000000000000e+03 4.760000000000000000e+03
1.550364660000000000e+08 2.810000000000000000e+03 4.990000000000000000e+03 2.590000000000000000e+03 4.760000000000000000e+03
1.550366740000000000e+08 2.810000000000000000e+03 4.970000000000000000e+03 2.590000000000000000e+03 4.770000000000000000e+03
1.550368820000000000e+08 2.820000000000000000e+03 4.950000000000000000e+03 2.590000000000000000e+03 4.760000000000000000e+03
1.550370910000000000e+08 2.820000000000000000e+03 4.950000000000000000e+03 2.590000000000000000e+03 4.760000000000000000e+03
1.550372980000000000e+08 2.820000000000000000e+03 4.980000000000000000e+03 2.590000000000000000e+03 4.760000000000000000e+03
1.550375060000000000e+08 2.820000000000000000e+03 5.020000000000000000e+03 2.600000000000000000e+03 4.750000000000000000e+03
1.550377140000000000e+08 2.830000000000000000e+03 5.060000000000000000e+03 2.610000000000000000e+03 4.750000000000000000e+03
1.550379220000000000e+08 2.820000000000000000e+03 5.060000000000000000e+03 2.610000000000000000e+03 4.760000000000000000e+03
1.550381300000000000e+08 2.820000000000000000e+03 5.030000000000000000e+03 2.610000000000000000e+03 4.760000000000000000e+03
1.550383380000000000e+08 2.800000000000000000e+03 5.010000000000000000e+03 2.610000000000000000e+03 4.760000000000000000e+03
1.550385460000000000e+08 2.810000000000000000e+03 5.000000000000000000e+03 2.610000000000000000e+03 4.760000000000000000e+03
1.550387540000000000e+08 2.810000000000000000e+03 4.990000000000000000e+03 2.610000000000000000e+03 4.760000000000000000e+03
1.550389460000000000e+08 2.830000000000000000e+03 4.980000000000000000e+03 2.600000000000000000e+03 4.760000000000000000e+03
1.550391540000000000e+08 2.830000000000000000e+03 4.970000000000000000e+03 2.590000000000000000e+03 4.760000000000000000e+03
1.550393620000000000e+08 2.830000000000000000e+03 4.970000000000000000e+03 2.590000000000000000e+03 4.760000000000000000e+03
1.550395700000000000e+08 2.840000000000000000e+03 4.970000000000000000e+03 2.590000000000000000e+03 4.760000000000000000e+03
1.550397780000000000e+08 2.840000000000000000e+03 4.970000000000000000e+03 2.590000000000000000e+03 4.760000000000000000e+03
1.550399860000000000e+08 2.830000000000000000e+03 4.970000000000000000e+03 2.590000000000000000e+03 4.760000000000000000e+03
1.550401940000000000e+08 2.830000000000000000e+03 4.970000000000000000e+03 2.580000000000000000e+03 4.760000000000000000e+03
1.550404020000000000e+08 2.820000000000000000e+03 4.970000000000000000e+03 2.590000000000000000e+03 4.760000000000000000e+03
1.550406100000000000e+08 2.810000000000000000e+03 4.960000000000000000e+03 2.590000000000000000e+03 4.760000000000000000e+03
1.550408180000000000e+08 2.820000000000000000e+03 4.950000000000000000e+03 2.590000000000000000e+03 4.760000000000000000e+03
1.550410260000000000e+08 2.820000000000000000e+03 4.960000000000000000e+03 2.580000000000000000e+03 4.760000000000000000e+03
1.550412340000000000e+08 2.820000000000000000e+03 4.960000000000000000e+03 2.580000000000000000e+03 4.760000000000000000e+03
1.550414420000000000e+08 2.810000000000000000e+03 4.960000000000000000e+03 2.580000000000000000e+03 4.760000000000000000e+03
1.550416500000000000e+08 2.820000000000000000e+03 4.970000000000000000e+03 2.600000000000000000e+03 4.760000000000000000e+03
1.550418580000000000e+08 2.820000000000000000e+03 4.970000000000000000e+03 2.600000000000000000e+03 4.750000000000000000e+03
1.550420650000000000e+08 2.820000000000000000e+03 4.970000000000000000e+03 2.600000000000000000e+03 4.750000000000000000e+03
1.550422570000000000e+08 2.820000000000000000e+03 4.970000000000000000e+03 2.590000000000000000e+03 4.760000000000000000e+03
1.550424650000000000e+08 2.810000000000000000e+03 4.970000000000000000e+03 2.590000000000000000e+03 4.760000000000000000e+03
1.550526560000000000e+08 2.800000000000000000e+03 4.750000000000000000e+03 2.840000000000000000e+03 4.770000000000000000e+03
1.550528640000000000e+08 2.800000000000000000e+03 4.750000000000000000e+03 2.890000000000000000e+03 4.760000000000000000e+03
1.550530720000000000e+08 2.800000000000000000e+03 4.750000000000000000e+03 3.010000000000000000e+03 4.770000000000000000e+03
1.550532800000000000e+08 2.800000000000000000e+03 4.750000000000000000e+03 3.050000000000000000e+03 4.760000000000000000e+03
1.550534870000000000e+08 2.800000000000000000e+03 4.750000000000000000e+03 3.060000000000000000e+03 4.760000000000000000e+03
1.550536950000000000e+08 2.810000000000000000e+03 4.750000000000000000e+03 3.020000000000000000e+03 4.760000000000000000e+03
1.550539030000000000e+08 2.820000000000000000e+03 4.750000000000000000e+03 3.150000000000000000e+03 4.760000000000000000e+03
1.550540950000000000e+08 2.830000000000000000e+03 4.750000000000000000e+03 3.180000000000000000e+03 4.760000000000000000e+03
1.550543040000000000e+08 2.830000000000000000e+03 4.750000000000000000e+03 3.190000000000000000e+03 4.770000000000000000e+03
1.550545110000000000e+08 2.830000000000000000e+03 4.750000000000000000e+03 3.270000000000000000e+03 4.760000000000000000e+03
1.550547190000000000e+08 2.830000000000000000e+03 4.750000000000000000e+03 3.210000000000000000e+03 4.760000000000000000e+03
1.550549270000000000e+08 2.830000000000000000e+03 4.760000000000000000e+03 3.160000000000000000e+03 4.750000000000000000e+03
1.550551350000000000e+08 2.830000000000000000e+03 4.750000000000000000e+03 3.130000000000000000e+03 4.750000000000000000e+03
1.550553430000000000e+08 2.840000000000000000e+03 4.750000000000000000e+03 3.050000000000000000e+03 4.750000000000000000e+03
1.550555510000000000e+08 2.840000000000000000e+03 4.750000000000000000e+03 2.960000000000000000e+03 4.750000000000000000e+03
1.550557590000000000e+08 2.830000000000000000e+03 4.750000000000000000e+03 3.130000000000000000e+03 4.760000000000000000e+03
1.550559670000000000e+08 2.820000000000000000e+03 4.740000000000000000e+03 3.220000000000000000e+03 4.760000000000000000e+03
1.550561750000000000e+08 2.810000000000000000e+03 4.740000000000000000e+03 3.230000000000000000e+03 4.760000000000000000e+03
1.550563830000000000e+08 2.810000000000000000e+03 4.730000000000000000e+03 3.210000000000000000e+03 4.760000000000000000e+03
1.550565910000000000e+08 2.810000000000000000e+03 4.740000000000000000e+03 3.210000000000000000e+03 4.760000000000000000e+03
1.550567990000000000e+08 2.810000000000000000e+03 4.730000000000000000e+03 3.210000000000000000e+03 4.770000000000000000e+03
1.550570070000000000e+08 2.810000000000000000e+03 4.730000000000000000e+03 3.200000000000000000e+03 4.770000000000000000e+03
1.550572150000000000e+08 2.820000000000000000e+03 4.740000000000000000e+03 3.190000000000000000e+03 4.760000000000000000e+03
1.550574230000000000e+08 2.810000000000000000e+03 4.740000000000000000e+03 3.180000000000000000e+03 4.770000000000000000e+03
1.550576150000000000e+08 2.810000000000000000e+03 4.750000000000000000e+03 3.170000000000000000e+03 4.770000000000000000e+03
1.550578230000000000e+08 2.810000000000000000e+03 4.740000000000000000e+03 3.160000000000000000e+03 4.770000000000000000e+03
1.550580310000000000e+08 2.810000000000000000e+03 4.750000000000000000e+03 3.160000000000000000e+03 4.770000000000000000e+03
1.550582390000000000e+08 2.810000000000000000e+03 4.750000000000000000e+03 3.160000000000000000e+03 4.760000000000000000e+03
1.550584470000000000e+08 2.810000000000000000e+03 4.750000000000000000e+03 3.170000000000000000e+03 4.770000000000000000e+03
1.550586540000000000e+08 2.810000000000000000e+03 4.750000000000000000e+03 3.230000000000000000e+03 4.770000000000000000e+03
1.550588630000000000e+08 2.800000000000000000e+03 4.740000000000000000e+03 3.230000000000000000e+03 4.770000000000000000e+03
1.550590700000000000e+08 2.800000000000000000e+03 4.740000000000000000e+03 3.360000000000000000e+03 4.770000000000000000e+03
1.550592780000000000e+08 2.800000000000000000e+03 4.750000000000000000e+03 3.480000000000000000e+03 4.770000000000000000e+03
1.550594860000000000e+08 2.810000000000000000e+03 4.760000000000000000e+03 3.680000000000000000e+03 4.780000000000000000e+03
1.550596940000000000e+08 2.810000000000000000e+03 4.750000000000000000e+03 3.570000000000000000e+03 4.770000000000000000e+03
1.550599020000000000e+08 2.810000000000000000e+03 4.750000000000000000e+03 3.510000000000000000e+03 4.770000000000000000e+03
1.551001100000000000e+08 2.810000000000000000e+03 4.750000000000000000e+03 3.490000000000000000e+03 4.780000000000000000e+03
1.551003180000000000e+08 2.810000000000000000e+03 4.750000000000000000e+03 3.500000000000000000e+03 4.780000000000000000e+03
1.551005260000000000e+08 2.810000000000000000e+03 4.750000000000000000e+03 3.490000000000000000e+03 4.770000000000000000e+03
1.551007340000000000e+08 2.820000000000000000e+03 4.750000000000000000e+03 3.510000000000000000e+03 4.770000000000000000e+03
1.551009260000000000e+08 2.810000000000000000e+03 4.750000000000000000e+03 3.300000000000000000e+03 4.770000000000000000e+03
1.551011340000000000e+08 2.810000000000000000e+03 4.740000000000000000e+03 3.180000000000000000e+03 4.760000000000000000e+03
1.551013420000000000e+08 2.810000000000000000e+03 4.750000000000000000e+03 3.140000000000000000e+03 4.760000000000000000e+03
1.551015500000000000e+08 2.810000000000000000e+03 4.750000000000000000e+03 3.110000000000000000e+03 4.760000000000000000e+03
1.551017580000000000e+08 2.810000000000000000e+03 4.750000000000000000e+03 3.100000000000000000e+03 4.760000000000000000e+03
1.551019660000000000e+08 2.820000000000000000e+03 4.740000000000000000e+03 3.150000000000000000e+03 4.760000000000000000e+03
1.551021740000000000e+08 2.810000000000000000e+03 4.740000000000000000e+03 3.150000000000000000e+03 4.760000000000000000e+03
1.551023820000000000e+08 2.810000000000000000e+03 4.750000000000000000e+03 3.110000000000000000e+03 4.760000000000000000e+03
1.551025900000000000e+08 2.810000000000000000e+03 4.760000000000000000e+03 3.080000000000000000e+03 4.760000000000000000e+03
1.551027980000000000e+08 2.820000000000000000e+03 4.750000000000000000e+03 3.060000000000000000e+03 4.770000000000000000e+03
1.551030060000000000e+08 2.830000000000000000e+03 4.750000000000000000e+03 3.060000000000000000e+03 4.760000000000000000e+03
1.551032130000000000e+08 2.820000000000000000e+03 4.750000000000000000e+03 3.060000000000000000e+03 4.760000000000000000e+03
1.551034220000000000e+08 2.820000000000000000e+03 4.750000000000000000e+03 3.070000000000000000e+03 4.760000000000000000e+03
1.551036290000000000e+08 2.800000000000000000e+03 4.750000000000000000e+03 3.080000000000000000e+03 4.760000000000000000e+03
1.551038380000000000e+08 2.790000000000000000e+03 4.740000000000000000e+03 3.100000000000000000e+03 4.760000000000000000e+03
1.551040450000000000e+08 2.810000000000000000e+03 4.740000000000000000e+03 3.130000000000000000e+03 4.760000000000000000e+03
1.551042380000000000e+08 2.810000000000000000e+03 4.740000000000000000e+03 3.170000000000000000e+03 4.760000000000000000e+03
1.551044460000000000e+08 2.810000000000000000e+03 4.740000000000000000e+03 3.210000000000000000e+03 4.760000000000000000e+03
1.551046530000000000e+08 2.810000000000000000e+03 4.740000000000000000e+03 3.260000000000000000e+03 4.760000000000000000e+03
1.551048610000000000e+08 2.810000000000000000e+03 4.740000000000000000e+03 3.260000000000000000e+03 4.760000000000000000e+03
1.551050700000000000e+08 2.810000000000000000e+03 4.740000000000000000e+03 3.250000000000000000e+03 4.760000000000000000e+03
1.551052770000000000e+08 2.830000000000000000e+03 4.740000000000000000e+03 3.180000000000000000e+03 4.760000000000000000e+03
1.551054850000000000e+08 2.820000000000000000e+03 4.740000000000000000e+03 3.100000000000000000e+03 4.760000000000000000e+03
1.551056930000000000e+08 2.820000000000000000e+03 4.740000000000000000e+03 2.980000000000000000e+03 4.760000000000000000e+03
1.551059010000000000e+08 2.820000000000000000e+03 4.730000000000000000e+03 2.910000000000000000e+03 4.760000000000000000e+03
1.551061090000000000e+08 2.830000000000000000e+03 4.730000000000000000e+03 2.890000000000000000e+03 4.760000000000000000e+03
1.551063160000000000e+08 2.820000000000000000e+03 4.730000000000000000e+03 2.900000000000000000e+03 4.750000000000000000e+03
1.551065250000000000e+08 2.820000000000000000e+03 4.730000000000000000e+03 3.100000000000000000e+03 4.750000000000000000e+03
1.551067330000000000e+08 2.810000000000000000e+03 4.740000000000000000e+03 3.190000000000000000e+03 4.750000000000000000e+03
1.551069410000000000e+08 2.810000000000000000e+03 4.740000000000000000e+03 3.280000000000000000e+03 4.760000000000000000e+03
1.551071490000000000e+08 2.820000000000000000e+03 4.740000000000000000e+03 3.380000000000000000e+03 4.760000000000000000e+03
1.551073700000000000e+08 2.810000000000000000e+03 4.730000000000000000e+03 3.210000000000000000e+03 4.770000000000000000e+03
1.551075650000000000e+08 2.810000000000000000e+03 4.740000000000000000e+03 3.110000000000000000e+03 4.760000000000000000e+03
1.551077570000000000e+08 2.810000000000000000e+03 4.750000000000000000e+03 3.050000000000000000e+03 4.760000000000000000e+03
1.551079650000000000e+08 2.810000000000000000e+03 4.750000000000000000e+03 3.020000000000000000e+03 4.760000000000000000e+03
1.551081730000000000e+08 2.820000000000000000e+03 4.740000000000000000e+03 3.000000000000000000e+03 4.760000000000000000e+03
1.551083850000000000e+08 2.820000000000000000e+03 4.750000000000000000e+03 2.980000000000000000e+03 4.760000000000000000e+03
1.551085890000000000e+08 2.820000000000000000e+03 4.750000000000000000e+03 2.960000000000000000e+03 4.760000000000000000e+03
1.551087970000000000e+08 2.820000000000000000e+03 4.750000000000000000e+03 2.950000000000000000e+03 4.760000000000000000e+03
1.551090050000000000e+08 2.830000000000000000e+03 4.760000000000000000e+03 2.930000000000000000e+03 4.760000000000000000e+03
1.551092130000000000e+08 2.830000000000000000e+03 4.760000000000000000e+03 2.900000000000000000e+03 4.760000000000000000e+03
1.551094200000000000e+08 2.820000000000000000e+03 4.760000000000000000e+03 2.850000000000000000e+03 4.760000000000000000e+03
1.551096290000000000e+08 2.820000000000000000e+03 4.760000000000000000e+03 3.010000000000000000e+03 4.760000000000000000e+03
1.551098370000000000e+08 2.820000000000000000e+03 4.750000000000000000e+03 3.150000000000000000e+03 4.750000000000000000e+03
1.551100450000000000e+08 2.820000000000000000e+03 4.750000000000000000e+03 3.200000000000000000e+03 4.750000000000000000e+03
1.551102530000000000e+08 2.820000000000000000e+03 4.750000000000000000e+03 3.200000000000000000e+03 4.750000000000000000e+03
1.551104600000000000e+08 2.810000000000000000e+03 4.750000000000000000e+03 3.220000000000000000e+03 4.750000000000000000e+03
1.551106690000000000e+08 2.810000000000000000e+03 4.750000000000000000e+03 3.210000000000000000e+03 4.750000000000000000e+03
1.551108760000000000e+08 2.810000000000000000e+03 4.750000000000000000e+03 3.160000000000000000e+03 4.750000000000000000e+03
1.551110680000000000e+08 2.820000000000000000e+03 4.740000000000000000e+03 3.080000000000000000e+03 4.760000000000000000e+03
1.551112760000000000e+08 2.820000000000000000e+03 4.740000000000000000e+03 3.010000000000000000e+03 4.760000000000000000e+03
1.551114840000000000e+08 2.820000000000000000e+03 4.750000000000000000e+03 2.980000000000000000e+03 4.760000000000000000e+03
1.551116920000000000e+08 2.820000000000000000e+03 4.750000000000000000e+03 2.920000000000000000e+03 4.760000000000000000e+03
1.551119000000000000e+08 2.820000000000000000e+03 4.750000000000000000e+03 2.890000000000000000e+03 4.760000000000000000e+03
1.551121080000000000e+08 2.830000000000000000e+03 4.750000000000000000e+03 2.880000000000000000e+03 4.760000000000000000e+03
1.551123160000000000e+08 2.820000000000000000e+03 4.760000000000000000e+03 3.080000000000000000e+03 4.760000000000000000e+03
1.551125240000000000e+08 2.820000000000000000e+03 4.750000000000000000e+03 3.200000000000000000e+03 4.770000000000000000e+03
1.551127320000000000e+08 2.810000000000000000e+03 4.750000000000000000e+03 3.300000000000000000e+03 4.760000000000000000e+03
1.551129400000000000e+08 2.820000000000000000e+03 4.750000000000000000e+03 3.360000000000000000e+03 4.760000000000000000e+03
1.551131480000000000e+08 2.830000000000000000e+03 4.730000000000000000e+03 3.360000000000000000e+03 4.760000000000000000e+03
1.551133560000000000e+08 2.820000000000000000e+03 4.740000000000000000e+03 3.200000000000000000e+03 4.780000000000000000e+03
1.551135640000000000e+08 2.820000000000000000e+03 4.730000000000000000e+03 3.060000000000000000e+03 4.780000000000000000e+03
1.551137720000000000e+08 2.810000000000000000e+03 4.730000000000000000e+03 3.060000000000000000e+03 4.780000000000000000e+03
1.551139800000000000e+08 2.800000000000000000e+03 4.730000000000000000e+03 2.980000000000000000e+03 4.780000000000000000e+03
1.551141880000000000e+08 2.800000000000000000e+03 4.740000000000000000e+03 2.930000000000000000e+03 4.770000000000000000e+03
1.551143960000000000e+08 2.810000000000000000e+03 4.750000000000000000e+03 2.870000000000000000e+03 4.770000000000000000e+03
1.551145880000000000e+08 2.810000000000000000e+03 4.740000000000000000e+03 2.840000000000000000e+03 4.770000000000000000e+03
1.551147960000000000e+08 2.820000000000000000e+03 4.740000000000000000e+03 3.000000000000000000e+03 4.770000000000000000e+03
1.551150040000000000e+08 2.820000000000000000e+03 4.740000000000000000e+03 3.170000000000000000e+03 4.770000000000000000e+03
1.551152120000000000e+08 2.810000000000000000e+03 4.740000000000000000e+03 3.080000000000000000e+03 4.770000000000000000e+03
1.551154200000000000e+08 2.800000000000000000e+03 4.750000000000000000e+03 2.960000000000000000e+03 4.770000000000000000e+03
1.551156270000000000e+08 2.820000000000000000e+03 4.750000000000000000e+03 2.920000000000000000e+03 4.770000000000000000e+03
1.551158360000000000e+08 2.820000000000000000e+03 4.740000000000000000e+03 2.920000000000000000e+03 4.770000000000000000e+03
1.551160440000000000e+08 2.820000000000000000e+03 4.740000000000000000e+03 2.910000000000000000e+03 4.770000000000000000e+03
1.551162520000000000e+08 2.830000000000000000e+03 4.740000000000000000e+03 2.940000000000000000e+03 4.760000000000000000e+03
