1.551282970000000000e+08 2.330000000000000000e+03 5.040000000000000000e+03 3.060000000000000000e+03 5.060000000000000000e+03
1.551285050000000000e+08 2.330000000000000000e+03 4.990000000000000000e+03 3.060000000000000000e+03 5.060000000000000000e+03
1.551287130000000000e+08 2.330000000000000000e+03 5.010000000000000000e+03 3.060000000000000000e+03 5.060000000000000000e+03
1.551289210000000000e+08 2.350000000000000000e+03 5.060000000000000000e+03 3.060000000000000000e+03 5.050000000000000000e+03
1.551291290000000000e+08 2.350000000000000000e+03 5.030000000000000000e+03 3.060000000000000000e+03 5.060000000000000000e+03
1.551293370000000000e+08 2.360000000000000000e+03 4.990000000000000000e+03 3.070000000000000000e+03 5.050000000000000000e+03
1.551297530000000000e+08 2.360000000000000000e+03 5.040000000000000000e+03 3.080000000000000000e+03 5.060000000000000000e+03
1.551299610000000000e+08 2.360000000000000000e+03 5.020000000000000000e+03 3.070000000000000000e+03 5.060000000000000000e+03
1.551301690000000000e+08 2.350000000000000000e+03 5.040000000000000000e+03 3.060000000000000000e+03 5.060000000000000000e+03
1.551303770000000000e+08 2.360000000000000000e+03 5.010000000000000000e+03 3.060000000000000000e+03 5.060000000000000000e+03
1.551305850000000000e+08 2.360000000000000000e+03 5.000000000000000000e+03 3.070000000000000000e+03 5.050000000000000000e+03
1.551307930000000000e+08 2.360000000000000000e+03 5.030000000000000000e+03 3.060000000000000000e+03 5.050000000000000000e+03
1.551310010000000000e+08 2.370000000000000000e+03 5.020000000000000000e+03 3.070000000000000000e+03 5.060000000000000000e+03
1.551312090000000000e+08 2.360000000000000000e+03 5.040000000000000000e+03 3.070000000000000000e+03 5.060000000000000000e+03
1.551314170000000000e+08 2.360000000000000000e+03 5.050000000000000000e+03 3.070000000000000000e+03 5.060000000000000000e+03
1.551316250000000000e+08 2.360000000000000000e+03 5.010000000000000000e+03 3.070000000000000000e+03 5.060000000000000000e+03
1.551318330000000000e+08 2.340000000000000000e+03 5.020000000000000000e+03 3.070000000000000000e+03 5.060000000000000000e+03
1.551320410000000000e+08 2.340000000000000000e+03 5.050000000000000000e+03 3.070000000000000000e+03 5.060000000000000000e+03
1.551322490000000000e+08 2.340000000000000000e+03 5.050000000000000000e+03 3.070000000000000000e+03 5.060000000000000000e+03
1.551324570000000000e+08 2.340000000000000000e+03 5.010000000000000000e+03 3.070000000000000000e+03 5.060000000000000000e+03
1.551326650000000000e+08 2.350000000000000000e+03 5.020000000000000000e+03 3.070000000000000000e+03 5.060000000000000000e+03
1.551328730000000000e+08 2.340000000000000000e+03 5.000000000000000000e+03 3.060000000000000000e+03 5.070000000000000000e+03
1.551330810000000000e+08 2.350000000000000000e+03 5.040000000000000000e+03 3.060000000000000000e+03 5.070000000000000000e+03
1.551332890000000000e+08 2.340000000000000000e+03 5.030000000000000000e+03 3.060000000000000000e+03 5.070000000000000000e+03
1.551334970000000000e+08 2.340000000000000000e+03 4.990000000000000000e+03 3.060000000000000000e+03 5.070000000000000000e+03
1.551337040000000000e+08 2.330000000000000000e+03 5.050000000000000000e+03 3.060000000000000000e+03 5.070000000000000000e+03
1.551339120000000000e+08 2.330000000000000000e+03 5.010000000000000000e+03 3.060000000000000000e+03 5.070000000000000000e+03
1.551341200000000000e+08 2.340000000000000000e+03 5.030000000000000000e+03 3.060000000000000000e+03 5.060000000000000000e+03
1.551343280000000000e+08 2.330000000000000000e+03 4.990000000000000000e+03 3.070000000000000000e+03 5.060000000000000000e+03
1.551345360000000000e+08 2.330000000000000000e+03 5.010000000000000000e+03 3.070000000000000000e+03 5.060000000000000000e+03
1.551347440000000000e+08 2.350000000000000000e+03 5.010000000000000000e+03 3.060000000000000000e+03 5.060000000000000000e+03
1.551349520000000000e+08 2.340000000000000000e+03 5.030000000000000000e+03 3.060000000000000000e+03 5.050000000000000000e+03
1.551351600000000000e+08 2.350000000000000000e+03 5.050000000000000000e+03 3.060000000000000000e+03 5.060000000000000000e+03
1.551353680000000000e+08 2.360000000000000000e+03 5.060000000000000000e+03 3.060000000000000000e+03 5.060000000000000000e+03
1.551355760000000000e+08 2.350000000000000000e+03 5.000000000000000000e+03 3.070000000000000000e+03 5.060000000000000000e+03
1.551357840000000000e+08 2.340000000000000000e+03 5.020000000000000000e+03 3.070000000000000000e+03 5.060000000000000000e+03
1.551359920000000000e+08 2.340000000000000000e+03 5.070000000000000000e+03 3.070000000000000000e+03 5.060000000000000000e+03
1.551362000000000000e+08 2.340000000000000000e+03 5.060000000000000000e+03 3.070000000000000000e+03 5.060000000000000000e+03
1.551364080000000000e+08 2.350000000000000000e+03 5.020000000000000000e+03 3.060000000000000000e+03 5.060000000000000000e+03
1.551366160000000000e+08 2.360000000000000000e+03 5.000000000000000000e+03 3.060000000000000000e+03 5.050000000000000000e+03
1.551368240000000000e+08 2.350000000000000000e+03 5.020000000000000000e+03 3.070000000000000000e+03 5.060000000000000000e+03
1.551370310000000000e+08 2.330000000000000000e+03 5.000000000000000000e+03 3.070000000000000000e+03 5.060000000000000000e+03
1.551372390000000000e+08 2.330000000000000000e+03 5.000000000000000000e+03 3.060000000000000000e+03 5.060000000000000000e+03
1.551374480000000000e+08 2.330000000000000000e+03 5.000000000000000000e+03 3.060000000000000000e+03 5.060000000000000000e+03
1.551376560000000000e+08 2.340000000000000000e+03 5.030000000000000000e+03 3.060000000000000000e+03 5.050000000000000000e+03
1.551378640000000000e+08 2.330000000000000000e+03 5.070000000000000000e+03 3.060000000000000000e+03 5.050000000000000000e+03
1.551380720000000000e+08 2.330000000000000000e+03 5.030000000000000000e+03 3.070000000000000000e+03 5.050000000000000000e+03
1.551382800000000000e+08 2.330000000000000000e+03 5.050000000000000000e+03 3.060000000000000000e+03 5.050000000000000000e+03
1.551384880000000000e+08 2.330000000000000000e+03 5.030000000000000000e+03 3.070000000000000000e+03 5.050000000000000000e+03
1.551386960000000000e+08 2.320000000000000000e+03 5.070000000000000000e+03 3.070000000000000000e+03 5.050000000000000000e+03
1.551389040000000000e+08 2.310000000000000000e+03 5.010000000000000000e+03 3.060000000000000000e+03 5.050000000000000000e+03
1.551391110000000000e+08 2.310000000000000000e+03 5.000000000000000000e+03 3.070000000000000000e+03 5.050000000000000000e+03
1.551393200000000000e+08 2.320000000000000000e+03 5.060000000000000000e+03 3.070000000000000000e+03 5.050000000000000000e+03
1.551395270000000000e+08 2.340000000000000000e+03 5.060000000000000000e+03 3.080000000000000000e+03 5.040000000000000000e+03
1.551397350000000000e+08 2.350000000000000000e+03 5.070000000000000000e+03 3.080000000000000000e+03 5.050000000000000000e+03
1.551399440000000000e+08 2.350000000000000000e+03 5.010000000000000000e+03 3.090000000000000000e+03 5.040000000000000000e+03
1.551401510000000000e+08 2.350000000000000000e+03 5.020000000000000000e+03 3.080000000000000000e+03 5.040000000000000000e+03
1.551403590000000000e+08 2.360000000000000000e+03 5.000000000000000000e+03 3.080000000000000000e+03 5.050000000000000000e+03
1.551405670000000000e+08 2.350000000000000000e+03 5.020000000000000000e+03 3.080000000000000000e+03 5.050000000000000000e+03
1.551407760000000000e+08 2.360000000000000000e+03 5.040000000000000000e+03 3.070000000000000000e+03 5.050000000000000000e+03
1.551409830000000000e+08 2.340000000000000000e+03 5.000000000000000000e+03 3.060000000000000000e+03 5.060000000000000000e+03
1.551411910000000000e+08 2.350000000000000000e+03 5.050000000000000000e+03 3.060000000000000000e+03 5.050000000000000000e+03
1.551413990000000000e+08 2.340000000000000000e+03 5.010000000000000000e+03 3.060000000000000000e+03 5.050000000000000000e+03
1.551416070000000000e+08 2.340000000000000000e+03 5.030000000000000000e+03 3.060000000000000000e+03 5.060000000000000000e+03
1.551418150000000000e+08 2.330000000000000000e+03 5.030000000000000000e+03 3.060000000000000000e+03 5.060000000000000000e+03
1.551420230000000000e+08 2.330000000000000000e+03 4.990000000000000000e+03 3.060000000000000000e+03 5.060000000000000000e+03
1.551422310000000000e+08 2.330000000000000000e+03 5.010000000000000000e+03 3.060000000000000000e+03 5.060000000000000000e+03
1.551424390000000000e+08 2.330000000000000000e+03 5.020000000000000000e+03 3.060000000000000000e+03 5.060000000000000000e+03
1.551426470000000000e+08 2.330000000000000000e+03 5.020000000000000000e+03 3.070000000000000000e+03 5.060000000000000000e+03
1.551428550000000000e+08 2.320000000000000000e+03 5.000000000000000000e+03 3.070000000000000000e+03 5.060000000000000000e+03
1.551430630000000000e+08 2.320000000000000000e+03 5.010000000000000000e+03 3.070000000000000000e+03 5.060000000000000000e+03
1.551432710000000000e+08 2.330000000000000000e+03 5.040000000000000000e+03 3.060000000000000000e+03 5.060000000000000000e+03
1.551434790000000000e+08 2.340000000000000000e+03 4.990000000000000000e+03 3.070000000000000000e+03 5.050000000000000000e+03
1.551436870000000000e+08 2.340000000000000000e+03 5.010000000000000000e+03 3.070000000000000000e+03 5.060000000000000000e+03
1.551438950000000000e+08 2.340000000000000000e+03 4.990000000000000000e+03 3.070000000000000000e+03 5.060000000000000000e+03
1.551441030000000000e+08 2.340000000000000000e+03 5.050000000000000000e+03 3.070000000000000000e+03 5.050000000000000000e+03
1.551443100000000000e+08 2.350000000000000000e+03 4.980000000000000000e+03 3.060000000000000000e+03 5.060000000000000000e+03
1.551445190000000000e+08 2.330000000000000000e+03 5.000000000000000000e+03 3.060000000000000000e+03 5.060000000000000000e+03
1.551447270000000000e+08 2.340000000000000000e+03 5.020000000000000000e+03 3.070000000000000000e+03 5.050000000000000000e+03
1.551449350000000000e+08 2.330000000000000000e+03 5.050000000000000000e+03 3.080000000000000000e+03 5.050000000000000000e+03
1.551451430000000000e+08 2.330000000000000000e+03 5.030000000000000000e+03 3.080000000000000000e+03 5.050000000000000000e+03
1.551453500000000000e+08 2.330000000000000000e+03 5.040000000000000000e+03 3.080000000000000000e+03 5.060000000000000000e+03
1.551455580000000000e+08 2.330000000000000000e+03 5.010000000000000000e+03 3.080000000000000000e+03 5.060000000000000000e+03
1.551457660000000000e+08 2.330000000000000000e+03 4.990000000000000000e+03 3.080000000000000000e+03 5.060000000000000000e+03
1.551459740000000000e+08 2.330000000000000000e+03 4.990000000000000000e+03 3.070000000000000000e+03 5.060000000000000000e+03
1.551461820000000000e+08 2.330000000000000000e+03 5.060000000000000000e+03 3.070000000000000000e+03 5.060000000000000000e+03
1.551463900000000000e+08 2.340000000000000000e+03 5.040000000000000000e+03 3.070000000000000000e+03 5.060000000000000000e+03
1.551465980000000000e+08 2.330000000000000000e+03 5.050000000000000000e+03 3.060000000000000000e+03 5.060000000000000000e+03
1.551468060000000000e+08 2.350000000000000000e+03 5.010000000000000000e+03 3.060000000000000000e+03 5.060000000000000000e+03
1.551470140000000000e+08 2.340000000000000000e+03 5.050000000000000000e+03 3.070000000000000000e+03 5.050000000000000000e+03
1.551472220000000000e+08 2.350000000000000000e+03 5.030000000000000000e+03 3.060000000000000000e+03 5.050000000000000000e+03
1.551474300000000000e+08 2.350000000000000000e+03 5.030000000000000000e+03 3.060000000000000000e+03 5.050000000000000000e+03
1.551476380000000000e+08 2.350000000000000000e+03 5.010000000000000000e+03 3.060000000000000000e+03 5.050000000000000000e+03
1.551478460000000000e+08 2.350000000000000000e+03 5.010000000000000000e+03 3.070000000000000000e+03 5.050000000000000000e+03
1.551480540000000000e+08 2.340000000000000000e+03 4.980000000000000000e+03 3.070000000000000000e+03 5.050000000000000000e+03
1.551482620000000000e+08 2.330000000000000000e+03 5.050000000000000000e+03 3.080000000000000000e+03 5.050000000000000000e+03
1.551484700000000000e+08 2.320000000000000000e+03 5.040000000000000000e+03 3.070000000000000000e+03 5.050000000000000000e+03
1.551486780000000000e+08 2.320000000000000000e+03 5.020000000000000000e+03 3.060000000000000000e+03 5.060000000000000000e+03
1.551488860000000000e+08 2.330000000000000000e+03 5.020000000000000000e+03 3.060000000000000000e+03 5.060000000000000000e+03
1.551490940000000000e+08 2.340000000000000000e+03 5.000000000000000000e+03 3.070000000000000000e+03 5.050000000000000000e+03
1.551493010000000000e+08 2.350000000000000000e+03 4.980000000000000000e+03 3.070000000000000000e+03 5.060000000000000000e+03
1.551495090000000000e+08 2.350000000000000000e+03 5.050000000000000000e+03 3.070000000000000000e+03 5.050000000000000000e+03
1.551497170000000000e+08 2.350000000000000000e+03 5.000000000000000000e+03 3.070000000000000000e+03 5.050000000000000000e+03
1.551499260000000000e+08 2.350000000000000000e+03 5.040000000000000000e+03 3.070000000000000000e+03 5.050000000000000000e+03
1.551501340000000000e+08 2.350000000000000000e+03 5.000000000000000000e+03 3.070000000000000000e+03 5.060000000000000000e+03
1.551503420000000000e+08 2.340000000000000000e+03 5.020000000000000000e+03 3.070000000000000000e+03 5.060000000000000000e+03
1.551505500000000000e+08 2.340000000000000000e+03 5.030000000000000000e+03 3.070000000000000000e+03 5.060000000000000000e+03
1.551507580000000000e+08 2.340000000000000000e+03 5.010000000000000000e+03 3.060000000000000000e+03 5.060000000000000000e+03
1.551509660000000000e+08 2.350000000000000000e+03 5.080000000000000000e+03 3.070000000000000000e+03 5.060000000000000000e+03
1.551511730000000000e+08 2.360000000000000000e+03 4.550000000000000000e+03 3.590000000000000000e+03 5.060000000000000000e+03
1.551513810000000000e+08 2.350000000000000000e+03 4.540000000000000000e+03 3.530000000000000000e+03 5.060000000000000000e+03
1.551515890000000000e+08 2.370000000000000000e+03 4.540000000000000000e+03 3.530000000000000000e+03 5.060000000000000000e+03
1.551517970000000000e+08 2.360000000000000000e+03 4.540000000000000000e+03 3.530000000000000000e+03 5.050000000000000000e+03
1.551520050000000000e+08 2.340000000000000000e+03 4.540000000000000000e+03 3.570000000000000000e+03 5.050000000000000000e+03
1.551522130000000000e+08 2.330000000000000000e+03 4.540000000000000000e+03 3.530000000000000000e+03 5.050000000000000000e+03
1.551524220000000000e+08 2.330000000000000000e+03 4.540000000000000000e+03 3.530000000000000000e+03 5.050000000000000000e+03
1.551526290000000000e+08 2.330000000000000000e+03 4.550000000000000000e+03 3.540000000000000000e+03 5.060000000000000000e+03
1.551528370000000000e+08 2.330000000000000000e+03 4.540000000000000000e+03 3.520000000000000000e+03 5.060000000000000000e+03
1.551530450000000000e+08 2.330000000000000000e+03 4.550000000000000000e+03 3.520000000000000000e+03 5.060000000000000000e+03
1.551532530000000000e+08 2.330000000000000000e+03 4.550000000000000000e+03 3.560000000000000000e+03 5.070000000000000000e+03
1.551534610000000000e+08 2.320000000000000000e+03 4.520000000000000000e+03 3.580000000000000000e+03 5.060000000000000000e+03
1.551536690000000000e+08 2.330000000000000000e+03 4.520000000000000000e+03 3.520000000000000000e+03 5.060000000000000000e+03
1.551538770000000000e+08 2.330000000000000000e+03 4.530000000000000000e+03 3.530000000000000000e+03 5.060000000000000000e+03
1.551540850000000000e+08 2.350000000000000000e+03 4.540000000000000000e+03 3.530000000000000000e+03 5.070000000000000000e+03
1.551542930000000000e+08 2.350000000000000000e+03 4.540000000000000000e+03 3.550000000000000000e+03 5.070000000000000000e+03
1.551545020000000000e+08 2.340000000000000000e+03 4.550000000000000000e+03 3.540000000000000000e+03 5.070000000000000000e+03
1.551547090000000000e+08 2.350000000000000000e+03 4.550000000000000000e+03 3.520000000000000000e+03 5.060000000000000000e+03
1.551549170000000000e+08 2.340000000000000000e+03 4.530000000000000000e+03 3.540000000000000000e+03 5.060000000000000000e+03
1.551551250000000000e+08 2.330000000000000000e+03 4.530000000000000000e+03 3.540000000000000000e+03 5.050000000000000000e+03
1.551553330000000000e+08 2.340000000000000000e+03 4.530000000000000000e+03 3.530000000000000000e+03 5.040000000000000000e+03
1.551555410000000000e+08 2.340000000000000000e+03 4.520000000000000000e+03 3.550000000000000000e+03 5.040000000000000000e+03
1.551557490000000000e+08 2.340000000000000000e+03 4.530000000000000000e+03 3.570000000000000000e+03 5.040000000000000000e+03
1.551559570000000000e+08 2.340000000000000000e+03 4.540000000000000000e+03 3.580000000000000000e+03 5.050000000000000000e+03
1.551561650000000000e+08 2.340000000000000000e+03 4.540000000000000000e+03 3.560000000000000000e+03 5.050000000000000000e+03
1.551563720000000000e+08 2.340000000000000000e+03 4.530000000000000000e+03 3.540000000000000000e+03 5.050000000000000000e+03
1.551565800000000000e+08 2.350000000000000000e+03 4.540000000000000000e+03 3.560000000000000000e+03 5.060000000000000000e+03
1.551567880000000000e+08 2.350000000000000000e+03 4.540000000000000000e+03 3.550000000000000000e+03 5.060000000000000000e+03
1.551569960000000000e+08 2.350000000000000000e+03 4.540000000000000000e+03 3.530000000000000000e+03 5.060000000000000000e+03
1.551572030000000000e+08 2.360000000000000000e+03 4.540000000000000000e+03 3.530000000000000000e+03 5.060000000000000000e+03
1.551574110000000000e+08 2.370000000000000000e+03 4.540000000000000000e+03 3.550000000000000000e+03 5.070000000000000000e+03
1.551576200000000000e+08 2.360000000000000000e+03 4.530000000000000000e+03 3.580000000000000000e+03 5.070000000000000000e+03
1.551578280000000000e+08 2.360000000000000000e+03 4.550000000000000000e+03 3.530000000000000000e+03 5.060000000000000000e+03
1.551580360000000000e+08 2.360000000000000000e+03 4.550000000000000000e+03 3.570000000000000000e+03 5.060000000000000000e+03
1.551582440000000000e+08 2.350000000000000000e+03 4.560000000000000000e+03 3.550000000000000000e+03 5.060000000000000000e+03
1.551584520000000000e+08 2.340000000000000000e+03 4.540000000000000000e+03 3.570000000000000000e+03 5.050000000000000000e+03
1.551586590000000000e+08 2.340000000000000000e+03 4.540000000000000000e+03 3.590000000000000000e+03 5.060000000000000000e+03
1.551588670000000000e+08 2.340000000000000000e+03 4.550000000000000000e+03 3.530000000000000000e+03 5.060000000000000000e+03
1.551590760000000000e+08 2.350000000000000000e+03 4.540000000000000000e+03 3.540000000000000000e+03 5.060000000000000000e+03
1.551592830000000000e+08 2.350000000000000000e+03 4.540000000000000000e+03 3.580000000000000000e+03 5.050000000000000000e+03
1.551594910000000000e+08 2.350000000000000000e+03 4.540000000000000000e+03 3.520000000000000000e+03 5.040000000000000000e+03
1.551597000000000000e+08 2.350000000000000000e+03 4.550000000000000000e+03 3.530000000000000000e+03 5.040000000000000000e+03
1.551599080000000000e+08 2.350000000000000000e+03 4.550000000000000000e+03 3.540000000000000000e+03 5.040000000000000000e+03
1.552001150000000000e+08 2.340000000000000000e+03 4.560000000000000000e+03 3.520000000000000000e+03 5.040000000000000000e+03
1.552003240000000000e+08 2.340000000000000000e+03 4.550000000000000000e+03 3.580000000000000000e+03 5.040000000000000000e+03
1.552005330000000000e+08 2.330000000000000000e+03 4.540000000000000000e+03 3.560000000000000000e+03 5.040000000000000000e+03
1.552007400000000000e+08 2.330000000000000000e+03 4.540000000000000000e+03 3.570000000000000000e+03 5.050000000000000000e+03
1.552009480000000000e+08 2.340000000000000000e+03 4.530000000000000000e+03 3.590000000000000000e+03 5.060000000000000000e+03
1.552011550000000000e+08 2.340000000000000000e+03 4.550000000000000000e+03 3.530000000000000000e+03 5.060000000000000000e+03
1.552013640000000000e+08 2.340000000000000000e+03 4.550000000000000000e+03 3.570000000000000000e+03 5.060000000000000000e+03
1.552015720000000000e+08 2.340000000000000000e+03 4.550000000000000000e+03 3.570000000000000000e+03 5.060000000000000000e+03
1.552017800000000000e+08 2.350000000000000000e+03 4.550000000000000000e+03 3.570000000000000000e+03 5.060000000000000000e+03
1.552019880000000000e+08 2.350000000000000000e+03 4.550000000000000000e+03 3.550000000000000000e+03 5.050000000000000000e+03
1.552021960000000000e+08 2.360000000000000000e+03 4.550000000000000000e+03 3.570000000000000000e+03 5.040000000000000000e+03
1.552024040000000000e+08 2.350000000000000000e+03 4.550000000000000000e+03 3.570000000000000000e+03 5.040000000000000000e+03
1.552026110000000000e+08 2.340000000000000000e+03 4.550000000000000000e+03 3.570000000000000000e+03 5.040000000000000000e+03
1.552028190000000000e+08 2.350000000000000000e+03 4.550000000000000000e+03 3.530000000000000000e+03 5.040000000000000000e+03
1.552030270000000000e+08 2.340000000000000000e+03 4.550000000000000000e+03 3.560000000000000000e+03 5.050000000000000000e+03
1.552032350000000000e+08 2.340000000000000000e+03 4.550000000000000000e+03 3.550000000000000000e+03 5.050000000000000000e+03
1.552034430000000000e+08 2.340000000000000000e+03 4.550000000000000000e+03 3.560000000000000000e+03 5.050000000000000000e+03
1.552036510000000000e+08 2.340000000000000000e+03 4.550000000000000000e+03 3.590000000000000000e+03 5.060000000000000000e+03
1.552038590000000000e+08 2.340000000000000000e+03 4.550000000000000000e+03 3.530000000000000000e+03 5.060000000000000000e+03
1.552040670000000000e+08 2.330000000000000000e+03 4.550000000000000000e+03 3.530000000000000000e+03 5.060000000000000000e+03
1.552042750000000000e+08 2.330000000000000000e+03 4.550000000000000000e+03 3.550000000000000000e+03 5.070000000000000000e+03
1.552044830000000000e+08 2.330000000000000000e+03 4.560000000000000000e+03 3.530000000000000000e+03 5.060000000000000000e+03
1.552046910000000000e+08 2.340000000000000000e+03 4.550000000000000000e+03 3.530000000000000000e+03 5.060000000000000000e+03
1.552048980000000000e+08 2.340000000000000000e+03 4.550000000000000000e+03 3.560000000000000000e+03 5.060000000000000000e+03
1.552051070000000000e+08 2.340000000000000000e+03 4.550000000000000000e+03 3.560000000000000000e+03 5.060000000000000000e+03
1.552053150000000000e+08 2.330000000000000000e+03 4.550000000000000000e+03 3.530000000000000000e+03 5.060000000000000000e+03
1.552055220000000000e+08 2.330000000000000000e+03 4.540000000000000000e+03 3.540000000000000000e+03 5.070000000000000000e+03
1.552057300000000000e+08 2.340000000000000000e+03 4.540000000000000000e+03 3.540000000000000000e+03 5.070000000000000000e+03
1.552059390000000000e+08 2.340000000000000000e+03 4.540000000000000000e+03 3.520000000000000000e+03 5.070000000000000000e+03
1.552061470000000000e+08 2.330000000000000000e+03 4.550000000000000000e+03 3.530000000000000000e+03 5.070000000000000000e+03
1.552063550000000000e+08 2.330000000000000000e+03 4.560000000000000000e+03 3.510000000000000000e+03 5.070000000000000000e+03
1.552065630000000000e+08 2.330000000000000000e+03 4.550000000000000000e+03 3.510000000000000000e+03 5.070000000000000000e+03
1.552067710000000000e+08 2.330000000000000000e+03 4.540000000000000000e+03 3.520000000000000000e+03 5.070000000000000000e+03
1.552069790000000000e+08 2.320000000000000000e+03 4.530000000000000000e+03 3.520000000000000000e+03 5.070000000000000000e+03
1.552071870000000000e+08 2.320000000000000000e+03 4.530000000000000000e+03 3.520000000000000000e+03 5.070000000000000000e+03
1.552073950000000000e+08 2.330000000000000000e+03 4.540000000000000000e+03 3.540000000000000000e+03 5.070000000000000000e+03
1.552076030000000000e+08 2.340000000000000000e+03 4.530000000000000000e+03 3.520000000000000000e+03 5.070000000000000000e+03
1.552079090000000000e+08 2.330000000000000000e+03 4.530000000000000000e+03 3.530000000000000000e+03 5.070000000000000000e+03
1.552080190000000000e+08 2.340000000000000000e+03 4.530000000000000000e+03 3.580000000000000000e+03 5.050000000000000000e+03
1.552082260000000000e+08 2.340000000000000000e+03 4.540000000000000000e+03 3.520000000000000000e+03 5.050000000000000000e+03
1.552084350000000000e+08 2.340000000000000000e+03 4.540000000000000000e+03 3.550000000000000000e+03 5.050000000000000000e+03
1.552086420000000000e+08 2.350000000000000000e+03 4.530000000000000000e+03 3.540000000000000000e+03 5.060000000000000000e+03
1.552088500000000000e+08 2.350000000000000000e+03 4.530000000000000000e+03 3.540000000000000000e+03 5.060000000000000000e+03
1.552090580000000000e+08 2.350000000000000000e+03 4.530000000000000000e+03 3.540000000000000000e+03 5.060000000000000000e+03
1.552092660000000000e+08 2.350000000000000000e+03 4.530000000000000000e+03 3.520000000000000000e+03 5.060000000000000000e+03
1.552094740000000000e+08 2.350000000000000000e+03 4.540000000000000000e+03 3.520000000000000000e+03 5.060000000000000000e+03
1.552096820000000000e+08 2.350000000000000000e+03 4.520000000000000000e+03 3.580000000000000000e+03 5.060000000000000000e+03
1.552098900000000000e+08 2.340000000000000000e+03 4.530000000000000000e+03 3.520000000000000000e+03 5.060000000000000000e+03
1.552101000000000000e+08 2.350000000000000000e+03 4.550000000000000000e+03 3.520000000000000000e+03 5.050000000000000000e+03
1.552103060000000000e+08 2.340000000000000000e+03 4.560000000000000000e+03 3.580000000000000000e+03 5.050000000000000000e+03
1.552105140000000000e+08 2.330000000000000000e+03 4.550000000000000000e+03 3.570000000000000000e+03 5.050000000000000000e+03
1.552107220000000000e+08 2.340000000000000000e+03 4.540000000000000000e+03 3.550000000000000000e+03 5.050000000000000000e+03
1.552109300000000000e+08 2.340000000000000000e+03 4.550000000000000000e+03 3.590000000000000000e+03 5.040000000000000000e+03
1.552111380000000000e+08 2.350000000000000000e+03 4.530000000000000000e+03 3.530000000000000000e+03 5.040000000000000000e+03
1.552113460000000000e+08 2.350000000000000000e+03 4.530000000000000000e+03 3.550000000000000000e+03 5.040000000000000000e+03
1.552115540000000000e+08 2.360000000000000000e+03 4.540000000000000000e+03 3.570000000000000000e+03 5.050000000000000000e+03
1.552117620000000000e+08 2.360000000000000000e+03 4.540000000000000000e+03 3.550000000000000000e+03 5.050000000000000000e+03
1.552119700000000000e+08 2.350000000000000000e+03 4.540000000000000000e+03 3.530000000000000000e+03 5.050000000000000000e+03
1.552121770000000000e+08 2.350000000000000000e+03 4.540000000000000000e+03 3.540000000000000000e+03 5.060000000000000000e+03
1.552123850000000000e+08 2.350000000000000000e+03 4.530000000000000000e+03 3.600000000000000000e+03 5.060000000000000000e+03
1.552125940000000000e+08 2.330000000000000000e+03 4.540000000000000000e+03 3.560000000000000000e+03 5.060000000000000000e+03
1.552128010000000000e+08 2.320000000000000000e+03 4.530000000000000000e+03 3.560000000000000000e+03 5.060000000000000000e+03
1.552130090000000000e+08 2.320000000000000000e+03 4.530000000000000000e+03 3.550000000000000000e+03 5.060000000000000000e+03
1.552132170000000000e+08 2.340000000000000000e+03 4.510000000000000000e+03 3.590000000000000000e+03 5.060000000000000000e+03
1.552134250000000000e+08 2.350000000000000000e+03 4.510000000000000000e+03 3.540000000000000000e+03 5.060000000000000000e+03
1.552136330000000000e+08 2.350000000000000000e+03 4.520000000000000000e+03 3.540000000000000000e+03 5.070000000000000000e+03
1.552138410000000000e+08 2.360000000000000000e+03 4.510000000000000000e+03 3.530000000000000000e+03 5.070000000000000000e+03
1.552140490000000000e+08 2.360000000000000000e+03 4.510000000000000000e+03 3.550000000000000000e+03 5.070000000000000000e+03
1.552142570000000000e+08 2.360000000000000000e+03 4.520000000000000000e+03 3.530000000000000000e+03 5.070000000000000000e+03
