9.523294300000000000e+07 4.690000000000000000e+03 5.420000000000000000e+03 1.920000000000000000e+03 3.590000000000000000e+03
9.523315000000000000e+07 4.740000000000000000e+03 5.420000000000000000e+03 1.930000000000000000e+03 3.590000000000000000e+03
9.523335800000000000e+07 4.710000000000000000e+03 5.410000000000000000e+03 1.930000000000000000e+03 3.580000000000000000e+03
9.523356500000000000e+07 4.710000000000000000e+03 5.400000000000000000e+03 1.920000000000000000e+03 3.580000000000000000e+03
9.523377300000000000e+07 4.710000000000000000e+03 5.410000000000000000e+03 1.930000000000000000e+03 3.580000000000000000e+03
9.523398100000000000e+07 4.710000000000000000e+03 5.400000000000000000e+03 1.930000000000000000e+03 3.570000000000000000e+03
9.523418900000000000e+07 4.690000000000000000e+03 5.400000000000000000e+03 1.920000000000000000e+03 3.580000000000000000e+03
9.523439700000000000e+07 4.750000000000000000e+03 5.400000000000000000e+03 1.930000000000000000e+03 3.580000000000000000e+03
9.523460500000000000e+07 4.720000000000000000e+03 5.410000000000000000e+03 1.930000000000000000e+03 3.600000000000000000e+03
9.523481300000000000e+07 4.750000000000000000e+03 5.410000000000000000e+03 1.920000000000000000e+03 3.590000000000000000e+03
9.523502100000000000e+07 4.750000000000000000e+03 5.400000000000000000e+03 1.920000000000000000e+03 3.580000000000000000e+03
9.523522900000000000e+07 4.730000000000000000e+03 5.400000000000000000e+03 1.940000000000000000e+03 3.590000000000000000e+03
9.523543700000000000e+07 4.720000000000000000e+03 5.400000000000000000e+03 1.930000000000000000e+03 3.590000000000000000e+03
9.523562900000000000e+07 4.740000000000000000e+03 5.400000000000000000e+03 1.930000000000000000e+03 3.580000000000000000e+03
9.523583700000000000e+07 4.720000000000000000e+03 5.420000000000000000e+03 1.940000000000000000e+03 3.590000000000000000e+03
9.523604500000000000e+07 4.680000000000000000e+03 5.400000000000000000e+03 1.920000000000000000e+03 3.580000000000000000e+03
9.523625300000000000e+07 4.710000000000000000e+03 5.420000000000000000e+03 1.910000000000000000e+03 3.590000000000000000e+03
9.523646100000000000e+07 4.690000000000000000e+03 5.410000000000000000e+03 1.910000000000000000e+03 3.590000000000000000e+03
9.523666800000000000e+07 4.710000000000000000e+03 5.400000000000000000e+03 1.920000000000000000e+03 3.580000000000000000e+03
9.523687700000000000e+07 4.710000000000000000e+03 5.400000000000000000e+03 1.940000000000000000e+03 3.570000000000000000e+03
9.523708500000000000e+07 4.750000000000000000e+03 5.410000000000000000e+03 1.930000000000000000e+03 3.570000000000000000e+03
9.523729300000000000e+07 4.690000000000000000e+03 5.410000000000000000e+03 1.950000000000000000e+03 3.570000000000000000e+03
9.523750000000000000e+07 4.710000000000000000e+03 5.400000000000000000e+03 1.940000000000000000e+03 3.580000000000000000e+03
9.523770900000000000e+07 4.710000000000000000e+03 5.400000000000000000e+03 1.950000000000000000e+03 3.600000000000000000e+03
9.523791600000000000e+07 4.750000000000000000e+03 5.390000000000000000e+03 1.940000000000000000e+03 3.600000000000000000e+03
9.523812500000000000e+07 4.720000000000000000e+03 5.390000000000000000e+03 1.940000000000000000e+03 3.590000000000000000e+03
9.523833300000000000e+07 4.720000000000000000e+03 5.400000000000000000e+03 1.940000000000000000e+03 3.580000000000000000e+03
9.523854000000000000e+07 4.750000000000000000e+03 5.400000000000000000e+03 1.940000000000000000e+03 3.600000000000000000e+03
9.523874800000000000e+07 4.690000000000000000e+03 5.410000000000000000e+03 1.920000000000000000e+03 3.590000000000000000e+03
9.523895600000000000e+07 4.690000000000000000e+03 5.420000000000000000e+03 1.930000000000000000e+03 3.580000000000000000e+03
9.523914800000000000e+07 4.720000000000000000e+03 5.420000000000000000e+03 1.930000000000000000e+03 3.580000000000000000e+03
9.523935600000000000e+07 4.750000000000000000e+03 5.420000000000000000e+03 1.930000000000000000e+03 3.580000000000000000e+03
9.523956400000000000e+07 4.750000000000000000e+03 5.410000000000000000e+03 1.920000000000000000e+03 3.580000000000000000e+03
9.523977200000000000e+07 4.760000000000000000e+03 5.410000000000000000e+03 1.940000000000000000e+03 3.580000000000000000e+03
9.523998000000000000e+07 4.740000000000000000e+03 5.410000000000000000e+03 1.950000000000000000e+03 3.570000000000000000e+03
9.524018800000000000e+07 4.750000000000000000e+03 5.420000000000000000e+03 1.950000000000000000e+03 3.580000000000000000e+03
9.524039600000000000e+07 4.690000000000000000e+03 5.410000000000000000e+03 1.950000000000000000e+03 3.580000000000000000e+03
9.524060300000000000e+07 4.730000000000000000e+03 5.410000000000000000e+03 1.950000000000000000e+03 3.580000000000000000e+03
9.524081100000000000e+07 4.750000000000000000e+03 5.420000000000000000e+03 1.930000000000000000e+03 3.590000000000000000e+03
9.524102000000000000e+07 4.710000000000000000e+03 5.420000000000000000e+03 1.920000000000000000e+03 3.610000000000000000e+03
9.524122800000000000e+07 4.690000000000000000e+03 5.430000000000000000e+03 1.950000000000000000e+03 3.600000000000000000e+03
9.524143500000000000e+07 4.750000000000000000e+03 5.410000000000000000e+03 1.960000000000000000e+03 3.590000000000000000e+03
9.524164400000000000e+07 4.750000000000000000e+03 5.420000000000000000e+03 1.950000000000000000e+03 3.590000000000000000e+03
9.524185200000000000e+07 4.750000000000000000e+03 5.430000000000000000e+03 1.950000000000000000e+03 3.590000000000000000e+03
9.524206000000000000e+07 4.690000000000000000e+03 5.420000000000000000e+03 1.940000000000000000e+03 3.580000000000000000e+03
9.524226800000000000e+07 4.750000000000000000e+03 5.420000000000000000e+03 1.940000000000000000e+03 3.580000000000000000e+03
9.524246000000000000e+07 4.690000000000000000e+03 5.420000000000000000e+03 1.940000000000000000e+03 3.580000000000000000e+03
9.524266800000000000e+07 4.700000000000000000e+03 5.410000000000000000e+03 1.930000000000000000e+03 3.580000000000000000e+03
9.524287500000000000e+07 4.690000000000000000e+03 5.390000000000000000e+03 1.920000000000000000e+03 3.580000000000000000e+03
9.524308300000000000e+07 4.690000000000000000e+03 5.390000000000000000e+03 1.920000000000000000e+03 3.580000000000000000e+03
9.524329100000000000e+07 4.760000000000000000e+03 5.400000000000000000e+03 1.910000000000000000e+03 3.580000000000000000e+03
9.524349900000000000e+07 4.690000000000000000e+03 5.400000000000000000e+03 1.920000000000000000e+03 3.590000000000000000e+03
9.524370700000000000e+07 4.740000000000000000e+03 5.400000000000000000e+03 1.930000000000000000e+03 3.590000000000000000e+03
9.524391500000000000e+07 4.730000000000000000e+03 5.400000000000000000e+03 1.930000000000000000e+03 3.580000000000000000e+03
9.524412300000000000e+07 4.690000000000000000e+03 5.390000000000000000e+03 1.920000000000000000e+03 3.590000000000000000e+03
9.524433100000000000e+07 4.690000000000000000e+03 5.400000000000000000e+03 1.930000000000000000e+03 3.590000000000000000e+03
9.524453900000000000e+07 4.750000000000000000e+03 5.400000000000000000e+03 1.920000000000000000e+03 3.590000000000000000e+03
9.524474700000000000e+07 4.690000000000000000e+03 5.400000000000000000e+03 1.930000000000000000e+03 3.580000000000000000e+03
9.524495500000000000e+07 4.730000000000000000e+03 5.410000000000000000e+03 1.920000000000000000e+03 3.580000000000000000e+03
9.524516300000000000e+07 4.710000000000000000e+03 5.410000000000000000e+03 1.910000000000000000e+03 3.590000000000000000e+03
9.524537000000000000e+07 4.690000000000000000e+03 5.410000000000000000e+03 1.910000000000000000e+03 3.590000000000000000e+03
9.524557900000000000e+07 4.750000000000000000e+03 5.410000000000000000e+03 1.920000000000000000e+03 3.600000000000000000e+03
9.524578700000000000e+07 4.710000000000000000e+03 5.400000000000000000e+03 1.940000000000000000e+03 3.600000000000000000e+03
9.524597900000000000e+07 4.700000000000000000e+03 5.390000000000000000e+03 1.940000000000000000e+03 3.600000000000000000e+03
9.524618700000000000e+07 4.730000000000000000e+03 5.410000000000000000e+03 1.930000000000000000e+03 3.600000000000000000e+03
9.524639500000000000e+07 4.730000000000000000e+03 5.420000000000000000e+03 1.920000000000000000e+03 3.610000000000000000e+03
9.524660300000000000e+07 4.690000000000000000e+03 5.420000000000000000e+03 1.910000000000000000e+03 3.610000000000000000e+03
9.524681000000000000e+07 4.760000000000000000e+03 5.410000000000000000e+03 1.920000000000000000e+03 3.600000000000000000e+03
9.524701800000000000e+07 4.720000000000000000e+03 5.410000000000000000e+03 1.930000000000000000e+03 3.590000000000000000e+03
9.524722600000000000e+07 4.770000000000000000e+03 5.410000000000000000e+03 1.940000000000000000e+03 3.600000000000000000e+03
9.524743400000000000e+07 4.710000000000000000e+03 5.410000000000000000e+03 1.930000000000000000e+03 3.580000000000000000e+03
9.524764200000000000e+07 4.750000000000000000e+03 5.420000000000000000e+03 1.930000000000000000e+03 3.590000000000000000e+03
9.524785000000000000e+07 4.710000000000000000e+03 5.400000000000000000e+03 1.920000000000000000e+03 3.580000000000000000e+03
9.524805800000000000e+07 4.700000000000000000e+03 5.400000000000000000e+03 1.910000000000000000e+03 3.600000000000000000e+03
9.524826600000000000e+07 4.700000000000000000e+03 5.390000000000000000e+03 1.920000000000000000e+03 3.590000000000000000e+03
9.524847400000000000e+07 4.740000000000000000e+03 5.400000000000000000e+03 1.930000000000000000e+03 3.590000000000000000e+03
9.524868200000000000e+07 4.680000000000000000e+03 5.410000000000000000e+03 1.920000000000000000e+03 3.590000000000000000e+03
9.524889000000000000e+07 4.730000000000000000e+03 5.410000000000000000e+03 1.920000000000000000e+03 3.590000000000000000e+03
9.524909800000000000e+07 4.710000000000000000e+03 5.410000000000000000e+03 1.950000000000000000e+03 3.600000000000000000e+03
9.524929000000000000e+07 4.730000000000000000e+03 5.410000000000000000e+03 1.950000000000000000e+03 3.600000000000000000e+03
9.524949800000000000e+07 4.750000000000000000e+03 5.420000000000000000e+03 1.950000000000000000e+03 3.600000000000000000e+03
9.524970500000000000e+07 4.730000000000000000e+03 5.430000000000000000e+03 1.960000000000000000e+03 3.590000000000000000e+03
9.524991400000000000e+07 4.710000000000000000e+03 5.430000000000000000e+03 1.950000000000000000e+03 3.580000000000000000e+03
9.525012200000000000e+07 4.710000000000000000e+03 5.410000000000000000e+03 1.960000000000000000e+03 3.590000000000000000e+03
9.525033000000000000e+07 4.750000000000000000e+03 5.400000000000000000e+03 1.950000000000000000e+03 3.600000000000000000e+03
9.525053800000000000e+07 4.690000000000000000e+03 5.410000000000000000e+03 1.940000000000000000e+03 3.590000000000000000e+03
9.525074500000000000e+07 4.740000000000000000e+03 5.420000000000000000e+03 1.930000000000000000e+03 3.590000000000000000e+03
9.525095300000000000e+07 4.710000000000000000e+03 5.420000000000000000e+03 1.930000000000000000e+03 3.590000000000000000e+03
9.525116100000000000e+07 4.750000000000000000e+03 5.410000000000000000e+03 1.940000000000000000e+03 3.590000000000000000e+03
9.525137000000000000e+07 4.750000000000000000e+03 5.410000000000000000e+03 1.960000000000000000e+03 3.580000000000000000e+03
9.525157800000000000e+07 4.230000000000000000e+03 5.950000000000000000e+03 1.950000000000000000e+03 3.580000000000000000e+03
9.525178500000000000e+07 4.230000000000000000e+03 5.880000000000000000e+03 1.940000000000000000e+03 3.590000000000000000e+03
9.525199400000000000e+07 4.230000000000000000e+03 5.890000000000000000e+03 1.930000000000000000e+03 3.580000000000000000e+03
9.525220100000000000e+07 4.230000000000000000e+03 5.860000000000000000e+03 1.930000000000000000e+03 3.590000000000000000e+03
9.525240900000000000e+07 4.240000000000000000e+03 5.860000000000000000e+03 1.950000000000000000e+03 3.600000000000000000e+03
9.525261700000000000e+07 4.230000000000000000e+03 5.920000000000000000e+03 1.950000000000000000e+03 3.590000000000000000e+03
9.525280800000000000e+07 4.230000000000000000e+03 5.920000000000000000e+03 1.940000000000000000e+03 3.580000000000000000e+03
9.525301700000000000e+07 4.230000000000000000e+03 5.880000000000000000e+03 1.930000000000000000e+03 3.580000000000000000e+03
9.525322500000000000e+07 4.240000000000000000e+03 5.870000000000000000e+03 1.940000000000000000e+03 3.590000000000000000e+03
9.525343300000000000e+07 4.250000000000000000e+03 5.930000000000000000e+03 1.940000000000000000e+03 3.590000000000000000e+03
9.525364100000000000e+07 4.240000000000000000e+03 5.890000000000000000e+03 1.950000000000000000e+03 3.580000000000000000e+03
9.525384900000000000e+07 4.240000000000000000e+03 5.890000000000000000e+03 1.940000000000000000e+03 3.580000000000000000e+03
9.525405600000000000e+07 4.230000000000000000e+03 5.920000000000000000e+03 1.940000000000000000e+03 3.580000000000000000e+03
9.525426400000000000e+07 4.230000000000000000e+03 5.860000000000000000e+03 1.940000000000000000e+03 3.590000000000000000e+03
9.525447300000000000e+07 4.240000000000000000e+03 5.890000000000000000e+03 1.940000000000000000e+03 3.590000000000000000e+03
9.525468100000000000e+07 4.240000000000000000e+03 5.930000000000000000e+03 1.940000000000000000e+03 3.590000000000000000e+03
9.525488900000000000e+07 4.240000000000000000e+03 5.940000000000000000e+03 1.940000000000000000e+03 3.580000000000000000e+03
9.525509700000000000e+07 4.240000000000000000e+03 5.880000000000000000e+03 1.920000000000000000e+03 3.590000000000000000e+03
9.525530400000000000e+07 4.230000000000000000e+03 5.880000000000000000e+03 1.920000000000000000e+03 3.580000000000000000e+03
9.525551200000000000e+07 4.240000000000000000e+03 5.950000000000000000e+03 1.920000000000000000e+03 3.580000000000000000e+03
9.525572000000000000e+07 4.240000000000000000e+03 5.940000000000000000e+03 1.930000000000000000e+03 3.580000000000000000e+03
9.525592900000000000e+07 4.240000000000000000e+03 5.870000000000000000e+03 1.930000000000000000e+03 3.570000000000000000e+03
9.525613600000000000e+07 4.230000000000000000e+03 5.910000000000000000e+03 1.940000000000000000e+03 3.560000000000000000e+03
9.525632800000000000e+07 4.230000000000000000e+03 5.930000000000000000e+03 1.940000000000000000e+03 3.560000000000000000e+03
9.525653600000000000e+07 4.230000000000000000e+03 5.890000000000000000e+03 1.930000000000000000e+03 3.580000000000000000e+03
9.525674400000000000e+07 4.240000000000000000e+03 5.890000000000000000e+03 1.940000000000000000e+03 3.580000000000000000e+03
9.525695200000000000e+07 4.230000000000000000e+03 5.900000000000000000e+03 1.930000000000000000e+03 3.580000000000000000e+03
9.525716000000000000e+07 4.230000000000000000e+03 5.940000000000000000e+03 1.940000000000000000e+03 3.590000000000000000e+03
9.525736800000000000e+07 4.230000000000000000e+03 5.890000000000000000e+03 1.940000000000000000e+03 3.580000000000000000e+03
9.525757600000000000e+07 4.230000000000000000e+03 5.870000000000000000e+03 1.940000000000000000e+03 3.580000000000000000e+03
9.525778300000000000e+07 4.240000000000000000e+03 5.910000000000000000e+03 1.950000000000000000e+03 3.600000000000000000e+03
9.525799200000000000e+07 4.230000000000000000e+03 5.890000000000000000e+03 1.930000000000000000e+03 3.600000000000000000e+03
9.525820000000000000e+07 4.230000000000000000e+03 5.920000000000000000e+03 1.950000000000000000e+03 3.590000000000000000e+03
9.525840800000000000e+07 4.230000000000000000e+03 5.920000000000000000e+03 1.940000000000000000e+03 3.600000000000000000e+03
9.525861600000000000e+07 4.230000000000000000e+03 5.860000000000000000e+03 1.940000000000000000e+03 3.600000000000000000e+03
9.525882300000000000e+07 4.230000000000000000e+03 5.860000000000000000e+03 1.930000000000000000e+03 3.610000000000000000e+03
9.525903100000000000e+07 4.220000000000000000e+03 5.860000000000000000e+03 1.920000000000000000e+03 3.610000000000000000e+03
9.525923900000000000e+07 4.220000000000000000e+03 5.900000000000000000e+03 1.930000000000000000e+03 3.600000000000000000e+03
9.525944800000000000e+07 4.230000000000000000e+03 5.910000000000000000e+03 1.920000000000000000e+03 3.590000000000000000e+03
9.525963900000000000e+07 4.230000000000000000e+03 5.860000000000000000e+03 1.930000000000000000e+03 3.580000000000000000e+03
9.525984700000000000e+07 4.230000000000000000e+03 5.880000000000000000e+03 1.940000000000000000e+03 3.580000000000000000e+03
9.530005600000000000e+07 4.240000000000000000e+03 5.890000000000000000e+03 1.920000000000000000e+03 3.580000000000000000e+03
9.530026300000000000e+07 4.240000000000000000e+03 5.870000000000000000e+03 1.930000000000000000e+03 3.580000000000000000e+03
9.530047100000000000e+07 4.230000000000000000e+03 5.890000000000000000e+03 1.930000000000000000e+03 3.590000000000000000e+03
9.530067900000000000e+07 4.230000000000000000e+03 5.920000000000000000e+03 1.920000000000000000e+03 3.580000000000000000e+03
9.530088700000000000e+07 4.240000000000000000e+03 5.920000000000000000e+03 1.940000000000000000e+03 3.570000000000000000e+03
9.530109600000000000e+07 4.240000000000000000e+03 5.920000000000000000e+03 1.930000000000000000e+03 3.570000000000000000e+03
9.530130300000000000e+07 4.240000000000000000e+03 5.900000000000000000e+03 1.920000000000000000e+03 3.570000000000000000e+03
9.530151100000000000e+07 4.240000000000000000e+03 5.930000000000000000e+03 1.940000000000000000e+03 3.580000000000000000e+03
9.530171900000000000e+07 4.230000000000000000e+03 5.930000000000000000e+03 1.930000000000000000e+03 3.580000000000000000e+03
9.530192700000000000e+07 4.240000000000000000e+03 5.920000000000000000e+03 1.950000000000000000e+03 3.560000000000000000e+03
9.530213500000000000e+07 4.240000000000000000e+03 5.920000000000000000e+03 1.930000000000000000e+03 3.570000000000000000e+03
9.530234200000000000e+07 4.250000000000000000e+03 5.850000000000000000e+03 1.930000000000000000e+03 3.570000000000000000e+03
9.530275800000000000e+07 4.240000000000000000e+03 5.920000000000000000e+03 1.940000000000000000e+03 3.570000000000000000e+03
9.530296600000000000e+07 4.230000000000000000e+03 5.870000000000000000e+03 1.930000000000000000e+03 3.570000000000000000e+03
9.530315800000000000e+07 4.230000000000000000e+03 5.930000000000000000e+03 1.920000000000000000e+03 3.590000000000000000e+03
9.530336600000000000e+07 4.230000000000000000e+03 5.870000000000000000e+03 1.920000000000000000e+03 3.600000000000000000e+03
9.530357500000000000e+07 4.230000000000000000e+03 5.890000000000000000e+03 1.930000000000000000e+03 3.580000000000000000e+03
9.530378200000000000e+07 4.240000000000000000e+03 5.880000000000000000e+03 1.940000000000000000e+03 3.580000000000000000e+03
9.530399100000000000e+07 4.240000000000000000e+03 5.900000000000000000e+03 1.950000000000000000e+03 3.580000000000000000e+03
9.530419800000000000e+07 4.240000000000000000e+03 5.880000000000000000e+03 1.950000000000000000e+03 3.580000000000000000e+03
9.530440600000000000e+07 4.230000000000000000e+03 5.910000000000000000e+03 1.950000000000000000e+03 3.590000000000000000e+03
9.530461400000000000e+07 4.230000000000000000e+03 5.910000000000000000e+03 1.950000000000000000e+03 3.600000000000000000e+03
9.530482300000000000e+07 4.220000000000000000e+03 5.890000000000000000e+03 1.950000000000000000e+03 3.600000000000000000e+03
9.530503000000000000e+07 4.220000000000000000e+03 5.900000000000000000e+03 1.920000000000000000e+03 3.590000000000000000e+03
9.530525000000000000e+07 4.230000000000000000e+03 5.920000000000000000e+03 1.920000000000000000e+03 3.590000000000000000e+03
9.530544600000000000e+07 4.240000000000000000e+03 5.890000000000000000e+03 1.920000000000000000e+03 3.610000000000000000e+03
9.530565400000000000e+07 4.230000000000000000e+03 5.920000000000000000e+03 1.920000000000000000e+03 3.610000000000000000e+03
9.530586300000000000e+07 4.230000000000000000e+03 5.890000000000000000e+03 1.920000000000000000e+03 3.610000000000000000e+03
9.530607000000000000e+07 4.230000000000000000e+03 5.860000000000000000e+03 1.920000000000000000e+03 3.600000000000000000e+03
9.530627800000000000e+07 4.230000000000000000e+03 5.930000000000000000e+03 1.920000000000000000e+03 3.590000000000000000e+03
9.530646900000000000e+07 4.240000000000000000e+03 5.880000000000000000e+03 1.910000000000000000e+03 3.600000000000000000e+03
9.530667700000000000e+07 4.240000000000000000e+03 5.860000000000000000e+03 1.930000000000000000e+03 3.590000000000000000e+03
9.530688600000000000e+07 4.240000000000000000e+03 5.860000000000000000e+03 1.910000000000000000e+03 3.590000000000000000e+03
9.530709300000000000e+07 4.240000000000000000e+03 5.930000000000000000e+03 1.910000000000000000e+03 3.590000000000000000e+03
9.530730200000000000e+07 4.250000000000000000e+03 5.880000000000000000e+03 1.920000000000000000e+03 3.590000000000000000e+03
9.530751000000000000e+07 4.240000000000000000e+03 5.910000000000000000e+03 1.930000000000000000e+03 3.580000000000000000e+03
9.530771700000000000e+07 4.240000000000000000e+03 5.870000000000000000e+03 1.940000000000000000e+03 3.580000000000000000e+03
9.530792600000000000e+07 4.230000000000000000e+03 5.910000000000000000e+03 1.950000000000000000e+03 3.580000000000000000e+03
9.530813400000000000e+07 4.230000000000000000e+03 5.850000000000000000e+03 1.950000000000000000e+03 3.580000000000000000e+03
9.530834200000000000e+07 4.230000000000000000e+03 5.850000000000000000e+03 1.950000000000000000e+03 3.600000000000000000e+03
9.530855000000000000e+07 4.230000000000000000e+03 5.870000000000000000e+03 1.940000000000000000e+03 3.590000000000000000e+03
9.530875800000000000e+07 4.240000000000000000e+03 5.920000000000000000e+03 1.930000000000000000e+03 3.580000000000000000e+03
9.530896500000000000e+07 4.240000000000000000e+03 5.850000000000000000e+03 1.920000000000000000e+03 3.580000000000000000e+03
9.530917300000000000e+07 4.240000000000000000e+03 5.920000000000000000e+03 1.910000000000000000e+03 3.600000000000000000e+03
9.530938100000000000e+07 4.240000000000000000e+03 5.860000000000000000e+03 1.920000000000000000e+03 3.600000000000000000e+03
9.530958900000000000e+07 4.240000000000000000e+03 5.910000000000000000e+03 1.930000000000000000e+03 3.600000000000000000e+03
9.530979700000000000e+07 4.240000000000000000e+03 5.910000000000000000e+03 1.930000000000000000e+03 3.580000000000000000e+03
9.530998900000000000e+07 4.230000000000000000e+03 5.910000000000000000e+03 1.930000000000000000e+03 3.580000000000000000e+03
9.531019700000000000e+07 4.220000000000000000e+03 5.870000000000000000e+03 1.920000000000000000e+03 3.580000000000000000e+03
9.531040500000000000e+07 4.220000000000000000e+03 5.920000000000000000e+03 1.930000000000000000e+03 3.590000000000000000e+03
9.531062200000000000e+07 4.230000000000000000e+03 5.900000000000000000e+03 1.940000000000000000e+03 3.580000000000000000e+03
