1.556328360000000000e+08 1.590000000000000000e+03 4.220000000000000000e+03 4.060000000000000000e+03 5.740000000000000000e+03
1.556330440000000000e+08 1.580000000000000000e+03 4.240000000000000000e+03 4.060000000000000000e+03 5.740000000000000000e+03
1.556332520000000000e+08 1.590000000000000000e+03 4.260000000000000000e+03 4.050000000000000000e+03 5.740000000000000000e+03
1.556334600000000000e+08 1.580000000000000000e+03 4.370000000000000000e+03 4.040000000000000000e+03 5.730000000000000000e+03
1.556336670000000000e+08 1.570000000000000000e+03 4.560000000000000000e+03 4.050000000000000000e+03 5.730000000000000000e+03
1.556338760000000000e+08 1.560000000000000000e+03 4.680000000000000000e+03 4.060000000000000000e+03 5.730000000000000000e+03
1.556340680000000000e+08 1.550000000000000000e+03 4.690000000000000000e+03 4.060000000000000000e+03 5.730000000000000000e+03
1.556342760000000000e+08 1.570000000000000000e+03 4.720000000000000000e+03 4.060000000000000000e+03 5.730000000000000000e+03
1.556344840000000000e+08 1.570000000000000000e+03 4.700000000000000000e+03 4.060000000000000000e+03 5.730000000000000000e+03
1.556346920000000000e+08 1.570000000000000000e+03 4.670000000000000000e+03 4.070000000000000000e+03 5.730000000000000000e+03
1.556349000000000000e+08 1.570000000000000000e+03 4.640000000000000000e+03 4.060000000000000000e+03 5.730000000000000000e+03
1.556351090000000000e+08 1.560000000000000000e+03 4.700000000000000000e+03 4.060000000000000000e+03 5.730000000000000000e+03
1.556353160000000000e+08 1.570000000000000000e+03 4.730000000000000000e+03 4.060000000000000000e+03 5.730000000000000000e+03
1.556355240000000000e+08 1.560000000000000000e+03 4.720000000000000000e+03 4.070000000000000000e+03 5.740000000000000000e+03
1.556357320000000000e+08 1.560000000000000000e+03 4.720000000000000000e+03 4.080000000000000000e+03 5.740000000000000000e+03
1.556359400000000000e+08 1.570000000000000000e+03 4.740000000000000000e+03 4.080000000000000000e+03 5.740000000000000000e+03
1.556361480000000000e+08 1.550000000000000000e+03 4.740000000000000000e+03 4.080000000000000000e+03 5.740000000000000000e+03
1.556363560000000000e+08 1.560000000000000000e+03 4.750000000000000000e+03 4.080000000000000000e+03 5.740000000000000000e+03
1.556365630000000000e+08 1.570000000000000000e+03 4.770000000000000000e+03 4.070000000000000000e+03 5.740000000000000000e+03
1.556367720000000000e+08 1.570000000000000000e+03 4.810000000000000000e+03 4.070000000000000000e+03 5.740000000000000000e+03
1.556369790000000000e+08 1.560000000000000000e+03 4.850000000000000000e+03 4.070000000000000000e+03 5.740000000000000000e+03
1.556371870000000000e+08 1.570000000000000000e+03 4.700000000000000000e+03 4.070000000000000000e+03 5.740000000000000000e+03
1.556373960000000000e+08 1.550000000000000000e+03 4.540000000000000000e+03 4.070000000000000000e+03 5.740000000000000000e+03
1.556375880000000000e+08 1.560000000000000000e+03 4.660000000000000000e+03 4.070000000000000000e+03 5.740000000000000000e+03
1.556377960000000000e+08 1.550000000000000000e+03 4.720000000000000000e+03 4.070000000000000000e+03 5.740000000000000000e+03
1.556380030000000000e+08 1.580000000000000000e+03 4.760000000000000000e+03 4.060000000000000000e+03 5.740000000000000000e+03
1.556382110000000000e+08 1.580000000000000000e+03 4.780000000000000000e+03 4.060000000000000000e+03 5.740000000000000000e+03
1.556384190000000000e+08 1.560000000000000000e+03 4.800000000000000000e+03 4.070000000000000000e+03 5.740000000000000000e+03
1.556386270000000000e+08 1.540000000000000000e+03 4.800000000000000000e+03 4.070000000000000000e+03 5.740000000000000000e+03
1.556388350000000000e+08 1.550000000000000000e+03 4.790000000000000000e+03 4.070000000000000000e+03 5.740000000000000000e+03
1.556390430000000000e+08 1.560000000000000000e+03 4.800000000000000000e+03 4.080000000000000000e+03 5.740000000000000000e+03
1.556392520000000000e+08 1.560000000000000000e+03 4.830000000000000000e+03 4.080000000000000000e+03 5.740000000000000000e+03
1.556394590000000000e+08 1.560000000000000000e+03 4.730000000000000000e+03 4.080000000000000000e+03 5.730000000000000000e+03
1.556396670000000000e+08 1.560000000000000000e+03 4.570000000000000000e+03 4.080000000000000000e+03 5.730000000000000000e+03
1.556398750000000000e+08 1.580000000000000000e+03 4.450000000000000000e+03 4.080000000000000000e+03 5.740000000000000000e+03
1.556400830000000000e+08 1.590000000000000000e+03 4.400000000000000000e+03 4.080000000000000000e+03 5.740000000000000000e+03
1.556402910000000000e+08 1.580000000000000000e+03 4.380000000000000000e+03 4.080000000000000000e+03 5.740000000000000000e+03
1.556404990000000000e+08 1.580000000000000000e+03 4.350000000000000000e+03 4.070000000000000000e+03 5.750000000000000000e+03
1.556407070000000000e+08 1.570000000000000000e+03 4.330000000000000000e+03 4.070000000000000000e+03 5.750000000000000000e+03
1.556408990000000000e+08 1.570000000000000000e+03 4.320000000000000000e+03 4.070000000000000000e+03 5.750000000000000000e+03
1.556411070000000000e+08 1.570000000000000000e+03 4.320000000000000000e+03 4.070000000000000000e+03 5.750000000000000000e+03
1.556413150000000000e+08 1.580000000000000000e+03 4.350000000000000000e+03 4.070000000000000000e+03 5.750000000000000000e+03
1.556415230000000000e+08 1.580000000000000000e+03 4.370000000000000000e+03 4.060000000000000000e+03 5.740000000000000000e+03
1.556417310000000000e+08 1.590000000000000000e+03 4.380000000000000000e+03 4.060000000000000000e+03 5.740000000000000000e+03
1.556419380000000000e+08 1.580000000000000000e+03 4.390000000000000000e+03 4.060000000000000000e+03 5.740000000000000000e+03
1.556421460000000000e+08 1.580000000000000000e+03 4.390000000000000000e+03 4.060000000000000000e+03 5.740000000000000000e+03
1.556423550000000000e+08 1.550000000000000000e+03 4.370000000000000000e+03 4.070000000000000000e+03 5.740000000000000000e+03
1.556425630000000000e+08 1.550000000000000000e+03 4.360000000000000000e+03 4.070000000000000000e+03 5.740000000000000000e+03
1.556427710000000000e+08 1.560000000000000000e+03 4.350000000000000000e+03 4.060000000000000000e+03 5.750000000000000000e+03
1.556429790000000000e+08 1.570000000000000000e+03 4.340000000000000000e+03 4.060000000000000000e+03 5.750000000000000000e+03
1.556431860000000000e+08 1.560000000000000000e+03 4.360000000000000000e+03 4.060000000000000000e+03 5.750000000000000000e+03
1.556433940000000000e+08 1.560000000000000000e+03 4.380000000000000000e+03 4.070000000000000000e+03 5.750000000000000000e+03
1.556436020000000000e+08 1.580000000000000000e+03 4.390000000000000000e+03 4.070000000000000000e+03 5.750000000000000000e+03
1.556438100000000000e+08 1.570000000000000000e+03 4.380000000000000000e+03 4.070000000000000000e+03 5.750000000000000000e+03
1.556440180000000000e+08 1.550000000000000000e+03 4.370000000000000000e+03 4.070000000000000000e+03 5.750000000000000000e+03
1.556442120000000000e+08 1.560000000000000000e+03 4.440000000000000000e+03 4.070000000000000000e+03 5.750000000000000000e+03
1.556444180000000000e+08 1.560000000000000000e+03 4.500000000000000000e+03 4.070000000000000000e+03 5.750000000000000000e+03
1.556446260000000000e+08 1.560000000000000000e+03 4.570000000000000000e+03 4.070000000000000000e+03 5.750000000000000000e+03
1.556448340000000000e+08 1.570000000000000000e+03 4.620000000000000000e+03 4.080000000000000000e+03 5.750000000000000000e+03
1.556450420000000000e+08 1.550000000000000000e+03 4.640000000000000000e+03 4.070000000000000000e+03 5.750000000000000000e+03
1.556452500000000000e+08 1.570000000000000000e+03 4.550000000000000000e+03 4.070000000000000000e+03 5.750000000000000000e+03
1.556454580000000000e+08 1.560000000000000000e+03 4.500000000000000000e+03 4.070000000000000000e+03 5.740000000000000000e+03
1.556456650000000000e+08 1.580000000000000000e+03 4.460000000000000000e+03 4.070000000000000000e+03 5.740000000000000000e+03
1.556458740000000000e+08 1.580000000000000000e+03 4.420000000000000000e+03 4.070000000000000000e+03 5.750000000000000000e+03
1.556460820000000000e+08 1.570000000000000000e+03 4.400000000000000000e+03 4.070000000000000000e+03 5.740000000000000000e+03
1.556462900000000000e+08 1.570000000000000000e+03 4.390000000000000000e+03 4.070000000000000000e+03 5.740000000000000000e+03
1.556464980000000000e+08 1.570000000000000000e+03 4.390000000000000000e+03 4.080000000000000000e+03 5.740000000000000000e+03
1.556467060000000000e+08 1.580000000000000000e+03 4.410000000000000000e+03 4.070000000000000000e+03 5.740000000000000000e+03
1.556469140000000000e+08 1.560000000000000000e+03 4.410000000000000000e+03 4.070000000000000000e+03 5.740000000000000000e+03
1.556471220000000000e+08 1.540000000000000000e+03 4.420000000000000000e+03 4.070000000000000000e+03 5.740000000000000000e+03
1.556473300000000000e+08 1.570000000000000000e+03 4.450000000000000000e+03 4.070000000000000000e+03 5.730000000000000000e+03
1.556475380000000000e+08 1.580000000000000000e+03 4.490000000000000000e+03 4.070000000000000000e+03 5.740000000000000000e+03
1.556477300000000000e+08 1.590000000000000000e+03 4.550000000000000000e+03 4.070000000000000000e+03 5.740000000000000000e+03
1.556479390000000000e+08 1.580000000000000000e+03 4.580000000000000000e+03 4.080000000000000000e+03 5.740000000000000000e+03
1.556481460000000000e+08 1.560000000000000000e+03 4.580000000000000000e+03 4.080000000000000000e+03 5.740000000000000000e+03
1.556483540000000000e+08 1.570000000000000000e+03 4.570000000000000000e+03 4.070000000000000000e+03 5.740000000000000000e+03
1.556485620000000000e+08 1.570000000000000000e+03 4.570000000000000000e+03 4.070000000000000000e+03 5.740000000000000000e+03
1.556487700000000000e+08 1.560000000000000000e+03 4.540000000000000000e+03 4.070000000000000000e+03 5.740000000000000000e+03
1.556489770000000000e+08 1.570000000000000000e+03 4.510000000000000000e+03 4.060000000000000000e+03 5.740000000000000000e+03
1.556491860000000000e+08 1.560000000000000000e+03 4.470000000000000000e+03 4.070000000000000000e+03 5.740000000000000000e+03
1.556493930000000000e+08 1.550000000000000000e+03 4.440000000000000000e+03 4.070000000000000000e+03 5.740000000000000000e+03
1.556496010000000000e+08 1.570000000000000000e+03 4.430000000000000000e+03 4.070000000000000000e+03 5.740000000000000000e+03
1.556498090000000000e+08 1.560000000000000000e+03 4.440000000000000000e+03 4.070000000000000000e+03 5.740000000000000000e+03
1.556500180000000000e+08 1.560000000000000000e+03 4.470000000000000000e+03 4.070000000000000000e+03 5.740000000000000000e+03
1.556502250000000000e+08 1.580000000000000000e+03 4.460000000000000000e+03 4.080000000000000000e+03 5.740000000000000000e+03
1.556504330000000000e+08 1.570000000000000000e+03 4.420000000000000000e+03 4.080000000000000000e+03 5.740000000000000000e+03
1.556506410000000000e+08 1.570000000000000000e+03 4.410000000000000000e+03 4.070000000000000000e+03 5.740000000000000000e+03
1.556508490000000000e+08 1.570000000000000000e+03 4.390000000000000000e+03 4.070000000000000000e+03 5.740000000000000000e+03
1.556510410000000000e+08 1.560000000000000000e+03 4.380000000000000000e+03 4.070000000000000000e+03 5.740000000000000000e+03
1.556512490000000000e+08 1.570000000000000000e+03 4.380000000000000000e+03 4.070000000000000000e+03 5.740000000000000000e+03
1.556514570000000000e+08 1.560000000000000000e+03 4.370000000000000000e+03 4.080000000000000000e+03 5.740000000000000000e+03
1.556516650000000000e+08 1.570000000000000000e+03 4.370000000000000000e+03 4.080000000000000000e+03 5.740000000000000000e+03
1.556518730000000000e+08 1.560000000000000000e+03 4.390000000000000000e+03 4.080000000000000000e+03 5.740000000000000000e+03
1.556520810000000000e+08 1.560000000000000000e+03 4.380000000000000000e+03 4.080000000000000000e+03 5.740000000000000000e+03
1.556522890000000000e+08 1.550000000000000000e+03 4.370000000000000000e+03 4.080000000000000000e+03 5.740000000000000000e+03
1.556524970000000000e+08 1.570000000000000000e+03 4.370000000000000000e+03 4.090000000000000000e+03 5.740000000000000000e+03
1.556527050000000000e+08 1.570000000000000000e+03 4.380000000000000000e+03 4.080000000000000000e+03 5.740000000000000000e+03
1.556529130000000000e+08 1.560000000000000000e+03 4.370000000000000000e+03 4.080000000000000000e+03 5.740000000000000000e+03
1.556531760000000000e+08 1.560000000000000000e+03 4.360000000000000000e+03 4.080000000000000000e+03 5.740000000000000000e+03
1.556533290000000000e+08 1.580000000000000000e+03 4.370000000000000000e+03 4.070000000000000000e+03 5.740000000000000000e+03
1.556535370000000000e+08 1.580000000000000000e+03 4.370000000000000000e+03 4.080000000000000000e+03 5.740000000000000000e+03
1.556537450000000000e+08 1.580000000000000000e+03 4.360000000000000000e+03 4.080000000000000000e+03 5.740000000000000000e+03
1.557053270000000000e+08 1.570000000000000000e+03 4.170000000000000000e+03 4.070000000000000000e+03 6.140000000000000000e+03
1.557055350000000000e+08 1.560000000000000000e+03 4.170000000000000000e+03 4.070000000000000000e+03 6.170000000000000000e+03
1.557057430000000000e+08 1.560000000000000000e+03 4.170000000000000000e+03 4.070000000000000000e+03 6.170000000000000000e+03
1.557059510000000000e+08 1.550000000000000000e+03 4.170000000000000000e+03 4.070000000000000000e+03 6.060000000000000000e+03
1.557061590000000000e+08 1.540000000000000000e+03 4.170000000000000000e+03 4.070000000000000000e+03 6.140000000000000000e+03
1.557063660000000000e+08 1.550000000000000000e+03 4.170000000000000000e+03 4.060000000000000000e+03 6.180000000000000000e+03
1.557065740000000000e+08 1.560000000000000000e+03 4.170000000000000000e+03 4.070000000000000000e+03 6.190000000000000000e+03
1.557067820000000000e+08 1.570000000000000000e+03 4.170000000000000000e+03 4.070000000000000000e+03 6.210000000000000000e+03
1.557069900000000000e+08 1.570000000000000000e+03 4.170000000000000000e+03 4.070000000000000000e+03 6.230000000000000000e+03
1.557072000000000000e+08 1.570000000000000000e+03 4.180000000000000000e+03 4.070000000000000000e+03 6.290000000000000000e+03
1.557074060000000000e+08 1.570000000000000000e+03 4.180000000000000000e+03 4.070000000000000000e+03 6.320000000000000000e+03
1.557076140000000000e+08 1.560000000000000000e+03 4.170000000000000000e+03 4.060000000000000000e+03 6.350000000000000000e+03
1.557078230000000000e+08 1.560000000000000000e+03 4.170000000000000000e+03 4.060000000000000000e+03 6.340000000000000000e+03
1.557080140000000000e+08 1.560000000000000000e+03 4.170000000000000000e+03 4.070000000000000000e+03 6.350000000000000000e+03
1.557082220000000000e+08 1.570000000000000000e+03 4.170000000000000000e+03 4.070000000000000000e+03 6.360000000000000000e+03
1.557084300000000000e+08 1.560000000000000000e+03 4.170000000000000000e+03 4.060000000000000000e+03 6.350000000000000000e+03
1.557086380000000000e+08 1.570000000000000000e+03 4.170000000000000000e+03 4.070000000000000000e+03 6.350000000000000000e+03
1.557088460000000000e+08 1.580000000000000000e+03 4.170000000000000000e+03 4.080000000000000000e+03 6.340000000000000000e+03
1.557090540000000000e+08 1.590000000000000000e+03 4.180000000000000000e+03 4.080000000000000000e+03 6.250000000000000000e+03
1.557092620000000000e+08 1.570000000000000000e+03 4.190000000000000000e+03 4.080000000000000000e+03 6.220000000000000000e+03
1.557094700000000000e+08 1.570000000000000000e+03 4.200000000000000000e+03 4.080000000000000000e+03 6.200000000000000000e+03
1.557096780000000000e+08 1.560000000000000000e+03 4.190000000000000000e+03 4.080000000000000000e+03 6.190000000000000000e+03
1.557098860000000000e+08 1.550000000000000000e+03 4.180000000000000000e+03 4.070000000000000000e+03 6.200000000000000000e+03
1.557100940000000000e+08 1.560000000000000000e+03 4.180000000000000000e+03 4.080000000000000000e+03 6.220000000000000000e+03
1.557103010000000000e+08 1.560000000000000000e+03 4.170000000000000000e+03 4.070000000000000000e+03 6.220000000000000000e+03
1.557105100000000000e+08 1.560000000000000000e+03 4.170000000000000000e+03 4.070000000000000000e+03 6.210000000000000000e+03
1.557107180000000000e+08 1.550000000000000000e+03 4.170000000000000000e+03 4.070000000000000000e+03 6.190000000000000000e+03
1.557109260000000000e+08 1.560000000000000000e+03 4.180000000000000000e+03 4.070000000000000000e+03 6.180000000000000000e+03
1.557111340000000000e+08 1.540000000000000000e+03 4.180000000000000000e+03 4.080000000000000000e+03 6.180000000000000000e+03
1.557113260000000000e+08 1.540000000000000000e+03 4.180000000000000000e+03 4.080000000000000000e+03 6.140000000000000000e+03
1.557115340000000000e+08 1.560000000000000000e+03 4.190000000000000000e+03 4.070000000000000000e+03 6.120000000000000000e+03
1.557117420000000000e+08 1.550000000000000000e+03 4.180000000000000000e+03 4.070000000000000000e+03 6.120000000000000000e+03
1.557119500000000000e+08 1.560000000000000000e+03 4.180000000000000000e+03 4.060000000000000000e+03 6.130000000000000000e+03
1.557121580000000000e+08 1.560000000000000000e+03 4.190000000000000000e+03 4.060000000000000000e+03 6.180000000000000000e+03
1.557123660000000000e+08 1.570000000000000000e+03 4.180000000000000000e+03 4.060000000000000000e+03 6.210000000000000000e+03
1.557125730000000000e+08 1.590000000000000000e+03 4.170000000000000000e+03 4.060000000000000000e+03 6.210000000000000000e+03
1.557127810000000000e+08 1.580000000000000000e+03 4.170000000000000000e+03 4.060000000000000000e+03 6.200000000000000000e+03
1.557129890000000000e+08 1.580000000000000000e+03 4.170000000000000000e+03 4.060000000000000000e+03 6.160000000000000000e+03
1.557131970000000000e+08 1.590000000000000000e+03 4.170000000000000000e+03 4.060000000000000000e+03 6.120000000000000000e+03
1.557134050000000000e+08 1.580000000000000000e+03 4.170000000000000000e+03 4.070000000000000000e+03 6.140000000000000000e+03
1.557136130000000000e+08 1.580000000000000000e+03 4.170000000000000000e+03 4.070000000000000000e+03 6.170000000000000000e+03
1.557138210000000000e+08 1.560000000000000000e+03 4.170000000000000000e+03 4.070000000000000000e+03 6.190000000000000000e+03
1.557140290000000000e+08 1.570000000000000000e+03 4.180000000000000000e+03 4.070000000000000000e+03 6.180000000000000000e+03
1.557142370000000000e+08 1.580000000000000000e+03 4.180000000000000000e+03 4.070000000000000000e+03 6.170000000000000000e+03
1.557144450000000000e+08 1.580000000000000000e+03 4.180000000000000000e+03 4.080000000000000000e+03 6.140000000000000000e+03
1.557146530000000000e+08 1.570000000000000000e+03 4.180000000000000000e+03 4.090000000000000000e+03 6.130000000000000000e+03
1.557148450000000000e+08 1.580000000000000000e+03 4.170000000000000000e+03 4.090000000000000000e+03 6.140000000000000000e+03
1.557150530000000000e+08 1.570000000000000000e+03 4.180000000000000000e+03 4.080000000000000000e+03 6.160000000000000000e+03
1.557152610000000000e+08 1.570000000000000000e+03 4.180000000000000000e+03 4.070000000000000000e+03 6.170000000000000000e+03
1.557154680000000000e+08 1.570000000000000000e+03 4.180000000000000000e+03 4.070000000000000000e+03 6.190000000000000000e+03
1.557156770000000000e+08 1.590000000000000000e+03 4.190000000000000000e+03 4.070000000000000000e+03 6.230000000000000000e+03
1.557158840000000000e+08 1.590000000000000000e+03 4.190000000000000000e+03 4.060000000000000000e+03 6.230000000000000000e+03
1.557160930000000000e+08 1.570000000000000000e+03 4.180000000000000000e+03 4.060000000000000000e+03 6.250000000000000000e+03
1.557163010000000000e+08 1.580000000000000000e+03 4.180000000000000000e+03 4.060000000000000000e+03 6.200000000000000000e+03
1.557165090000000000e+08 1.580000000000000000e+03 4.170000000000000000e+03 4.060000000000000000e+03 6.160000000000000000e+03
1.557167160000000000e+08 1.560000000000000000e+03 4.170000000000000000e+03 4.060000000000000000e+03 6.070000000000000000e+03
1.557173410000000000e+08 1.580000000000000000e+03 4.170000000000000000e+03 4.060000000000000000e+03 6.590000000000000000e+03
1.557175480000000000e+08 1.580000000000000000e+03 4.180000000000000000e+03 4.070000000000000000e+03 6.420000000000000000e+03
1.557177560000000000e+08 1.570000000000000000e+03 4.180000000000000000e+03 4.080000000000000000e+03 6.310000000000000000e+03
1.557179650000000000e+08 1.560000000000000000e+03 4.170000000000000000e+03 4.080000000000000000e+03 6.240000000000000000e+03
1.557181560000000000e+08 1.560000000000000000e+03 4.160000000000000000e+03 4.070000000000000000e+03 6.190000000000000000e+03
1.557183640000000000e+08 1.560000000000000000e+03 4.170000000000000000e+03 4.070000000000000000e+03 6.130000000000000000e+03
1.557185720000000000e+08 1.560000000000000000e+03 4.160000000000000000e+03 4.070000000000000000e+03 6.100000000000000000e+03
1.557187800000000000e+08 1.560000000000000000e+03 4.170000000000000000e+03 4.070000000000000000e+03 6.050000000000000000e+03
1.557189880000000000e+08 1.580000000000000000e+03 4.170000000000000000e+03 4.070000000000000000e+03 6.050000000000000000e+03
1.557191960000000000e+08 1.570000000000000000e+03 4.170000000000000000e+03 4.080000000000000000e+03 6.060000000000000000e+03
1.557194040000000000e+08 1.580000000000000000e+03 4.170000000000000000e+03 4.070000000000000000e+03 6.060000000000000000e+03
1.557196120000000000e+08 1.570000000000000000e+03 4.170000000000000000e+03 4.080000000000000000e+03 6.040000000000000000e+03
1.557198200000000000e+08 1.580000000000000000e+03 4.170000000000000000e+03 4.070000000000000000e+03 6.010000000000000000e+03
1.557200270000000000e+08 1.580000000000000000e+03 4.180000000000000000e+03 4.080000000000000000e+03 6.010000000000000000e+03
1.557202350000000000e+08 1.570000000000000000e+03 4.170000000000000000e+03 4.080000000000000000e+03 6.010000000000000000e+03
1.557204430000000000e+08 1.570000000000000000e+03 4.170000000000000000e+03 4.080000000000000000e+03 6.030000000000000000e+03
1.557206520000000000e+08 1.570000000000000000e+03 4.170000000000000000e+03 4.080000000000000000e+03 6.040000000000000000e+03
1.557208600000000000e+08 1.560000000000000000e+03 4.170000000000000000e+03 4.080000000000000000e+03 6.030000000000000000e+03
1.557210680000000000e+08 1.570000000000000000e+03 4.170000000000000000e+03 4.080000000000000000e+03 6.030000000000000000e+03
1.557212760000000000e+08 1.570000000000000000e+03 4.170000000000000000e+03 4.080000000000000000e+03 5.980000000000000000e+03
1.557214680000000000e+08 1.580000000000000000e+03 4.180000000000000000e+03 4.080000000000000000e+03 6.000000000000000000e+03
1.557216760000000000e+08 1.570000000000000000e+03 4.180000000000000000e+03 4.070000000000000000e+03 6.070000000000000000e+03
1.557218840000000000e+08 1.570000000000000000e+03 4.180000000000000000e+03 4.070000000000000000e+03 6.120000000000000000e+03
1.557220920000000000e+08 1.580000000000000000e+03 4.170000000000000000e+03 4.070000000000000000e+03 6.140000000000000000e+03
1.557223010000000000e+08 1.560000000000000000e+03 4.170000000000000000e+03 4.070000000000000000e+03 6.170000000000000000e+03
1.557225080000000000e+08 1.550000000000000000e+03 4.180000000000000000e+03 4.070000000000000000e+03 6.190000000000000000e+03
1.557227160000000000e+08 1.550000000000000000e+03 4.180000000000000000e+03 4.070000000000000000e+03 6.170000000000000000e+03
1.557229230000000000e+08 1.550000000000000000e+03 4.180000000000000000e+03 4.070000000000000000e+03 6.100000000000000000e+03
1.557231310000000000e+08 1.560000000000000000e+03 4.180000000000000000e+03 4.070000000000000000e+03 6.130000000000000000e+03
1.557233390000000000e+08 1.580000000000000000e+03 4.190000000000000000e+03 4.070000000000000000e+03 6.170000000000000000e+03
1.557235480000000000e+08 1.580000000000000000e+03 4.190000000000000000e+03 4.070000000000000000e+03 6.160000000000000000e+03
1.557237550000000000e+08 1.560000000000000000e+03 4.180000000000000000e+03 4.070000000000000000e+03 6.160000000000000000e+03
1.557239630000000000e+08 1.560000000000000000e+03 4.180000000000000000e+03 4.070000000000000000e+03 6.160000000000000000e+03
1.557241710000000000e+08 1.570000000000000000e+03 4.180000000000000000e+03 4.080000000000000000e+03 6.110000000000000000e+03
1.557244140000000000e+08 1.560000000000000000e+03 4.180000000000000000e+03 4.080000000000000000e+03 6.090000000000000000e+03
1.557245860000000000e+08 1.550000000000000000e+03 4.180000000000000000e+03 4.080000000000000000e+03 6.120000000000000000e+03
1.557247950000000000e+08 1.550000000000000000e+03 4.180000000000000000e+03 4.080000000000000000e+03 6.170000000000000000e+03
1.557249860000000000e+08 1.560000000000000000e+03 4.180000000000000000e+03 4.080000000000000000e+03 6.210000000000000000e+03
1.557251950000000000e+08 1.570000000000000000e+03 4.190000000000000000e+03 4.070000000000000000e+03 6.220000000000000000e+03
1.557254030000000000e+08 1.580000000000000000e+03 4.180000000000000000e+03 4.070000000000000000e+03 6.230000000000000000e+03
1.557256110000000000e+08 1.580000000000000000e+03 4.180000000000000000e+03 4.070000000000000000e+03 6.230000000000000000e+03
1.557258190000000000e+08 1.580000000000000000e+03 4.170000000000000000e+03 4.080000000000000000e+03 6.250000000000000000e+03
1.557260270000000000e+08 1.570000000000000000e+03 4.170000000000000000e+03 4.070000000000000000e+03 6.250000000000000000e+03
1.557262350000000000e+08 1.560000000000000000e+03 4.170000000000000000e+03 4.060000000000000000e+03 6.240000000000000000e+03
