1.611366950000000000e+08 2.560000000000000000e+03 4.100000000000000000e+03 3.290000000000000000e+03 4.790000000000000000e+03
1.611369040000000000e+08 2.560000000000000000e+03 4.100000000000000000e+03 3.290000000000000000e+03 4.940000000000000000e+03
1.611371110000000000e+08 2.560000000000000000e+03 4.110000000000000000e+03 3.280000000000000000e+03 5.010000000000000000e+03
1.611373190000000000e+08 2.560000000000000000e+03 4.110000000000000000e+03 3.280000000000000000e+03 4.990000000000000000e+03
1.611375270000000000e+08 2.560000000000000000e+03 4.110000000000000000e+03 3.280000000000000000e+03 4.980000000000000000e+03
1.611377340000000000e+08 2.560000000000000000e+03 4.120000000000000000e+03 3.280000000000000000e+03 4.950000000000000000e+03
1.611379430000000000e+08 2.560000000000000000e+03 4.110000000000000000e+03 3.280000000000000000e+03 4.920000000000000000e+03
1.611381500000000000e+08 2.560000000000000000e+03 4.120000000000000000e+03 3.280000000000000000e+03 4.890000000000000000e+03
1.611383590000000000e+08 2.560000000000000000e+03 4.120000000000000000e+03 3.280000000000000000e+03 4.880000000000000000e+03
1.611385660000000000e+08 2.560000000000000000e+03 4.110000000000000000e+03 3.280000000000000000e+03 4.880000000000000000e+03
1.611387750000000000e+08 2.560000000000000000e+03 4.110000000000000000e+03 3.280000000000000000e+03 4.880000000000000000e+03
1.611389830000000000e+08 2.560000000000000000e+03 4.110000000000000000e+03 3.270000000000000000e+03 4.860000000000000000e+03
1.611391910000000000e+08 2.560000000000000000e+03 4.100000000000000000e+03 3.270000000000000000e+03 4.850000000000000000e+03
1.611393990000000000e+08 2.560000000000000000e+03 4.090000000000000000e+03 3.270000000000000000e+03 4.850000000000000000e+03
1.611396070000000000e+08 2.560000000000000000e+03 4.090000000000000000e+03 3.280000000000000000e+03 4.850000000000000000e+03
1.611398150000000000e+08 2.560000000000000000e+03 4.090000000000000000e+03 3.280000000000000000e+03 4.840000000000000000e+03
1.611400230000000000e+08 2.560000000000000000e+03 4.090000000000000000e+03 3.270000000000000000e+03 4.830000000000000000e+03
1.611402310000000000e+08 2.560000000000000000e+03 4.080000000000000000e+03 3.280000000000000000e+03 4.820000000000000000e+03
1.611404380000000000e+08 2.560000000000000000e+03 4.090000000000000000e+03 3.280000000000000000e+03 4.830000000000000000e+03
1.611406460000000000e+08 2.550000000000000000e+03 4.080000000000000000e+03 3.280000000000000000e+03 4.830000000000000000e+03
1.611408550000000000e+08 2.550000000000000000e+03 4.090000000000000000e+03 3.280000000000000000e+03 4.830000000000000000e+03
1.611410620000000000e+08 2.550000000000000000e+03 4.110000000000000000e+03 3.280000000000000000e+03 4.820000000000000000e+03
1.611412700000000000e+08 2.550000000000000000e+03 4.110000000000000000e+03 3.280000000000000000e+03 4.810000000000000000e+03
1.611414780000000000e+08 2.550000000000000000e+03 4.110000000000000000e+03 3.290000000000000000e+03 4.820000000000000000e+03
1.611416860000000000e+08 2.550000000000000000e+03 4.110000000000000000e+03 3.290000000000000000e+03 4.810000000000000000e+03
1.611418940000000000e+08 2.550000000000000000e+03 4.100000000000000000e+03 3.290000000000000000e+03 4.800000000000000000e+03
1.611421020000000000e+08 2.550000000000000000e+03 4.110000000000000000e+03 3.290000000000000000e+03 4.810000000000000000e+03
1.611423110000000000e+08 2.550000000000000000e+03 4.110000000000000000e+03 3.290000000000000000e+03 4.810000000000000000e+03
1.611425180000000000e+08 2.550000000000000000e+03 4.110000000000000000e+03 3.280000000000000000e+03 4.820000000000000000e+03
1.611427260000000000e+08 2.550000000000000000e+03 4.100000000000000000e+03 3.270000000000000000e+03 4.830000000000000000e+03
1.611429340000000000e+08 2.540000000000000000e+03 4.100000000000000000e+03 3.280000000000000000e+03 4.830000000000000000e+03
1.611431420000000000e+08 2.540000000000000000e+03 4.090000000000000000e+03 3.280000000000000000e+03 4.870000000000000000e+03
1.611433500000000000e+08 2.540000000000000000e+03 4.100000000000000000e+03 3.280000000000000000e+03 4.860000000000000000e+03
1.611435570000000000e+08 2.540000000000000000e+03 4.090000000000000000e+03 3.280000000000000000e+03 4.860000000000000000e+03
1.611437660000000000e+08 2.540000000000000000e+03 4.090000000000000000e+03 3.290000000000000000e+03 4.860000000000000000e+03
1.611439730000000000e+08 2.540000000000000000e+03 4.090000000000000000e+03 3.290000000000000000e+03 4.860000000000000000e+03
1.611441820000000000e+08 2.550000000000000000e+03 4.090000000000000000e+03 3.290000000000000000e+03 4.860000000000000000e+03
1.611443900000000000e+08 2.550000000000000000e+03 4.090000000000000000e+03 3.290000000000000000e+03 4.870000000000000000e+03
1.611445980000000000e+08 2.560000000000000000e+03 4.090000000000000000e+03 3.300000000000000000e+03 4.870000000000000000e+03
1.611448060000000000e+08 2.560000000000000000e+03 4.090000000000000000e+03 3.290000000000000000e+03 4.860000000000000000e+03
1.611450140000000000e+08 2.560000000000000000e+03 4.100000000000000000e+03 3.290000000000000000e+03 4.860000000000000000e+03
1.611452210000000000e+08 2.550000000000000000e+03 4.100000000000000000e+03 3.300000000000000000e+03 4.850000000000000000e+03
1.611454300000000000e+08 2.550000000000000000e+03 4.110000000000000000e+03 3.300000000000000000e+03 4.850000000000000000e+03
1.611456380000000000e+08 2.550000000000000000e+03 4.100000000000000000e+03 3.300000000000000000e+03 4.850000000000000000e+03
1.611458460000000000e+08 2.550000000000000000e+03 4.100000000000000000e+03 3.300000000000000000e+03 4.850000000000000000e+03
1.611460540000000000e+08 2.550000000000000000e+03 4.090000000000000000e+03 3.290000000000000000e+03 4.840000000000000000e+03
1.611462620000000000e+08 2.540000000000000000e+03 4.100000000000000000e+03 3.290000000000000000e+03 4.830000000000000000e+03
1.611464690000000000e+08 2.550000000000000000e+03 4.100000000000000000e+03 3.280000000000000000e+03 4.830000000000000000e+03
1.611466770000000000e+08 2.550000000000000000e+03 4.100000000000000000e+03 3.280000000000000000e+03 4.840000000000000000e+03
1.611468860000000000e+08 2.550000000000000000e+03 4.110000000000000000e+03 3.280000000000000000e+03 4.860000000000000000e+03
1.611470930000000000e+08 2.550000000000000000e+03 4.110000000000000000e+03 3.290000000000000000e+03 4.880000000000000000e+03
1.611473010000000000e+08 2.550000000000000000e+03 4.110000000000000000e+03 3.280000000000000000e+03 4.880000000000000000e+03
1.611475090000000000e+08 2.550000000000000000e+03 4.110000000000000000e+03 3.290000000000000000e+03 4.870000000000000000e+03
1.611477170000000000e+08 2.560000000000000000e+03 4.100000000000000000e+03 3.290000000000000000e+03 4.870000000000000000e+03
1.611479250000000000e+08 2.560000000000000000e+03 4.100000000000000000e+03 3.280000000000000000e+03 4.870000000000000000e+03
1.611481330000000000e+08 2.560000000000000000e+03 4.100000000000000000e+03 3.290000000000000000e+03 4.870000000000000000e+03
1.611483410000000000e+08 2.550000000000000000e+03 4.090000000000000000e+03 3.290000000000000000e+03 4.890000000000000000e+03
1.611485490000000000e+08 2.550000000000000000e+03 4.100000000000000000e+03 3.290000000000000000e+03 4.890000000000000000e+03
1.611487570000000000e+08 2.550000000000000000e+03 4.100000000000000000e+03 3.290000000000000000e+03 4.880000000000000000e+03
1.611489650000000000e+08 2.550000000000000000e+03 4.100000000000000000e+03 3.290000000000000000e+03 4.870000000000000000e+03
1.611491730000000000e+08 2.550000000000000000e+03 4.090000000000000000e+03 3.300000000000000000e+03 4.860000000000000000e+03
1.611493810000000000e+08 2.550000000000000000e+03 4.080000000000000000e+03 3.300000000000000000e+03 4.870000000000000000e+03
1.611495880000000000e+08 2.550000000000000000e+03 4.090000000000000000e+03 3.290000000000000000e+03 4.880000000000000000e+03
1.611497970000000000e+08 2.550000000000000000e+03 4.090000000000000000e+03 3.280000000000000000e+03 4.880000000000000000e+03
1.611500050000000000e+08 2.550000000000000000e+03 4.090000000000000000e+03 3.280000000000000000e+03 4.880000000000000000e+03
1.611502130000000000e+08 2.550000000000000000e+03 4.090000000000000000e+03 3.280000000000000000e+03 4.880000000000000000e+03
1.611504210000000000e+08 2.550000000000000000e+03 4.100000000000000000e+03 3.280000000000000000e+03 4.880000000000000000e+03
1.611506290000000000e+08 2.560000000000000000e+03 4.090000000000000000e+03 3.270000000000000000e+03 4.890000000000000000e+03
1.611508370000000000e+08 2.560000000000000000e+03 4.090000000000000000e+03 3.280000000000000000e+03 4.890000000000000000e+03
1.611510440000000000e+08 2.560000000000000000e+03 4.100000000000000000e+03 3.280000000000000000e+03 4.890000000000000000e+03
1.611512530000000000e+08 2.560000000000000000e+03 4.090000000000000000e+03 3.290000000000000000e+03 4.880000000000000000e+03
1.611514600000000000e+08 2.560000000000000000e+03 4.090000000000000000e+03 3.290000000000000000e+03 4.880000000000000000e+03
1.611516680000000000e+08 2.560000000000000000e+03 4.090000000000000000e+03 3.290000000000000000e+03 4.880000000000000000e+03
1.611518760000000000e+08 2.560000000000000000e+03 4.100000000000000000e+03 3.300000000000000000e+03 4.870000000000000000e+03
1.611520850000000000e+08 2.560000000000000000e+03 4.100000000000000000e+03 3.290000000000000000e+03 4.860000000000000000e+03
1.611522930000000000e+08 2.550000000000000000e+03 4.100000000000000000e+03 3.290000000000000000e+03 4.850000000000000000e+03
1.611525000000000000e+08 2.550000000000000000e+03 4.090000000000000000e+03 3.290000000000000000e+03 4.840000000000000000e+03
1.611527080000000000e+08 2.550000000000000000e+03 4.090000000000000000e+03 3.300000000000000000e+03 4.830000000000000000e+03
1.611529160000000000e+08 2.550000000000000000e+03 4.100000000000000000e+03 3.300000000000000000e+03 4.830000000000000000e+03
1.611531240000000000e+08 2.550000000000000000e+03 4.100000000000000000e+03 3.300000000000000000e+03 4.860000000000000000e+03
1.611533320000000000e+08 2.550000000000000000e+03 4.090000000000000000e+03 3.300000000000000000e+03 4.870000000000000000e+03
1.611535400000000000e+08 2.550000000000000000e+03 4.100000000000000000e+03 3.300000000000000000e+03 4.880000000000000000e+03
1.611537480000000000e+08 2.550000000000000000e+03 4.090000000000000000e+03 3.290000000000000000e+03 4.890000000000000000e+03
1.611539560000000000e+08 2.550000000000000000e+03 4.090000000000000000e+03 3.290000000000000000e+03 4.890000000000000000e+03
1.611541640000000000e+08 2.550000000000000000e+03 4.080000000000000000e+03 3.290000000000000000e+03 4.880000000000000000e+03
1.611543720000000000e+08 2.550000000000000000e+03 4.090000000000000000e+03 3.290000000000000000e+03 4.870000000000000000e+03
1.611545800000000000e+08 2.560000000000000000e+03 4.090000000000000000e+03 3.290000000000000000e+03 4.860000000000000000e+03
1.611547880000000000e+08 2.560000000000000000e+03 4.100000000000000000e+03 3.290000000000000000e+03 4.870000000000000000e+03
1.611549960000000000e+08 2.570000000000000000e+03 4.100000000000000000e+03 3.290000000000000000e+03 4.880000000000000000e+03
1.611552040000000000e+08 2.570000000000000000e+03 4.100000000000000000e+03 3.300000000000000000e+03 4.870000000000000000e+03
1.611554120000000000e+08 2.560000000000000000e+03 4.100000000000000000e+03 3.300000000000000000e+03 4.880000000000000000e+03
1.611556200000000000e+08 2.560000000000000000e+03 4.090000000000000000e+03 3.300000000000000000e+03 4.870000000000000000e+03
1.611558280000000000e+08 2.550000000000000000e+03 4.100000000000000000e+03 3.300000000000000000e+03 4.940000000000000000e+03
1.611560350000000000e+08 2.550000000000000000e+03 4.100000000000000000e+03 3.300000000000000000e+03 4.940000000000000000e+03
1.611562780000000000e+08 2.560000000000000000e+03 4.110000000000000000e+03 3.290000000000000000e+03 5.140000000000000000e+03
1.611566590000000000e+08 2.550000000000000000e+03 4.100000000000000000e+03 3.290000000000000000e+03 5.140000000000000000e+03
1.611568670000000000e+08 2.550000000000000000e+03 4.100000000000000000e+03 3.290000000000000000e+03 5.110000000000000000e+03
1.611570760000000000e+08 2.560000000000000000e+03 4.100000000000000000e+03 3.290000000000000000e+03 5.070000000000000000e+03
1.611572840000000000e+08 2.550000000000000000e+03 4.100000000000000000e+03 3.290000000000000000e+03 5.100000000000000000e+03
1.611574920000000000e+08 2.540000000000000000e+03 4.090000000000000000e+03 3.290000000000000000e+03 5.100000000000000000e+03
1.611577000000000000e+08 2.540000000000000000e+03 4.080000000000000000e+03 3.290000000000000000e+03 5.090000000000000000e+03
1.611579070000000000e+08 2.540000000000000000e+03 4.080000000000000000e+03 3.300000000000000000e+03 5.060000000000000000e+03
1.611581160000000000e+08 2.550000000000000000e+03 4.090000000000000000e+03 3.300000000000000000e+03 5.040000000000000000e+03
1.611583230000000000e+08 2.550000000000000000e+03 4.090000000000000000e+03 3.290000000000000000e+03 5.050000000000000000e+03
1.611585310000000000e+08 2.550000000000000000e+03 4.090000000000000000e+03 3.290000000000000000e+03 5.050000000000000000e+03
1.611587390000000000e+08 2.550000000000000000e+03 4.100000000000000000e+03 3.300000000000000000e+03 5.040000000000000000e+03
1.611589470000000000e+08 2.550000000000000000e+03 4.110000000000000000e+03 3.290000000000000000e+03 5.080000000000000000e+03
1.611591550000000000e+08 2.550000000000000000e+03 4.100000000000000000e+03 3.290000000000000000e+03 5.080000000000000000e+03
1.611593630000000000e+08 2.550000000000000000e+03 4.090000000000000000e+03 3.290000000000000000e+03 5.080000000000000000e+03
1.611595710000000000e+08 2.550000000000000000e+03 4.090000000000000000e+03 3.300000000000000000e+03 5.090000000000000000e+03
1.611597790000000000e+08 2.550000000000000000e+03 4.090000000000000000e+03 3.290000000000000000e+03 5.080000000000000000e+03
1.611599870000000000e+08 2.550000000000000000e+03 4.100000000000000000e+03 3.290000000000000000e+03 5.050000000000000000e+03
1.612001950000000000e+08 2.540000000000000000e+03 4.110000000000000000e+03 3.290000000000000000e+03 5.030000000000000000e+03
1.612004030000000000e+08 2.540000000000000000e+03 4.110000000000000000e+03 3.290000000000000000e+03 5.000000000000000000e+03
1.612006110000000000e+08 2.550000000000000000e+03 4.110000000000000000e+03 3.290000000000000000e+03 5.040000000000000000e+03
1.612008180000000000e+08 2.560000000000000000e+03 4.110000000000000000e+03 3.290000000000000000e+03 5.100000000000000000e+03
1.612116330000000000e+08 2.550000000000000000e+03 4.640000000000000000e+03 3.290000000000000000e+03 4.690000000000000000e+03
1.612118400000000000e+08 2.550000000000000000e+03 4.720000000000000000e+03 3.290000000000000000e+03 4.690000000000000000e+03
1.612120490000000000e+08 2.540000000000000000e+03 4.670000000000000000e+03 3.290000000000000000e+03 4.700000000000000000e+03
1.612122570000000000e+08 2.540000000000000000e+03 4.610000000000000000e+03 3.290000000000000000e+03 4.700000000000000000e+03
1.612124640000000000e+08 2.550000000000000000e+03 4.520000000000000000e+03 3.290000000000000000e+03 4.700000000000000000e+03
1.612126730000000000e+08 2.550000000000000000e+03 4.480000000000000000e+03 3.290000000000000000e+03 4.700000000000000000e+03
1.612128800000000000e+08 2.550000000000000000e+03 4.490000000000000000e+03 3.290000000000000000e+03 4.710000000000000000e+03
1.612130730000000000e+08 2.550000000000000000e+03 4.470000000000000000e+03 3.290000000000000000e+03 4.710000000000000000e+03
1.612132810000000000e+08 2.560000000000000000e+03 4.450000000000000000e+03 3.290000000000000000e+03 4.710000000000000000e+03
1.612134890000000000e+08 2.560000000000000000e+03 4.520000000000000000e+03 3.290000000000000000e+03 4.710000000000000000e+03
1.612136970000000000e+08 2.560000000000000000e+03 4.610000000000000000e+03 3.280000000000000000e+03 4.700000000000000000e+03
1.612139050000000000e+08 2.560000000000000000e+03 4.660000000000000000e+03 3.280000000000000000e+03 4.700000000000000000e+03
1.612141130000000000e+08 2.550000000000000000e+03 4.760000000000000000e+03 3.280000000000000000e+03 4.700000000000000000e+03
1.612143210000000000e+08 2.570000000000000000e+03 4.810000000000000000e+03 3.280000000000000000e+03 4.710000000000000000e+03
1.612145290000000000e+08 2.560000000000000000e+03 4.820000000000000000e+03 3.290000000000000000e+03 4.710000000000000000e+03
1.612147370000000000e+08 2.550000000000000000e+03 4.810000000000000000e+03 3.280000000000000000e+03 4.710000000000000000e+03
1.612149450000000000e+08 2.550000000000000000e+03 4.810000000000000000e+03 3.290000000000000000e+03 4.710000000000000000e+03
1.612151530000000000e+08 2.550000000000000000e+03 4.820000000000000000e+03 3.290000000000000000e+03 4.710000000000000000e+03
1.612153600000000000e+08 2.550000000000000000e+03 4.810000000000000000e+03 3.290000000000000000e+03 4.700000000000000000e+03
1.612155680000000000e+08 2.550000000000000000e+03 4.830000000000000000e+03 3.290000000000000000e+03 4.700000000000000000e+03
1.612157760000000000e+08 2.550000000000000000e+03 4.840000000000000000e+03 3.290000000000000000e+03 4.700000000000000000e+03
1.612159840000000000e+08 2.550000000000000000e+03 4.800000000000000000e+03 3.290000000000000000e+03 4.700000000000000000e+03
1.612161920000000000e+08 2.540000000000000000e+03 4.770000000000000000e+03 3.290000000000000000e+03 4.700000000000000000e+03
1.612163840000000000e+08 2.550000000000000000e+03 4.760000000000000000e+03 3.290000000000000000e+03 4.700000000000000000e+03
1.612165920000000000e+08 2.550000000000000000e+03 4.740000000000000000e+03 3.290000000000000000e+03 4.700000000000000000e+03
1.612168000000000000e+08 2.550000000000000000e+03 4.800000000000000000e+03 3.290000000000000000e+03 4.700000000000000000e+03
1.612170080000000000e+08 2.550000000000000000e+03 4.890000000000000000e+03 3.290000000000000000e+03 4.700000000000000000e+03
1.612172160000000000e+08 2.540000000000000000e+03 4.960000000000000000e+03 3.290000000000000000e+03 4.710000000000000000e+03
1.612174240000000000e+08 2.540000000000000000e+03 4.960000000000000000e+03 3.280000000000000000e+03 4.710000000000000000e+03
1.612176320000000000e+08 2.540000000000000000e+03 4.940000000000000000e+03 3.290000000000000000e+03 4.710000000000000000e+03
1.612178400000000000e+08 2.550000000000000000e+03 4.940000000000000000e+03 3.290000000000000000e+03 4.710000000000000000e+03
1.612180480000000000e+08 2.550000000000000000e+03 5.030000000000000000e+03 3.290000000000000000e+03 4.710000000000000000e+03
1.612182560000000000e+08 2.550000000000000000e+03 5.100000000000000000e+03 3.290000000000000000e+03 4.710000000000000000e+03
1.612184640000000000e+08 2.560000000000000000e+03 5.090000000000000000e+03 3.290000000000000000e+03 4.710000000000000000e+03
1.612186720000000000e+08 2.560000000000000000e+03 5.040000000000000000e+03 3.290000000000000000e+03 4.700000000000000000e+03
1.612188790000000000e+08 2.560000000000000000e+03 4.950000000000000000e+03 3.290000000000000000e+03 4.700000000000000000e+03
1.612190880000000000e+08 2.560000000000000000e+03 4.950000000000000000e+03 3.290000000000000000e+03 4.700000000000000000e+03
1.612192960000000000e+08 2.560000000000000000e+03 4.790000000000000000e+03 3.290000000000000000e+03 4.700000000000000000e+03
1.612195040000000000e+08 2.560000000000000000e+03 4.720000000000000000e+03 3.290000000000000000e+03 4.690000000000000000e+03
1.612197120000000000e+08 2.560000000000000000e+03 4.880000000000000000e+03 3.290000000000000000e+03 4.690000000000000000e+03
1.612199040000000000e+08 2.550000000000000000e+03 4.790000000000000000e+03 3.290000000000000000e+03 4.690000000000000000e+03
1.612201120000000000e+08 2.550000000000000000e+03 4.670000000000000000e+03 3.290000000000000000e+03 4.690000000000000000e+03
1.612203200000000000e+08 2.550000000000000000e+03 4.600000000000000000e+03 3.290000000000000000e+03 4.700000000000000000e+03
1.612205280000000000e+08 2.550000000000000000e+03 4.580000000000000000e+03 3.290000000000000000e+03 4.710000000000000000e+03
1.612207360000000000e+08 2.550000000000000000e+03 4.540000000000000000e+03 3.290000000000000000e+03 4.710000000000000000e+03
1.612209440000000000e+08 2.550000000000000000e+03 4.580000000000000000e+03 3.280000000000000000e+03 4.710000000000000000e+03
1.612211520000000000e+08 2.550000000000000000e+03 4.650000000000000000e+03 3.280000000000000000e+03 4.710000000000000000e+03
1.612213600000000000e+08 2.560000000000000000e+03 4.740000000000000000e+03 3.280000000000000000e+03 4.710000000000000000e+03
1.612215670000000000e+08 2.560000000000000000e+03 4.790000000000000000e+03 3.280000000000000000e+03 4.710000000000000000e+03
1.612217750000000000e+08 2.560000000000000000e+03 4.820000000000000000e+03 3.290000000000000000e+03 4.710000000000000000e+03
1.612219830000000000e+08 2.560000000000000000e+03 4.850000000000000000e+03 3.290000000000000000e+03 4.710000000000000000e+03
1.612221910000000000e+08 2.570000000000000000e+03 4.840000000000000000e+03 3.290000000000000000e+03 4.700000000000000000e+03
1.612223990000000000e+08 2.570000000000000000e+03 4.830000000000000000e+03 3.290000000000000000e+03 4.700000000000000000e+03
1.612226070000000000e+08 2.560000000000000000e+03 4.810000000000000000e+03 3.290000000000000000e+03 4.700000000000000000e+03
1.612228150000000000e+08 2.570000000000000000e+03 4.790000000000000000e+03 3.280000000000000000e+03 4.700000000000000000e+03
1.612230230000000000e+08 2.570000000000000000e+03 4.780000000000000000e+03 3.280000000000000000e+03 4.700000000000000000e+03
1.612232140000000000e+08 2.570000000000000000e+03 4.730000000000000000e+03 3.280000000000000000e+03 4.700000000000000000e+03
1.612234230000000000e+08 2.560000000000000000e+03 4.690000000000000000e+03 3.280000000000000000e+03 4.700000000000000000e+03
1.612236310000000000e+08 2.560000000000000000e+03 4.660000000000000000e+03 3.290000000000000000e+03 4.700000000000000000e+03
1.612238390000000000e+08 2.560000000000000000e+03 4.740000000000000000e+03 3.290000000000000000e+03 4.700000000000000000e+03
1.612240460000000000e+08 2.560000000000000000e+03 4.820000000000000000e+03 3.290000000000000000e+03 4.700000000000000000e+03
1.612242550000000000e+08 2.560000000000000000e+03 4.890000000000000000e+03 3.290000000000000000e+03 4.710000000000000000e+03
1.612244620000000000e+08 2.560000000000000000e+03 4.960000000000000000e+03 3.290000000000000000e+03 4.710000000000000000e+03
1.612246710000000000e+08 2.570000000000000000e+03 4.960000000000000000e+03 3.280000000000000000e+03 4.710000000000000000e+03
1.612248790000000000e+08 2.570000000000000000e+03 4.990000000000000000e+03 3.280000000000000000e+03 4.710000000000000000e+03
1.612250870000000000e+08 2.570000000000000000e+03 4.830000000000000000e+03 3.290000000000000000e+03 4.710000000000000000e+03
1.612252950000000000e+08 2.570000000000000000e+03 4.800000000000000000e+03 3.290000000000000000e+03 4.710000000000000000e+03
1.612255030000000000e+08 2.570000000000000000e+03 4.820000000000000000e+03 3.290000000000000000e+03 4.710000000000000000e+03
1.612257110000000000e+08 2.580000000000000000e+03 4.800000000000000000e+03 3.280000000000000000e+03 4.710000000000000000e+03
1.612261270000000000e+08 2.580000000000000000e+03 4.630000000000000000e+03 3.280000000000000000e+03 4.710000000000000000e+03
1.612263340000000000e+08 2.580000000000000000e+03 4.570000000000000000e+03 3.280000000000000000e+03 4.690000000000000000e+03
1.612265260000000000e+08 2.580000000000000000e+03 4.520000000000000000e+03 3.280000000000000000e+03 4.690000000000000000e+03
1.612267340000000000e+08 2.580000000000000000e+03 4.510000000000000000e+03 3.280000000000000000e+03 4.690000000000000000e+03
1.612269420000000000e+08 2.580000000000000000e+03 4.500000000000000000e+03 3.280000000000000000e+03 4.690000000000000000e+03
1.612273580000000000e+08 2.580000000000000000e+03 4.520000000000000000e+03 3.280000000000000000e+03 4.690000000000000000e+03
1.612275660000000000e+08 2.580000000000000000e+03 4.580000000000000000e+03 3.280000000000000000e+03 4.690000000000000000e+03
1.612277740000000000e+08 2.580000000000000000e+03 4.650000000000000000e+03 3.280000000000000000e+03 4.690000000000000000e+03
1.612279820000000000e+08 2.580000000000000000e+03 4.680000000000000000e+03 3.280000000000000000e+03 4.700000000000000000e+03
1.612281900000000000e+08 2.580000000000000000e+03 4.730000000000000000e+03 3.280000000000000000e+03 4.700000000000000000e+03
1.612283980000000000e+08 2.580000000000000000e+03 4.670000000000000000e+03 3.280000000000000000e+03 4.700000000000000000e+03
1.612286060000000000e+08 2.580000000000000000e+03 4.610000000000000000e+03 3.270000000000000000e+03 4.700000000000000000e+03
1.612288140000000000e+08 2.580000000000000000e+03 4.570000000000000000e+03 3.270000000000000000e+03 4.700000000000000000e+03
1.612294380000000000e+08 2.580000000000000000e+03 4.440000000000000000e+03 3.280000000000000000e+03 4.690000000000000000e+03
1.612296460000000000e+08 2.570000000000000000e+03 4.430000000000000000e+03 3.290000000000000000e+03 4.700000000000000000e+03
1.612298540000000000e+08 2.570000000000000000e+03 4.450000000000000000e+03 3.290000000000000000e+03 4.700000000000000000e+03
1.612300460000000000e+08 2.570000000000000000e+03 4.480000000000000000e+03 3.290000000000000000e+03 4.700000000000000000e+03
1.612302540000000000e+08 2.570000000000000000e+03 4.510000000000000000e+03 3.290000000000000000e+03 4.690000000000000000e+03
1.612304620000000000e+08 2.570000000000000000e+03 4.540000000000000000e+03 3.290000000000000000e+03 4.690000000000000000e+03
1.612306700000000000e+08 2.570000000000000000e+03 4.540000000000000000e+03 3.290000000000000000e+03 4.690000000000000000e+03
1.612308780000000000e+08 2.570000000000000000e+03 4.720000000000000000e+03 3.290000000000000000e+03 4.700000000000000000e+03
1.612310860000000000e+08 2.570000000000000000e+03 4.720000000000000000e+03 3.290000000000000000e+03 4.700000000000000000e+03
1.612312940000000000e+08 2.570000000000000000e+03 4.740000000000000000e+03 3.290000000000000000e+03 4.700000000000000000e+03
1.612315020000000000e+08 2.570000000000000000e+03 4.630000000000000000e+03 3.300000000000000000e+03 4.710000000000000000e+03
1.612319180000000000e+08 2.570000000000000000e+03 4.700000000000000000e+03 3.300000000000000000e+03 4.710000000000000000e+03
1.612321260000000000e+08 2.570000000000000000e+03 4.720000000000000000e+03 3.300000000000000000e+03 4.710000000000000000e+03
1.612323340000000000e+08 2.570000000000000000e+03 4.690000000000000000e+03 3.290000000000000000e+03 4.710000000000000000e+03
1.612325250000000000e+08 2.570000000000000000e+03 4.670000000000000000e+03 3.290000000000000000e+03 4.700000000000000000e+03
1.612327340000000000e+08 2.560000000000000000e+03 4.790000000000000000e+03 3.290000000000000000e+03 4.700000000000000000e+03
1.612329410000000000e+08 2.550000000000000000e+03 4.660000000000000000e+03 3.280000000000000000e+03 4.710000000000000000e+03
1.612331490000000000e+08 2.550000000000000000e+03 4.950000000000000000e+03 3.280000000000000000e+03 4.710000000000000000e+03
1.612333570000000000e+08 2.560000000000000000e+03 4.830000000000000000e+03 3.280000000000000000e+03 4.710000000000000000e+03
1.612335650000000000e+08 2.560000000000000000e+03 4.950000000000000000e+03 3.290000000000000000e+03 4.710000000000000000e+03
1.612337730000000000e+08 2.560000000000000000e+03 4.790000000000000000e+03 3.290000000000000000e+03 4.710000000000000000e+03
1.612339810000000000e+08 2.570000000000000000e+03 4.670000000000000000e+03 3.290000000000000000e+03 4.710000000000000000e+03
1.612341890000000000e+08 2.570000000000000000e+03 4.830000000000000000e+03 3.290000000000000000e+03 4.710000000000000000e+03
1.612343960000000000e+08 2.570000000000000000e+03 4.750000000000000000e+03 3.290000000000000000e+03 4.700000000000000000e+03
1.612346050000000000e+08 2.560000000000000000e+03 4.650000000000000000e+03 3.290000000000000000e+03 4.700000000000000000e+03
1.612348130000000000e+08 2.560000000000000000e+03 4.700000000000000000e+03 3.290000000000000000e+03 4.700000000000000000e+03
1.612350210000000000e+08 2.570000000000000000e+03 4.610000000000000000e+03 3.290000000000000000e+03 4.710000000000000000e+03
1.612352290000000000e+08 2.570000000000000000e+03 4.680000000000000000e+03 3.290000000000000000e+03 4.710000000000000000e+03
1.612354370000000000e+08 2.570000000000000000e+03 4.800000000000000000e+03 3.290000000000000000e+03 4.710000000000000000e+03
1.612356450000000000e+08 2.570000000000000000e+03 4.700000000000000000e+03 3.290000000000000000e+03 4.710000000000000000e+03
1.612358370000000000e+08 2.570000000000000000e+03 4.620000000000000000e+03 3.290000000000000000e+03 4.710000000000000000e+03
1.612360450000000000e+08 2.570000000000000000e+03 4.530000000000000000e+03 3.290000000000000000e+03 4.710000000000000000e+03
1.612362530000000000e+08 2.570000000000000000e+03 4.460000000000000000e+03 3.290000000000000000e+03 4.710000000000000000e+03
1.612364610000000000e+08 2.560000000000000000e+03 4.690000000000000000e+03 3.290000000000000000e+03 4.710000000000000000e+03
1.612366690000000000e+08 2.560000000000000000e+03 4.850000000000000000e+03 3.290000000000000000e+03 4.710000000000000000e+03
1.612368770000000000e+08 2.560000000000000000e+03 4.880000000000000000e+03 3.300000000000000000e+03 4.700000000000000000e+03
1.612370840000000000e+08 2.560000000000000000e+03 4.720000000000000000e+03 3.300000000000000000e+03 4.700000000000000000e+03
1.612372930000000000e+08 2.560000000000000000e+03 4.600000000000000000e+03 3.300000000000000000e+03 4.690000000000000000e+03
1.612375000000000000e+08 2.560000000000000000e+03 4.500000000000000000e+03 3.300000000000000000e+03 4.680000000000000000e+03
1.612377090000000000e+08 2.550000000000000000e+03 4.560000000000000000e+03 3.300000000000000000e+03 4.680000000000000000e+03
1.612379170000000000e+08 2.550000000000000000e+03 4.480000000000000000e+03 3.300000000000000000e+03 4.690000000000000000e+03
1.612381240000000000e+08 2.560000000000000000e+03 4.680000000000000000e+03 3.300000000000000000e+03 4.690000000000000000e+03
1.612383320000000000e+08 2.560000000000000000e+03 4.570000000000000000e+03 3.300000000000000000e+03 4.690000000000000000e+03
1.612385400000000000e+08 2.560000000000000000e+03 4.510000000000000000e+03 3.290000000000000000e+03 4.690000000000000000e+03
1.612387480000000000e+08 2.560000000000000000e+03 4.470000000000000000e+03 3.290000000000000000e+03 4.690000000000000000e+03
1.612389560000000000e+08 2.560000000000000000e+03 4.410000000000000000e+03 3.290000000000000000e+03 4.700000000000000000e+03
1.612391640000000000e+08 2.560000000000000000e+03 4.330000000000000000e+03 3.290000000000000000e+03 4.700000000000000000e+03
1.612393560000000000e+08 2.550000000000000000e+03 4.270000000000000000e+03 3.280000000000000000e+03 4.700000000000000000e+03
1.612395640000000000e+08 2.550000000000000000e+03 4.240000000000000000e+03 3.280000000000000000e+03 4.700000000000000000e+03
1.612397720000000000e+08 2.550000000000000000e+03 4.210000000000000000e+03 3.280000000000000000e+03 4.700000000000000000e+03
1.612399800000000000e+08 2.550000000000000000e+03 4.200000000000000000e+03 3.280000000000000000e+03 4.700000000000000000e+03
1.612401880000000000e+08 2.550000000000000000e+03 4.220000000000000000e+03 3.280000000000000000e+03 4.690000000000000000e+03
1.612403960000000000e+08 2.550000000000000000e+03 4.400000000000000000e+03 3.280000000000000000e+03 4.690000000000000000e+03
1.612406040000000000e+08 2.550000000000000000e+03 4.440000000000000000e+03 3.290000000000000000e+03 4.690000000000000000e+03
1.612408120000000000e+08 2.550000000000000000e+03 4.420000000000000000e+03 3.290000000000000000e+03 4.690000000000000000e+03
1.612410200000000000e+08 2.550000000000000000e+03 4.410000000000000000e+03 3.290000000000000000e+03 4.700000000000000000e+03
1.612412280000000000e+08 2.550000000000000000e+03 4.450000000000000000e+03 3.300000000000000000e+03 4.700000000000000000e+03
1.612414350000000000e+08 2.550000000000000000e+03 4.430000000000000000e+03 3.290000000000000000e+03 4.700000000000000000e+03
1.612416440000000000e+08 2.550000000000000000e+03 4.420000000000000000e+03 3.290000000000000000e+03 4.690000000000000000e+03
1.612418520000000000e+08 2.540000000000000000e+03 4.410000000000000000e+03 3.280000000000000000e+03 4.690000000000000000e+03
