1.614012460000000000e+08 2.990000000000000000e+03 4.490000000000000000e+03 2.830000000000000000e+03 4.410000000000000000e+03
1.614014540000000000e+08 2.990000000000000000e+03 4.470000000000000000e+03 2.830000000000000000e+03 4.410000000000000000e+03
1.614016620000000000e+08 2.990000000000000000e+03 4.460000000000000000e+03 2.840000000000000000e+03 4.410000000000000000e+03
1.614018700000000000e+08 2.990000000000000000e+03 4.450000000000000000e+03 2.830000000000000000e+03 4.410000000000000000e+03
1.614020780000000000e+08 2.980000000000000000e+03 4.440000000000000000e+03 2.830000000000000000e+03 4.400000000000000000e+03
1.614022850000000000e+08 2.980000000000000000e+03 4.450000000000000000e+03 2.840000000000000000e+03 4.410000000000000000e+03
1.614024930000000000e+08 2.970000000000000000e+03 4.440000000000000000e+03 2.840000000000000000e+03 4.400000000000000000e+03
1.614027010000000000e+08 2.970000000000000000e+03 4.430000000000000000e+03 2.840000000000000000e+03 4.400000000000000000e+03
1.614029090000000000e+08 2.970000000000000000e+03 4.430000000000000000e+03 2.840000000000000000e+03 4.400000000000000000e+03
1.614031170000000000e+08 2.970000000000000000e+03 4.450000000000000000e+03 2.830000000000000000e+03 4.410000000000000000e+03
1.614033250000000000e+08 2.970000000000000000e+03 4.460000000000000000e+03 2.840000000000000000e+03 4.410000000000000000e+03
1.614035330000000000e+08 2.970000000000000000e+03 4.480000000000000000e+03 2.850000000000000000e+03 4.400000000000000000e+03
1.614037410000000000e+08 2.970000000000000000e+03 4.480000000000000000e+03 2.840000000000000000e+03 4.400000000000000000e+03
1.614039500000000000e+08 2.980000000000000000e+03 4.480000000000000000e+03 2.850000000000000000e+03 4.400000000000000000e+03
1.614041580000000000e+08 2.970000000000000000e+03 4.480000000000000000e+03 2.850000000000000000e+03 4.400000000000000000e+03
1.614043650000000000e+08 2.980000000000000000e+03 4.480000000000000000e+03 2.850000000000000000e+03 4.400000000000000000e+03
1.614045730000000000e+08 2.980000000000000000e+03 4.490000000000000000e+03 2.840000000000000000e+03 4.400000000000000000e+03
1.614047650000000000e+08 2.980000000000000000e+03 4.510000000000000000e+03 2.850000000000000000e+03 4.410000000000000000e+03
1.614049730000000000e+08 2.970000000000000000e+03 4.540000000000000000e+03 2.850000000000000000e+03 4.400000000000000000e+03
1.614051810000000000e+08 2.970000000000000000e+03 4.560000000000000000e+03 2.850000000000000000e+03 4.400000000000000000e+03
1.614053890000000000e+08 2.970000000000000000e+03 4.560000000000000000e+03 2.850000000000000000e+03 4.390000000000000000e+03
1.614055970000000000e+08 2.980000000000000000e+03 4.560000000000000000e+03 2.850000000000000000e+03 4.390000000000000000e+03
1.614058050000000000e+08 2.980000000000000000e+03 4.550000000000000000e+03 2.840000000000000000e+03 4.400000000000000000e+03
1.614060130000000000e+08 2.980000000000000000e+03 4.550000000000000000e+03 2.850000000000000000e+03 4.400000000000000000e+03
1.614062210000000000e+08 2.980000000000000000e+03 4.550000000000000000e+03 2.850000000000000000e+03 4.410000000000000000e+03
1.614064290000000000e+08 2.990000000000000000e+03 4.560000000000000000e+03 2.840000000000000000e+03 4.400000000000000000e+03
1.614066370000000000e+08 3.000000000000000000e+03 4.560000000000000000e+03 2.850000000000000000e+03 4.400000000000000000e+03
1.614068450000000000e+08 3.000000000000000000e+03 4.550000000000000000e+03 2.850000000000000000e+03 4.400000000000000000e+03
1.614070530000000000e+08 3.000000000000000000e+03 4.580000000000000000e+03 2.840000000000000000e+03 4.400000000000000000e+03
1.614072630000000000e+08 2.990000000000000000e+03 4.640000000000000000e+03 2.840000000000000000e+03 4.400000000000000000e+03
1.614074690000000000e+08 2.980000000000000000e+03 4.600000000000000000e+03 2.840000000000000000e+03 4.400000000000000000e+03
1.614076770000000000e+08 2.990000000000000000e+03 4.540000000000000000e+03 2.840000000000000000e+03 4.400000000000000000e+03
1.614078850000000000e+08 3.000000000000000000e+03 4.560000000000000000e+03 2.840000000000000000e+03 4.410000000000000000e+03
1.614080770000000000e+08 2.990000000000000000e+03 4.550000000000000000e+03 2.850000000000000000e+03 4.400000000000000000e+03
1.614082850000000000e+08 2.980000000000000000e+03 4.520000000000000000e+03 2.850000000000000000e+03 4.400000000000000000e+03
1.614084930000000000e+08 2.980000000000000000e+03 4.510000000000000000e+03 2.850000000000000000e+03 4.400000000000000000e+03
1.614087010000000000e+08 2.980000000000000000e+03 4.510000000000000000e+03 2.850000000000000000e+03 4.400000000000000000e+03
1.614089090000000000e+08 2.970000000000000000e+03 4.540000000000000000e+03 2.840000000000000000e+03 4.410000000000000000e+03
1.614091170000000000e+08 2.970000000000000000e+03 4.540000000000000000e+03 2.830000000000000000e+03 4.410000000000000000e+03
1.614093250000000000e+08 2.990000000000000000e+03 4.540000000000000000e+03 2.830000000000000000e+03 4.400000000000000000e+03
1.614095330000000000e+08 2.990000000000000000e+03 4.510000000000000000e+03 2.830000000000000000e+03 4.400000000000000000e+03
1.614097410000000000e+08 3.000000000000000000e+03 4.530000000000000000e+03 2.840000000000000000e+03 4.410000000000000000e+03
1.614099490000000000e+08 3.000000000000000000e+03 4.530000000000000000e+03 2.840000000000000000e+03 4.410000000000000000e+03
1.614101560000000000e+08 2.990000000000000000e+03 4.540000000000000000e+03 2.840000000000000000e+03 4.410000000000000000e+03
1.614103650000000000e+08 3.000000000000000000e+03 4.570000000000000000e+03 2.840000000000000000e+03 4.420000000000000000e+03
1.614105720000000000e+08 2.990000000000000000e+03 4.600000000000000000e+03 2.840000000000000000e+03 4.420000000000000000e+03
1.614107800000000000e+08 2.990000000000000000e+03 4.600000000000000000e+03 2.830000000000000000e+03 4.410000000000000000e+03
1.614109880000000000e+08 3.000000000000000000e+03 4.570000000000000000e+03 2.830000000000000000e+03 4.410000000000000000e+03
1.614111960000000000e+08 3.000000000000000000e+03 4.550000000000000000e+03 2.840000000000000000e+03 4.420000000000000000e+03
1.614114040000000000e+08 3.010000000000000000e+03 4.550000000000000000e+03 2.840000000000000000e+03 4.420000000000000000e+03
1.614115960000000000e+08 2.990000000000000000e+03 4.560000000000000000e+03 2.840000000000000000e+03 4.420000000000000000e+03
1.614118040000000000e+08 3.000000000000000000e+03 4.570000000000000000e+03 2.840000000000000000e+03 4.420000000000000000e+03
1.614120120000000000e+08 3.000000000000000000e+03 4.580000000000000000e+03 2.840000000000000000e+03 4.420000000000000000e+03
1.614122200000000000e+08 3.000000000000000000e+03 4.610000000000000000e+03 2.840000000000000000e+03 4.410000000000000000e+03
1.614124280000000000e+08 3.000000000000000000e+03 4.620000000000000000e+03 2.830000000000000000e+03 4.410000000000000000e+03
1.614126360000000000e+08 3.000000000000000000e+03 4.580000000000000000e+03 2.850000000000000000e+03 4.410000000000000000e+03
1.614128440000000000e+08 2.980000000000000000e+03 4.600000000000000000e+03 2.840000000000000000e+03 4.400000000000000000e+03
1.614130520000000000e+08 2.990000000000000000e+03 4.630000000000000000e+03 2.840000000000000000e+03 4.410000000000000000e+03
1.614132600000000000e+08 2.980000000000000000e+03 4.660000000000000000e+03 2.850000000000000000e+03 4.420000000000000000e+03
1.614134680000000000e+08 2.980000000000000000e+03 4.650000000000000000e+03 2.850000000000000000e+03 4.420000000000000000e+03
1.614136760000000000e+08 2.980000000000000000e+03 4.640000000000000000e+03 2.850000000000000000e+03 4.410000000000000000e+03
1.614138840000000000e+08 2.980000000000000000e+03 4.640000000000000000e+03 2.850000000000000000e+03 4.410000000000000000e+03
1.614140920000000000e+08 2.970000000000000000e+03 4.640000000000000000e+03 2.840000000000000000e+03 4.410000000000000000e+03
1.614142990000000000e+08 2.980000000000000000e+03 4.650000000000000000e+03 2.830000000000000000e+03 4.400000000000000000e+03
1.614145080000000000e+08 2.970000000000000000e+03 4.650000000000000000e+03 2.840000000000000000e+03 4.400000000000000000e+03
1.614147160000000000e+08 2.970000000000000000e+03 4.680000000000000000e+03 2.830000000000000000e+03 4.400000000000000000e+03
1.614149080000000000e+08 2.960000000000000000e+03 4.740000000000000000e+03 2.840000000000000000e+03 4.410000000000000000e+03
1.614151160000000000e+08 2.980000000000000000e+03 4.750000000000000000e+03 2.840000000000000000e+03 4.410000000000000000e+03
1.614153240000000000e+08 2.970000000000000000e+03 4.960000000000000000e+03 2.840000000000000000e+03 4.420000000000000000e+03
1.614155320000000000e+08 2.970000000000000000e+03 4.970000000000000000e+03 2.840000000000000000e+03 4.420000000000000000e+03
1.614167790000000000e+08 2.990000000000000000e+03 4.950000000000000000e+03 2.840000000000000000e+03 4.400000000000000000e+03
1.614169870000000000e+08 2.990000000000000000e+03 4.810000000000000000e+03 2.830000000000000000e+03 4.400000000000000000e+03
1.614171950000000000e+08 3.000000000000000000e+03 4.720000000000000000e+03 2.830000000000000000e+03 4.400000000000000000e+03
1.614174030000000000e+08 3.000000000000000000e+03 4.670000000000000000e+03 2.830000000000000000e+03 4.400000000000000000e+03
1.614176110000000000e+08 3.000000000000000000e+03 4.640000000000000000e+03 2.830000000000000000e+03 4.410000000000000000e+03
1.614178190000000000e+08 3.000000000000000000e+03 4.640000000000000000e+03 2.840000000000000000e+03 4.410000000000000000e+03
1.614180270000000000e+08 2.990000000000000000e+03 4.630000000000000000e+03 2.850000000000000000e+03 4.400000000000000000e+03
1.614182180000000000e+08 3.000000000000000000e+03 4.630000000000000000e+03 2.850000000000000000e+03 4.400000000000000000e+03
1.614184270000000000e+08 2.980000000000000000e+03 4.640000000000000000e+03 2.840000000000000000e+03 4.400000000000000000e+03
1.614186350000000000e+08 2.980000000000000000e+03 4.650000000000000000e+03 2.840000000000000000e+03 4.400000000000000000e+03
1.614188430000000000e+08 2.990000000000000000e+03 4.640000000000000000e+03 2.840000000000000000e+03 4.400000000000000000e+03
1.614190510000000000e+08 2.980000000000000000e+03 4.620000000000000000e+03 2.840000000000000000e+03 4.400000000000000000e+03
1.614192590000000000e+08 2.980000000000000000e+03 4.600000000000000000e+03 2.840000000000000000e+03 4.400000000000000000e+03
1.614194670000000000e+08 2.970000000000000000e+03 4.600000000000000000e+03 2.850000000000000000e+03 4.400000000000000000e+03
1.614196750000000000e+08 2.970000000000000000e+03 4.600000000000000000e+03 2.850000000000000000e+03 4.400000000000000000e+03
1.614198820000000000e+08 2.960000000000000000e+03 4.610000000000000000e+03 2.840000000000000000e+03 4.400000000000000000e+03
1.614200910000000000e+08 2.970000000000000000e+03 4.620000000000000000e+03 2.840000000000000000e+03 4.400000000000000000e+03
1.614202990000000000e+08 2.980000000000000000e+03 4.610000000000000000e+03 2.840000000000000000e+03 4.400000000000000000e+03
1.614205070000000000e+08 2.970000000000000000e+03 4.610000000000000000e+03 2.830000000000000000e+03 4.400000000000000000e+03
1.614207150000000000e+08 2.980000000000000000e+03 4.600000000000000000e+03 2.830000000000000000e+03 4.400000000000000000e+03
1.614209230000000000e+08 2.980000000000000000e+03 4.600000000000000000e+03 2.840000000000000000e+03 4.410000000000000000e+03
1.614211310000000000e+08 2.990000000000000000e+03 4.600000000000000000e+03 2.840000000000000000e+03 4.410000000000000000e+03
1.614213390000000000e+08 2.990000000000000000e+03 4.580000000000000000e+03 2.850000000000000000e+03 4.410000000000000000e+03
1.614215470000000000e+08 3.000000000000000000e+03 4.560000000000000000e+03 2.840000000000000000e+03 4.410000000000000000e+03
1.614217390000000000e+08 3.000000000000000000e+03 4.540000000000000000e+03 2.840000000000000000e+03 4.420000000000000000e+03
1.614219470000000000e+08 2.980000000000000000e+03 4.540000000000000000e+03 2.830000000000000000e+03 4.410000000000000000e+03
1.614221540000000000e+08 2.990000000000000000e+03 4.520000000000000000e+03 2.840000000000000000e+03 4.410000000000000000e+03
1.614223620000000000e+08 3.000000000000000000e+03 4.520000000000000000e+03 2.840000000000000000e+03 4.410000000000000000e+03
1.614225720000000000e+08 3.000000000000000000e+03 4.520000000000000000e+03 2.830000000000000000e+03 4.410000000000000000e+03
1.614227780000000000e+08 2.980000000000000000e+03 4.530000000000000000e+03 2.840000000000000000e+03 4.410000000000000000e+03
1.614304730000000000e+08 3.570000000000000000e+03 4.350000000000000000e+03 2.840000000000000000e+03 4.400000000000000000e+03
1.614306650000000000e+08 3.590000000000000000e+03 4.350000000000000000e+03 2.830000000000000000e+03 4.400000000000000000e+03
1.614308730000000000e+08 3.570000000000000000e+03 4.350000000000000000e+03 2.830000000000000000e+03 4.410000000000000000e+03
1.614310810000000000e+08 3.500000000000000000e+03 4.350000000000000000e+03 2.830000000000000000e+03 4.420000000000000000e+03
1.614312890000000000e+08 3.440000000000000000e+03 4.350000000000000000e+03 2.840000000000000000e+03 4.420000000000000000e+03
1.614314970000000000e+08 3.390000000000000000e+03 4.340000000000000000e+03 2.840000000000000000e+03 4.420000000000000000e+03
1.614317040000000000e+08 3.370000000000000000e+03 4.340000000000000000e+03 2.840000000000000000e+03 4.420000000000000000e+03
1.614319120000000000e+08 3.370000000000000000e+03 4.340000000000000000e+03 2.840000000000000000e+03 4.420000000000000000e+03
1.614321200000000000e+08 3.360000000000000000e+03 4.340000000000000000e+03 2.840000000000000000e+03 4.420000000000000000e+03
1.614323290000000000e+08 3.360000000000000000e+03 4.340000000000000000e+03 2.830000000000000000e+03 4.420000000000000000e+03
1.614325370000000000e+08 3.360000000000000000e+03 4.340000000000000000e+03 2.830000000000000000e+03 4.410000000000000000e+03
1.614327440000000000e+08 3.410000000000000000e+03 4.340000000000000000e+03 2.840000000000000000e+03 4.400000000000000000e+03
1.614329530000000000e+08 3.440000000000000000e+03 4.350000000000000000e+03 2.840000000000000000e+03 4.400000000000000000e+03
1.614331600000000000e+08 3.450000000000000000e+03 4.350000000000000000e+03 2.830000000000000000e+03 4.400000000000000000e+03
1.614333690000000000e+08 3.460000000000000000e+03 4.340000000000000000e+03 2.830000000000000000e+03 4.410000000000000000e+03
1.614335760000000000e+08 3.380000000000000000e+03 4.340000000000000000e+03 2.830000000000000000e+03 4.410000000000000000e+03
1.614337840000000000e+08 3.380000000000000000e+03 4.340000000000000000e+03 2.840000000000000000e+03 4.420000000000000000e+03
1.614339920000000000e+08 3.360000000000000000e+03 4.340000000000000000e+03 2.830000000000000000e+03 4.410000000000000000e+03
1.614342000000000000e+08 3.320000000000000000e+03 4.350000000000000000e+03 2.840000000000000000e+03 4.400000000000000000e+03
1.614344080000000000e+08 3.280000000000000000e+03 4.350000000000000000e+03 2.840000000000000000e+03 4.410000000000000000e+03
1.614346160000000000e+08 3.290000000000000000e+03 4.360000000000000000e+03 2.830000000000000000e+03 4.410000000000000000e+03
1.614348240000000000e+08 3.310000000000000000e+03 4.350000000000000000e+03 2.840000000000000000e+03 4.410000000000000000e+03
1.614350320000000000e+08 3.330000000000000000e+03 4.340000000000000000e+03 2.840000000000000000e+03 4.410000000000000000e+03
1.614352400000000000e+08 3.340000000000000000e+03 4.340000000000000000e+03 2.830000000000000000e+03 4.410000000000000000e+03
1.614354480000000000e+08 3.360000000000000000e+03 4.340000000000000000e+03 2.840000000000000000e+03 4.410000000000000000e+03
1.614356560000000000e+08 3.340000000000000000e+03 4.350000000000000000e+03 2.840000000000000000e+03 4.410000000000000000e+03
1.614358640000000000e+08 3.340000000000000000e+03 4.350000000000000000e+03 2.840000000000000000e+03 4.400000000000000000e+03
1.614360720000000000e+08 3.370000000000000000e+03 4.350000000000000000e+03 2.840000000000000000e+03 4.400000000000000000e+03
1.614362800000000000e+08 3.380000000000000000e+03 4.350000000000000000e+03 2.830000000000000000e+03 4.400000000000000000e+03
1.614364880000000000e+08 3.410000000000000000e+03 4.360000000000000000e+03 2.830000000000000000e+03 4.400000000000000000e+03
1.614366960000000000e+08 3.410000000000000000e+03 4.350000000000000000e+03 2.830000000000000000e+03 4.400000000000000000e+03
1.614369040000000000e+08 3.410000000000000000e+03 4.340000000000000000e+03 2.840000000000000000e+03 4.400000000000000000e+03
1.614371120000000000e+08 3.420000000000000000e+03 4.340000000000000000e+03 2.850000000000000000e+03 4.400000000000000000e+03
1.614373200000000000e+08 3.510000000000000000e+03 4.340000000000000000e+03 2.850000000000000000e+03 4.400000000000000000e+03
1.614375280000000000e+08 3.570000000000000000e+03 4.350000000000000000e+03 2.840000000000000000e+03 4.400000000000000000e+03
1.614377200000000000e+08 3.580000000000000000e+03 4.350000000000000000e+03 2.840000000000000000e+03 4.410000000000000000e+03
1.614379280000000000e+08 3.570000000000000000e+03 4.340000000000000000e+03 2.840000000000000000e+03 4.410000000000000000e+03
1.614381350000000000e+08 3.560000000000000000e+03 4.340000000000000000e+03 2.840000000000000000e+03 4.420000000000000000e+03
1.614383430000000000e+08 3.550000000000000000e+03 4.350000000000000000e+03 2.840000000000000000e+03 4.420000000000000000e+03
1.614385520000000000e+08 3.490000000000000000e+03 4.340000000000000000e+03 2.840000000000000000e+03 4.420000000000000000e+03
1.614387590000000000e+08 3.410000000000000000e+03 4.340000000000000000e+03 2.840000000000000000e+03 4.420000000000000000e+03
1.614389680000000000e+08 3.340000000000000000e+03 4.340000000000000000e+03 2.850000000000000000e+03 4.410000000000000000e+03
1.614391750000000000e+08 3.310000000000000000e+03 4.340000000000000000e+03 2.850000000000000000e+03 4.410000000000000000e+03
1.614393830000000000e+08 3.270000000000000000e+03 4.350000000000000000e+03 2.850000000000000000e+03 4.400000000000000000e+03
1.614395910000000000e+08 3.320000000000000000e+03 4.350000000000000000e+03 2.840000000000000000e+03 4.400000000000000000e+03
1.614397990000000000e+08 3.440000000000000000e+03 4.350000000000000000e+03 2.840000000000000000e+03 4.400000000000000000e+03
1.614400070000000000e+08 3.510000000000000000e+03 4.350000000000000000e+03 2.840000000000000000e+03 4.400000000000000000e+03
1.614402150000000000e+08 3.590000000000000000e+03 4.350000000000000000e+03 2.830000000000000000e+03 4.400000000000000000e+03
1.614404230000000000e+08 3.550000000000000000e+03 4.340000000000000000e+03 2.840000000000000000e+03 4.410000000000000000e+03
1.614406310000000000e+08 3.590000000000000000e+03 4.340000000000000000e+03 2.850000000000000000e+03 4.420000000000000000e+03
1.614408390000000000e+08 3.630000000000000000e+03 4.340000000000000000e+03 2.850000000000000000e+03 4.420000000000000000e+03
1.614410470000000000e+08 3.650000000000000000e+03 4.340000000000000000e+03 2.850000000000000000e+03 4.420000000000000000e+03
1.614412550000000000e+08 3.640000000000000000e+03 4.340000000000000000e+03 2.850000000000000000e+03 4.420000000000000000e+03
1.614414630000000000e+08 3.570000000000000000e+03 4.350000000000000000e+03 2.850000000000000000e+03 4.420000000000000000e+03
1.614416710000000000e+08 3.510000000000000000e+03 4.340000000000000000e+03 2.840000000000000000e+03 4.420000000000000000e+03
1.614418630000000000e+08 3.450000000000000000e+03 4.340000000000000000e+03 2.840000000000000000e+03 4.410000000000000000e+03
1.614420710000000000e+08 3.370000000000000000e+03 4.340000000000000000e+03 2.840000000000000000e+03 4.420000000000000000e+03
1.614422790000000000e+08 3.310000000000000000e+03 4.340000000000000000e+03 2.830000000000000000e+03 4.420000000000000000e+03
1.614424870000000000e+08 3.260000000000000000e+03 4.340000000000000000e+03 2.840000000000000000e+03 4.420000000000000000e+03
1.614426950000000000e+08 3.220000000000000000e+03 4.340000000000000000e+03 2.850000000000000000e+03 4.410000000000000000e+03
1.614429020000000000e+08 3.220000000000000000e+03 4.350000000000000000e+03 2.860000000000000000e+03 4.400000000000000000e+03
1.614431110000000000e+08 3.190000000000000000e+03 4.350000000000000000e+03 2.860000000000000000e+03 4.400000000000000000e+03
1.614433190000000000e+08 3.170000000000000000e+03 4.350000000000000000e+03 2.860000000000000000e+03 4.410000000000000000e+03
1.614435270000000000e+08 3.140000000000000000e+03 4.350000000000000000e+03 2.860000000000000000e+03 4.410000000000000000e+03
1.614437350000000000e+08 3.140000000000000000e+03 4.340000000000000000e+03 2.860000000000000000e+03 4.410000000000000000e+03
1.614439430000000000e+08 3.150000000000000000e+03 4.350000000000000000e+03 2.850000000000000000e+03 4.400000000000000000e+03
1.614441510000000000e+08 3.180000000000000000e+03 4.350000000000000000e+03 2.840000000000000000e+03 4.400000000000000000e+03
1.614443640000000000e+08 3.200000000000000000e+03 4.350000000000000000e+03 2.850000000000000000e+03 4.400000000000000000e+03
1.614445660000000000e+08 3.210000000000000000e+03 4.340000000000000000e+03 2.850000000000000000e+03 4.400000000000000000e+03
1.614447750000000000e+08 3.210000000000000000e+03 4.340000000000000000e+03 2.850000000000000000e+03 4.400000000000000000e+03
1.614449820000000000e+08 3.210000000000000000e+03 4.340000000000000000e+03 2.840000000000000000e+03 4.400000000000000000e+03
1.614451900000000000e+08 3.190000000000000000e+03 4.350000000000000000e+03 2.830000000000000000e+03 4.410000000000000000e+03
1.614453980000000000e+08 3.200000000000000000e+03 4.350000000000000000e+03 2.830000000000000000e+03 4.410000000000000000e+03
1.614456060000000000e+08 3.210000000000000000e+03 4.340000000000000000e+03 2.830000000000000000e+03 4.410000000000000000e+03
1.614458140000000000e+08 3.240000000000000000e+03 4.340000000000000000e+03 2.840000000000000000e+03 4.410000000000000000e+03
1.614460220000000000e+08 3.260000000000000000e+03 4.340000000000000000e+03 2.830000000000000000e+03 4.400000000000000000e+03
1.614462300000000000e+08 3.290000000000000000e+03 4.340000000000000000e+03 2.840000000000000000e+03 4.400000000000000000e+03
1.614464380000000000e+08 3.290000000000000000e+03 4.340000000000000000e+03 2.830000000000000000e+03 4.400000000000000000e+03
1.614466460000000000e+08 3.320000000000000000e+03 4.350000000000000000e+03 2.830000000000000000e+03 4.400000000000000000e+03
1.614468540000000000e+08 3.320000000000000000e+03 4.350000000000000000e+03 2.840000000000000000e+03 4.400000000000000000e+03
1.614470620000000000e+08 3.320000000000000000e+03 4.350000000000000000e+03 2.850000000000000000e+03 4.400000000000000000e+03
1.614472700000000000e+08 3.310000000000000000e+03 4.360000000000000000e+03 2.850000000000000000e+03 4.400000000000000000e+03
1.614474780000000000e+08 3.310000000000000000e+03 4.350000000000000000e+03 2.850000000000000000e+03 4.400000000000000000e+03
1.614476860000000000e+08 3.320000000000000000e+03 4.350000000000000000e+03 2.850000000000000000e+03 4.400000000000000000e+03
1.614478940000000000e+08 3.320000000000000000e+03 4.360000000000000000e+03 2.850000000000000000e+03 4.400000000000000000e+03
1.614481020000000000e+08 3.330000000000000000e+03 4.350000000000000000e+03 2.850000000000000000e+03 4.400000000000000000e+03
1.614483100000000000e+08 3.290000000000000000e+03 4.350000000000000000e+03 2.850000000000000000e+03 4.400000000000000000e+03
1.614485180000000000e+08 3.260000000000000000e+03 4.340000000000000000e+03 2.840000000000000000e+03 4.400000000000000000e+03
1.614487260000000000e+08 3.260000000000000000e+03 4.340000000000000000e+03 2.840000000000000000e+03 4.400000000000000000e+03
1.614489340000000000e+08 3.260000000000000000e+03 4.340000000000000000e+03 2.840000000000000000e+03 4.410000000000000000e+03
1.614491420000000000e+08 3.250000000000000000e+03 4.340000000000000000e+03 2.850000000000000000e+03 4.410000000000000000e+03
1.614493500000000000e+08 3.250000000000000000e+03 4.340000000000000000e+03 2.850000000000000000e+03 4.410000000000000000e+03
1.614495580000000000e+08 3.230000000000000000e+03 4.340000000000000000e+03 2.850000000000000000e+03 4.420000000000000000e+03
1.614497660000000000e+08 3.230000000000000000e+03 4.340000000000000000e+03 2.850000000000000000e+03 4.420000000000000000e+03
1.614499730000000000e+08 3.230000000000000000e+03 4.340000000000000000e+03 2.850000000000000000e+03 4.420000000000000000e+03
1.614501970000000000e+08 3.230000000000000000e+03 4.340000000000000000e+03 2.850000000000000000e+03 4.420000000000000000e+03
1.614503890000000000e+08 3.250000000000000000e+03 4.340000000000000000e+03 2.840000000000000000e+03 4.410000000000000000e+03
1.614505980000000000e+08 3.270000000000000000e+03 4.340000000000000000e+03 2.840000000000000000e+03 4.400000000000000000e+03
1.614508050000000000e+08 3.250000000000000000e+03 4.330000000000000000e+03 2.840000000000000000e+03 4.390000000000000000e+03
1.614510130000000000e+08 3.250000000000000000e+03 4.340000000000000000e+03 2.840000000000000000e+03 4.390000000000000000e+03
1.614512210000000000e+08 3.270000000000000000e+03 4.340000000000000000e+03 2.840000000000000000e+03 4.390000000000000000e+03
1.614514290000000000e+08 3.280000000000000000e+03 4.340000000000000000e+03 2.840000000000000000e+03 4.390000000000000000e+03
1.614516360000000000e+08 3.290000000000000000e+03 4.340000000000000000e+03 2.840000000000000000e+03 4.390000000000000000e+03
1.614518450000000000e+08 3.270000000000000000e+03 4.340000000000000000e+03 2.850000000000000000e+03 4.390000000000000000e+03
1.614522610000000000e+08 3.370000000000000000e+03 4.340000000000000000e+03 2.830000000000000000e+03 4.390000000000000000e+03
1.614524690000000000e+08 3.330000000000000000e+03 4.340000000000000000e+03 2.840000000000000000e+03 4.390000000000000000e+03
1.614526770000000000e+08 3.280000000000000000e+03 4.340000000000000000e+03 2.840000000000000000e+03 4.390000000000000000e+03
1.614528850000000000e+08 3.240000000000000000e+03 4.340000000000000000e+03 2.830000000000000000e+03 4.390000000000000000e+03
1.614530930000000000e+08 3.200000000000000000e+03 4.340000000000000000e+03 2.840000000000000000e+03 4.390000000000000000e+03
1.614533010000000000e+08 3.190000000000000000e+03 4.340000000000000000e+03 2.850000000000000000e+03 4.400000000000000000e+03
1.614535090000000000e+08 3.190000000000000000e+03 4.340000000000000000e+03 2.850000000000000000e+03 4.400000000000000000e+03
1.614537160000000000e+08 3.200000000000000000e+03 4.340000000000000000e+03 2.850000000000000000e+03 4.400000000000000000e+03
1.614539250000000000e+08 3.250000000000000000e+03 4.340000000000000000e+03 2.840000000000000000e+03 4.400000000000000000e+03
1.614541330000000000e+08 3.270000000000000000e+03 4.340000000000000000e+03 2.850000000000000000e+03 4.410000000000000000e+03
1.614543410000000000e+08 3.280000000000000000e+03 4.340000000000000000e+03 2.850000000000000000e+03 4.400000000000000000e+03
1.614545480000000000e+08 3.260000000000000000e+03 4.350000000000000000e+03 2.850000000000000000e+03 4.400000000000000000e+03
1.614547570000000000e+08 3.250000000000000000e+03 4.340000000000000000e+03 2.850000000000000000e+03 4.410000000000000000e+03
1.614549640000000000e+08 3.250000000000000000e+03 4.350000000000000000e+03 2.840000000000000000e+03 4.410000000000000000e+03
1.614551720000000000e+08 3.300000000000000000e+03 4.350000000000000000e+03 2.830000000000000000e+03 4.410000000000000000e+03
1.614553810000000000e+08 3.330000000000000000e+03 4.340000000000000000e+03 2.830000000000000000e+03 4.420000000000000000e+03
1.614555890000000000e+08 3.330000000000000000e+03 4.340000000000000000e+03 2.830000000000000000e+03 4.410000000000000000e+03
1.614557970000000000e+08 3.330000000000000000e+03 4.340000000000000000e+03 2.840000000000000000e+03 4.410000000000000000e+03
1.614560050000000000e+08 3.330000000000000000e+03 4.340000000000000000e+03 2.840000000000000000e+03 4.410000000000000000e+03
1.614562130000000000e+08 3.300000000000000000e+03 4.340000000000000000e+03 2.830000000000000000e+03 4.400000000000000000e+03
1.614564640000000000e+08 3.290000000000000000e+03 4.340000000000000000e+03 2.840000000000000000e+03 4.400000000000000000e+03
1.614566280000000000e+08 3.320000000000000000e+03 4.340000000000000000e+03 2.840000000000000000e+03 4.400000000000000000e+03
1.614568360000000000e+08 3.280000000000000000e+03 4.350000000000000000e+03 2.840000000000000000e+03 4.400000000000000000e+03
