1.619535680000000000e+08 4.500000000000000000e+03 5.330000000000000000e+03 1.640000000000000000e+03 3.700000000000000000e+03
1.619537770000000000e+08 4.540000000000000000e+03 5.330000000000000000e+03 1.640000000000000000e+03 3.710000000000000000e+03
1.619539850000000000e+08 4.560000000000000000e+03 5.340000000000000000e+03 1.640000000000000000e+03 3.710000000000000000e+03
1.619541930000000000e+08 4.600000000000000000e+03 5.330000000000000000e+03 1.640000000000000000e+03 3.710000000000000000e+03
1.619544000000000000e+08 4.610000000000000000e+03 5.330000000000000000e+03 1.650000000000000000e+03 3.700000000000000000e+03
1.619546080000000000e+08 4.580000000000000000e+03 5.330000000000000000e+03 1.660000000000000000e+03 3.690000000000000000e+03
1.619548170000000000e+08 4.580000000000000000e+03 5.340000000000000000e+03 1.660000000000000000e+03 3.690000000000000000e+03
1.619550240000000000e+08 4.600000000000000000e+03 5.330000000000000000e+03 1.650000000000000000e+03 3.700000000000000000e+03
1.619552480000000000e+08 4.610000000000000000e+03 5.330000000000000000e+03 1.650000000000000000e+03 3.710000000000000000e+03
1.619554560000000000e+08 4.620000000000000000e+03 5.340000000000000000e+03 1.650000000000000000e+03 3.710000000000000000e+03
1.619556640000000000e+08 4.630000000000000000e+03 5.340000000000000000e+03 1.650000000000000000e+03 3.710000000000000000e+03
1.619558730000000000e+08 4.640000000000000000e+03 5.350000000000000000e+03 1.660000000000000000e+03 3.700000000000000000e+03
1.619560810000000000e+08 4.650000000000000000e+03 5.350000000000000000e+03 1.670000000000000000e+03 3.700000000000000000e+03
1.619562880000000000e+08 4.660000000000000000e+03 5.350000000000000000e+03 1.660000000000000000e+03 3.710000000000000000e+03
1.619564960000000000e+08 4.660000000000000000e+03 5.350000000000000000e+03 1.660000000000000000e+03 3.680000000000000000e+03
1.619567040000000000e+08 4.640000000000000000e+03 5.350000000000000000e+03 1.660000000000000000e+03 3.650000000000000000e+03
1.619569120000000000e+08 4.630000000000000000e+03 5.350000000000000000e+03 1.660000000000000000e+03 3.670000000000000000e+03
1.619571200000000000e+08 4.630000000000000000e+03 5.340000000000000000e+03 1.650000000000000000e+03 3.680000000000000000e+03
1.619573280000000000e+08 4.640000000000000000e+03 5.340000000000000000e+03 1.660000000000000000e+03 3.690000000000000000e+03
1.619575360000000000e+08 4.640000000000000000e+03 5.350000000000000000e+03 1.660000000000000000e+03 3.680000000000000000e+03
1.619577440000000000e+08 4.650000000000000000e+03 5.350000000000000000e+03 1.650000000000000000e+03 3.690000000000000000e+03
1.619579520000000000e+08 4.650000000000000000e+03 5.350000000000000000e+03 1.650000000000000000e+03 3.690000000000000000e+03
1.619581600000000000e+08 4.650000000000000000e+03 5.340000000000000000e+03 1.650000000000000000e+03 3.680000000000000000e+03
1.619583680000000000e+08 4.630000000000000000e+03 5.340000000000000000e+03 1.650000000000000000e+03 3.680000000000000000e+03
1.619585920000000000e+08 4.630000000000000000e+03 5.350000000000000000e+03 1.660000000000000000e+03 3.680000000000000000e+03
1.619588000000000000e+08 4.620000000000000000e+03 5.350000000000000000e+03 1.660000000000000000e+03 3.670000000000000000e+03
1.619590080000000000e+08 4.620000000000000000e+03 5.350000000000000000e+03 1.650000000000000000e+03 3.670000000000000000e+03
1.619592160000000000e+08 4.620000000000000000e+03 5.350000000000000000e+03 1.660000000000000000e+03 3.670000000000000000e+03
1.619594240000000000e+08 4.640000000000000000e+03 5.350000000000000000e+03 1.660000000000000000e+03 3.690000000000000000e+03
1.619596310000000000e+08 4.640000000000000000e+03 5.350000000000000000e+03 1.660000000000000000e+03 3.690000000000000000e+03
1.619598400000000000e+08 4.620000000000000000e+03 5.340000000000000000e+03 1.660000000000000000e+03 3.690000000000000000e+03
1.620000480000000000e+08 4.610000000000000000e+03 5.340000000000000000e+03 1.650000000000000000e+03 3.680000000000000000e+03
1.620002560000000000e+08 4.610000000000000000e+03 5.340000000000000000e+03 1.660000000000000000e+03 3.680000000000000000e+03
1.620004630000000000e+08 4.610000000000000000e+03 5.340000000000000000e+03 1.660000000000000000e+03 3.690000000000000000e+03
1.620006720000000000e+08 4.600000000000000000e+03 5.350000000000000000e+03 1.660000000000000000e+03 3.690000000000000000e+03
1.620008790000000000e+08 4.620000000000000000e+03 5.350000000000000000e+03 1.660000000000000000e+03 3.690000000000000000e+03
1.620010870000000000e+08 4.630000000000000000e+03 5.340000000000000000e+03 1.660000000000000000e+03 3.690000000000000000e+03
1.620012940000000000e+08 4.630000000000000000e+03 5.340000000000000000e+03 1.660000000000000000e+03 3.680000000000000000e+03
1.620015030000000000e+08 4.640000000000000000e+03 5.340000000000000000e+03 1.660000000000000000e+03 3.680000000000000000e+03
1.620017100000000000e+08 4.630000000000000000e+03 5.340000000000000000e+03 1.670000000000000000e+03 3.680000000000000000e+03
1.620019190000000000e+08 4.640000000000000000e+03 5.340000000000000000e+03 1.650000000000000000e+03 3.690000000000000000e+03
1.620021270000000000e+08 4.630000000000000000e+03 5.340000000000000000e+03 1.650000000000000000e+03 3.680000000000000000e+03
1.620023350000000000e+08 4.620000000000000000e+03 5.350000000000000000e+03 1.650000000000000000e+03 3.680000000000000000e+03
1.620025590000000000e+08 4.620000000000000000e+03 5.350000000000000000e+03 1.660000000000000000e+03 3.680000000000000000e+03
1.620027680000000000e+08 4.630000000000000000e+03 5.350000000000000000e+03 1.660000000000000000e+03 3.680000000000000000e+03
1.620029750000000000e+08 4.640000000000000000e+03 5.350000000000000000e+03 1.660000000000000000e+03 3.680000000000000000e+03
1.620031830000000000e+08 4.660000000000000000e+03 5.350000000000000000e+03 1.660000000000000000e+03 3.670000000000000000e+03
1.620033910000000000e+08 4.670000000000000000e+03 5.350000000000000000e+03 1.660000000000000000e+03 3.650000000000000000e+03
1.620035990000000000e+08 4.690000000000000000e+03 5.350000000000000000e+03 1.660000000000000000e+03 3.650000000000000000e+03
1.620038070000000000e+08 4.670000000000000000e+03 5.350000000000000000e+03 1.660000000000000000e+03 3.650000000000000000e+03
1.620040150000000000e+08 4.670000000000000000e+03 5.350000000000000000e+03 1.660000000000000000e+03 3.670000000000000000e+03
1.620042230000000000e+08 4.660000000000000000e+03 5.350000000000000000e+03 1.650000000000000000e+03 3.680000000000000000e+03
1.620044310000000000e+08 4.660000000000000000e+03 5.340000000000000000e+03 1.660000000000000000e+03 3.680000000000000000e+03
1.620046390000000000e+08 4.650000000000000000e+03 5.340000000000000000e+03 1.670000000000000000e+03 3.680000000000000000e+03
1.620048470000000000e+08 4.650000000000000000e+03 5.340000000000000000e+03 1.670000000000000000e+03 3.680000000000000000e+03
1.620050550000000000e+08 4.640000000000000000e+03 5.340000000000000000e+03 1.660000000000000000e+03 3.700000000000000000e+03
1.620052630000000000e+08 4.640000000000000000e+03 5.340000000000000000e+03 1.660000000000000000e+03 3.700000000000000000e+03
1.620054710000000000e+08 4.660000000000000000e+03 5.350000000000000000e+03 1.660000000000000000e+03 3.700000000000000000e+03
1.620056790000000000e+08 4.660000000000000000e+03 5.350000000000000000e+03 1.660000000000000000e+03 3.700000000000000000e+03
1.620058870000000000e+08 4.660000000000000000e+03 5.340000000000000000e+03 1.650000000000000000e+03 3.700000000000000000e+03
1.620061110000000000e+08 4.670000000000000000e+03 5.340000000000000000e+03 1.670000000000000000e+03 3.700000000000000000e+03
1.620063180000000000e+08 4.640000000000000000e+03 5.340000000000000000e+03 1.660000000000000000e+03 3.690000000000000000e+03
1.620065260000000000e+08 4.650000000000000000e+03 5.340000000000000000e+03 1.660000000000000000e+03 3.700000000000000000e+03
1.620067340000000000e+08 4.620000000000000000e+03 5.340000000000000000e+03 1.660000000000000000e+03 3.690000000000000000e+03
1.620069420000000000e+08 4.620000000000000000e+03 5.340000000000000000e+03 1.660000000000000000e+03 3.700000000000000000e+03
1.620071500000000000e+08 4.640000000000000000e+03 5.350000000000000000e+03 1.670000000000000000e+03 3.690000000000000000e+03
1.620073580000000000e+08 4.640000000000000000e+03 5.350000000000000000e+03 1.670000000000000000e+03 3.700000000000000000e+03
1.620075660000000000e+08 4.640000000000000000e+03 5.350000000000000000e+03 1.660000000000000000e+03 3.680000000000000000e+03
1.620077740000000000e+08 4.630000000000000000e+03 5.340000000000000000e+03 1.650000000000000000e+03 3.690000000000000000e+03
1.620079820000000000e+08 4.610000000000000000e+03 5.340000000000000000e+03 1.640000000000000000e+03 3.690000000000000000e+03
1.620081900000000000e+08 4.600000000000000000e+03 5.340000000000000000e+03 1.640000000000000000e+03 3.690000000000000000e+03
1.620083980000000000e+08 4.620000000000000000e+03 5.340000000000000000e+03 1.640000000000000000e+03 3.690000000000000000e+03
1.620086060000000000e+08 4.630000000000000000e+03 5.350000000000000000e+03 1.650000000000000000e+03 3.690000000000000000e+03
1.620088140000000000e+08 4.620000000000000000e+03 5.350000000000000000e+03 1.650000000000000000e+03 3.680000000000000000e+03
1.620090210000000000e+08 4.610000000000000000e+03 5.340000000000000000e+03 1.650000000000000000e+03 3.690000000000000000e+03
1.620092290000000000e+08 4.610000000000000000e+03 5.340000000000000000e+03 1.650000000000000000e+03 3.680000000000000000e+03
1.620094540000000000e+08 4.630000000000000000e+03 5.340000000000000000e+03 1.650000000000000000e+03 3.680000000000000000e+03
1.620096610000000000e+08 4.620000000000000000e+03 5.340000000000000000e+03 1.660000000000000000e+03 3.680000000000000000e+03
1.620098700000000000e+08 4.630000000000000000e+03 5.340000000000000000e+03 1.660000000000000000e+03 3.680000000000000000e+03
1.620100780000000000e+08 4.640000000000000000e+03 5.340000000000000000e+03 1.650000000000000000e+03 3.680000000000000000e+03
1.620102850000000000e+08 4.650000000000000000e+03 5.340000000000000000e+03 1.660000000000000000e+03 3.690000000000000000e+03
1.620104940000000000e+08 4.630000000000000000e+03 5.330000000000000000e+03 1.650000000000000000e+03 3.690000000000000000e+03
1.620107020000000000e+08 4.610000000000000000e+03 5.330000000000000000e+03 1.640000000000000000e+03 3.670000000000000000e+03
1.620109100000000000e+08 4.610000000000000000e+03 5.330000000000000000e+03 1.650000000000000000e+03 3.680000000000000000e+03
1.620111180000000000e+08 4.610000000000000000e+03 5.330000000000000000e+03 1.650000000000000000e+03 3.680000000000000000e+03
1.620113250000000000e+08 4.620000000000000000e+03 5.340000000000000000e+03 1.650000000000000000e+03 3.670000000000000000e+03
1.620115330000000000e+08 4.620000000000000000e+03 5.350000000000000000e+03 1.650000000000000000e+03 3.670000000000000000e+03
1.620117410000000000e+08 4.620000000000000000e+03 5.340000000000000000e+03 1.650000000000000000e+03 3.680000000000000000e+03
1.620119490000000000e+08 4.620000000000000000e+03 5.340000000000000000e+03 1.660000000000000000e+03 3.680000000000000000e+03
1.620121570000000000e+08 4.620000000000000000e+03 5.340000000000000000e+03 1.670000000000000000e+03 3.680000000000000000e+03
1.620123650000000000e+08 4.620000000000000000e+03 5.330000000000000000e+03 1.670000000000000000e+03 3.690000000000000000e+03
1.620125740000000000e+08 4.630000000000000000e+03 5.330000000000000000e+03 1.660000000000000000e+03 3.690000000000000000e+03
1.620127970000000000e+08 4.650000000000000000e+03 5.330000000000000000e+03 1.660000000000000000e+03 3.690000000000000000e+03
1.620130050000000000e+08 4.660000000000000000e+03 5.340000000000000000e+03 1.660000000000000000e+03 3.680000000000000000e+03
1.620132130000000000e+08 4.660000000000000000e+03 5.340000000000000000e+03 1.650000000000000000e+03 3.700000000000000000e+03
1.620134210000000000e+08 4.650000000000000000e+03 5.340000000000000000e+03 1.650000000000000000e+03 3.710000000000000000e+03
1.620136290000000000e+08 4.660000000000000000e+03 5.340000000000000000e+03 1.650000000000000000e+03 3.720000000000000000e+03
1.620138370000000000e+08 4.660000000000000000e+03 5.340000000000000000e+03 1.650000000000000000e+03 3.700000000000000000e+03
1.620140460000000000e+08 4.660000000000000000e+03 5.330000000000000000e+03 1.650000000000000000e+03 3.690000000000000000e+03
1.620142530000000000e+08 4.660000000000000000e+03 5.330000000000000000e+03 1.650000000000000000e+03 3.690000000000000000e+03
1.620144610000000000e+08 4.650000000000000000e+03 5.340000000000000000e+03 1.670000000000000000e+03 3.690000000000000000e+03
1.620146690000000000e+08 4.640000000000000000e+03 5.340000000000000000e+03 1.680000000000000000e+03 3.680000000000000000e+03
1.620148770000000000e+08 4.630000000000000000e+03 5.340000000000000000e+03 1.670000000000000000e+03 3.680000000000000000e+03
1.620150840000000000e+08 4.620000000000000000e+03 5.340000000000000000e+03 1.660000000000000000e+03 3.670000000000000000e+03
1.620152930000000000e+08 4.610000000000000000e+03 5.340000000000000000e+03 1.650000000000000000e+03 3.670000000000000000e+03
1.620155010000000000e+08 4.620000000000000000e+03 5.350000000000000000e+03 1.640000000000000000e+03 3.670000000000000000e+03
1.620157090000000000e+08 4.630000000000000000e+03 5.350000000000000000e+03 1.650000000000000000e+03 3.680000000000000000e+03
1.620159170000000000e+08 4.640000000000000000e+03 5.350000000000000000e+03 1.650000000000000000e+03 3.680000000000000000e+03
1.620161410000000000e+08 4.630000000000000000e+03 5.350000000000000000e+03 1.640000000000000000e+03 3.680000000000000000e+03
1.620163550000000000e+08 4.640000000000000000e+03 5.340000000000000000e+03 1.650000000000000000e+03 3.680000000000000000e+03
1.620165570000000000e+08 4.650000000000000000e+03 5.340000000000000000e+03 1.650000000000000000e+03 3.690000000000000000e+03
1.620167780000000000e+08 4.650000000000000000e+03 5.340000000000000000e+03 1.650000000000000000e+03 3.690000000000000000e+03
1.620169730000000000e+08 4.650000000000000000e+03 5.340000000000000000e+03 1.650000000000000000e+03 3.690000000000000000e+03
1.620171810000000000e+08 4.650000000000000000e+03 5.340000000000000000e+03 1.660000000000000000e+03 3.690000000000000000e+03
1.620173880000000000e+08 4.660000000000000000e+03 5.340000000000000000e+03 1.680000000000000000e+03 3.670000000000000000e+03
1.620175970000000000e+08 4.660000000000000000e+03 5.340000000000000000e+03 1.670000000000000000e+03 3.670000000000000000e+03
1.620178050000000000e+08 4.670000000000000000e+03 5.340000000000000000e+03 1.670000000000000000e+03 3.670000000000000000e+03
1.620180120000000000e+08 4.660000000000000000e+03 5.340000000000000000e+03 1.670000000000000000e+03 3.670000000000000000e+03
1.620182200000000000e+08 4.660000000000000000e+03 5.340000000000000000e+03 1.660000000000000000e+03 3.670000000000000000e+03
1.620184280000000000e+08 4.660000000000000000e+03 5.340000000000000000e+03 1.650000000000000000e+03 3.670000000000000000e+03
1.620186360000000000e+08 4.670000000000000000e+03 5.340000000000000000e+03 1.650000000000000000e+03 3.680000000000000000e+03
1.620188440000000000e+08 4.660000000000000000e+03 5.340000000000000000e+03 1.650000000000000000e+03 3.650000000000000000e+03
1.620190630000000000e+08 4.660000000000000000e+03 5.340000000000000000e+03 1.650000000000000000e+03 3.650000000000000000e+03
1.620192760000000000e+08 4.660000000000000000e+03 5.330000000000000000e+03 1.640000000000000000e+03 3.650000000000000000e+03
1.620194840000000000e+08 4.660000000000000000e+03 5.330000000000000000e+03 1.650000000000000000e+03 3.680000000000000000e+03
1.620196920000000000e+08 4.660000000000000000e+03 5.330000000000000000e+03 1.670000000000000000e+03 3.670000000000000000e+03
1.620199000000000000e+08 4.660000000000000000e+03 5.330000000000000000e+03 1.660000000000000000e+03 3.670000000000000000e+03
1.620201070000000000e+08 4.660000000000000000e+03 5.320000000000000000e+03 1.650000000000000000e+03 3.680000000000000000e+03
1.620203160000000000e+08 4.650000000000000000e+03 5.320000000000000000e+03 1.670000000000000000e+03 3.690000000000000000e+03
1.620205240000000000e+08 4.660000000000000000e+03 5.320000000000000000e+03 1.670000000000000000e+03 3.690000000000000000e+03
1.620207320000000000e+08 4.670000000000000000e+03 5.320000000000000000e+03 1.680000000000000000e+03 3.690000000000000000e+03
1.620209400000000000e+08 4.680000000000000000e+03 5.320000000000000000e+03 1.670000000000000000e+03 3.690000000000000000e+03
1.620211470000000000e+08 4.660000000000000000e+03 5.310000000000000000e+03 1.670000000000000000e+03 3.690000000000000000e+03
1.620213560000000000e+08 4.670000000000000000e+03 5.320000000000000000e+03 1.670000000000000000e+03 3.690000000000000000e+03
1.620215640000000000e+08 4.680000000000000000e+03 5.330000000000000000e+03 1.660000000000000000e+03 3.690000000000000000e+03
1.620217720000000000e+08 4.680000000000000000e+03 5.330000000000000000e+03 1.670000000000000000e+03 3.700000000000000000e+03
1.620219790000000000e+08 4.680000000000000000e+03 5.330000000000000000e+03 1.660000000000000000e+03 3.690000000000000000e+03
1.620221870000000000e+08 4.680000000000000000e+03 5.330000000000000000e+03 1.650000000000000000e+03 3.680000000000000000e+03
1.620223960000000000e+08 4.680000000000000000e+03 5.330000000000000000e+03 1.640000000000000000e+03 3.680000000000000000e+03
1.620226200000000000e+08 4.680000000000000000e+03 5.330000000000000000e+03 1.640000000000000000e+03 3.670000000000000000e+03
1.620228280000000000e+08 4.680000000000000000e+03 5.330000000000000000e+03 1.640000000000000000e+03 3.680000000000000000e+03
1.620230360000000000e+08 4.670000000000000000e+03 5.330000000000000000e+03 1.640000000000000000e+03 3.680000000000000000e+03
1.620232440000000000e+08 4.650000000000000000e+03 5.330000000000000000e+03 1.650000000000000000e+03 3.690000000000000000e+03
1.620234530000000000e+08 4.640000000000000000e+03 5.350000000000000000e+03 1.640000000000000000e+03 3.690000000000000000e+03
1.620236590000000000e+08 4.650000000000000000e+03 5.350000000000000000e+03 1.650000000000000000e+03 3.700000000000000000e+03
1.620238670000000000e+08 4.650000000000000000e+03 5.350000000000000000e+03 1.650000000000000000e+03 3.710000000000000000e+03
1.620240750000000000e+08 4.630000000000000000e+03 5.350000000000000000e+03 1.650000000000000000e+03 3.710000000000000000e+03
1.620242830000000000e+08 4.640000000000000000e+03 5.330000000000000000e+03 1.660000000000000000e+03 3.700000000000000000e+03
1.620244920000000000e+08 4.650000000000000000e+03 5.330000000000000000e+03 1.660000000000000000e+03 3.690000000000000000e+03
1.620246990000000000e+08 4.650000000000000000e+03 5.330000000000000000e+03 1.660000000000000000e+03 3.690000000000000000e+03
1.620249080000000000e+08 4.650000000000000000e+03 5.330000000000000000e+03 1.660000000000000000e+03 3.680000000000000000e+03
1.620251150000000000e+08 4.660000000000000000e+03 5.330000000000000000e+03 1.660000000000000000e+03 3.680000000000000000e+03
1.620253230000000000e+08 4.650000000000000000e+03 5.330000000000000000e+03 1.660000000000000000e+03 3.650000000000000000e+03
1.620324100000000000e+08 4.350000000000000000e+03 5.550000000000000000e+03 1.660000000000000000e+03 3.690000000000000000e+03
1.620326180000000000e+08 4.350000000000000000e+03 5.520000000000000000e+03 1.660000000000000000e+03 3.680000000000000000e+03
1.620328260000000000e+08 4.350000000000000000e+03 5.560000000000000000e+03 1.660000000000000000e+03 3.690000000000000000e+03
1.620330330000000000e+08 4.340000000000000000e+03 5.880000000000000000e+03 1.660000000000000000e+03 3.680000000000000000e+03
1.620332260000000000e+08 4.350000000000000000e+03 5.810000000000000000e+03 1.650000000000000000e+03 3.680000000000000000e+03
1.620334340000000000e+08 4.350000000000000000e+03 5.860000000000000000e+03 1.640000000000000000e+03 3.700000000000000000e+03
1.620336420000000000e+08 4.350000000000000000e+03 5.770000000000000000e+03 1.640000000000000000e+03 3.700000000000000000e+03
1.620338500000000000e+08 4.350000000000000000e+03 5.740000000000000000e+03 1.640000000000000000e+03 3.690000000000000000e+03
1.620340570000000000e+08 4.350000000000000000e+03 5.700000000000000000e+03 1.660000000000000000e+03 3.680000000000000000e+03
1.620342650000000000e+08 4.350000000000000000e+03 5.670000000000000000e+03 1.660000000000000000e+03 3.680000000000000000e+03
1.620344730000000000e+08 4.350000000000000000e+03 5.650000000000000000e+03 1.660000000000000000e+03 3.680000000000000000e+03
1.620346820000000000e+08 4.350000000000000000e+03 5.650000000000000000e+03 1.670000000000000000e+03 3.680000000000000000e+03
1.620348890000000000e+08 4.350000000000000000e+03 5.640000000000000000e+03 1.660000000000000000e+03 3.680000000000000000e+03
1.620350970000000000e+08 4.360000000000000000e+03 5.630000000000000000e+03 1.660000000000000000e+03 3.700000000000000000e+03
1.620353050000000000e+08 4.350000000000000000e+03 5.570000000000000000e+03 1.660000000000000000e+03 3.690000000000000000e+03
1.620355130000000000e+08 4.350000000000000000e+03 5.560000000000000000e+03 1.650000000000000000e+03 3.690000000000000000e+03
1.620357210000000000e+08 4.350000000000000000e+03 5.560000000000000000e+03 1.650000000000000000e+03 3.700000000000000000e+03
1.620359290000000000e+08 4.360000000000000000e+03 5.560000000000000000e+03 1.640000000000000000e+03 3.680000000000000000e+03
1.620361360000000000e+08 4.350000000000000000e+03 5.560000000000000000e+03 1.640000000000000000e+03 3.680000000000000000e+03
1.620363450000000000e+08 4.360000000000000000e+03 5.570000000000000000e+03 1.640000000000000000e+03 3.680000000000000000e+03
1.620365370000000000e+08 4.360000000000000000e+03 5.580000000000000000e+03 1.650000000000000000e+03 3.670000000000000000e+03
1.620367450000000000e+08 4.350000000000000000e+03 5.580000000000000000e+03 1.650000000000000000e+03 3.680000000000000000e+03
1.620369530000000000e+08 4.350000000000000000e+03 5.570000000000000000e+03 1.650000000000000000e+03 3.680000000000000000e+03
1.620371610000000000e+08 4.360000000000000000e+03 5.570000000000000000e+03 1.650000000000000000e+03 3.680000000000000000e+03
1.620373690000000000e+08 4.360000000000000000e+03 5.570000000000000000e+03 1.650000000000000000e+03 3.680000000000000000e+03
1.620375760000000000e+08 4.350000000000000000e+03 5.600000000000000000e+03 1.650000000000000000e+03 3.680000000000000000e+03
1.620377850000000000e+08 4.350000000000000000e+03 5.600000000000000000e+03 1.650000000000000000e+03 3.680000000000000000e+03
1.620379930000000000e+08 4.350000000000000000e+03 5.780000000000000000e+03 1.640000000000000000e+03 3.670000000000000000e+03
1.620382010000000000e+08 4.350000000000000000e+03 5.790000000000000000e+03 1.650000000000000000e+03 3.650000000000000000e+03
1.620384090000000000e+08 4.350000000000000000e+03 5.730000000000000000e+03 1.660000000000000000e+03 3.680000000000000000e+03
1.620386170000000000e+08 4.350000000000000000e+03 5.720000000000000000e+03 1.650000000000000000e+03 3.690000000000000000e+03
1.620388250000000000e+08 4.350000000000000000e+03 5.730000000000000000e+03 1.650000000000000000e+03 3.690000000000000000e+03
1.620390330000000000e+08 4.340000000000000000e+03 5.760000000000000000e+03 1.660000000000000000e+03 3.690000000000000000e+03
1.620392410000000000e+08 4.340000000000000000e+03 5.790000000000000000e+03 1.660000000000000000e+03 3.690000000000000000e+03
1.620394490000000000e+08 4.340000000000000000e+03 5.800000000000000000e+03 1.660000000000000000e+03 3.680000000000000000e+03
1.620396570000000000e+08 4.340000000000000000e+03 5.790000000000000000e+03 1.650000000000000000e+03 3.680000000000000000e+03
1.620398650000000000e+08 4.350000000000000000e+03 5.780000000000000000e+03 1.650000000000000000e+03 3.680000000000000000e+03
1.620400570000000000e+08 4.350000000000000000e+03 5.770000000000000000e+03 1.640000000000000000e+03 3.680000000000000000e+03
1.620402650000000000e+08 4.350000000000000000e+03 5.780000000000000000e+03 1.640000000000000000e+03 3.690000000000000000e+03
1.620404720000000000e+08 4.350000000000000000e+03 5.780000000000000000e+03 1.640000000000000000e+03 3.690000000000000000e+03
1.620406800000000000e+08 4.360000000000000000e+03 5.780000000000000000e+03 1.640000000000000000e+03 3.680000000000000000e+03
1.620408880000000000e+08 4.360000000000000000e+03 5.770000000000000000e+03 1.640000000000000000e+03 3.670000000000000000e+03
1.620410960000000000e+08 4.360000000000000000e+03 5.770000000000000000e+03 1.640000000000000000e+03 3.670000000000000000e+03
1.620413040000000000e+08 4.350000000000000000e+03 5.780000000000000000e+03 1.640000000000000000e+03 3.670000000000000000e+03
1.620415120000000000e+08 4.350000000000000000e+03 5.780000000000000000e+03 1.660000000000000000e+03 3.680000000000000000e+03
1.620417200000000000e+08 4.350000000000000000e+03 5.800000000000000000e+03 1.660000000000000000e+03 3.680000000000000000e+03
1.620419280000000000e+08 4.350000000000000000e+03 5.800000000000000000e+03 1.660000000000000000e+03 3.670000000000000000e+03
1.620421360000000000e+08 4.350000000000000000e+03 5.800000000000000000e+03 1.650000000000000000e+03 3.670000000000000000e+03
1.620423440000000000e+08 4.350000000000000000e+03 5.790000000000000000e+03 1.650000000000000000e+03 3.680000000000000000e+03
1.620425520000000000e+08 4.360000000000000000e+03 5.790000000000000000e+03 1.650000000000000000e+03 3.680000000000000000e+03
1.620427600000000000e+08 4.350000000000000000e+03 5.780000000000000000e+03 1.670000000000000000e+03 3.700000000000000000e+03
1.620429680000000000e+08 4.340000000000000000e+03 5.770000000000000000e+03 1.660000000000000000e+03 3.710000000000000000e+03
1.620431870000000000e+08 4.350000000000000000e+03 5.770000000000000000e+03 1.660000000000000000e+03 3.710000000000000000e+03
1.620433680000000000e+08 4.350000000000000000e+03 5.850000000000000000e+03 1.660000000000000000e+03 3.690000000000000000e+03
1.620435760000000000e+08 4.350000000000000000e+03 5.860000000000000000e+03 1.660000000000000000e+03 3.680000000000000000e+03
1.620437830000000000e+08 4.350000000000000000e+03 5.820000000000000000e+03 1.650000000000000000e+03 3.680000000000000000e+03
1.620439910000000000e+08 4.340000000000000000e+03 5.850000000000000000e+03 1.650000000000000000e+03 3.670000000000000000e+03
1.620441990000000000e+08 4.340000000000000000e+03 5.900000000000000000e+03 1.650000000000000000e+03 3.680000000000000000e+03
1.620444080000000000e+08 4.350000000000000000e+03 5.930000000000000000e+03 1.650000000000000000e+03 3.680000000000000000e+03
1.620446150000000000e+08 4.360000000000000000e+03 5.900000000000000000e+03 1.650000000000000000e+03 3.690000000000000000e+03
1.620448240000000000e+08 4.350000000000000000e+03 5.900000000000000000e+03 1.650000000000000000e+03 3.690000000000000000e+03
1.620450320000000000e+08 4.360000000000000000e+03 5.900000000000000000e+03 1.660000000000000000e+03 3.690000000000000000e+03
1.620452400000000000e+08 4.360000000000000000e+03 5.910000000000000000e+03 1.650000000000000000e+03 3.690000000000000000e+03
1.620454480000000000e+08 4.370000000000000000e+03 5.880000000000000000e+03 1.650000000000000000e+03 3.690000000000000000e+03
1.620456560000000000e+08 4.370000000000000000e+03 5.880000000000000000e+03 1.650000000000000000e+03 3.690000000000000000e+03
1.620458640000000000e+08 4.370000000000000000e+03 5.880000000000000000e+03 1.650000000000000000e+03 3.690000000000000000e+03
1.620460720000000000e+08 4.360000000000000000e+03 5.910000000000000000e+03 1.660000000000000000e+03 3.690000000000000000e+03
1.620462800000000000e+08 4.350000000000000000e+03 5.930000000000000000e+03 1.650000000000000000e+03 3.690000000000000000e+03
1.620464870000000000e+08 4.360000000000000000e+03 5.940000000000000000e+03 1.660000000000000000e+03 3.690000000000000000e+03
1.620466950000000000e+08 4.350000000000000000e+03 5.930000000000000000e+03 1.660000000000000000e+03 3.690000000000000000e+03
1.620468870000000000e+08 4.350000000000000000e+03 5.920000000000000000e+03 1.660000000000000000e+03 3.690000000000000000e+03
1.620470950000000000e+08 4.360000000000000000e+03 5.920000000000000000e+03 1.660000000000000000e+03 3.690000000000000000e+03
1.620473030000000000e+08 4.370000000000000000e+03 5.940000000000000000e+03 1.660000000000000000e+03 3.680000000000000000e+03
1.620475110000000000e+08 4.380000000000000000e+03 5.950000000000000000e+03 1.670000000000000000e+03 3.690000000000000000e+03
1.620477190000000000e+08 4.380000000000000000e+03 5.960000000000000000e+03 1.670000000000000000e+03 3.690000000000000000e+03
1.620479270000000000e+08 4.380000000000000000e+03 5.970000000000000000e+03 1.660000000000000000e+03 3.680000000000000000e+03
1.620481350000000000e+08 4.360000000000000000e+03 6.000000000000000000e+03 1.670000000000000000e+03 3.680000000000000000e+03
1.620483430000000000e+08 4.370000000000000000e+03 6.000000000000000000e+03 1.650000000000000000e+03 3.680000000000000000e+03
1.620485510000000000e+08 4.360000000000000000e+03 5.980000000000000000e+03 1.650000000000000000e+03 3.680000000000000000e+03
1.620487590000000000e+08 4.360000000000000000e+03 5.980000000000000000e+03 1.660000000000000000e+03 3.680000000000000000e+03
1.620489670000000000e+08 4.360000000000000000e+03 5.970000000000000000e+03 1.670000000000000000e+03 3.680000000000000000e+03
1.620491740000000000e+08 4.370000000000000000e+03 5.960000000000000000e+03 1.660000000000000000e+03 3.690000000000000000e+03
1.620493820000000000e+08 4.380000000000000000e+03 5.950000000000000000e+03 1.650000000000000000e+03 3.700000000000000000e+03
1.620495910000000000e+08 4.390000000000000000e+03 5.940000000000000000e+03 1.650000000000000000e+03 3.710000000000000000e+03
1.620497980000000000e+08 4.390000000000000000e+03 5.940000000000000000e+03 1.660000000000000000e+03 3.700000000000000000e+03
1.620500070000000000e+08 4.370000000000000000e+03 5.940000000000000000e+03 1.640000000000000000e+03 3.690000000000000000e+03
1.620501990000000000e+08 4.370000000000000000e+03 5.920000000000000000e+03 1.640000000000000000e+03 3.690000000000000000e+03
1.620504070000000000e+08 4.360000000000000000e+03 5.920000000000000000e+03 1.660000000000000000e+03 3.690000000000000000e+03
1.620506150000000000e+08 4.360000000000000000e+03 5.940000000000000000e+03 1.650000000000000000e+03 3.690000000000000000e+03
1.620508230000000000e+08 4.360000000000000000e+03 5.960000000000000000e+03 1.640000000000000000e+03 3.690000000000000000e+03
1.620510310000000000e+08 4.360000000000000000e+03 5.960000000000000000e+03 1.660000000000000000e+03 3.690000000000000000e+03
1.620512390000000000e+08 4.360000000000000000e+03 5.960000000000000000e+03 1.660000000000000000e+03 3.690000000000000000e+03
1.620514470000000000e+08 4.360000000000000000e+03 5.960000000000000000e+03 1.650000000000000000e+03 3.700000000000000000e+03
1.620516550000000000e+08 4.350000000000000000e+03 5.960000000000000000e+03 1.660000000000000000e+03 3.690000000000000000e+03
1.620518630000000000e+08 4.350000000000000000e+03 5.950000000000000000e+03 1.660000000000000000e+03 3.670000000000000000e+03
1.620520700000000000e+08 4.350000000000000000e+03 5.960000000000000000e+03 1.650000000000000000e+03 3.670000000000000000e+03
1.620522780000000000e+08 4.350000000000000000e+03 5.970000000000000000e+03 1.640000000000000000e+03 3.680000000000000000e+03
1.620524860000000000e+08 4.340000000000000000e+03 5.970000000000000000e+03 1.640000000000000000e+03 3.690000000000000000e+03
1.620526940000000000e+08 4.350000000000000000e+03 5.990000000000000000e+03 1.640000000000000000e+03 3.700000000000000000e+03
1.620529020000000000e+08 4.360000000000000000e+03 5.980000000000000000e+03 1.650000000000000000e+03 3.700000000000000000e+03
1.620531100000000000e+08 4.370000000000000000e+03 5.980000000000000000e+03 1.640000000000000000e+03 3.690000000000000000e+03
1.620533180000000000e+08 4.370000000000000000e+03 6.010000000000000000e+03 1.640000000000000000e+03 3.680000000000000000e+03
1.620535100000000000e+08 4.360000000000000000e+03 6.010000000000000000e+03 1.650000000000000000e+03 3.690000000000000000e+03
1.620537180000000000e+08 4.360000000000000000e+03 5.990000000000000000e+03 1.650000000000000000e+03 3.690000000000000000e+03
1.620539260000000000e+08 4.360000000000000000e+03 6.020000000000000000e+03 1.660000000000000000e+03 3.680000000000000000e+03
1.620541340000000000e+08 4.360000000000000000e+03 6.020000000000000000e+03 1.660000000000000000e+03 3.680000000000000000e+03
1.620543420000000000e+08 4.350000000000000000e+03 5.970000000000000000e+03 1.660000000000000000e+03 3.670000000000000000e+03
1.620545500000000000e+08 4.350000000000000000e+03 5.940000000000000000e+03 1.660000000000000000e+03 3.670000000000000000e+03
1.620547580000000000e+08 4.340000000000000000e+03 5.900000000000000000e+03 1.650000000000000000e+03 3.680000000000000000e+03
1.620549660000000000e+08 4.350000000000000000e+03 5.870000000000000000e+03 1.650000000000000000e+03 3.690000000000000000e+03
1.620551740000000000e+08 4.360000000000000000e+03 5.850000000000000000e+03 1.650000000000000000e+03 3.690000000000000000e+03
1.620553810000000000e+08 4.350000000000000000e+03 5.830000000000000000e+03 1.650000000000000000e+03 3.690000000000000000e+03
1.620555900000000000e+08 4.360000000000000000e+03 5.850000000000000000e+03 1.650000000000000000e+03 3.680000000000000000e+03
1.620557980000000000e+08 4.360000000000000000e+03 5.860000000000000000e+03 1.650000000000000000e+03 3.690000000000000000e+03
1.620560060000000000e+08 4.370000000000000000e+03 5.860000000000000000e+03 1.660000000000000000e+03 3.700000000000000000e+03
1.620562130000000000e+08 4.360000000000000000e+03 5.870000000000000000e+03 1.650000000000000000e+03 3.700000000000000000e+03
1.620564220000000000e+08 4.350000000000000000e+03 5.880000000000000000e+03 1.640000000000000000e+03 3.700000000000000000e+03
1.620566300000000000e+08 4.350000000000000000e+03 5.890000000000000000e+03 1.640000000000000000e+03 3.680000000000000000e+03
