9.540795900000000000e+07 5.160000000000000000e+03 5.740000000000000000e+03 1.760000000000000000e+03 3.440000000000000000e+03
9.540816800000000000e+07 5.190000000000000000e+03 5.750000000000000000e+03 1.760000000000000000e+03 3.430000000000000000e+03
9.540835900000000000e+07 5.150000000000000000e+03 5.740000000000000000e+03 1.760000000000000000e+03 3.430000000000000000e+03
9.540856800000000000e+07 5.210000000000000000e+03 5.740000000000000000e+03 1.750000000000000000e+03 3.440000000000000000e+03
9.540877600000000000e+07 5.150000000000000000e+03 5.740000000000000000e+03 1.750000000000000000e+03 3.440000000000000000e+03
9.540898400000000000e+07 5.150000000000000000e+03 5.740000000000000000e+03 1.750000000000000000e+03 3.440000000000000000e+03
9.540919200000000000e+07 5.170000000000000000e+03 5.730000000000000000e+03 1.750000000000000000e+03 3.430000000000000000e+03
9.540939900000000000e+07 5.140000000000000000e+03 5.730000000000000000e+03 1.750000000000000000e+03 3.430000000000000000e+03
9.540960700000000000e+07 5.140000000000000000e+03 5.740000000000000000e+03 1.750000000000000000e+03 3.430000000000000000e+03
9.540981500000000000e+07 5.180000000000000000e+03 5.740000000000000000e+03 1.750000000000000000e+03 3.440000000000000000e+03
9.541002300000000000e+07 5.140000000000000000e+03 5.740000000000000000e+03 1.750000000000000000e+03 3.440000000000000000e+03
9.541023100000000000e+07 5.180000000000000000e+03 5.740000000000000000e+03 1.750000000000000000e+03 3.440000000000000000e+03
9.541043900000000000e+07 5.150000000000000000e+03 5.740000000000000000e+03 1.750000000000000000e+03 3.440000000000000000e+03
9.541064700000000000e+07 5.150000000000000000e+03 5.730000000000000000e+03 1.750000000000000000e+03 3.430000000000000000e+03
9.541085500000000000e+07 5.210000000000000000e+03 5.730000000000000000e+03 1.750000000000000000e+03 3.430000000000000000e+03
9.541106300000000000e+07 5.160000000000000000e+03 5.740000000000000000e+03 1.750000000000000000e+03 3.450000000000000000e+03
9.541127100000000000e+07 5.190000000000000000e+03 5.740000000000000000e+03 1.750000000000000000e+03 3.450000000000000000e+03
9.541147900000000000e+07 5.150000000000000000e+03 5.730000000000000000e+03 1.760000000000000000e+03 3.440000000000000000e+03
9.541167000000000000e+07 5.200000000000000000e+03 5.730000000000000000e+03 1.750000000000000000e+03 3.440000000000000000e+03
9.541187900000000000e+07 5.180000000000000000e+03 5.730000000000000000e+03 1.750000000000000000e+03 3.430000000000000000e+03
9.541208600000000000e+07 5.150000000000000000e+03 5.730000000000000000e+03 1.750000000000000000e+03 3.430000000000000000e+03
9.541229500000000000e+07 5.210000000000000000e+03 5.730000000000000000e+03 1.750000000000000000e+03 3.430000000000000000e+03
9.541250300000000000e+07 5.200000000000000000e+03 5.730000000000000000e+03 1.750000000000000000e+03 3.430000000000000000e+03
9.541271000000000000e+07 5.180000000000000000e+03 5.730000000000000000e+03 1.750000000000000000e+03 3.450000000000000000e+03
9.541291900000000000e+07 5.180000000000000000e+03 5.740000000000000000e+03 1.750000000000000000e+03 3.450000000000000000e+03
9.541312600000000000e+07 5.170000000000000000e+03 5.730000000000000000e+03 1.760000000000000000e+03 3.450000000000000000e+03
9.541333500000000000e+07 5.160000000000000000e+03 5.720000000000000000e+03 1.760000000000000000e+03 3.460000000000000000e+03
9.541354200000000000e+07 5.170000000000000000e+03 5.720000000000000000e+03 1.760000000000000000e+03 3.450000000000000000e+03
9.541375000000000000e+07 5.220000000000000000e+03 5.720000000000000000e+03 1.760000000000000000e+03 3.440000000000000000e+03
9.541395800000000000e+07 5.160000000000000000e+03 5.720000000000000000e+03 1.750000000000000000e+03 3.450000000000000000e+03
9.541416600000000000e+07 5.180000000000000000e+03 5.720000000000000000e+03 1.750000000000000000e+03 3.440000000000000000e+03
9.541437400000000000e+07 5.160000000000000000e+03 5.730000000000000000e+03 1.760000000000000000e+03 3.440000000000000000e+03
9.541458200000000000e+07 5.160000000000000000e+03 5.730000000000000000e+03 1.760000000000000000e+03 3.450000000000000000e+03
9.541479000000000000e+07 5.190000000000000000e+03 5.730000000000000000e+03 1.760000000000000000e+03 3.440000000000000000e+03
9.541499800000000000e+07 5.170000000000000000e+03 5.730000000000000000e+03 1.750000000000000000e+03 3.440000000000000000e+03
9.541519000000000000e+07 5.160000000000000000e+03 5.740000000000000000e+03 1.750000000000000000e+03 3.450000000000000000e+03
9.541539800000000000e+07 5.210000000000000000e+03 5.740000000000000000e+03 1.750000000000000000e+03 3.440000000000000000e+03
9.541560500000000000e+07 5.200000000000000000e+03 5.740000000000000000e+03 1.760000000000000000e+03 3.450000000000000000e+03
9.541581400000000000e+07 5.210000000000000000e+03 5.740000000000000000e+03 1.760000000000000000e+03 3.450000000000000000e+03
9.541602200000000000e+07 5.200000000000000000e+03 5.740000000000000000e+03 1.750000000000000000e+03 3.460000000000000000e+03
9.541623000000000000e+07 5.170000000000000000e+03 5.740000000000000000e+03 1.750000000000000000e+03 3.460000000000000000e+03
9.541643800000000000e+07 5.150000000000000000e+03 5.740000000000000000e+03 1.750000000000000000e+03 3.470000000000000000e+03
9.541664500000000000e+07 5.140000000000000000e+03 5.740000000000000000e+03 1.750000000000000000e+03 3.470000000000000000e+03
9.541685400000000000e+07 5.200000000000000000e+03 5.740000000000000000e+03 1.750000000000000000e+03 3.470000000000000000e+03
9.541706100000000000e+07 5.140000000000000000e+03 5.730000000000000000e+03 1.760000000000000000e+03 3.460000000000000000e+03
9.541726900000000000e+07 5.150000000000000000e+03 5.740000000000000000e+03 1.760000000000000000e+03 3.440000000000000000e+03
9.541747700000000000e+07 5.140000000000000000e+03 5.740000000000000000e+03 1.770000000000000000e+03 3.460000000000000000e+03
9.541768500000000000e+07 5.190000000000000000e+03 5.740000000000000000e+03 1.760000000000000000e+03 3.460000000000000000e+03
9.541789300000000000e+07 5.160000000000000000e+03 5.740000000000000000e+03 1.760000000000000000e+03 3.450000000000000000e+03
9.541810100000000000e+07 5.190000000000000000e+03 5.740000000000000000e+03 1.760000000000000000e+03 3.450000000000000000e+03
9.541831000000000000e+07 5.190000000000000000e+03 5.740000000000000000e+03 1.750000000000000000e+03 3.440000000000000000e+03
9.541850100000000000e+07 5.210000000000000000e+03 5.740000000000000000e+03 1.750000000000000000e+03 3.430000000000000000e+03
9.541870900000000000e+07 5.140000000000000000e+03 5.750000000000000000e+03 1.750000000000000000e+03 3.430000000000000000e+03
9.541891700000000000e+07 5.180000000000000000e+03 5.740000000000000000e+03 1.750000000000000000e+03 3.440000000000000000e+03
9.541912500000000000e+07 5.150000000000000000e+03 5.740000000000000000e+03 1.750000000000000000e+03 3.460000000000000000e+03
9.541933300000000000e+07 5.150000000000000000e+03 5.730000000000000000e+03 1.750000000000000000e+03 3.450000000000000000e+03
9.541954100000000000e+07 5.210000000000000000e+03 5.730000000000000000e+03 1.740000000000000000e+03 3.450000000000000000e+03
9.541974900000000000e+07 5.150000000000000000e+03 5.720000000000000000e+03 1.750000000000000000e+03 3.450000000000000000e+03
9.541995700000000000e+07 5.210000000000000000e+03 5.720000000000000000e+03 1.740000000000000000e+03 3.460000000000000000e+03
9.542016500000000000e+07 5.170000000000000000e+03 5.720000000000000000e+03 1.740000000000000000e+03 3.440000000000000000e+03
9.542037200000000000e+07 5.220000000000000000e+03 5.720000000000000000e+03 1.750000000000000000e+03 3.440000000000000000e+03
9.542058100000000000e+07 5.200000000000000000e+03 5.720000000000000000e+03 1.750000000000000000e+03 3.440000000000000000e+03
9.542078900000000000e+07 5.160000000000000000e+03 5.730000000000000000e+03 1.750000000000000000e+03 3.440000000000000000e+03
9.542099700000000000e+07 5.210000000000000000e+03 5.740000000000000000e+03 1.750000000000000000e+03 3.430000000000000000e+03
9.542120500000000000e+07 5.170000000000000000e+03 5.750000000000000000e+03 1.750000000000000000e+03 3.420000000000000000e+03
9.542141300000000000e+07 5.170000000000000000e+03 5.750000000000000000e+03 1.770000000000000000e+03 3.440000000000000000e+03
9.542162000000000000e+07 5.170000000000000000e+03 5.750000000000000000e+03 1.770000000000000000e+03 3.450000000000000000e+03
9.542182900000000000e+07 5.170000000000000000e+03 5.730000000000000000e+03 1.760000000000000000e+03 3.450000000000000000e+03
9.542202100000000000e+07 5.190000000000000000e+03 5.730000000000000000e+03 1.760000000000000000e+03 3.440000000000000000e+03
9.542222800000000000e+07 5.210000000000000000e+03 5.720000000000000000e+03 1.760000000000000000e+03 3.460000000000000000e+03
9.542243600000000000e+07 5.170000000000000000e+03 5.720000000000000000e+03 1.750000000000000000e+03 3.450000000000000000e+03
9.542264400000000000e+07 5.180000000000000000e+03 5.720000000000000000e+03 1.750000000000000000e+03 3.440000000000000000e+03
9.542285200000000000e+07 5.160000000000000000e+03 5.720000000000000000e+03 1.740000000000000000e+03 3.460000000000000000e+03
9.542306000000000000e+07 5.150000000000000000e+03 5.730000000000000000e+03 1.740000000000000000e+03 3.450000000000000000e+03
9.542326800000000000e+07 5.180000000000000000e+03 5.730000000000000000e+03 1.740000000000000000e+03 3.440000000000000000e+03
9.542347600000000000e+07 5.200000000000000000e+03 5.730000000000000000e+03 1.750000000000000000e+03 3.440000000000000000e+03
9.542368400000000000e+07 5.150000000000000000e+03 5.730000000000000000e+03 1.760000000000000000e+03 3.440000000000000000e+03
9.542389200000000000e+07 5.200000000000000000e+03 5.730000000000000000e+03 1.760000000000000000e+03 3.430000000000000000e+03
9.542410000000000000e+07 5.200000000000000000e+03 5.730000000000000000e+03 1.760000000000000000e+03 3.430000000000000000e+03
9.542430700000000000e+07 5.150000000000000000e+03 5.730000000000000000e+03 1.750000000000000000e+03 3.450000000000000000e+03
9.542451600000000000e+07 5.210000000000000000e+03 5.730000000000000000e+03 1.760000000000000000e+03 3.430000000000000000e+03
9.542472400000000000e+07 5.220000000000000000e+03 5.730000000000000000e+03 1.750000000000000000e+03 3.430000000000000000e+03
9.542493100000000000e+07 5.180000000000000000e+03 5.720000000000000000e+03 1.740000000000000000e+03 3.430000000000000000e+03
9.542513900000000000e+07 5.160000000000000000e+03 5.730000000000000000e+03 1.750000000000000000e+03 3.430000000000000000e+03
9.542534800000000000e+07 5.220000000000000000e+03 5.730000000000000000e+03 1.750000000000000000e+03 3.440000000000000000e+03
9.542554000000000000e+07 5.180000000000000000e+03 5.730000000000000000e+03 1.750000000000000000e+03 3.450000000000000000e+03
9.542574800000000000e+07 5.200000000000000000e+03 5.730000000000000000e+03 1.760000000000000000e+03 3.450000000000000000e+03
9.542595500000000000e+07 5.180000000000000000e+03 5.730000000000000000e+03 1.750000000000000000e+03 3.470000000000000000e+03
9.542616300000000000e+07 5.200000000000000000e+03 5.730000000000000000e+03 1.750000000000000000e+03 3.460000000000000000e+03
9.542637100000000000e+07 5.150000000000000000e+03 5.730000000000000000e+03 1.760000000000000000e+03 3.460000000000000000e+03
9.542657900000000000e+07 5.180000000000000000e+03 5.730000000000000000e+03 1.760000000000000000e+03 3.460000000000000000e+03
9.542678700000000000e+07 5.200000000000000000e+03 5.730000000000000000e+03 1.750000000000000000e+03 3.470000000000000000e+03
9.542699500000000000e+07 5.190000000000000000e+03 5.730000000000000000e+03 1.750000000000000000e+03 3.460000000000000000e+03
9.542720300000000000e+07 5.150000000000000000e+03 5.730000000000000000e+03 1.750000000000000000e+03 3.450000000000000000e+03
9.542741100000000000e+07 5.190000000000000000e+03 5.730000000000000000e+03 1.750000000000000000e+03 3.460000000000000000e+03
9.542761900000000000e+07 5.200000000000000000e+03 5.720000000000000000e+03 1.760000000000000000e+03 3.450000000000000000e+03
9.542782700000000000e+07 5.180000000000000000e+03 5.730000000000000000e+03 1.760000000000000000e+03 3.450000000000000000e+03
9.542803500000000000e+07 5.200000000000000000e+03 5.730000000000000000e+03 1.750000000000000000e+03 3.440000000000000000e+03
9.542824300000000000e+07 5.180000000000000000e+03 5.730000000000000000e+03 1.760000000000000000e+03 3.430000000000000000e+03
9.542845100000000000e+07 5.170000000000000000e+03 5.740000000000000000e+03 1.760000000000000000e+03 3.430000000000000000e+03
9.542865800000000000e+07 5.230000000000000000e+03 5.730000000000000000e+03 1.760000000000000000e+03 3.440000000000000000e+03
9.542885100000000000e+07 5.160000000000000000e+03 5.740000000000000000e+03 1.760000000000000000e+03 3.450000000000000000e+03
9.542905800000000000e+07 5.150000000000000000e+03 5.730000000000000000e+03 1.760000000000000000e+03 3.440000000000000000e+03
9.542926700000000000e+07 5.190000000000000000e+03 5.730000000000000000e+03 1.760000000000000000e+03 3.450000000000000000e+03
9.542947400000000000e+07 5.200000000000000000e+03 5.730000000000000000e+03 1.760000000000000000e+03 3.460000000000000000e+03
9.542968300000000000e+07 5.180000000000000000e+03 5.720000000000000000e+03 1.760000000000000000e+03 3.460000000000000000e+03
9.542989100000000000e+07 5.220000000000000000e+03 5.720000000000000000e+03 1.760000000000000000e+03 3.460000000000000000e+03
9.543009800000000000e+07 5.220000000000000000e+03 5.710000000000000000e+03 1.750000000000000000e+03 3.460000000000000000e+03
9.543030700000000000e+07 5.180000000000000000e+03 5.720000000000000000e+03 1.760000000000000000e+03 3.460000000000000000e+03
9.543051400000000000e+07 5.200000000000000000e+03 5.730000000000000000e+03 1.760000000000000000e+03 3.470000000000000000e+03
9.543072200000000000e+07 5.220000000000000000e+03 5.730000000000000000e+03 1.760000000000000000e+03 3.460000000000000000e+03
9.543093000000000000e+07 5.190000000000000000e+03 5.730000000000000000e+03 1.760000000000000000e+03 3.450000000000000000e+03
9.543113800000000000e+07 5.200000000000000000e+03 5.730000000000000000e+03 1.760000000000000000e+03 3.450000000000000000e+03
9.543134600000000000e+07 5.200000000000000000e+03 5.730000000000000000e+03 1.760000000000000000e+03 3.440000000000000000e+03
9.543155400000000000e+07 5.210000000000000000e+03 5.730000000000000000e+03 1.760000000000000000e+03 3.430000000000000000e+03
9.543176200000000000e+07 5.160000000000000000e+03 5.740000000000000000e+03 1.750000000000000000e+03 3.430000000000000000e+03
9.543197000000000000e+07 5.190000000000000000e+03 5.730000000000000000e+03 1.750000000000000000e+03 3.430000000000000000e+03
9.543217800000000000e+07 5.190000000000000000e+03 5.730000000000000000e+03 1.750000000000000000e+03 3.430000000000000000e+03
9.543237000000000000e+07 5.140000000000000000e+03 5.730000000000000000e+03 1.750000000000000000e+03 3.450000000000000000e+03
9.543257800000000000e+07 5.200000000000000000e+03 5.730000000000000000e+03 1.750000000000000000e+03 3.460000000000000000e+03
9.543278600000000000e+07 5.180000000000000000e+03 5.730000000000000000e+03 1.740000000000000000e+03 3.450000000000000000e+03
9.543299500000000000e+07 5.140000000000000000e+03 5.730000000000000000e+03 1.740000000000000000e+03 3.450000000000000000e+03
9.543320200000000000e+07 4.690000000000000000e+03 6.190000000000000000e+03 1.740000000000000000e+03 3.460000000000000000e+03
9.543340900000000000e+07 4.680000000000000000e+03 6.210000000000000000e+03 1.750000000000000000e+03 3.460000000000000000e+03
9.543361800000000000e+07 4.680000000000000000e+03 6.250000000000000000e+03 1.760000000000000000e+03 3.450000000000000000e+03
9.543382600000000000e+07 4.680000000000000000e+03 6.250000000000000000e+03 1.750000000000000000e+03 3.450000000000000000e+03
9.543403400000000000e+07 4.690000000000000000e+03 6.220000000000000000e+03 1.760000000000000000e+03 3.450000000000000000e+03
9.543424100000000000e+07 4.680000000000000000e+03 6.240000000000000000e+03 1.760000000000000000e+03 3.460000000000000000e+03
9.543445000000000000e+07 4.680000000000000000e+03 6.180000000000000000e+03 1.760000000000000000e+03 3.460000000000000000e+03
9.543465700000000000e+07 4.680000000000000000e+03 6.240000000000000000e+03 1.760000000000000000e+03 3.460000000000000000e+03
9.543486600000000000e+07 4.680000000000000000e+03 6.250000000000000000e+03 1.760000000000000000e+03 3.470000000000000000e+03
9.543507300000000000e+07 4.690000000000000000e+03 6.190000000000000000e+03 1.760000000000000000e+03 3.470000000000000000e+03
9.543528100000000000e+07 4.700000000000000000e+03 6.180000000000000000e+03 1.760000000000000000e+03 3.470000000000000000e+03
9.543568100000000000e+07 4.690000000000000000e+03 6.200000000000000000e+03 1.760000000000000000e+03 3.470000000000000000e+03
9.543588900000000000e+07 4.690000000000000000e+03 6.230000000000000000e+03 1.760000000000000000e+03 3.460000000000000000e+03
9.543609700000000000e+07 4.700000000000000000e+03 6.210000000000000000e+03 1.760000000000000000e+03 3.450000000000000000e+03
9.543630500000000000e+07 4.700000000000000000e+03 6.250000000000000000e+03 1.760000000000000000e+03 3.450000000000000000e+03
9.543651300000000000e+07 4.700000000000000000e+03 6.190000000000000000e+03 1.760000000000000000e+03 3.440000000000000000e+03
9.543672200000000000e+07 4.690000000000000000e+03 6.190000000000000000e+03 1.750000000000000000e+03 3.450000000000000000e+03
9.543692900000000000e+07 4.690000000000000000e+03 6.240000000000000000e+03 1.750000000000000000e+03 3.460000000000000000e+03
9.543713700000000000e+07 4.690000000000000000e+03 6.240000000000000000e+03 1.750000000000000000e+03 3.440000000000000000e+03
9.543734500000000000e+07 4.690000000000000000e+03 6.240000000000000000e+03 1.750000000000000000e+03 3.450000000000000000e+03
9.543755300000000000e+07 4.690000000000000000e+03 6.260000000000000000e+03 1.750000000000000000e+03 3.460000000000000000e+03
9.543776100000000000e+07 4.700000000000000000e+03 6.200000000000000000e+03 1.750000000000000000e+03 3.470000000000000000e+03
9.543796900000000000e+07 4.700000000000000000e+03 6.200000000000000000e+03 1.750000000000000000e+03 3.470000000000000000e+03
9.543817700000000000e+07 4.710000000000000000e+03 6.200000000000000000e+03 1.750000000000000000e+03 3.460000000000000000e+03
9.543838400000000000e+07 4.700000000000000000e+03 6.230000000000000000e+03 1.750000000000000000e+03 3.450000000000000000e+03
9.543859200000000000e+07 4.700000000000000000e+03 6.260000000000000000e+03 1.750000000000000000e+03 3.460000000000000000e+03
9.543880100000000000e+07 4.710000000000000000e+03 6.240000000000000000e+03 1.760000000000000000e+03 3.450000000000000000e+03
9.543900800000000000e+07 4.710000000000000000e+03 6.240000000000000000e+03 1.750000000000000000e+03 3.450000000000000000e+03
9.543920100000000000e+07 4.710000000000000000e+03 6.220000000000000000e+03 1.740000000000000000e+03 3.450000000000000000e+03
9.543940800000000000e+07 4.710000000000000000e+03 6.190000000000000000e+03 1.750000000000000000e+03 3.450000000000000000e+03
9.543961600000000000e+07 4.700000000000000000e+03 6.250000000000000000e+03 1.750000000000000000e+03 3.450000000000000000e+03
9.543982400000000000e+07 4.700000000000000000e+03 6.230000000000000000e+03 1.750000000000000000e+03 3.440000000000000000e+03
9.544003100000000000e+07 4.690000000000000000e+03 6.210000000000000000e+03 1.740000000000000000e+03 3.440000000000000000e+03
9.544024000000000000e+07 4.690000000000000000e+03 6.210000000000000000e+03 1.740000000000000000e+03 3.440000000000000000e+03
9.544044800000000000e+07 4.690000000000000000e+03 6.230000000000000000e+03 1.750000000000000000e+03 3.440000000000000000e+03
9.544065600000000000e+07 4.690000000000000000e+03 6.180000000000000000e+03 1.750000000000000000e+03 3.450000000000000000e+03
9.544086400000000000e+07 4.690000000000000000e+03 6.240000000000000000e+03 1.750000000000000000e+03 3.440000000000000000e+03
9.544107200000000000e+07 4.690000000000000000e+03 6.240000000000000000e+03 1.750000000000000000e+03 3.450000000000000000e+03
9.544128000000000000e+07 4.690000000000000000e+03 6.200000000000000000e+03 1.750000000000000000e+03 3.440000000000000000e+03
9.544148800000000000e+07 4.690000000000000000e+03 6.200000000000000000e+03 1.750000000000000000e+03 3.450000000000000000e+03
9.544169600000000000e+07 4.690000000000000000e+03 6.240000000000000000e+03 1.740000000000000000e+03 3.450000000000000000e+03
9.544190400000000000e+07 4.690000000000000000e+03 6.230000000000000000e+03 1.740000000000000000e+03 3.450000000000000000e+03
9.544211200000000000e+07 4.690000000000000000e+03 6.190000000000000000e+03 1.750000000000000000e+03 3.470000000000000000e+03
9.544232000000000000e+07 4.690000000000000000e+03 6.180000000000000000e+03 1.750000000000000000e+03 3.480000000000000000e+03
9.544251200000000000e+07 4.700000000000000000e+03 6.240000000000000000e+03 1.740000000000000000e+03 3.480000000000000000e+03
9.544272000000000000e+07 4.700000000000000000e+03 6.200000000000000000e+03 1.740000000000000000e+03 3.480000000000000000e+03
9.544292700000000000e+07 4.700000000000000000e+03 6.200000000000000000e+03 1.740000000000000000e+03 3.480000000000000000e+03
9.544313600000000000e+07 4.700000000000000000e+03 6.180000000000000000e+03 1.750000000000000000e+03 3.480000000000000000e+03
9.544355100000000000e+07 4.700000000000000000e+03 6.240000000000000000e+03 1.750000000000000000e+03 3.480000000000000000e+03
9.544375900000000000e+07 4.700000000000000000e+03 6.180000000000000000e+03 1.740000000000000000e+03 3.470000000000000000e+03
9.544396700000000000e+07 4.700000000000000000e+03 6.190000000000000000e+03 1.740000000000000000e+03 3.480000000000000000e+03
9.544417500000000000e+07 4.690000000000000000e+03 6.190000000000000000e+03 1.750000000000000000e+03 3.460000000000000000e+03
9.544438300000000000e+07 4.690000000000000000e+03 6.210000000000000000e+03 1.760000000000000000e+03 3.460000000000000000e+03
9.544459100000000000e+07 4.690000000000000000e+03 6.210000000000000000e+03 1.760000000000000000e+03 3.460000000000000000e+03
9.544479900000000000e+07 4.690000000000000000e+03 6.260000000000000000e+03 1.750000000000000000e+03 3.460000000000000000e+03
9.544500700000000000e+07 4.690000000000000000e+03 6.200000000000000000e+03 1.750000000000000000e+03 3.450000000000000000e+03
9.544521500000000000e+07 4.690000000000000000e+03 6.260000000000000000e+03 1.760000000000000000e+03 3.460000000000000000e+03
9.544542300000000000e+07 4.700000000000000000e+03 6.240000000000000000e+03 1.770000000000000000e+03 3.460000000000000000e+03
9.544563100000000000e+07 4.700000000000000000e+03 6.200000000000000000e+03 1.770000000000000000e+03 3.440000000000000000e+03
9.544583900000000000e+07 4.700000000000000000e+03 6.200000000000000000e+03 1.760000000000000000e+03 3.440000000000000000e+03
9.544603100000000000e+07 4.700000000000000000e+03 6.230000000000000000e+03 1.760000000000000000e+03 3.440000000000000000e+03
9.544623900000000000e+07 4.690000000000000000e+03 6.250000000000000000e+03 1.760000000000000000e+03 3.450000000000000000e+03
9.544644600000000000e+07 4.690000000000000000e+03 6.230000000000000000e+03 1.760000000000000000e+03 3.440000000000000000e+03
9.544665500000000000e+07 4.690000000000000000e+03 6.190000000000000000e+03 1.760000000000000000e+03 3.440000000000000000e+03
9.544686300000000000e+07 4.690000000000000000e+03 6.190000000000000000e+03 1.750000000000000000e+03 3.440000000000000000e+03
9.544707100000000000e+07 4.690000000000000000e+03 6.190000000000000000e+03 1.750000000000000000e+03 3.440000000000000000e+03
9.544727900000000000e+07 4.700000000000000000e+03 6.210000000000000000e+03 1.750000000000000000e+03 3.450000000000000000e+03
9.544748700000000000e+07 4.700000000000000000e+03 6.210000000000000000e+03 1.750000000000000000e+03 3.440000000000000000e+03
9.544769500000000000e+07 4.700000000000000000e+03 6.200000000000000000e+03 1.740000000000000000e+03 3.450000000000000000e+03
9.544790300000000000e+07 4.700000000000000000e+03 6.210000000000000000e+03 1.740000000000000000e+03 3.440000000000000000e+03
9.544811000000000000e+07 4.690000000000000000e+03 6.200000000000000000e+03 1.740000000000000000e+03 3.450000000000000000e+03
9.544831800000000000e+07 4.700000000000000000e+03 6.180000000000000000e+03 1.750000000000000000e+03 3.450000000000000000e+03
9.544852600000000000e+07 4.700000000000000000e+03 6.180000000000000000e+03 1.750000000000000000e+03 3.440000000000000000e+03
9.544873400000000000e+07 4.700000000000000000e+03 6.190000000000000000e+03 1.760000000000000000e+03 3.430000000000000000e+03
9.544894200000000000e+07 4.700000000000000000e+03 6.190000000000000000e+03 1.770000000000000000e+03 3.440000000000000000e+03
9.544915000000000000e+07 4.700000000000000000e+03 6.210000000000000000e+03 1.760000000000000000e+03 3.430000000000000000e+03
9.544935800000000000e+07 4.690000000000000000e+03 6.190000000000000000e+03 1.750000000000000000e+03 3.440000000000000000e+03
9.544955000000000000e+07 4.690000000000000000e+03 6.230000000000000000e+03 1.750000000000000000e+03 3.460000000000000000e+03
9.544975800000000000e+07 4.690000000000000000e+03 6.190000000000000000e+03 1.750000000000000000e+03 3.450000000000000000e+03
9.544996600000000000e+07 4.690000000000000000e+03 6.190000000000000000e+03 1.750000000000000000e+03 3.440000000000000000e+03
9.545017400000000000e+07 4.690000000000000000e+03 6.230000000000000000e+03 1.750000000000000000e+03 3.430000000000000000e+03
9.545038200000000000e+07 4.700000000000000000e+03 6.250000000000000000e+03 1.750000000000000000e+03 3.430000000000000000e+03
9.545058900000000000e+07 4.700000000000000000e+03 6.190000000000000000e+03 1.760000000000000000e+03 3.430000000000000000e+03
9.545079800000000000e+07 4.700000000000000000e+03 6.190000000000000000e+03 1.760000000000000000e+03 3.440000000000000000e+03
9.545100600000000000e+07 4.690000000000000000e+03 6.190000000000000000e+03 1.750000000000000000e+03 3.440000000000000000e+03
9.545121400000000000e+07 4.690000000000000000e+03 6.210000000000000000e+03 1.750000000000000000e+03 3.440000000000000000e+03
9.545142200000000000e+07 4.690000000000000000e+03 6.250000000000000000e+03 1.750000000000000000e+03 3.450000000000000000e+03
9.545163000000000000e+07 4.680000000000000000e+03 6.250000000000000000e+03 1.750000000000000000e+03 3.450000000000000000e+03
9.545183800000000000e+07 4.690000000000000000e+03 6.230000000000000000e+03 1.750000000000000000e+03 3.450000000000000000e+03
9.545204500000000000e+07 4.690000000000000000e+03 6.190000000000000000e+03 1.750000000000000000e+03 3.460000000000000000e+03
9.545225300000000000e+07 4.690000000000000000e+03 6.230000000000000000e+03 1.760000000000000000e+03 3.440000000000000000e+03
9.545246100000000000e+07 4.690000000000000000e+03 6.200000000000000000e+03 1.760000000000000000e+03 3.440000000000000000e+03
9.545266900000000000e+07 4.690000000000000000e+03 6.220000000000000000e+03 1.760000000000000000e+03 3.450000000000000000e+03
9.545286100000000000e+07 4.690000000000000000e+03 6.200000000000000000e+03 1.760000000000000000e+03 3.460000000000000000e+03
9.545306900000000000e+07 4.700000000000000000e+03 6.220000000000000000e+03 1.750000000000000000e+03 3.460000000000000000e+03
9.545327700000000000e+07 4.700000000000000000e+03 6.220000000000000000e+03 1.750000000000000000e+03 3.460000000000000000e+03
9.545348500000000000e+07 4.690000000000000000e+03 6.220000000000000000e+03 1.750000000000000000e+03 3.450000000000000000e+03
9.545369200000000000e+07 4.700000000000000000e+03 6.220000000000000000e+03 1.750000000000000000e+03 3.450000000000000000e+03
9.545390100000000000e+07 4.690000000000000000e+03 6.200000000000000000e+03 1.750000000000000000e+03 3.450000000000000000e+03
9.545410900000000000e+07 4.700000000000000000e+03 6.200000000000000000e+03 1.760000000000000000e+03 3.460000000000000000e+03
9.545431600000000000e+07 4.690000000000000000e+03 6.240000000000000000e+03 1.770000000000000000e+03 3.470000000000000000e+03
9.545452500000000000e+07 4.680000000000000000e+03 6.260000000000000000e+03 1.760000000000000000e+03 3.480000000000000000e+03
9.545473300000000000e+07 4.680000000000000000e+03 6.190000000000000000e+03 1.750000000000000000e+03 3.480000000000000000e+03
9.545494000000000000e+07 4.690000000000000000e+03 6.250000000000000000e+03 1.760000000000000000e+03 3.470000000000000000e+03
9.545514900000000000e+07 4.690000000000000000e+03 6.250000000000000000e+03 1.760000000000000000e+03 3.450000000000000000e+03
9.545535700000000000e+07 4.690000000000000000e+03 6.190000000000000000e+03 1.760000000000000000e+03 3.450000000000000000e+03
9.545556500000000000e+07 4.690000000000000000e+03 6.210000000000000000e+03 1.770000000000000000e+03 3.450000000000000000e+03
9.545577300000000000e+07 4.700000000000000000e+03 6.190000000000000000e+03 1.760000000000000000e+03 3.440000000000000000e+03
9.545598100000000000e+07 4.700000000000000000e+03 6.250000000000000000e+03 1.760000000000000000e+03 3.430000000000000000e+03
9.545618900000000000e+07 4.700000000000000000e+03 6.210000000000000000e+03 1.760000000000000000e+03 3.440000000000000000e+03
9.545638000000000000e+07 4.690000000000000000e+03 6.250000000000000000e+03 1.760000000000000000e+03 3.440000000000000000e+03
9.545658800000000000e+07 4.690000000000000000e+03 6.250000000000000000e+03 1.760000000000000000e+03 3.440000000000000000e+03
9.545679600000000000e+07 4.690000000000000000e+03 6.210000000000000000e+03 1.750000000000000000e+03 3.430000000000000000e+03
9.545700400000000000e+07 4.690000000000000000e+03 6.180000000000000000e+03 1.740000000000000000e+03 3.430000000000000000e+03
9.545721200000000000e+07 4.700000000000000000e+03 6.220000000000000000e+03 1.750000000000000000e+03 3.430000000000000000e+03
9.545742000000000000e+07 4.700000000000000000e+03 6.200000000000000000e+03 1.750000000000000000e+03 3.430000000000000000e+03
9.545762800000000000e+07 4.700000000000000000e+03 6.180000000000000000e+03 1.750000000000000000e+03 3.430000000000000000e+03
9.545783600000000000e+07 4.700000000000000000e+03 6.200000000000000000e+03 1.750000000000000000e+03 3.430000000000000000e+03
9.545804400000000000e+07 4.700000000000000000e+03 6.200000000000000000e+03 1.750000000000000000e+03 3.440000000000000000e+03
9.545825200000000000e+07 4.700000000000000000e+03 6.190000000000000000e+03 1.750000000000000000e+03 3.440000000000000000e+03
9.545846000000000000e+07 4.700000000000000000e+03 6.190000000000000000e+03 1.750000000000000000e+03 3.430000000000000000e+03
9.545868100000000000e+07 4.700000000000000000e+03 6.190000000000000000e+03 1.760000000000000000e+03 3.450000000000000000e+03
