1.629383470000000000e+08 4.110000000000000000e+03 4.610000000000000000e+03 2.670000000000000000e+03 3.370000000000000000e+03
1.629385540000000000e+08 4.100000000000000000e+03 4.610000000000000000e+03 2.680000000000000000e+03 3.380000000000000000e+03
1.629387620000000000e+08 4.110000000000000000e+03 4.610000000000000000e+03 2.650000000000000000e+03 3.380000000000000000e+03
1.629389710000000000e+08 4.100000000000000000e+03 4.610000000000000000e+03 2.650000000000000000e+03 3.390000000000000000e+03
1.629391790000000000e+08 4.090000000000000000e+03 4.610000000000000000e+03 2.650000000000000000e+03 3.390000000000000000e+03
1.629393870000000000e+08 4.090000000000000000e+03 4.600000000000000000e+03 2.650000000000000000e+03 3.390000000000000000e+03
1.629395940000000000e+08 4.090000000000000000e+03 4.600000000000000000e+03 2.700000000000000000e+03 3.370000000000000000e+03
1.629398020000000000e+08 4.100000000000000000e+03 4.610000000000000000e+03 2.800000000000000000e+03 3.370000000000000000e+03
1.629400110000000000e+08 4.090000000000000000e+03 4.610000000000000000e+03 2.830000000000000000e+03 3.370000000000000000e+03
1.629402180000000000e+08 4.100000000000000000e+03 4.610000000000000000e+03 2.960000000000000000e+03 3.370000000000000000e+03
1.629404260000000000e+08 4.120000000000000000e+03 4.620000000000000000e+03 2.870000000000000000e+03 3.370000000000000000e+03
1.629406340000000000e+08 4.120000000000000000e+03 4.610000000000000000e+03 2.900000000000000000e+03 3.370000000000000000e+03
1.629408260000000000e+08 4.130000000000000000e+03 4.610000000000000000e+03 2.930000000000000000e+03 3.380000000000000000e+03
1.629410340000000000e+08 4.110000000000000000e+03 4.620000000000000000e+03 2.960000000000000000e+03 3.370000000000000000e+03
1.629412420000000000e+08 4.110000000000000000e+03 4.610000000000000000e+03 2.990000000000000000e+03 3.380000000000000000e+03
1.629414500000000000e+08 4.100000000000000000e+03 4.610000000000000000e+03 3.000000000000000000e+03 3.380000000000000000e+03
1.629416580000000000e+08 4.090000000000000000e+03 4.620000000000000000e+03 3.000000000000000000e+03 3.380000000000000000e+03
1.629418660000000000e+08 4.080000000000000000e+03 4.620000000000000000e+03 3.020000000000000000e+03 3.370000000000000000e+03
1.629420740000000000e+08 4.100000000000000000e+03 4.610000000000000000e+03 3.030000000000000000e+03 3.370000000000000000e+03
1.629422820000000000e+08 4.100000000000000000e+03 4.610000000000000000e+03 3.030000000000000000e+03 3.370000000000000000e+03
1.629424900000000000e+08 4.090000000000000000e+03 4.610000000000000000e+03 3.030000000000000000e+03 3.370000000000000000e+03
1.629426980000000000e+08 4.090000000000000000e+03 4.610000000000000000e+03 3.020000000000000000e+03 3.380000000000000000e+03
1.629429060000000000e+08 4.100000000000000000e+03 4.610000000000000000e+03 3.010000000000000000e+03 3.380000000000000000e+03
1.629431140000000000e+08 4.090000000000000000e+03 4.610000000000000000e+03 3.010000000000000000e+03 3.380000000000000000e+03
1.629433220000000000e+08 4.080000000000000000e+03 4.600000000000000000e+03 3.000000000000000000e+03 3.380000000000000000e+03
1.629437220000000000e+08 4.100000000000000000e+03 4.600000000000000000e+03 2.990000000000000000e+03 3.370000000000000000e+03
1.629439300000000000e+08 4.090000000000000000e+03 4.600000000000000000e+03 2.980000000000000000e+03 3.370000000000000000e+03
1.629441380000000000e+08 4.110000000000000000e+03 4.600000000000000000e+03 2.990000000000000000e+03 3.360000000000000000e+03
1.629443460000000000e+08 4.100000000000000000e+03 4.610000000000000000e+03 3.010000000000000000e+03 3.370000000000000000e+03
1.629445540000000000e+08 4.090000000000000000e+03 4.610000000000000000e+03 3.010000000000000000e+03 3.380000000000000000e+03
1.629447620000000000e+08 4.100000000000000000e+03 4.610000000000000000e+03 3.010000000000000000e+03 3.380000000000000000e+03
1.629449700000000000e+08 4.110000000000000000e+03 4.610000000000000000e+03 3.000000000000000000e+03 3.370000000000000000e+03
1.629451780000000000e+08 4.110000000000000000e+03 4.610000000000000000e+03 2.980000000000000000e+03 3.370000000000000000e+03
1.629453850000000000e+08 4.090000000000000000e+03 4.620000000000000000e+03 2.960000000000000000e+03 3.380000000000000000e+03
1.629455930000000000e+08 4.070000000000000000e+03 4.610000000000000000e+03 2.950000000000000000e+03 3.380000000000000000e+03
1.629458010000000000e+08 4.090000000000000000e+03 4.610000000000000000e+03 2.950000000000000000e+03 3.380000000000000000e+03
1.629460090000000000e+08 4.110000000000000000e+03 4.610000000000000000e+03 2.950000000000000000e+03 3.380000000000000000e+03
1.629462170000000000e+08 4.110000000000000000e+03 4.610000000000000000e+03 2.950000000000000000e+03 3.370000000000000000e+03
1.629464250000000000e+08 4.110000000000000000e+03 4.610000000000000000e+03 2.950000000000000000e+03 3.370000000000000000e+03
1.629466170000000000e+08 4.110000000000000000e+03 4.610000000000000000e+03 2.950000000000000000e+03 3.370000000000000000e+03
1.629468250000000000e+08 4.100000000000000000e+03 4.610000000000000000e+03 2.950000000000000000e+03 3.370000000000000000e+03
1.629470330000000000e+08 4.090000000000000000e+03 4.610000000000000000e+03 2.950000000000000000e+03 3.370000000000000000e+03
1.629472410000000000e+08 4.090000000000000000e+03 4.610000000000000000e+03 2.950000000000000000e+03 3.370000000000000000e+03
1.629474490000000000e+08 4.100000000000000000e+03 4.610000000000000000e+03 2.950000000000000000e+03 3.370000000000000000e+03
1.629476570000000000e+08 4.120000000000000000e+03 4.620000000000000000e+03 2.950000000000000000e+03 3.380000000000000000e+03
1.629478650000000000e+08 4.120000000000000000e+03 4.610000000000000000e+03 2.950000000000000000e+03 3.380000000000000000e+03
1.629480730000000000e+08 4.110000000000000000e+03 4.620000000000000000e+03 2.970000000000000000e+03 3.380000000000000000e+03
1.629482810000000000e+08 4.100000000000000000e+03 4.610000000000000000e+03 3.000000000000000000e+03 3.380000000000000000e+03
1.629484890000000000e+08 4.090000000000000000e+03 4.610000000000000000e+03 2.980000000000000000e+03 3.380000000000000000e+03
1.629486970000000000e+08 4.110000000000000000e+03 4.610000000000000000e+03 3.010000000000000000e+03 3.380000000000000000e+03
1.629489050000000000e+08 4.100000000000000000e+03 4.610000000000000000e+03 3.050000000000000000e+03 3.380000000000000000e+03
1.629491130000000000e+08 4.090000000000000000e+03 4.610000000000000000e+03 3.090000000000000000e+03 3.390000000000000000e+03
1.629493210000000000e+08 4.090000000000000000e+03 4.610000000000000000e+03 3.080000000000000000e+03 3.380000000000000000e+03
1.629495290000000000e+08 4.090000000000000000e+03 4.610000000000000000e+03 3.060000000000000000e+03 3.380000000000000000e+03
1.629497370000000000e+08 4.080000000000000000e+03 4.610000000000000000e+03 3.020000000000000000e+03 3.380000000000000000e+03
1.629499450000000000e+08 4.090000000000000000e+03 4.610000000000000000e+03 2.990000000000000000e+03 3.380000000000000000e+03
1.629501370000000000e+08 4.080000000000000000e+03 4.610000000000000000e+03 2.970000000000000000e+03 3.380000000000000000e+03
1.629503440000000000e+08 4.080000000000000000e+03 4.610000000000000000e+03 2.960000000000000000e+03 3.380000000000000000e+03
1.629505530000000000e+08 4.090000000000000000e+03 4.620000000000000000e+03 2.950000000000000000e+03 3.390000000000000000e+03
1.629507610000000000e+08 4.080000000000000000e+03 4.620000000000000000e+03 2.950000000000000000e+03 3.390000000000000000e+03
1.629509690000000000e+08 4.080000000000000000e+03 4.620000000000000000e+03 2.970000000000000000e+03 3.390000000000000000e+03
1.629511760000000000e+08 4.080000000000000000e+03 4.610000000000000000e+03 2.980000000000000000e+03 3.390000000000000000e+03
1.629513840000000000e+08 4.080000000000000000e+03 4.600000000000000000e+03 2.990000000000000000e+03 3.380000000000000000e+03
1.629515920000000000e+08 4.080000000000000000e+03 4.600000000000000000e+03 3.000000000000000000e+03 3.380000000000000000e+03
1.629518000000000000e+08 4.070000000000000000e+03 4.610000000000000000e+03 2.990000000000000000e+03 3.380000000000000000e+03
1.629520080000000000e+08 4.090000000000000000e+03 4.620000000000000000e+03 2.990000000000000000e+03 3.390000000000000000e+03
1.629522160000000000e+08 4.110000000000000000e+03 4.610000000000000000e+03 2.990000000000000000e+03 3.380000000000000000e+03
1.629524290000000000e+08 4.110000000000000000e+03 4.610000000000000000e+03 2.980000000000000000e+03 3.390000000000000000e+03
1.629526320000000000e+08 4.110000000000000000e+03 4.610000000000000000e+03 2.970000000000000000e+03 3.390000000000000000e+03
1.629528400000000000e+08 4.120000000000000000e+03 4.610000000000000000e+03 2.960000000000000000e+03 3.380000000000000000e+03
1.629530480000000000e+08 4.120000000000000000e+03 4.610000000000000000e+03 2.960000000000000000e+03 3.380000000000000000e+03
1.629532560000000000e+08 4.120000000000000000e+03 4.610000000000000000e+03 2.980000000000000000e+03 3.380000000000000000e+03
1.629534480000000000e+08 4.110000000000000000e+03 4.610000000000000000e+03 2.990000000000000000e+03 3.370000000000000000e+03
1.629536560000000000e+08 4.110000000000000000e+03 4.610000000000000000e+03 3.000000000000000000e+03 3.370000000000000000e+03
1.629538640000000000e+08 4.120000000000000000e+03 4.610000000000000000e+03 3.000000000000000000e+03 3.370000000000000000e+03
1.629540720000000000e+08 4.120000000000000000e+03 4.610000000000000000e+03 3.010000000000000000e+03 3.370000000000000000e+03
1.629542800000000000e+08 4.110000000000000000e+03 4.610000000000000000e+03 3.020000000000000000e+03 3.370000000000000000e+03
1.629544880000000000e+08 4.100000000000000000e+03 4.610000000000000000e+03 3.030000000000000000e+03 3.360000000000000000e+03
1.629546960000000000e+08 4.090000000000000000e+03 4.610000000000000000e+03 3.030000000000000000e+03 3.340000000000000000e+03
1.629549040000000000e+08 4.090000000000000000e+03 4.610000000000000000e+03 3.030000000000000000e+03 3.360000000000000000e+03
1.629551120000000000e+08 4.100000000000000000e+03 4.620000000000000000e+03 3.020000000000000000e+03 3.370000000000000000e+03
1.629553200000000000e+08 4.090000000000000000e+03 4.610000000000000000e+03 3.010000000000000000e+03 3.360000000000000000e+03
1.629555280000000000e+08 4.080000000000000000e+03 4.610000000000000000e+03 3.010000000000000000e+03 3.370000000000000000e+03
1.629559440000000000e+08 4.100000000000000000e+03 4.620000000000000000e+03 2.990000000000000000e+03 3.370000000000000000e+03
1.629561510000000000e+08 4.110000000000000000e+03 4.620000000000000000e+03 3.010000000000000000e+03 3.370000000000000000e+03
1.629563600000000000e+08 4.110000000000000000e+03 4.610000000000000000e+03 3.020000000000000000e+03 3.370000000000000000e+03
1.629565680000000000e+08 4.090000000000000000e+03 4.610000000000000000e+03 3.000000000000000000e+03 3.370000000000000000e+03
1.629567600000000000e+08 4.080000000000000000e+03 4.610000000000000000e+03 2.990000000000000000e+03 3.370000000000000000e+03
1.629569680000000000e+08 4.100000000000000000e+03 4.610000000000000000e+03 2.980000000000000000e+03 3.370000000000000000e+03
1.629571750000000000e+08 4.090000000000000000e+03 4.610000000000000000e+03 2.970000000000000000e+03 3.370000000000000000e+03
1.629573830000000000e+08 4.100000000000000000e+03 4.620000000000000000e+03 2.960000000000000000e+03 3.370000000000000000e+03
1.629575910000000000e+08 4.090000000000000000e+03 4.620000000000000000e+03 2.970000000000000000e+03 3.370000000000000000e+03
1.629578000000000000e+08 4.090000000000000000e+03 4.620000000000000000e+03 2.960000000000000000e+03 3.370000000000000000e+03
1.629580070000000000e+08 4.100000000000000000e+03 4.630000000000000000e+03 2.970000000000000000e+03 3.380000000000000000e+03
1.629582150000000000e+08 4.110000000000000000e+03 4.630000000000000000e+03 2.970000000000000000e+03 3.380000000000000000e+03
1.629584230000000000e+08 4.110000000000000000e+03 4.630000000000000000e+03 2.990000000000000000e+03 3.380000000000000000e+03
1.629586310000000000e+08 4.110000000000000000e+03 4.630000000000000000e+03 3.000000000000000000e+03 3.370000000000000000e+03
1.629588490000000000e+08 4.100000000000000000e+03 4.630000000000000000e+03 3.000000000000000000e+03 3.370000000000000000e+03
1.629590480000000000e+08 4.120000000000000000e+03 4.620000000000000000e+03 3.000000000000000000e+03 3.370000000000000000e+03
1.629592550000000000e+08 4.120000000000000000e+03 4.610000000000000000e+03 3.000000000000000000e+03 3.370000000000000000e+03
1.629594630000000000e+08 4.120000000000000000e+03 4.620000000000000000e+03 3.000000000000000000e+03 3.370000000000000000e+03
1.629596710000000000e+08 4.120000000000000000e+03 4.620000000000000000e+03 2.980000000000000000e+03 3.370000000000000000e+03
1.629598790000000000e+08 4.110000000000000000e+03 4.620000000000000000e+03 2.960000000000000000e+03 3.370000000000000000e+03
1.630000870000000000e+08 4.110000000000000000e+03 4.620000000000000000e+03 2.960000000000000000e+03 3.370000000000000000e+03
1.630002790000000000e+08 4.090000000000000000e+03 4.610000000000000000e+03 2.950000000000000000e+03 3.380000000000000000e+03
1.630004870000000000e+08 4.080000000000000000e+03 4.610000000000000000e+03 2.940000000000000000e+03 3.380000000000000000e+03
1.630006950000000000e+08 4.090000000000000000e+03 4.610000000000000000e+03 2.930000000000000000e+03 3.370000000000000000e+03
1.630009040000000000e+08 4.080000000000000000e+03 4.610000000000000000e+03 2.930000000000000000e+03 3.360000000000000000e+03
1.630011110000000000e+08 4.080000000000000000e+03 4.610000000000000000e+03 2.920000000000000000e+03 3.360000000000000000e+03
1.630013190000000000e+08 4.090000000000000000e+03 4.620000000000000000e+03 2.920000000000000000e+03 3.360000000000000000e+03
1.630015270000000000e+08 4.090000000000000000e+03 4.620000000000000000e+03 2.920000000000000000e+03 3.360000000000000000e+03
1.630017350000000000e+08 4.090000000000000000e+03 4.610000000000000000e+03 2.920000000000000000e+03 3.370000000000000000e+03
1.630019430000000000e+08 4.090000000000000000e+03 4.610000000000000000e+03 2.930000000000000000e+03 3.370000000000000000e+03
1.630021510000000000e+08 4.090000000000000000e+03 4.610000000000000000e+03 2.930000000000000000e+03 3.370000000000000000e+03
1.630023590000000000e+08 4.090000000000000000e+03 4.610000000000000000e+03 2.930000000000000000e+03 3.370000000000000000e+03
1.630025670000000000e+08 4.110000000000000000e+03 4.610000000000000000e+03 2.940000000000000000e+03 3.380000000000000000e+03
1.630027750000000000e+08 4.100000000000000000e+03 4.610000000000000000e+03 2.940000000000000000e+03 3.380000000000000000e+03
1.630029830000000000e+08 4.090000000000000000e+03 4.610000000000000000e+03 2.940000000000000000e+03 3.380000000000000000e+03
1.630031900000000000e+08 4.090000000000000000e+03 4.610000000000000000e+03 2.940000000000000000e+03 3.370000000000000000e+03
1.630033980000000000e+08 4.090000000000000000e+03 4.610000000000000000e+03 2.950000000000000000e+03 3.370000000000000000e+03
1.630035900000000000e+08 4.100000000000000000e+03 4.610000000000000000e+03 2.950000000000000000e+03 3.380000000000000000e+03
1.630037980000000000e+08 4.110000000000000000e+03 4.600000000000000000e+03 2.950000000000000000e+03 3.380000000000000000e+03
1.630040090000000000e+08 4.110000000000000000e+03 4.600000000000000000e+03 2.940000000000000000e+03 3.380000000000000000e+03
1.630042140000000000e+08 4.100000000000000000e+03 4.610000000000000000e+03 2.940000000000000000e+03 3.370000000000000000e+03
1.630044220000000000e+08 4.090000000000000000e+03 4.610000000000000000e+03 2.940000000000000000e+03 3.370000000000000000e+03
1.630046300000000000e+08 4.090000000000000000e+03 4.610000000000000000e+03 2.950000000000000000e+03 3.370000000000000000e+03
1.630145960000000000e+08 4.100000000000000000e+03 4.850000000000000000e+03 2.400000000000000000e+03 3.380000000000000000e+03
1.630148040000000000e+08 4.100000000000000000e+03 4.940000000000000000e+03 2.400000000000000000e+03 3.390000000000000000e+03
1.630150120000000000e+08 4.110000000000000000e+03 4.940000000000000000e+03 2.400000000000000000e+03 3.390000000000000000e+03
1.630152200000000000e+08 4.110000000000000000e+03 4.940000000000000000e+03 2.400000000000000000e+03 3.380000000000000000e+03
1.630154280000000000e+08 4.120000000000000000e+03 4.960000000000000000e+03 2.390000000000000000e+03 3.380000000000000000e+03
1.630156360000000000e+08 4.120000000000000000e+03 4.940000000000000000e+03 2.390000000000000000e+03 3.370000000000000000e+03
1.630158450000000000e+08 4.110000000000000000e+03 4.920000000000000000e+03 2.400000000000000000e+03 3.360000000000000000e+03
1.630160510000000000e+08 4.120000000000000000e+03 4.880000000000000000e+03 2.400000000000000000e+03 3.360000000000000000e+03
1.630162600000000000e+08 4.110000000000000000e+03 4.850000000000000000e+03 2.400000000000000000e+03 3.370000000000000000e+03
1.630164680000000000e+08 4.110000000000000000e+03 4.850000000000000000e+03 2.400000000000000000e+03 3.370000000000000000e+03
1.630168840000000000e+08 4.100000000000000000e+03 4.870000000000000000e+03 2.400000000000000000e+03 3.370000000000000000e+03
1.630170920000000000e+08 4.110000000000000000e+03 4.860000000000000000e+03 2.400000000000000000e+03 3.370000000000000000e+03
1.630172840000000000e+08 4.110000000000000000e+03 4.850000000000000000e+03 2.400000000000000000e+03 3.360000000000000000e+03
1.630174920000000000e+08 4.110000000000000000e+03 4.860000000000000000e+03 2.400000000000000000e+03 3.370000000000000000e+03
1.630177000000000000e+08 4.110000000000000000e+03 4.890000000000000000e+03 2.400000000000000000e+03 3.380000000000000000e+03
1.630179080000000000e+08 4.100000000000000000e+03 4.930000000000000000e+03 2.400000000000000000e+03 3.380000000000000000e+03
1.630181160000000000e+08 4.110000000000000000e+03 4.950000000000000000e+03 2.400000000000000000e+03 3.390000000000000000e+03
1.630183240000000000e+08 4.100000000000000000e+03 4.960000000000000000e+03 2.400000000000000000e+03 3.380000000000000000e+03
1.630185320000000000e+08 4.110000000000000000e+03 4.950000000000000000e+03 2.400000000000000000e+03 3.370000000000000000e+03
1.630187400000000000e+08 4.110000000000000000e+03 4.940000000000000000e+03 2.400000000000000000e+03 3.370000000000000000e+03
1.630189480000000000e+08 4.120000000000000000e+03 4.930000000000000000e+03 2.400000000000000000e+03 3.380000000000000000e+03
1.630191560000000000e+08 4.100000000000000000e+03 4.930000000000000000e+03 2.400000000000000000e+03 3.390000000000000000e+03
1.630193640000000000e+08 4.100000000000000000e+03 4.930000000000000000e+03 2.390000000000000000e+03 3.390000000000000000e+03
1.630195720000000000e+08 4.090000000000000000e+03 4.920000000000000000e+03 2.390000000000000000e+03 3.380000000000000000e+03
1.630197800000000000e+08 4.090000000000000000e+03 4.920000000000000000e+03 2.390000000000000000e+03 3.380000000000000000e+03
1.630199870000000000e+08 4.080000000000000000e+03 4.920000000000000000e+03 2.400000000000000000e+03 3.390000000000000000e+03
1.630201960000000000e+08 4.100000000000000000e+03 4.920000000000000000e+03 2.400000000000000000e+03 3.390000000000000000e+03
1.630204040000000000e+08 4.100000000000000000e+03 4.920000000000000000e+03 2.400000000000000000e+03 3.390000000000000000e+03
1.630205950000000000e+08 4.090000000000000000e+03 4.930000000000000000e+03 2.390000000000000000e+03 3.390000000000000000e+03
1.630208030000000000e+08 4.090000000000000000e+03 4.930000000000000000e+03 2.390000000000000000e+03 3.380000000000000000e+03
1.630210110000000000e+08 4.090000000000000000e+03 4.930000000000000000e+03 2.390000000000000000e+03 3.380000000000000000e+03
1.630212190000000000e+08 4.090000000000000000e+03 4.920000000000000000e+03 2.390000000000000000e+03 3.380000000000000000e+03
1.630214270000000000e+08 4.090000000000000000e+03 4.920000000000000000e+03 2.400000000000000000e+03 3.390000000000000000e+03
1.630216350000000000e+08 4.080000000000000000e+03 4.920000000000000000e+03 2.400000000000000000e+03 3.380000000000000000e+03
1.630218430000000000e+08 4.080000000000000000e+03 4.910000000000000000e+03 2.400000000000000000e+03 3.380000000000000000e+03
1.630220510000000000e+08 4.090000000000000000e+03 4.920000000000000000e+03 2.400000000000000000e+03 3.380000000000000000e+03
1.630222590000000000e+08 4.100000000000000000e+03 4.920000000000000000e+03 2.400000000000000000e+03 3.390000000000000000e+03
1.630224680000000000e+08 4.100000000000000000e+03 4.930000000000000000e+03 2.400000000000000000e+03 3.390000000000000000e+03
1.630226750000000000e+08 4.090000000000000000e+03 4.920000000000000000e+03 2.420000000000000000e+03 3.390000000000000000e+03
1.630228830000000000e+08 4.090000000000000000e+03 4.910000000000000000e+03 2.400000000000000000e+03 3.380000000000000000e+03
1.630230910000000000e+08 4.100000000000000000e+03 4.940000000000000000e+03 2.400000000000000000e+03 3.380000000000000000e+03
1.630232990000000000e+08 4.090000000000000000e+03 4.940000000000000000e+03 2.400000000000000000e+03 3.390000000000000000e+03
1.630235070000000000e+08 4.100000000000000000e+03 4.920000000000000000e+03 2.400000000000000000e+03 3.380000000000000000e+03
1.630237160000000000e+08 4.100000000000000000e+03 4.920000000000000000e+03 2.390000000000000000e+03 3.380000000000000000e+03
1.630239070000000000e+08 4.090000000000000000e+03 4.950000000000000000e+03 2.390000000000000000e+03 3.380000000000000000e+03
1.630241150000000000e+08 4.090000000000000000e+03 4.930000000000000000e+03 2.390000000000000000e+03 3.380000000000000000e+03
1.630243230000000000e+08 4.100000000000000000e+03 4.960000000000000000e+03 2.390000000000000000e+03 3.360000000000000000e+03
1.630245310000000000e+08 4.100000000000000000e+03 4.950000000000000000e+03 2.390000000000000000e+03 3.370000000000000000e+03
1.630247390000000000e+08 4.100000000000000000e+03 4.980000000000000000e+03 2.390000000000000000e+03 3.370000000000000000e+03
1.630249460000000000e+08 4.100000000000000000e+03 4.970000000000000000e+03 2.390000000000000000e+03 3.370000000000000000e+03
1.630251550000000000e+08 4.110000000000000000e+03 4.940000000000000000e+03 2.390000000000000000e+03 3.370000000000000000e+03
1.630253620000000000e+08 4.100000000000000000e+03 4.930000000000000000e+03 2.390000000000000000e+03 3.370000000000000000e+03
1.630255710000000000e+08 4.110000000000000000e+03 4.910000000000000000e+03 2.400000000000000000e+03 3.370000000000000000e+03
1.630257780000000000e+08 4.100000000000000000e+03 4.890000000000000000e+03 2.400000000000000000e+03 3.370000000000000000e+03
1.630259860000000000e+08 4.100000000000000000e+03 4.920000000000000000e+03 2.400000000000000000e+03 3.370000000000000000e+03
1.630261940000000000e+08 4.120000000000000000e+03 5.100000000000000000e+03 2.420000000000000000e+03 3.370000000000000000e+03
1.630264020000000000e+08 4.100000000000000000e+03 5.190000000000000000e+03 2.390000000000000000e+03 3.370000000000000000e+03
1.630266110000000000e+08 4.110000000000000000e+03 5.300000000000000000e+03 2.390000000000000000e+03 3.370000000000000000e+03
1.630268180000000000e+08 4.110000000000000000e+03 5.160000000000000000e+03 2.390000000000000000e+03 3.360000000000000000e+03
1.630270260000000000e+08 4.120000000000000000e+03 5.040000000000000000e+03 2.390000000000000000e+03 3.360000000000000000e+03
1.630272340000000000e+08 4.120000000000000000e+03 5.090000000000000000e+03 2.390000000000000000e+03 3.360000000000000000e+03
1.630274260000000000e+08 4.120000000000000000e+03 5.140000000000000000e+03 2.390000000000000000e+03 3.370000000000000000e+03
1.630276350000000000e+08 4.120000000000000000e+03 5.190000000000000000e+03 2.390000000000000000e+03 3.370000000000000000e+03
1.630278420000000000e+08 4.120000000000000000e+03 5.100000000000000000e+03 2.400000000000000000e+03 3.370000000000000000e+03
1.630280500000000000e+08 4.120000000000000000e+03 5.060000000000000000e+03 2.400000000000000000e+03 3.380000000000000000e+03
1.630282580000000000e+08 4.110000000000000000e+03 5.050000000000000000e+03 2.400000000000000000e+03 3.380000000000000000e+03
1.630284660000000000e+08 4.120000000000000000e+03 5.010000000000000000e+03 2.400000000000000000e+03 3.370000000000000000e+03
1.630286740000000000e+08 4.110000000000000000e+03 4.950000000000000000e+03 2.400000000000000000e+03 3.370000000000000000e+03
1.630288810000000000e+08 4.120000000000000000e+03 5.040000000000000000e+03 2.390000000000000000e+03 3.370000000000000000e+03
1.630290900000000000e+08 4.130000000000000000e+03 5.080000000000000000e+03 2.390000000000000000e+03 3.370000000000000000e+03
1.630292980000000000e+08 4.120000000000000000e+03 5.110000000000000000e+03 2.390000000000000000e+03 3.370000000000000000e+03
1.630295060000000000e+08 4.110000000000000000e+03 5.110000000000000000e+03 2.390000000000000000e+03 3.370000000000000000e+03
1.630297140000000000e+08 4.110000000000000000e+03 5.080000000000000000e+03 2.400000000000000000e+03 3.370000000000000000e+03
1.630299220000000000e+08 4.110000000000000000e+03 5.090000000000000000e+03 2.400000000000000000e+03 3.370000000000000000e+03
1.630301300000000000e+08 4.120000000000000000e+03 5.130000000000000000e+03 2.400000000000000000e+03 3.370000000000000000e+03
1.630303380000000000e+08 4.120000000000000000e+03 5.070000000000000000e+03 2.420000000000000000e+03 3.380000000000000000e+03
1.630305460000000000e+08 4.120000000000000000e+03 5.040000000000000000e+03 2.420000000000000000e+03 3.380000000000000000e+03
1.630307370000000000e+08 4.130000000000000000e+03 5.000000000000000000e+03 2.420000000000000000e+03 3.380000000000000000e+03
1.630309460000000000e+08 4.120000000000000000e+03 4.980000000000000000e+03 2.420000000000000000e+03 3.380000000000000000e+03
1.630311530000000000e+08 4.120000000000000000e+03 4.950000000000000000e+03 2.400000000000000000e+03 3.380000000000000000e+03
1.630313620000000000e+08 4.110000000000000000e+03 4.930000000000000000e+03 2.400000000000000000e+03 3.380000000000000000e+03
1.630315700000000000e+08 4.120000000000000000e+03 4.930000000000000000e+03 2.400000000000000000e+03 3.390000000000000000e+03
1.630317770000000000e+08 4.120000000000000000e+03 5.060000000000000000e+03 2.420000000000000000e+03 3.390000000000000000e+03
1.630319850000000000e+08 4.110000000000000000e+03 5.150000000000000000e+03 2.420000000000000000e+03 3.370000000000000000e+03
1.630321930000000000e+08 4.110000000000000000e+03 5.140000000000000000e+03 2.400000000000000000e+03 3.380000000000000000e+03
1.630324010000000000e+08 4.120000000000000000e+03 5.140000000000000000e+03 2.400000000000000000e+03 3.380000000000000000e+03
1.630326090000000000e+08 4.120000000000000000e+03 5.110000000000000000e+03 2.400000000000000000e+03 3.380000000000000000e+03
1.630328170000000000e+08 4.110000000000000000e+03 5.100000000000000000e+03 2.400000000000000000e+03 3.380000000000000000e+03
1.630330250000000000e+08 4.110000000000000000e+03 5.170000000000000000e+03 2.390000000000000000e+03 3.380000000000000000e+03
1.630332330000000000e+08 4.120000000000000000e+03 5.250000000000000000e+03 2.390000000000000000e+03 3.380000000000000000e+03
1.630334410000000000e+08 4.120000000000000000e+03 5.260000000000000000e+03 2.390000000000000000e+03 3.380000000000000000e+03
1.630336490000000000e+08 4.130000000000000000e+03 5.260000000000000000e+03 2.400000000000000000e+03 3.380000000000000000e+03
1.630338570000000000e+08 4.130000000000000000e+03 5.260000000000000000e+03 2.390000000000000000e+03 3.380000000000000000e+03
1.630340490000000000e+08 4.130000000000000000e+03 5.230000000000000000e+03 2.390000000000000000e+03 3.380000000000000000e+03
1.630342570000000000e+08 4.130000000000000000e+03 5.200000000000000000e+03 2.390000000000000000e+03 3.380000000000000000e+03
1.630344650000000000e+08 4.130000000000000000e+03 5.160000000000000000e+03 2.390000000000000000e+03 3.390000000000000000e+03
1.630346730000000000e+08 4.140000000000000000e+03 5.160000000000000000e+03 2.380000000000000000e+03 3.370000000000000000e+03
1.630348810000000000e+08 4.130000000000000000e+03 5.160000000000000000e+03 2.400000000000000000e+03 3.370000000000000000e+03
1.630350890000000000e+08 4.120000000000000000e+03 5.130000000000000000e+03 2.400000000000000000e+03 3.370000000000000000e+03
1.630352970000000000e+08 4.120000000000000000e+03 5.090000000000000000e+03 2.400000000000000000e+03 3.380000000000000000e+03
1.630355050000000000e+08 4.120000000000000000e+03 5.080000000000000000e+03 2.400000000000000000e+03 3.380000000000000000e+03
1.630357130000000000e+08 4.120000000000000000e+03 5.080000000000000000e+03 2.420000000000000000e+03 3.370000000000000000e+03
1.630359210000000000e+08 4.110000000000000000e+03 5.080000000000000000e+03 2.430000000000000000e+03 3.370000000000000000e+03
1.630361290000000000e+08 4.110000000000000000e+03 5.080000000000000000e+03 2.430000000000000000e+03 3.370000000000000000e+03
1.630363370000000000e+08 4.120000000000000000e+03 5.070000000000000000e+03 2.420000000000000000e+03 3.370000000000000000e+03
1.630365450000000000e+08 4.130000000000000000e+03 5.080000000000000000e+03 2.400000000000000000e+03 3.360000000000000000e+03
1.630367530000000000e+08 4.120000000000000000e+03 5.150000000000000000e+03 2.400000000000000000e+03 3.360000000000000000e+03
1.630369600000000000e+08 4.120000000000000000e+03 5.230000000000000000e+03 2.400000000000000000e+03 3.360000000000000000e+03
1.630371690000000000e+08 4.120000000000000000e+03 5.300000000000000000e+03 2.400000000000000000e+03 3.360000000000000000e+03
1.630373760000000000e+08 4.120000000000000000e+03 5.310000000000000000e+03 2.420000000000000000e+03 3.370000000000000000e+03
1.630375680000000000e+08 4.110000000000000000e+03 5.330000000000000000e+03 2.420000000000000000e+03 3.370000000000000000e+03
1.630377760000000000e+08 4.110000000000000000e+03 5.290000000000000000e+03 2.420000000000000000e+03 3.370000000000000000e+03
1.630379840000000000e+08 4.110000000000000000e+03 5.320000000000000000e+03 2.420000000000000000e+03 3.360000000000000000e+03
