1.632583760000000000e+08 3.230000000000000000e+03 4.360000000000000000e+03 3.160000000000000000e+03 3.930000000000000000e+03
1.632585840000000000e+08 3.230000000000000000e+03 4.380000000000000000e+03 3.160000000000000000e+03 3.930000000000000000e+03
1.632587920000000000e+08 3.220000000000000000e+03 4.380000000000000000e+03 3.160000000000000000e+03 3.920000000000000000e+03
1.632589990000000000e+08 3.220000000000000000e+03 4.390000000000000000e+03 3.160000000000000000e+03 3.920000000000000000e+03
1.632592070000000000e+08 3.230000000000000000e+03 4.410000000000000000e+03 3.150000000000000000e+03 3.920000000000000000e+03
1.632594160000000000e+08 3.240000000000000000e+03 4.410000000000000000e+03 3.150000000000000000e+03 3.930000000000000000e+03
1.632596230000000000e+08 3.230000000000000000e+03 4.370000000000000000e+03 3.140000000000000000e+03 3.950000000000000000e+03
1.632598310000000000e+08 3.230000000000000000e+03 4.400000000000000000e+03 3.140000000000000000e+03 3.960000000000000000e+03
1.633000400000000000e+08 3.240000000000000000e+03 4.400000000000000000e+03 3.140000000000000000e+03 3.950000000000000000e+03
1.633002480000000000e+08 3.240000000000000000e+03 4.380000000000000000e+03 3.160000000000000000e+03 3.940000000000000000e+03
1.633004670000000000e+08 3.240000000000000000e+03 4.400000000000000000e+03 3.160000000000000000e+03 3.940000000000000000e+03
1.633006640000000000e+08 3.240000000000000000e+03 4.420000000000000000e+03 3.180000000000000000e+03 3.930000000000000000e+03
1.633008720000000000e+08 3.230000000000000000e+03 4.380000000000000000e+03 3.180000000000000000e+03 3.920000000000000000e+03
1.633010790000000000e+08 3.240000000000000000e+03 4.360000000000000000e+03 3.180000000000000000e+03 3.920000000000000000e+03
1.633012870000000000e+08 3.220000000000000000e+03 4.410000000000000000e+03 3.160000000000000000e+03 3.930000000000000000e+03
1.633014950000000000e+08 3.210000000000000000e+03 4.380000000000000000e+03 3.160000000000000000e+03 3.930000000000000000e+03
1.633017030000000000e+08 3.210000000000000000e+03 4.380000000000000000e+03 3.150000000000000000e+03 3.920000000000000000e+03
1.633019110000000000e+08 3.210000000000000000e+03 4.350000000000000000e+03 3.150000000000000000e+03 3.920000000000000000e+03
1.633021190000000000e+08 3.210000000000000000e+03 4.420000000000000000e+03 3.170000000000000000e+03 3.930000000000000000e+03
1.633023270000000000e+08 3.220000000000000000e+03 4.390000000000000000e+03 3.180000000000000000e+03 3.920000000000000000e+03
1.633025350000000000e+08 3.220000000000000000e+03 4.370000000000000000e+03 3.180000000000000000e+03 3.930000000000000000e+03
1.633027440000000000e+08 3.220000000000000000e+03 4.360000000000000000e+03 3.180000000000000000e+03 3.930000000000000000e+03
1.633029510000000000e+08 3.220000000000000000e+03 4.360000000000000000e+03 3.170000000000000000e+03 3.940000000000000000e+03
1.633031590000000000e+08 3.220000000000000000e+03 4.370000000000000000e+03 3.180000000000000000e+03 3.940000000000000000e+03
1.633033670000000000e+08 3.220000000000000000e+03 4.420000000000000000e+03 3.160000000000000000e+03 3.950000000000000000e+03
1.633035750000000000e+08 3.230000000000000000e+03 4.370000000000000000e+03 3.160000000000000000e+03 3.930000000000000000e+03
1.633037830000000000e+08 3.230000000000000000e+03 4.410000000000000000e+03 3.150000000000000000e+03 3.930000000000000000e+03
1.633039910000000000e+08 3.210000000000000000e+03 4.350000000000000000e+03 3.140000000000000000e+03 3.940000000000000000e+03
1.633041990000000000e+08 3.220000000000000000e+03 4.370000000000000000e+03 3.140000000000000000e+03 3.940000000000000000e+03
1.633044070000000000e+08 3.230000000000000000e+03 4.390000000000000000e+03 3.150000000000000000e+03 3.930000000000000000e+03
1.633046150000000000e+08 3.230000000000000000e+03 4.400000000000000000e+03 3.140000000000000000e+03 3.920000000000000000e+03
1.633048230000000000e+08 3.230000000000000000e+03 4.410000000000000000e+03 3.140000000000000000e+03 3.930000000000000000e+03
1.633050300000000000e+08 3.220000000000000000e+03 4.410000000000000000e+03 3.140000000000000000e+03 3.940000000000000000e+03
1.633052380000000000e+08 3.220000000000000000e+03 4.360000000000000000e+03 3.130000000000000000e+03 3.960000000000000000e+03
1.633054470000000000e+08 3.220000000000000000e+03 4.400000000000000000e+03 3.130000000000000000e+03 3.940000000000000000e+03
1.633056550000000000e+08 3.210000000000000000e+03 4.420000000000000000e+03 3.130000000000000000e+03 3.940000000000000000e+03
1.633058630000000000e+08 3.210000000000000000e+03 4.390000000000000000e+03 3.120000000000000000e+03 3.940000000000000000e+03
1.633060710000000000e+08 3.220000000000000000e+03 4.360000000000000000e+03 3.120000000000000000e+03 3.940000000000000000e+03
1.633062780000000000e+08 3.220000000000000000e+03 4.390000000000000000e+03 3.120000000000000000e+03 3.940000000000000000e+03
1.633064870000000000e+08 3.230000000000000000e+03 4.390000000000000000e+03 3.120000000000000000e+03 3.950000000000000000e+03
1.633066950000000000e+08 3.240000000000000000e+03 4.400000000000000000e+03 3.120000000000000000e+03 3.960000000000000000e+03
1.633069020000000000e+08 3.220000000000000000e+03 4.340000000000000000e+03 3.120000000000000000e+03 3.950000000000000000e+03
1.633071100000000000e+08 3.220000000000000000e+03 4.400000000000000000e+03 3.130000000000000000e+03 3.930000000000000000e+03
1.633073180000000000e+08 3.220000000000000000e+03 4.390000000000000000e+03 3.130000000000000000e+03 3.930000000000000000e+03
1.633075260000000000e+08 3.230000000000000000e+03 4.340000000000000000e+03 3.140000000000000000e+03 3.940000000000000000e+03
1.633077340000000000e+08 3.230000000000000000e+03 4.370000000000000000e+03 3.150000000000000000e+03 3.930000000000000000e+03
1.633079420000000000e+08 3.220000000000000000e+03 4.390000000000000000e+03 3.130000000000000000e+03 3.920000000000000000e+03
1.633081500000000000e+08 3.220000000000000000e+03 4.340000000000000000e+03 3.130000000000000000e+03 3.910000000000000000e+03
1.633083580000000000e+08 3.220000000000000000e+03 4.400000000000000000e+03 3.130000000000000000e+03 3.930000000000000000e+03
1.633085660000000000e+08 3.210000000000000000e+03 4.360000000000000000e+03 3.130000000000000000e+03 3.930000000000000000e+03
1.633087740000000000e+08 3.210000000000000000e+03 4.380000000000000000e+03 3.140000000000000000e+03 3.940000000000000000e+03
1.633089820000000000e+08 3.220000000000000000e+03 4.390000000000000000e+03 3.140000000000000000e+03 3.930000000000000000e+03
1.633091900000000000e+08 3.240000000000000000e+03 4.400000000000000000e+03 3.140000000000000000e+03 3.940000000000000000e+03
1.633093980000000000e+08 3.240000000000000000e+03 4.390000000000000000e+03 3.130000000000000000e+03 3.930000000000000000e+03
1.633096060000000000e+08 3.230000000000000000e+03 4.370000000000000000e+03 3.130000000000000000e+03 3.920000000000000000e+03
1.633098140000000000e+08 3.230000000000000000e+03 4.360000000000000000e+03 3.120000000000000000e+03 3.910000000000000000e+03
1.633100220000000000e+08 3.230000000000000000e+03 4.390000000000000000e+03 3.140000000000000000e+03 3.930000000000000000e+03
1.633102300000000000e+08 3.230000000000000000e+03 4.330000000000000000e+03 3.150000000000000000e+03 3.940000000000000000e+03
1.633104380000000000e+08 3.230000000000000000e+03 4.330000000000000000e+03 3.150000000000000000e+03 3.930000000000000000e+03
1.633106460000000000e+08 3.230000000000000000e+03 4.340000000000000000e+03 3.140000000000000000e+03 3.920000000000000000e+03
1.633108540000000000e+08 3.240000000000000000e+03 4.340000000000000000e+03 3.150000000000000000e+03 3.930000000000000000e+03
1.633110620000000000e+08 3.230000000000000000e+03 4.350000000000000000e+03 3.140000000000000000e+03 3.920000000000000000e+03
1.633112700000000000e+08 3.230000000000000000e+03 4.360000000000000000e+03 3.130000000000000000e+03 3.910000000000000000e+03
1.633114780000000000e+08 3.220000000000000000e+03 4.360000000000000000e+03 3.140000000000000000e+03 3.910000000000000000e+03
1.633116860000000000e+08 3.220000000000000000e+03 4.420000000000000000e+03 3.160000000000000000e+03 3.910000000000000000e+03
1.633118940000000000e+08 3.230000000000000000e+03 4.420000000000000000e+03 3.140000000000000000e+03 3.920000000000000000e+03
1.633121020000000000e+08 3.230000000000000000e+03 4.390000000000000000e+03 3.130000000000000000e+03 3.930000000000000000e+03
1.633123100000000000e+08 3.240000000000000000e+03 4.360000000000000000e+03 3.140000000000000000e+03 3.930000000000000000e+03
1.633125180000000000e+08 3.220000000000000000e+03 4.420000000000000000e+03 3.150000000000000000e+03 3.920000000000000000e+03
1.633127250000000000e+08 3.210000000000000000e+03 4.420000000000000000e+03 3.150000000000000000e+03 3.930000000000000000e+03
1.633129330000000000e+08 3.210000000000000000e+03 4.400000000000000000e+03 3.150000000000000000e+03 3.930000000000000000e+03
1.633131410000000000e+08 3.220000000000000000e+03 4.360000000000000000e+03 3.150000000000000000e+03 3.950000000000000000e+03
1.633133490000000000e+08 3.230000000000000000e+03 4.410000000000000000e+03 3.150000000000000000e+03 3.960000000000000000e+03
1.633135570000000000e+08 3.230000000000000000e+03 4.410000000000000000e+03 3.140000000000000000e+03 3.940000000000000000e+03
1.633137650000000000e+08 3.220000000000000000e+03 4.400000000000000000e+03 3.150000000000000000e+03 3.950000000000000000e+03
1.633139730000000000e+08 3.230000000000000000e+03 4.420000000000000000e+03 3.150000000000000000e+03 3.940000000000000000e+03
1.633141810000000000e+08 3.240000000000000000e+03 4.410000000000000000e+03 3.140000000000000000e+03 3.950000000000000000e+03
1.633143890000000000e+08 3.240000000000000000e+03 4.400000000000000000e+03 3.160000000000000000e+03 3.950000000000000000e+03
1.633145970000000000e+08 3.240000000000000000e+03 4.380000000000000000e+03 3.150000000000000000e+03 3.950000000000000000e+03
1.633148050000000000e+08 3.240000000000000000e+03 4.390000000000000000e+03 3.150000000000000000e+03 3.960000000000000000e+03
1.633150130000000000e+08 3.230000000000000000e+03 4.410000000000000000e+03 3.150000000000000000e+03 3.940000000000000000e+03
1.633152210000000000e+08 3.240000000000000000e+03 4.390000000000000000e+03 3.140000000000000000e+03 3.950000000000000000e+03
1.633154290000000000e+08 3.250000000000000000e+03 4.430000000000000000e+03 3.130000000000000000e+03 3.950000000000000000e+03
1.633156370000000000e+08 3.240000000000000000e+03 4.370000000000000000e+03 3.120000000000000000e+03 3.940000000000000000e+03
1.633158450000000000e+08 3.230000000000000000e+03 4.370000000000000000e+03 3.120000000000000000e+03 3.930000000000000000e+03
1.633160530000000000e+08 3.220000000000000000e+03 4.410000000000000000e+03 3.140000000000000000e+03 3.950000000000000000e+03
1.633162610000000000e+08 3.220000000000000000e+03 4.390000000000000000e+03 3.140000000000000000e+03 3.940000000000000000e+03
1.633164690000000000e+08 3.230000000000000000e+03 4.390000000000000000e+03 3.140000000000000000e+03 3.930000000000000000e+03
1.633166770000000000e+08 3.230000000000000000e+03 4.380000000000000000e+03 3.140000000000000000e+03 3.940000000000000000e+03
1.633168850000000000e+08 3.230000000000000000e+03 4.380000000000000000e+03 3.140000000000000000e+03 3.950000000000000000e+03
1.633170930000000000e+08 3.230000000000000000e+03 4.430000000000000000e+03 3.130000000000000000e+03 3.950000000000000000e+03
1.633173010000000000e+08 3.220000000000000000e+03 4.390000000000000000e+03 3.140000000000000000e+03 3.950000000000000000e+03
1.633175080000000000e+08 3.230000000000000000e+03 4.360000000000000000e+03 3.140000000000000000e+03 3.930000000000000000e+03
1.633177170000000000e+08 3.230000000000000000e+03 4.420000000000000000e+03 3.150000000000000000e+03 3.940000000000000000e+03
1.633179240000000000e+08 3.230000000000000000e+03 4.350000000000000000e+03 3.140000000000000000e+03 3.930000000000000000e+03
1.633181330000000000e+08 3.240000000000000000e+03 4.400000000000000000e+03 3.140000000000000000e+03 3.940000000000000000e+03
1.633183400000000000e+08 3.230000000000000000e+03 4.420000000000000000e+03 3.140000000000000000e+03 3.940000000000000000e+03
1.633185490000000000e+08 3.220000000000000000e+03 4.360000000000000000e+03 3.140000000000000000e+03 3.930000000000000000e+03
1.633187560000000000e+08 3.230000000000000000e+03 4.360000000000000000e+03 3.130000000000000000e+03 3.930000000000000000e+03
1.633189640000000000e+08 3.240000000000000000e+03 4.360000000000000000e+03 3.130000000000000000e+03 3.910000000000000000e+03
1.633191720000000000e+08 3.240000000000000000e+03 4.370000000000000000e+03 3.140000000000000000e+03 3.900000000000000000e+03
1.633193810000000000e+08 3.240000000000000000e+03 4.350000000000000000e+03 3.140000000000000000e+03 3.900000000000000000e+03
1.633195880000000000e+08 3.220000000000000000e+03 4.360000000000000000e+03 3.150000000000000000e+03 3.920000000000000000e+03
1.633197960000000000e+08 3.220000000000000000e+03 3.910000000000000000e+03 3.150000000000000000e+03 4.430000000000000000e+03
1.633200040000000000e+08 3.220000000000000000e+03 3.910000000000000000e+03 3.140000000000000000e+03 4.450000000000000000e+03
1.633202120000000000e+08 3.240000000000000000e+03 3.910000000000000000e+03 3.150000000000000000e+03 4.440000000000000000e+03
1.633204200000000000e+08 3.240000000000000000e+03 3.910000000000000000e+03 3.150000000000000000e+03 4.380000000000000000e+03
1.633206280000000000e+08 3.240000000000000000e+03 3.900000000000000000e+03 3.150000000000000000e+03 4.450000000000000000e+03
1.633208370000000000e+08 3.230000000000000000e+03 3.900000000000000000e+03 3.140000000000000000e+03 4.420000000000000000e+03
1.633210440000000000e+08 3.230000000000000000e+03 3.900000000000000000e+03 3.150000000000000000e+03 4.420000000000000000e+03
1.633212520000000000e+08 3.230000000000000000e+03 3.900000000000000000e+03 3.140000000000000000e+03 4.380000000000000000e+03
1.633214600000000000e+08 3.240000000000000000e+03 3.900000000000000000e+03 3.140000000000000000e+03 4.430000000000000000e+03
1.633216680000000000e+08 3.240000000000000000e+03 3.900000000000000000e+03 3.140000000000000000e+03 4.440000000000000000e+03
1.633218760000000000e+08 3.230000000000000000e+03 3.910000000000000000e+03 3.140000000000000000e+03 4.400000000000000000e+03
1.633220840000000000e+08 3.230000000000000000e+03 3.910000000000000000e+03 3.150000000000000000e+03 4.440000000000000000e+03
1.633222920000000000e+08 3.230000000000000000e+03 3.900000000000000000e+03 3.150000000000000000e+03 4.430000000000000000e+03
1.633224990000000000e+08 3.240000000000000000e+03 3.900000000000000000e+03 3.140000000000000000e+03 4.410000000000000000e+03
1.633227080000000000e+08 3.240000000000000000e+03 3.900000000000000000e+03 3.140000000000000000e+03 4.470000000000000000e+03
1.633229160000000000e+08 3.240000000000000000e+03 3.890000000000000000e+03 3.140000000000000000e+03 4.420000000000000000e+03
1.633231230000000000e+08 3.250000000000000000e+03 3.900000000000000000e+03 3.140000000000000000e+03 4.420000000000000000e+03
1.633233340000000000e+08 3.240000000000000000e+03 3.900000000000000000e+03 3.150000000000000000e+03 4.460000000000000000e+03
1.633235400000000000e+08 3.240000000000000000e+03 3.900000000000000000e+03 3.150000000000000000e+03 4.430000000000000000e+03
1.633237480000000000e+08 3.250000000000000000e+03 3.900000000000000000e+03 3.150000000000000000e+03 4.390000000000000000e+03
1.633239570000000000e+08 3.250000000000000000e+03 3.910000000000000000e+03 3.140000000000000000e+03 4.380000000000000000e+03
1.633241640000000000e+08 3.250000000000000000e+03 3.910000000000000000e+03 3.140000000000000000e+03 4.420000000000000000e+03
1.633243710000000000e+08 3.240000000000000000e+03 3.910000000000000000e+03 3.140000000000000000e+03 4.410000000000000000e+03
1.633245790000000000e+08 3.240000000000000000e+03 3.910000000000000000e+03 3.140000000000000000e+03 4.450000000000000000e+03
1.633247870000000000e+08 3.250000000000000000e+03 3.910000000000000000e+03 3.140000000000000000e+03 4.390000000000000000e+03
1.633249960000000000e+08 3.240000000000000000e+03 3.910000000000000000e+03 3.130000000000000000e+03 4.450000000000000000e+03
1.633252030000000000e+08 3.230000000000000000e+03 3.920000000000000000e+03 3.130000000000000000e+03 4.400000000000000000e+03
1.633254110000000000e+08 3.230000000000000000e+03 3.910000000000000000e+03 3.130000000000000000e+03 4.420000000000000000e+03
1.633256190000000000e+08 3.230000000000000000e+03 3.910000000000000000e+03 3.130000000000000000e+03 4.430000000000000000e+03
1.633258270000000000e+08 3.230000000000000000e+03 3.910000000000000000e+03 3.140000000000000000e+03 4.440000000000000000e+03
1.633260360000000000e+08 3.230000000000000000e+03 3.910000000000000000e+03 3.140000000000000000e+03 4.400000000000000000e+03
1.633262430000000000e+08 3.230000000000000000e+03 3.900000000000000000e+03 3.140000000000000000e+03 4.450000000000000000e+03
1.633264510000000000e+08 3.240000000000000000e+03 3.890000000000000000e+03 3.140000000000000000e+03 4.400000000000000000e+03
1.633266590000000000e+08 3.240000000000000000e+03 3.880000000000000000e+03 3.130000000000000000e+03 4.420000000000000000e+03
1.633268670000000000e+08 3.230000000000000000e+03 3.890000000000000000e+03 3.130000000000000000e+03 4.430000000000000000e+03
1.633270750000000000e+08 3.230000000000000000e+03 3.900000000000000000e+03 3.130000000000000000e+03 4.450000000000000000e+03
1.633272830000000000e+08 3.240000000000000000e+03 3.900000000000000000e+03 3.140000000000000000e+03 4.460000000000000000e+03
1.633274910000000000e+08 3.240000000000000000e+03 3.900000000000000000e+03 3.140000000000000000e+03 4.450000000000000000e+03
1.633276990000000000e+08 3.250000000000000000e+03 3.900000000000000000e+03 3.160000000000000000e+03 4.390000000000000000e+03
1.633279070000000000e+08 3.250000000000000000e+03 3.900000000000000000e+03 3.160000000000000000e+03 4.450000000000000000e+03
1.633281150000000000e+08 3.250000000000000000e+03 3.900000000000000000e+03 3.160000000000000000e+03 4.400000000000000000e+03
1.633283230000000000e+08 3.240000000000000000e+03 3.900000000000000000e+03 3.160000000000000000e+03 4.450000000000000000e+03
1.633285310000000000e+08 3.240000000000000000e+03 3.900000000000000000e+03 3.160000000000000000e+03 4.460000000000000000e+03
1.633287390000000000e+08 3.240000000000000000e+03 3.900000000000000000e+03 3.160000000000000000e+03 4.390000000000000000e+03
1.633289470000000000e+08 3.240000000000000000e+03 3.910000000000000000e+03 3.160000000000000000e+03 4.380000000000000000e+03
1.633291550000000000e+08 3.230000000000000000e+03 3.900000000000000000e+03 3.160000000000000000e+03 4.370000000000000000e+03
1.633293630000000000e+08 3.230000000000000000e+03 3.900000000000000000e+03 3.150000000000000000e+03 4.440000000000000000e+03
1.633295710000000000e+08 3.230000000000000000e+03 3.900000000000000000e+03 3.150000000000000000e+03 4.450000000000000000e+03
1.633297790000000000e+08 3.220000000000000000e+03 3.900000000000000000e+03 3.140000000000000000e+03 4.380000000000000000e+03
1.633299860000000000e+08 3.220000000000000000e+03 3.900000000000000000e+03 3.150000000000000000e+03 4.450000000000000000e+03
1.633301960000000000e+08 3.220000000000000000e+03 3.900000000000000000e+03 3.150000000000000000e+03 4.420000000000000000e+03
1.633304020000000000e+08 3.220000000000000000e+03 3.900000000000000000e+03 3.140000000000000000e+03 4.450000000000000000e+03
1.633306100000000000e+08 3.230000000000000000e+03 3.890000000000000000e+03 3.130000000000000000e+03 4.400000000000000000e+03
1.633308170000000000e+08 3.230000000000000000e+03 3.900000000000000000e+03 3.130000000000000000e+03 4.420000000000000000e+03
1.633310260000000000e+08 3.230000000000000000e+03 3.900000000000000000e+03 3.150000000000000000e+03 4.400000000000000000e+03
1.633312340000000000e+08 3.230000000000000000e+03 3.900000000000000000e+03 3.150000000000000000e+03 4.440000000000000000e+03
1.633314420000000000e+08 3.230000000000000000e+03 3.900000000000000000e+03 3.140000000000000000e+03 4.430000000000000000e+03
1.633316500000000000e+08 3.240000000000000000e+03 3.910000000000000000e+03 3.150000000000000000e+03 4.390000000000000000e+03
1.633318580000000000e+08 3.230000000000000000e+03 3.910000000000000000e+03 3.150000000000000000e+03 4.450000000000000000e+03
1.633320660000000000e+08 3.240000000000000000e+03 3.910000000000000000e+03 3.140000000000000000e+03 4.450000000000000000e+03
1.633322740000000000e+08 3.250000000000000000e+03 3.890000000000000000e+03 3.130000000000000000e+03 4.400000000000000000e+03
1.633324810000000000e+08 3.230000000000000000e+03 3.890000000000000000e+03 3.130000000000000000e+03 4.450000000000000000e+03
1.633326900000000000e+08 3.230000000000000000e+03 3.890000000000000000e+03 3.150000000000000000e+03 4.410000000000000000e+03
1.633328970000000000e+08 3.240000000000000000e+03 3.900000000000000000e+03 3.140000000000000000e+03 4.390000000000000000e+03
1.633331060000000000e+08 3.240000000000000000e+03 3.900000000000000000e+03 3.160000000000000000e+03 4.410000000000000000e+03
1.633333140000000000e+08 3.250000000000000000e+03 3.900000000000000000e+03 3.160000000000000000e+03 4.420000000000000000e+03
1.633335220000000000e+08 3.240000000000000000e+03 3.900000000000000000e+03 3.150000000000000000e+03 4.380000000000000000e+03
1.633337300000000000e+08 3.240000000000000000e+03 3.900000000000000000e+03 3.140000000000000000e+03 4.420000000000000000e+03
1.633339380000000000e+08 3.240000000000000000e+03 3.910000000000000000e+03 3.140000000000000000e+03 4.410000000000000000e+03
1.633341450000000000e+08 3.240000000000000000e+03 3.910000000000000000e+03 3.130000000000000000e+03 4.400000000000000000e+03
1.633343530000000000e+08 3.240000000000000000e+03 3.900000000000000000e+03 3.140000000000000000e+03 4.450000000000000000e+03
1.633345620000000000e+08 3.230000000000000000e+03 3.890000000000000000e+03 3.150000000000000000e+03 4.390000000000000000e+03
1.633347690000000000e+08 3.240000000000000000e+03 3.900000000000000000e+03 3.160000000000000000e+03 4.440000000000000000e+03
1.633349780000000000e+08 3.240000000000000000e+03 3.900000000000000000e+03 3.160000000000000000e+03 4.430000000000000000e+03
1.633351860000000000e+08 3.230000000000000000e+03 3.890000000000000000e+03 3.160000000000000000e+03 4.400000000000000000e+03
1.633353940000000000e+08 3.230000000000000000e+03 3.900000000000000000e+03 3.160000000000000000e+03 4.370000000000000000e+03
1.633356020000000000e+08 3.240000000000000000e+03 3.910000000000000000e+03 3.160000000000000000e+03 4.450000000000000000e+03
1.633358090000000000e+08 3.220000000000000000e+03 3.910000000000000000e+03 3.160000000000000000e+03 4.380000000000000000e+03
1.633360170000000000e+08 3.210000000000000000e+03 3.910000000000000000e+03 3.160000000000000000e+03 4.370000000000000000e+03
1.633362250000000000e+08 3.220000000000000000e+03 3.920000000000000000e+03 3.140000000000000000e+03 4.390000000000000000e+03
1.633364330000000000e+08 3.220000000000000000e+03 3.920000000000000000e+03 3.140000000000000000e+03 4.440000000000000000e+03
1.633366410000000000e+08 3.240000000000000000e+03 3.910000000000000000e+03 3.140000000000000000e+03 4.410000000000000000e+03
1.633368500000000000e+08 3.230000000000000000e+03 3.900000000000000000e+03 3.140000000000000000e+03 4.420000000000000000e+03
1.633370570000000000e+08 3.230000000000000000e+03 3.890000000000000000e+03 3.150000000000000000e+03 4.450000000000000000e+03
1.633372650000000000e+08 3.240000000000000000e+03 3.880000000000000000e+03 3.170000000000000000e+03 4.470000000000000000e+03
1.633374720000000000e+08 3.230000000000000000e+03 3.880000000000000000e+03 3.150000000000000000e+03 4.450000000000000000e+03
1.633376810000000000e+08 3.230000000000000000e+03 3.880000000000000000e+03 3.160000000000000000e+03 4.390000000000000000e+03
1.633378890000000000e+08 3.240000000000000000e+03 3.880000000000000000e+03 3.150000000000000000e+03 4.400000000000000000e+03
1.633380970000000000e+08 3.220000000000000000e+03 3.880000000000000000e+03 3.150000000000000000e+03 4.430000000000000000e+03
1.633383050000000000e+08 3.220000000000000000e+03 3.880000000000000000e+03 3.160000000000000000e+03 4.400000000000000000e+03
1.633385140000000000e+08 3.230000000000000000e+03 3.880000000000000000e+03 3.170000000000000000e+03 4.380000000000000000e+03
1.633387200000000000e+08 3.230000000000000000e+03 3.890000000000000000e+03 3.170000000000000000e+03 4.400000000000000000e+03
1.633389280000000000e+08 3.230000000000000000e+03 3.890000000000000000e+03 3.160000000000000000e+03 4.450000000000000000e+03
1.633391370000000000e+08 3.230000000000000000e+03 3.880000000000000000e+03 3.150000000000000000e+03 4.390000000000000000e+03
1.633393460000000000e+08 3.230000000000000000e+03 3.880000000000000000e+03 3.150000000000000000e+03 4.390000000000000000e+03
1.633395520000000000e+08 3.230000000000000000e+03 3.890000000000000000e+03 3.150000000000000000e+03 4.450000000000000000e+03
1.633397600000000000e+08 3.230000000000000000e+03 3.900000000000000000e+03 3.150000000000000000e+03 4.440000000000000000e+03
1.633399690000000000e+08 3.240000000000000000e+03 3.890000000000000000e+03 3.160000000000000000e+03 4.440000000000000000e+03
1.633401770000000000e+08 3.240000000000000000e+03 3.890000000000000000e+03 3.160000000000000000e+03 4.380000000000000000e+03
1.633403850000000000e+08 3.240000000000000000e+03 3.890000000000000000e+03 3.170000000000000000e+03 4.390000000000000000e+03
1.633405930000000000e+08 3.240000000000000000e+03 3.880000000000000000e+03 3.160000000000000000e+03 4.390000000000000000e+03
1.633408010000000000e+08 3.250000000000000000e+03 3.890000000000000000e+03 3.170000000000000000e+03 4.430000000000000000e+03
1.633410090000000000e+08 3.240000000000000000e+03 3.890000000000000000e+03 3.170000000000000000e+03 4.390000000000000000e+03
1.633412160000000000e+08 3.230000000000000000e+03 3.890000000000000000e+03 3.170000000000000000e+03 4.400000000000000000e+03
1.633414250000000000e+08 3.220000000000000000e+03 3.890000000000000000e+03 3.170000000000000000e+03 4.440000000000000000e+03
