1.637562920000000000e+08 2.550000000000000000e+03 3.330000000000000000e+03 4.010000000000000000e+03 4.880000000000000000e+03
1.637565000000000000e+08 2.560000000000000000e+03 3.330000000000000000e+03 4.010000000000000000e+03 4.970000000000000000e+03
1.637567080000000000e+08 2.560000000000000000e+03 3.330000000000000000e+03 4.010000000000000000e+03 5.020000000000000000e+03
1.637569160000000000e+08 2.560000000000000000e+03 3.340000000000000000e+03 4.010000000000000000e+03 5.040000000000000000e+03
1.637571240000000000e+08 2.550000000000000000e+03 3.340000000000000000e+03 4.010000000000000000e+03 5.100000000000000000e+03
1.637573320000000000e+08 2.560000000000000000e+03 3.360000000000000000e+03 4.010000000000000000e+03 5.100000000000000000e+03
1.637575400000000000e+08 2.570000000000000000e+03 3.360000000000000000e+03 4.010000000000000000e+03 5.150000000000000000e+03
1.637577470000000000e+08 2.570000000000000000e+03 3.360000000000000000e+03 4.020000000000000000e+03 5.380000000000000000e+03
1.637579550000000000e+08 2.570000000000000000e+03 3.360000000000000000e+03 4.020000000000000000e+03 5.300000000000000000e+03
1.637581640000000000e+08 2.550000000000000000e+03 3.360000000000000000e+03 4.020000000000000000e+03 5.240000000000000000e+03
1.637583720000000000e+08 2.550000000000000000e+03 3.360000000000000000e+03 4.020000000000000000e+03 5.200000000000000000e+03
1.637585800000000000e+08 2.550000000000000000e+03 3.360000000000000000e+03 4.010000000000000000e+03 5.170000000000000000e+03
1.637587880000000000e+08 2.550000000000000000e+03 3.360000000000000000e+03 4.020000000000000000e+03 5.170000000000000000e+03
1.637589960000000000e+08 2.550000000000000000e+03 3.340000000000000000e+03 4.030000000000000000e+03 5.160000000000000000e+03
1.637592040000000000e+08 2.560000000000000000e+03 3.360000000000000000e+03 4.030000000000000000e+03 5.130000000000000000e+03
1.637594110000000000e+08 2.560000000000000000e+03 3.360000000000000000e+03 4.020000000000000000e+03 5.100000000000000000e+03
1.637596190000000000e+08 2.560000000000000000e+03 3.340000000000000000e+03 4.020000000000000000e+03 5.070000000000000000e+03
1.637598270000000000e+08 2.560000000000000000e+03 3.340000000000000000e+03 4.020000000000000000e+03 5.050000000000000000e+03
1.638000350000000000e+08 2.560000000000000000e+03 3.330000000000000000e+03 4.020000000000000000e+03 5.050000000000000000e+03
1.638002430000000000e+08 2.550000000000000000e+03 3.330000000000000000e+03 4.030000000000000000e+03 5.050000000000000000e+03
1.638004510000000000e+08 2.550000000000000000e+03 3.330000000000000000e+03 4.020000000000000000e+03 5.060000000000000000e+03
1.638006590000000000e+08 2.550000000000000000e+03 3.330000000000000000e+03 4.020000000000000000e+03 5.060000000000000000e+03
1.638008670000000000e+08 2.550000000000000000e+03 3.340000000000000000e+03 4.010000000000000000e+03 5.090000000000000000e+03
1.638010750000000000e+08 2.550000000000000000e+03 3.340000000000000000e+03 4.010000000000000000e+03 5.110000000000000000e+03
1.638012830000000000e+08 2.550000000000000000e+03 3.340000000000000000e+03 4.010000000000000000e+03 5.120000000000000000e+03
1.638014910000000000e+08 2.550000000000000000e+03 3.360000000000000000e+03 4.010000000000000000e+03 5.090000000000000000e+03
1.638016990000000000e+08 2.550000000000000000e+03 3.360000000000000000e+03 4.000000000000000000e+03 5.070000000000000000e+03
1.638019070000000000e+08 2.560000000000000000e+03 3.340000000000000000e+03 4.000000000000000000e+03 5.060000000000000000e+03
1.638021140000000000e+08 2.560000000000000000e+03 3.340000000000000000e+03 4.000000000000000000e+03 5.090000000000000000e+03
1.638023230000000000e+08 2.560000000000000000e+03 3.330000000000000000e+03 4.010000000000000000e+03 5.050000000000000000e+03
1.638025310000000000e+08 2.560000000000000000e+03 3.330000000000000000e+03 4.010000000000000000e+03 5.030000000000000000e+03
1.638027390000000000e+08 2.550000000000000000e+03 3.330000000000000000e+03 4.010000000000000000e+03 5.080000000000000000e+03
1.638029470000000000e+08 2.540000000000000000e+03 3.330000000000000000e+03 4.010000000000000000e+03 5.080000000000000000e+03
1.638031550000000000e+08 2.540000000000000000e+03 3.330000000000000000e+03 4.010000000000000000e+03 5.160000000000000000e+03
1.638033630000000000e+08 2.550000000000000000e+03 3.340000000000000000e+03 4.010000000000000000e+03 5.120000000000000000e+03
1.638035710000000000e+08 2.540000000000000000e+03 3.360000000000000000e+03 4.000000000000000000e+03 5.150000000000000000e+03
1.638037780000000000e+08 2.540000000000000000e+03 3.340000000000000000e+03 4.000000000000000000e+03 5.130000000000000000e+03
1.638039870000000000e+08 2.550000000000000000e+03 3.340000000000000000e+03 3.990000000000000000e+03 5.100000000000000000e+03
1.638041950000000000e+08 2.540000000000000000e+03 3.340000000000000000e+03 3.990000000000000000e+03 5.050000000000000000e+03
1.638044030000000000e+08 2.550000000000000000e+03 3.360000000000000000e+03 4.000000000000000000e+03 5.180000000000000000e+03
1.638046110000000000e+08 2.550000000000000000e+03 3.340000000000000000e+03 4.000000000000000000e+03 5.350000000000000000e+03
1.638048190000000000e+08 2.550000000000000000e+03 3.340000000000000000e+03 4.010000000000000000e+03 5.250000000000000000e+03
1.638050260000000000e+08 2.550000000000000000e+03 3.340000000000000000e+03 4.010000000000000000e+03 5.410000000000000000e+03
1.638052340000000000e+08 2.550000000000000000e+03 3.340000000000000000e+03 4.010000000000000000e+03 5.310000000000000000e+03
1.638054430000000000e+08 2.550000000000000000e+03 3.330000000000000000e+03 4.010000000000000000e+03 5.230000000000000000e+03
1.638056500000000000e+08 2.550000000000000000e+03 3.330000000000000000e+03 4.010000000000000000e+03 5.180000000000000000e+03
1.638058580000000000e+08 2.550000000000000000e+03 3.340000000000000000e+03 4.010000000000000000e+03 5.150000000000000000e+03
1.638060660000000000e+08 2.550000000000000000e+03 3.340000000000000000e+03 4.010000000000000000e+03 5.150000000000000000e+03
1.638062740000000000e+08 2.540000000000000000e+03 3.330000000000000000e+03 4.010000000000000000e+03 5.150000000000000000e+03
1.638064820000000000e+08 2.550000000000000000e+03 3.340000000000000000e+03 4.010000000000000000e+03 5.160000000000000000e+03
1.638066900000000000e+08 2.550000000000000000e+03 3.340000000000000000e+03 4.010000000000000000e+03 5.180000000000000000e+03
1.638068980000000000e+08 2.550000000000000000e+03 3.360000000000000000e+03 4.000000000000000000e+03 5.180000000000000000e+03
1.638071060000000000e+08 2.550000000000000000e+03 3.360000000000000000e+03 4.010000000000000000e+03 5.170000000000000000e+03
1.638073140000000000e+08 2.550000000000000000e+03 3.370000000000000000e+03 4.010000000000000000e+03 5.170000000000000000e+03
1.638075220000000000e+08 2.560000000000000000e+03 3.370000000000000000e+03 4.010000000000000000e+03 5.170000000000000000e+03
1.638077300000000000e+08 2.560000000000000000e+03 3.360000000000000000e+03 4.010000000000000000e+03 5.170000000000000000e+03
1.638079380000000000e+08 2.550000000000000000e+03 3.370000000000000000e+03 4.010000000000000000e+03 5.310000000000000000e+03
1.638081460000000000e+08 2.570000000000000000e+03 3.360000000000000000e+03 4.020000000000000000e+03 5.250000000000000000e+03
1.638091860000000000e+08 2.570000000000000000e+03 3.360000000000000000e+03 4.020000000000000000e+03 6.070000000000000000e+03
1.638093940000000000e+08 2.570000000000000000e+03 3.360000000000000000e+03 4.020000000000000000e+03 6.040000000000000000e+03
1.638096020000000000e+08 2.570000000000000000e+03 3.360000000000000000e+03 4.010000000000000000e+03 5.910000000000000000e+03
1.638098100000000000e+08 2.570000000000000000e+03 3.370000000000000000e+03 4.020000000000000000e+03 5.680000000000000000e+03
1.638100180000000000e+08 2.570000000000000000e+03 3.360000000000000000e+03 4.020000000000000000e+03 5.650000000000000000e+03
1.638102250000000000e+08 2.570000000000000000e+03 3.360000000000000000e+03 4.010000000000000000e+03 5.740000000000000000e+03
1.638104330000000000e+08 2.570000000000000000e+03 3.370000000000000000e+03 4.000000000000000000e+03 5.770000000000000000e+03
1.638106420000000000e+08 2.570000000000000000e+03 3.360000000000000000e+03 4.000000000000000000e+03 5.630000000000000000e+03
1.638108490000000000e+08 2.570000000000000000e+03 3.360000000000000000e+03 4.010000000000000000e+03 5.550000000000000000e+03
1.638110570000000000e+08 2.560000000000000000e+03 3.360000000000000000e+03 4.020000000000000000e+03 5.460000000000000000e+03
1.638112650000000000e+08 2.560000000000000000e+03 3.340000000000000000e+03 4.010000000000000000e+03 5.470000000000000000e+03
1.638114730000000000e+08 2.560000000000000000e+03 3.360000000000000000e+03 4.010000000000000000e+03 5.600000000000000000e+03
1.638116810000000000e+08 2.560000000000000000e+03 3.340000000000000000e+03 4.010000000000000000e+03 5.700000000000000000e+03
1.638118890000000000e+08 2.570000000000000000e+03 3.360000000000000000e+03 4.030000000000000000e+03 5.580000000000000000e+03
1.638120970000000000e+08 2.570000000000000000e+03 3.360000000000000000e+03 4.020000000000000000e+03 5.690000000000000000e+03
1.638123060000000000e+08 2.570000000000000000e+03 3.360000000000000000e+03 4.030000000000000000e+03 5.770000000000000000e+03
1.638125130000000000e+08 2.570000000000000000e+03 3.340000000000000000e+03 4.030000000000000000e+03 5.640000000000000000e+03
1.638129290000000000e+08 2.570000000000000000e+03 3.360000000000000000e+03 4.030000000000000000e+03 5.430000000000000000e+03
1.638131370000000000e+08 2.570000000000000000e+03 3.340000000000000000e+03 4.020000000000000000e+03 5.370000000000000000e+03
1.638133580000000000e+08 2.570000000000000000e+03 3.360000000000000000e+03 4.020000000000000000e+03 5.310000000000000000e+03
1.638135530000000000e+08 2.560000000000000000e+03 3.360000000000000000e+03 4.010000000000000000e+03 5.280000000000000000e+03
1.638137610000000000e+08 2.560000000000000000e+03 3.370000000000000000e+03 4.000000000000000000e+03 5.230000000000000000e+03
1.638139680000000000e+08 2.560000000000000000e+03 3.370000000000000000e+03 4.010000000000000000e+03 5.200000000000000000e+03
1.638141770000000000e+08 2.560000000000000000e+03 3.370000000000000000e+03 4.010000000000000000e+03 5.200000000000000000e+03
1.638143850000000000e+08 2.560000000000000000e+03 3.360000000000000000e+03 4.000000000000000000e+03 5.160000000000000000e+03
1.638145930000000000e+08 2.560000000000000000e+03 3.360000000000000000e+03 4.010000000000000000e+03 5.130000000000000000e+03
1.638148010000000000e+08 2.570000000000000000e+03 3.360000000000000000e+03 4.010000000000000000e+03 5.120000000000000000e+03
1.638150090000000000e+08 2.580000000000000000e+03 3.360000000000000000e+03 4.020000000000000000e+03 5.150000000000000000e+03
1.638152170000000000e+08 2.580000000000000000e+03 3.360000000000000000e+03 4.020000000000000000e+03 5.190000000000000000e+03
1.638154250000000000e+08 2.580000000000000000e+03 3.360000000000000000e+03 4.010000000000000000e+03 5.200000000000000000e+03
1.638156330000000000e+08 2.570000000000000000e+03 3.360000000000000000e+03 4.010000000000000000e+03 5.190000000000000000e+03
1.638158410000000000e+08 2.570000000000000000e+03 3.360000000000000000e+03 4.010000000000000000e+03 5.230000000000000000e+03
1.638160480000000000e+08 2.570000000000000000e+03 3.340000000000000000e+03 4.010000000000000000e+03 5.210000000000000000e+03
1.638162570000000000e+08 2.570000000000000000e+03 3.340000000000000000e+03 4.010000000000000000e+03 5.230000000000000000e+03
1.638164650000000000e+08 2.570000000000000000e+03 3.340000000000000000e+03 4.010000000000000000e+03 5.230000000000000000e+03
1.638166730000000000e+08 2.570000000000000000e+03 3.340000000000000000e+03 4.010000000000000000e+03 5.240000000000000000e+03
1.638168810000000000e+08 2.570000000000000000e+03 3.340000000000000000e+03 4.000000000000000000e+03 5.260000000000000000e+03
1.638170880000000000e+08 2.570000000000000000e+03 3.340000000000000000e+03 4.000000000000000000e+03 5.280000000000000000e+03
1.638172960000000000e+08 2.570000000000000000e+03 3.360000000000000000e+03 4.000000000000000000e+03 5.280000000000000000e+03
1.638175040000000000e+08 2.570000000000000000e+03 3.360000000000000000e+03 4.000000000000000000e+03 5.300000000000000000e+03
1.638177120000000000e+08 2.570000000000000000e+03 3.340000000000000000e+03 4.010000000000000000e+03 5.290000000000000000e+03
1.638179200000000000e+08 2.570000000000000000e+03 3.330000000000000000e+03 4.010000000000000000e+03 5.250000000000000000e+03
1.638181450000000000e+08 2.570000000000000000e+03 3.330000000000000000e+03 4.020000000000000000e+03 5.210000000000000000e+03
1.638183360000000000e+08 2.570000000000000000e+03 3.340000000000000000e+03 4.020000000000000000e+03 5.190000000000000000e+03
1.638185440000000000e+08 2.570000000000000000e+03 3.340000000000000000e+03 4.020000000000000000e+03 5.200000000000000000e+03
1.638187530000000000e+08 2.570000000000000000e+03 3.360000000000000000e+03 4.020000000000000000e+03 5.230000000000000000e+03
1.638189600000000000e+08 2.570000000000000000e+03 3.360000000000000000e+03 4.020000000000000000e+03 5.190000000000000000e+03
1.638191680000000000e+08 2.570000000000000000e+03 3.340000000000000000e+03 4.020000000000000000e+03 5.170000000000000000e+03
1.638193760000000000e+08 2.570000000000000000e+03 3.340000000000000000e+03 4.020000000000000000e+03 5.160000000000000000e+03
1.638195840000000000e+08 2.570000000000000000e+03 3.340000000000000000e+03 4.020000000000000000e+03 5.140000000000000000e+03
1.638197920000000000e+08 2.570000000000000000e+03 3.340000000000000000e+03 4.020000000000000000e+03 5.130000000000000000e+03
1.638200000000000000e+08 2.570000000000000000e+03 3.360000000000000000e+03 4.020000000000000000e+03 5.150000000000000000e+03
1.638202080000000000e+08 2.570000000000000000e+03 3.360000000000000000e+03 4.030000000000000000e+03 5.180000000000000000e+03
1.638204160000000000e+08 2.570000000000000000e+03 3.360000000000000000e+03 4.030000000000000000e+03 5.210000000000000000e+03
1.638206240000000000e+08 2.570000000000000000e+03 3.360000000000000000e+03 4.020000000000000000e+03 5.240000000000000000e+03
1.638208330000000000e+08 2.570000000000000000e+03 3.370000000000000000e+03 4.010000000000000000e+03 5.200000000000000000e+03
1.638210400000000000e+08 2.570000000000000000e+03 3.370000000000000000e+03 4.010000000000000000e+03 5.190000000000000000e+03
1.638212470000000000e+08 2.570000000000000000e+03 3.370000000000000000e+03 4.020000000000000000e+03 5.160000000000000000e+03
1.638214560000000000e+08 2.570000000000000000e+03 3.370000000000000000e+03 4.030000000000000000e+03 5.140000000000000000e+03
1.638216640000000000e+08 2.570000000000000000e+03 3.360000000000000000e+03 4.020000000000000000e+03 5.170000000000000000e+03
1.638218710000000000e+08 2.560000000000000000e+03 3.360000000000000000e+03 4.020000000000000000e+03 5.200000000000000000e+03
1.638328940000000000e+08 2.570000000000000000e+03 3.590000000000000000e+03 4.010000000000000000e+03 4.690000000000000000e+03
1.638330860000000000e+08 2.570000000000000000e+03 3.630000000000000000e+03 4.010000000000000000e+03 4.690000000000000000e+03
1.638332930000000000e+08 2.570000000000000000e+03 3.630000000000000000e+03 4.010000000000000000e+03 4.680000000000000000e+03
1.638335010000000000e+08 2.570000000000000000e+03 3.670000000000000000e+03 4.010000000000000000e+03 4.690000000000000000e+03
1.638337100000000000e+08 2.570000000000000000e+03 3.710000000000000000e+03 4.010000000000000000e+03 4.690000000000000000e+03
1.638339170000000000e+08 2.560000000000000000e+03 3.680000000000000000e+03 4.010000000000000000e+03 4.690000000000000000e+03
1.638341250000000000e+08 2.560000000000000000e+03 3.650000000000000000e+03 4.010000000000000000e+03 4.690000000000000000e+03
1.638343330000000000e+08 2.570000000000000000e+03 3.680000000000000000e+03 4.010000000000000000e+03 4.700000000000000000e+03
1.638345410000000000e+08 2.570000000000000000e+03 3.720000000000000000e+03 4.020000000000000000e+03 4.690000000000000000e+03
1.638347490000000000e+08 2.570000000000000000e+03 3.870000000000000000e+03 4.020000000000000000e+03 4.690000000000000000e+03
1.638349570000000000e+08 2.570000000000000000e+03 3.960000000000000000e+03 4.020000000000000000e+03 4.690000000000000000e+03
1.638351650000000000e+08 2.570000000000000000e+03 4.030000000000000000e+03 4.020000000000000000e+03 4.690000000000000000e+03
1.638353730000000000e+08 2.570000000000000000e+03 4.000000000000000000e+03 4.020000000000000000e+03 4.700000000000000000e+03
1.638355810000000000e+08 2.570000000000000000e+03 3.950000000000000000e+03 4.020000000000000000e+03 4.700000000000000000e+03
1.638357890000000000e+08 2.570000000000000000e+03 3.920000000000000000e+03 4.010000000000000000e+03 4.700000000000000000e+03
1.638359970000000000e+08 2.560000000000000000e+03 3.880000000000000000e+03 4.000000000000000000e+03 4.700000000000000000e+03
1.638362050000000000e+08 2.560000000000000000e+03 3.820000000000000000e+03 4.000000000000000000e+03 4.700000000000000000e+03
1.638364120000000000e+08 2.550000000000000000e+03 3.750000000000000000e+03 4.000000000000000000e+03 4.700000000000000000e+03
1.638366050000000000e+08 2.550000000000000000e+03 3.720000000000000000e+03 3.990000000000000000e+03 4.700000000000000000e+03
1.638368130000000000e+08 2.550000000000000000e+03 3.720000000000000000e+03 3.990000000000000000e+03 4.700000000000000000e+03
1.638370210000000000e+08 2.550000000000000000e+03 3.760000000000000000e+03 4.000000000000000000e+03 4.700000000000000000e+03
1.638372290000000000e+08 2.550000000000000000e+03 3.820000000000000000e+03 4.010000000000000000e+03 4.700000000000000000e+03
1.638374360000000000e+08 2.560000000000000000e+03 3.850000000000000000e+03 4.010000000000000000e+03 4.700000000000000000e+03
1.638376450000000000e+08 2.560000000000000000e+03 3.900000000000000000e+03 4.010000000000000000e+03 4.690000000000000000e+03
1.638378530000000000e+08 2.560000000000000000e+03 3.930000000000000000e+03 4.000000000000000000e+03 4.680000000000000000e+03
1.638380610000000000e+08 2.570000000000000000e+03 4.010000000000000000e+03 3.990000000000000000e+03 4.690000000000000000e+03
1.638382690000000000e+08 2.570000000000000000e+03 3.880000000000000000e+03 3.990000000000000000e+03 4.690000000000000000e+03
1.638384770000000000e+08 2.570000000000000000e+03 3.820000000000000000e+03 4.000000000000000000e+03 4.690000000000000000e+03
1.638386850000000000e+08 2.560000000000000000e+03 3.830000000000000000e+03 4.000000000000000000e+03 4.690000000000000000e+03
1.638388920000000000e+08 2.560000000000000000e+03 3.950000000000000000e+03 4.010000000000000000e+03 4.690000000000000000e+03
1.638391010000000000e+08 2.560000000000000000e+03 4.030000000000000000e+03 4.010000000000000000e+03 4.690000000000000000e+03
1.638393090000000000e+08 2.550000000000000000e+03 4.070000000000000000e+03 4.010000000000000000e+03 4.690000000000000000e+03
1.638395160000000000e+08 2.550000000000000000e+03 4.060000000000000000e+03 4.020000000000000000e+03 4.690000000000000000e+03
1.638397240000000000e+08 2.560000000000000000e+03 4.130000000000000000e+03 4.020000000000000000e+03 4.690000000000000000e+03
1.638399160000000000e+08 2.560000000000000000e+03 4.180000000000000000e+03 4.010000000000000000e+03 4.690000000000000000e+03
1.638401240000000000e+08 2.560000000000000000e+03 4.240000000000000000e+03 4.010000000000000000e+03 4.690000000000000000e+03
1.638403320000000000e+08 2.560000000000000000e+03 4.240000000000000000e+03 4.000000000000000000e+03 4.700000000000000000e+03
1.638405390000000000e+08 2.560000000000000000e+03 4.290000000000000000e+03 4.000000000000000000e+03 4.690000000000000000e+03
1.638407480000000000e+08 2.560000000000000000e+03 4.100000000000000000e+03 4.010000000000000000e+03 4.690000000000000000e+03
1.638409560000000000e+08 2.560000000000000000e+03 4.060000000000000000e+03 4.010000000000000000e+03 4.690000000000000000e+03
1.638411630000000000e+08 2.560000000000000000e+03 4.000000000000000000e+03 4.010000000000000000e+03 4.690000000000000000e+03
1.638413720000000000e+08 2.560000000000000000e+03 4.100000000000000000e+03 4.010000000000000000e+03 4.690000000000000000e+03
1.638415910000000000e+08 2.560000000000000000e+03 4.190000000000000000e+03 4.010000000000000000e+03 4.690000000000000000e+03
1.638417880000000000e+08 2.560000000000000000e+03 4.040000000000000000e+03 4.010000000000000000e+03 4.690000000000000000e+03
1.638419960000000000e+08 2.560000000000000000e+03 3.960000000000000000e+03 4.010000000000000000e+03 4.690000000000000000e+03
1.638422040000000000e+08 2.560000000000000000e+03 3.930000000000000000e+03 4.010000000000000000e+03 4.700000000000000000e+03
1.638424120000000000e+08 2.560000000000000000e+03 3.870000000000000000e+03 4.010000000000000000e+03 4.700000000000000000e+03
1.638426200000000000e+08 2.560000000000000000e+03 3.820000000000000000e+03 4.010000000000000000e+03 4.700000000000000000e+03
1.638428280000000000e+08 2.560000000000000000e+03 3.790000000000000000e+03 4.010000000000000000e+03 4.700000000000000000e+03
1.638430360000000000e+08 2.570000000000000000e+03 3.810000000000000000e+03 4.010000000000000000e+03 4.700000000000000000e+03
1.638432440000000000e+08 2.570000000000000000e+03 3.940000000000000000e+03 4.010000000000000000e+03 4.700000000000000000e+03
1.638434360000000000e+08 2.570000000000000000e+03 4.020000000000000000e+03 4.020000000000000000e+03 4.700000000000000000e+03
1.638436440000000000e+08 2.570000000000000000e+03 3.850000000000000000e+03 4.020000000000000000e+03 4.700000000000000000e+03
1.638438520000000000e+08 2.570000000000000000e+03 3.760000000000000000e+03 4.020000000000000000e+03 4.700000000000000000e+03
1.638440600000000000e+08 2.570000000000000000e+03 3.700000000000000000e+03 4.020000000000000000e+03 4.700000000000000000e+03
1.638442680000000000e+08 2.560000000000000000e+03 3.700000000000000000e+03 4.020000000000000000e+03 4.700000000000000000e+03
1.638444750000000000e+08 2.550000000000000000e+03 3.750000000000000000e+03 4.010000000000000000e+03 4.690000000000000000e+03
1.638446840000000000e+08 2.560000000000000000e+03 3.790000000000000000e+03 4.000000000000000000e+03 4.690000000000000000e+03
1.638448910000000000e+08 2.560000000000000000e+03 3.810000000000000000e+03 4.000000000000000000e+03 4.690000000000000000e+03
1.638451000000000000e+08 2.560000000000000000e+03 3.820000000000000000e+03 3.990000000000000000e+03 4.680000000000000000e+03
1.638453070000000000e+08 2.560000000000000000e+03 3.830000000000000000e+03 3.990000000000000000e+03 4.690000000000000000e+03
1.638455150000000000e+08 2.560000000000000000e+03 3.830000000000000000e+03 4.000000000000000000e+03 4.690000000000000000e+03
1.638457230000000000e+08 2.560000000000000000e+03 3.790000000000000000e+03 4.000000000000000000e+03 4.690000000000000000e+03
1.638459310000000000e+08 2.560000000000000000e+03 3.840000000000000000e+03 4.000000000000000000e+03 4.690000000000000000e+03
1.638461390000000000e+08 2.560000000000000000e+03 3.870000000000000000e+03 4.010000000000000000e+03 4.690000000000000000e+03
1.638463470000000000e+08 2.570000000000000000e+03 3.810000000000000000e+03 4.010000000000000000e+03 4.690000000000000000e+03
1.638465550000000000e+08 2.560000000000000000e+03 3.740000000000000000e+03 4.010000000000000000e+03 4.690000000000000000e+03
1.638467470000000000e+08 2.560000000000000000e+03 3.670000000000000000e+03 4.010000000000000000e+03 4.700000000000000000e+03
1.638469550000000000e+08 2.560000000000000000e+03 3.630000000000000000e+03 4.010000000000000000e+03 4.700000000000000000e+03
1.638471630000000000e+08 2.550000000000000000e+03 3.600000000000000000e+03 4.010000000000000000e+03 4.700000000000000000e+03
1.638473710000000000e+08 2.550000000000000000e+03 3.590000000000000000e+03 4.010000000000000000e+03 4.690000000000000000e+03
1.638475790000000000e+08 2.550000000000000000e+03 3.590000000000000000e+03 4.020000000000000000e+03 4.690000000000000000e+03
1.638477870000000000e+08 2.560000000000000000e+03 3.570000000000000000e+03 4.020000000000000000e+03 4.690000000000000000e+03
1.638479950000000000e+08 2.560000000000000000e+03 3.570000000000000000e+03 4.000000000000000000e+03 4.690000000000000000e+03
1.638482060000000000e+08 2.560000000000000000e+03 3.570000000000000000e+03 4.000000000000000000e+03 4.690000000000000000e+03
1.638484110000000000e+08 2.550000000000000000e+03 3.580000000000000000e+03 4.000000000000000000e+03 4.690000000000000000e+03
1.638486190000000000e+08 2.560000000000000000e+03 3.730000000000000000e+03 4.010000000000000000e+03 4.700000000000000000e+03
1.638488270000000000e+08 2.560000000000000000e+03 3.820000000000000000e+03 4.020000000000000000e+03 4.700000000000000000e+03
1.638490350000000000e+08 2.570000000000000000e+03 3.940000000000000000e+03 4.020000000000000000e+03 4.700000000000000000e+03
1.638492430000000000e+08 2.570000000000000000e+03 4.000000000000000000e+03 4.020000000000000000e+03 4.700000000000000000e+03
1.638494510000000000e+08 2.570000000000000000e+03 3.910000000000000000e+03 4.020000000000000000e+03 4.690000000000000000e+03
1.638496590000000000e+08 2.570000000000000000e+03 3.840000000000000000e+03 4.020000000000000000e+03 4.700000000000000000e+03
1.638498670000000000e+08 2.570000000000000000e+03 3.840000000000000000e+03 4.010000000000000000e+03 4.690000000000000000e+03
1.638500590000000000e+08 2.570000000000000000e+03 3.780000000000000000e+03 4.010000000000000000e+03 4.690000000000000000e+03
1.638502670000000000e+08 2.560000000000000000e+03 3.760000000000000000e+03 4.010000000000000000e+03 4.690000000000000000e+03
1.638504740000000000e+08 2.560000000000000000e+03 3.680000000000000000e+03 4.010000000000000000e+03 4.690000000000000000e+03
1.638506820000000000e+08 2.560000000000000000e+03 3.840000000000000000e+03 4.010000000000000000e+03 4.690000000000000000e+03
1.638508900000000000e+08 2.560000000000000000e+03 4.000000000000000000e+03 4.010000000000000000e+03 4.690000000000000000e+03
1.638510980000000000e+08 2.560000000000000000e+03 4.080000000000000000e+03 4.000000000000000000e+03 4.690000000000000000e+03
1.638513080000000000e+08 2.570000000000000000e+03 3.910000000000000000e+03 4.000000000000000000e+03 4.690000000000000000e+03
1.638515140000000000e+08 2.570000000000000000e+03 3.790000000000000000e+03 4.000000000000000000e+03 4.690000000000000000e+03
1.638517220000000000e+08 2.580000000000000000e+03 3.760000000000000000e+03 4.000000000000000000e+03 4.690000000000000000e+03
1.638519300000000000e+08 2.580000000000000000e+03 3.740000000000000000e+03 4.010000000000000000e+03 4.690000000000000000e+03
1.638523460000000000e+08 2.580000000000000000e+03 3.670000000000000000e+03 4.000000000000000000e+03 4.680000000000000000e+03
1.638525540000000000e+08 2.580000000000000000e+03 3.790000000000000000e+03 4.000000000000000000e+03 4.680000000000000000e+03
1.638527620000000000e+08 2.570000000000000000e+03 3.980000000000000000e+03 4.000000000000000000e+03 4.680000000000000000e+03
1.638529700000000000e+08 2.570000000000000000e+03 4.080000000000000000e+03 4.010000000000000000e+03 4.680000000000000000e+03
1.638531780000000000e+08 2.560000000000000000e+03 4.140000000000000000e+03 4.010000000000000000e+03 4.680000000000000000e+03
1.638533860000000000e+08 2.560000000000000000e+03 4.120000000000000000e+03 4.020000000000000000e+03 4.680000000000000000e+03
1.638535780000000000e+08 2.570000000000000000e+03 3.940000000000000000e+03 4.020000000000000000e+03 4.680000000000000000e+03
1.638537860000000000e+08 2.560000000000000000e+03 3.830000000000000000e+03 4.020000000000000000e+03 4.680000000000000000e+03
1.638539940000000000e+08 2.560000000000000000e+03 4.000000000000000000e+03 4.020000000000000000e+03 4.680000000000000000e+03
1.638542020000000000e+08 2.560000000000000000e+03 4.190000000000000000e+03 4.010000000000000000e+03 4.690000000000000000e+03
1.638544100000000000e+08 2.560000000000000000e+03 3.960000000000000000e+03 4.010000000000000000e+03 4.690000000000000000e+03
1.638546180000000000e+08 2.560000000000000000e+03 4.110000000000000000e+03 4.010000000000000000e+03 4.690000000000000000e+03
1.638548250000000000e+08 2.560000000000000000e+03 3.940000000000000000e+03 4.010000000000000000e+03 4.690000000000000000e+03
1.638550340000000000e+08 2.560000000000000000e+03 3.920000000000000000e+03 4.020000000000000000e+03 4.690000000000000000e+03
1.638552420000000000e+08 2.560000000000000000e+03 3.870000000000000000e+03 4.020000000000000000e+03 4.690000000000000000e+03
1.638554500000000000e+08 2.560000000000000000e+03 3.810000000000000000e+03 4.010000000000000000e+03 4.690000000000000000e+03
1.638556580000000000e+08 2.550000000000000000e+03 3.770000000000000000e+03 4.020000000000000000e+03 4.690000000000000000e+03
1.638558660000000000e+08 2.560000000000000000e+03 3.760000000000000000e+03 4.020000000000000000e+03 4.690000000000000000e+03
1.638560740000000000e+08 2.560000000000000000e+03 3.750000000000000000e+03 4.020000000000000000e+03 4.690000000000000000e+03
1.638562820000000000e+08 2.560000000000000000e+03 3.770000000000000000e+03 4.020000000000000000e+03 4.690000000000000000e+03
1.638564890000000000e+08 2.570000000000000000e+03 3.810000000000000000e+03 4.020000000000000000e+03 4.690000000000000000e+03
1.638566980000000000e+08 2.570000000000000000e+03 3.840000000000000000e+03 4.030000000000000000e+03 4.690000000000000000e+03
1.638568890000000000e+08 2.560000000000000000e+03 3.840000000000000000e+03 4.020000000000000000e+03 4.690000000000000000e+03
1.638570970000000000e+08 2.570000000000000000e+03 3.830000000000000000e+03 4.020000000000000000e+03 4.690000000000000000e+03
1.638573050000000000e+08 2.560000000000000000e+03 3.760000000000000000e+03 4.010000000000000000e+03 4.690000000000000000e+03
1.638575130000000000e+08 2.560000000000000000e+03 3.710000000000000000e+03 4.010000000000000000e+03 4.690000000000000000e+03
1.638577210000000000e+08 2.560000000000000000e+03 3.640000000000000000e+03 4.020000000000000000e+03 4.690000000000000000e+03
