3.222460000000000000e+07 2.720000000000000000e+03 2.650000000000000000e+03 4.750000000000000000e+03 5.000000000000000000e+03
3.222480800000000000e+07 2.720000000000000000e+03 2.650000000000000000e+03 4.750000000000000000e+03 4.940000000000000000e+03
3.222501400000000000e+07 2.720000000000000000e+03 2.650000000000000000e+03 4.750000000000000000e+03 4.950000000000000000e+03
3.222522300000000000e+07 2.720000000000000000e+03 2.650000000000000000e+03 4.750000000000000000e+03 4.970000000000000000e+03
3.222551600000000000e+07 2.720000000000000000e+03 2.650000000000000000e+03 4.750000000000000000e+03 4.980000000000000000e+03
3.222563900000000000e+07 2.720000000000000000e+03 2.650000000000000000e+03 4.750000000000000000e+03 5.000000000000000000e+03
3.222584800000000000e+07 2.720000000000000000e+03 2.650000000000000000e+03 4.740000000000000000e+03 5.020000000000000000e+03
3.222604800000000000e+07 2.720000000000000000e+03 2.650000000000000000e+03 4.740000000000000000e+03 4.960000000000000000e+03
3.222626300000000000e+07 2.720000000000000000e+03 2.650000000000000000e+03 4.740000000000000000e+03 5.010000000000000000e+03
3.222647100000000000e+07 2.710000000000000000e+03 2.660000000000000000e+03 4.740000000000000000e+03 5.050000000000000000e+03
3.222667600000000000e+07 2.710000000000000000e+03 2.660000000000000000e+03 4.750000000000000000e+03 5.060000000000000000e+03
3.222688400000000000e+07 2.710000000000000000e+03 2.670000000000000000e+03 4.750000000000000000e+03 5.090000000000000000e+03
3.222708300000000000e+07 2.710000000000000000e+03 2.660000000000000000e+03 4.750000000000000000e+03 5.160000000000000000e+03
3.222730300000000000e+07 2.710000000000000000e+03 2.660000000000000000e+03 4.760000000000000000e+03 5.200000000000000000e+03
3.222751100000000000e+07 2.710000000000000000e+03 2.660000000000000000e+03 4.760000000000000000e+03 5.230000000000000000e+03
3.222771000000000000e+07 2.710000000000000000e+03 2.660000000000000000e+03 4.760000000000000000e+03 5.260000000000000000e+03
3.222792700000000000e+07 2.710000000000000000e+03 2.650000000000000000e+03 4.750000000000000000e+03 5.250000000000000000e+03
3.222812700000000000e+07 2.710000000000000000e+03 2.660000000000000000e+03 4.750000000000000000e+03 5.240000000000000000e+03
3.222834300000000000e+07 2.720000000000000000e+03 2.670000000000000000e+03 4.750000000000000000e+03 5.240000000000000000e+03
3.222855000000000000e+07 2.720000000000000000e+03 2.660000000000000000e+03 4.750000000000000000e+03 5.240000000000000000e+03
3.222875900000000000e+07 2.720000000000000000e+03 2.660000000000000000e+03 4.750000000000000000e+03 5.250000000000000000e+03
3.222896100000000000e+07 2.710000000000000000e+03 2.650000000000000000e+03 4.760000000000000000e+03 5.250000000000000000e+03
3.222917500000000000e+07 2.710000000000000000e+03 2.650000000000000000e+03 4.760000000000000000e+03 5.250000000000000000e+03
3.222938300000000000e+07 2.720000000000000000e+03 2.650000000000000000e+03 4.760000000000000000e+03 5.250000000000000000e+03
3.222958000000000000e+07 2.720000000000000000e+03 2.670000000000000000e+03 4.760000000000000000e+03 5.240000000000000000e+03
3.222979000000000000e+07 2.710000000000000000e+03 2.660000000000000000e+03 4.760000000000000000e+03 5.250000000000000000e+03
3.222999900000000000e+07 2.710000000000000000e+03 2.660000000000000000e+03 4.760000000000000000e+03 5.250000000000000000e+03
3.223021400000000000e+07 2.720000000000000000e+03 2.660000000000000000e+03 4.760000000000000000e+03 5.250000000000000000e+03
3.223041100000000000e+07 2.720000000000000000e+03 2.660000000000000000e+03 4.750000000000000000e+03 5.250000000000000000e+03
3.223061600000000000e+07 2.720000000000000000e+03 2.660000000000000000e+03 4.750000000000000000e+03 5.250000000000000000e+03
3.223083600000000000e+07 2.720000000000000000e+03 2.670000000000000000e+03 4.750000000000000000e+03 5.250000000000000000e+03
3.223103700000000000e+07 2.740000000000000000e+03 2.660000000000000000e+03 4.750000000000000000e+03 5.250000000000000000e+03
3.223124900000000000e+07 2.740000000000000000e+03 2.660000000000000000e+03 4.750000000000000000e+03 5.240000000000000000e+03
3.223145400000000000e+07 2.740000000000000000e+03 2.660000000000000000e+03 4.750000000000000000e+03 5.230000000000000000e+03
3.223166200000000000e+07 2.740000000000000000e+03 2.650000000000000000e+03 4.750000000000000000e+03 5.230000000000000000e+03
3.223187800000000000e+07 2.720000000000000000e+03 2.660000000000000000e+03 4.760000000000000000e+03 5.210000000000000000e+03
3.223208400000000000e+07 2.720000000000000000e+03 2.650000000000000000e+03 4.760000000000000000e+03 5.210000000000000000e+03
3.223229200000000000e+07 2.720000000000000000e+03 2.650000000000000000e+03 4.760000000000000000e+03 5.210000000000000000e+03
3.223249100000000000e+07 2.720000000000000000e+03 2.650000000000000000e+03 4.760000000000000000e+03 5.190000000000000000e+03
3.223269700000000000e+07 2.740000000000000000e+03 2.660000000000000000e+03 4.760000000000000000e+03 5.190000000000000000e+03
3.223291300000000000e+07 2.740000000000000000e+03 2.660000000000000000e+03 4.760000000000000000e+03 5.200000000000000000e+03
3.223312100000000000e+07 2.720000000000000000e+03 2.660000000000000000e+03 4.760000000000000000e+03 5.200000000000000000e+03
3.223333200000000000e+07 2.710000000000000000e+03 2.660000000000000000e+03 4.760000000000000000e+03 5.200000000000000000e+03
3.223353600000000000e+07 2.720000000000000000e+03 2.660000000000000000e+03 4.760000000000000000e+03 5.200000000000000000e+03
3.223375000000000000e+07 2.720000000000000000e+03 2.660000000000000000e+03 4.760000000000000000e+03 5.190000000000000000e+03
3.223394300000000000e+07 2.720000000000000000e+03 2.660000000000000000e+03 4.760000000000000000e+03 5.180000000000000000e+03
3.223416500000000000e+07 2.710000000000000000e+03 2.670000000000000000e+03 4.750000000000000000e+03 5.170000000000000000e+03
3.223437400000000000e+07 2.720000000000000000e+03 2.670000000000000000e+03 4.750000000000000000e+03 5.170000000000000000e+03
3.223457600000000000e+07 2.720000000000000000e+03 2.670000000000000000e+03 4.750000000000000000e+03 5.170000000000000000e+03
3.223479000000000000e+07 2.720000000000000000e+03 2.670000000000000000e+03 4.740000000000000000e+03 5.170000000000000000e+03
3.223499200000000000e+07 2.720000000000000000e+03 2.670000000000000000e+03 4.750000000000000000e+03 5.160000000000000000e+03
3.223520300000000000e+07 2.710000000000000000e+03 2.660000000000000000e+03 4.750000000000000000e+03 5.160000000000000000e+03
3.223540800000000000e+07 2.710000000000000000e+03 2.660000000000000000e+03 4.750000000000000000e+03 5.160000000000000000e+03
3.223561500000000000e+07 2.710000000000000000e+03 2.660000000000000000e+03 4.750000000000000000e+03 5.170000000000000000e+03
3.223582700000000000e+07 2.710000000000000000e+03 2.660000000000000000e+03 4.750000000000000000e+03 5.170000000000000000e+03
3.223603700000000000e+07 2.710000000000000000e+03 2.660000000000000000e+03 4.750000000000000000e+03 5.190000000000000000e+03
3.223624400000000000e+07 2.710000000000000000e+03 2.660000000000000000e+03 4.750000000000000000e+03 5.250000000000000000e+03
3.223645300000000000e+07 2.710000000000000000e+03 2.660000000000000000e+03 4.750000000000000000e+03 5.310000000000000000e+03
3.223666000000000000e+07 2.710000000000000000e+03 2.660000000000000000e+03 4.750000000000000000e+03 5.350000000000000000e+03
3.223686900000000000e+07 2.720000000000000000e+03 2.660000000000000000e+03 4.750000000000000000e+03 5.360000000000000000e+03
3.223706900000000000e+07 2.720000000000000000e+03 2.650000000000000000e+03 4.750000000000000000e+03 5.370000000000000000e+03
3.223728200000000000e+07 2.710000000000000000e+03 2.650000000000000000e+03 4.750000000000000000e+03 5.380000000000000000e+03
3.223749300000000000e+07 2.720000000000000000e+03 2.640000000000000000e+03 4.750000000000000000e+03 5.370000000000000000e+03
3.223769600000000000e+07 2.740000000000000000e+03 2.640000000000000000e+03 4.750000000000000000e+03 5.360000000000000000e+03
3.223790400000000000e+07 2.740000000000000000e+03 2.640000000000000000e+03 4.760000000000000000e+03 5.360000000000000000e+03
3.223811700000000000e+07 2.740000000000000000e+03 2.630000000000000000e+03 4.760000000000000000e+03 5.350000000000000000e+03
3.223832300000000000e+07 2.740000000000000000e+03 2.630000000000000000e+03 4.770000000000000000e+03 5.350000000000000000e+03
3.223853300000000000e+07 2.720000000000000000e+03 2.630000000000000000e+03 4.770000000000000000e+03 5.350000000000000000e+03
3.223874100000000000e+07 2.720000000000000000e+03 2.640000000000000000e+03 4.760000000000000000e+03 5.380000000000000000e+03
3.223894700000000000e+07 2.720000000000000000e+03 2.640000000000000000e+03 4.750000000000000000e+03 5.380000000000000000e+03
3.223915700000000000e+07 2.720000000000000000e+03 2.640000000000000000e+03 4.750000000000000000e+03 5.400000000000000000e+03
3.223936500000000000e+07 2.720000000000000000e+03 2.640000000000000000e+03 4.750000000000000000e+03 5.420000000000000000e+03
3.223956200000000000e+07 2.720000000000000000e+03 2.650000000000000000e+03 4.750000000000000000e+03 5.440000000000000000e+03
3.223977400000000000e+07 2.710000000000000000e+03 2.650000000000000000e+03 4.750000000000000000e+03 5.450000000000000000e+03
3.223998100000000000e+07 2.720000000000000000e+03 2.660000000000000000e+03 4.750000000000000000e+03 5.470000000000000000e+03
3.224019600000000000e+07 2.720000000000000000e+03 2.650000000000000000e+03 4.750000000000000000e+03 5.470000000000000000e+03
3.224039900000000000e+07 2.720000000000000000e+03 2.670000000000000000e+03 4.750000000000000000e+03 5.470000000000000000e+03
3.224060100000000000e+07 2.740000000000000000e+03 2.660000000000000000e+03 4.750000000000000000e+03 5.470000000000000000e+03
3.224081000000000000e+07 2.720000000000000000e+03 2.670000000000000000e+03 4.750000000000000000e+03 5.440000000000000000e+03
3.224103100000000000e+07 2.720000000000000000e+03 2.670000000000000000e+03 4.750000000000000000e+03 5.430000000000000000e+03
3.224124100000000000e+07 2.720000000000000000e+03 2.670000000000000000e+03 4.760000000000000000e+03 5.420000000000000000e+03
3.224145000000000000e+07 2.720000000000000000e+03 2.670000000000000000e+03 4.760000000000000000e+03 5.420000000000000000e+03
3.224166000000000000e+07 2.710000000000000000e+03 2.670000000000000000e+03 4.760000000000000000e+03 5.420000000000000000e+03
3.224186400000000000e+07 2.710000000000000000e+03 2.660000000000000000e+03 4.760000000000000000e+03 5.440000000000000000e+03
3.224207900000000000e+07 2.720000000000000000e+03 2.660000000000000000e+03 4.760000000000000000e+03 5.470000000000000000e+03
3.224229000000000000e+07 2.720000000000000000e+03 2.650000000000000000e+03 4.760000000000000000e+03 5.480000000000000000e+03
3.224250000000000000e+07 2.720000000000000000e+03 2.660000000000000000e+03 4.760000000000000000e+03 5.490000000000000000e+03
3.224269700000000000e+07 2.740000000000000000e+03 2.650000000000000000e+03 4.760000000000000000e+03 5.400000000000000000e+03
3.224291700000000000e+07 2.740000000000000000e+03 2.660000000000000000e+03 4.750000000000000000e+03 5.480000000000000000e+03
3.224310900000000000e+07 2.720000000000000000e+03 2.650000000000000000e+03 4.750000000000000000e+03 5.550000000000000000e+03
3.224332700000000000e+07 2.740000000000000000e+03 2.650000000000000000e+03 4.750000000000000000e+03 5.570000000000000000e+03
3.224352500000000000e+07 2.740000000000000000e+03 2.650000000000000000e+03 4.750000000000000000e+03 5.570000000000000000e+03
3.224374500000000000e+07 2.740000000000000000e+03 2.650000000000000000e+03 4.750000000000000000e+03 5.560000000000000000e+03
3.224394300000000000e+07 2.720000000000000000e+03 2.660000000000000000e+03 4.740000000000000000e+03 5.550000000000000000e+03
3.224415000000000000e+07 2.720000000000000000e+03 2.670000000000000000e+03 4.740000000000000000e+03 5.560000000000000000e+03
3.224437100000000000e+07 2.720000000000000000e+03 2.670000000000000000e+03 4.740000000000000000e+03 5.560000000000000000e+03
3.224457900000000000e+07 2.720000000000000000e+03 2.660000000000000000e+03 4.740000000000000000e+03 5.590000000000000000e+03
3.224478800000000000e+07 2.740000000000000000e+03 2.650000000000000000e+03 4.740000000000000000e+03 5.630000000000000000e+03
3.224498700000000000e+07 2.720000000000000000e+03 2.660000000000000000e+03 4.750000000000000000e+03 5.640000000000000000e+03
3.224519600000000000e+07 2.720000000000000000e+03 2.660000000000000000e+03 4.750000000000000000e+03 5.640000000000000000e+03
3.224539800000000000e+07 2.720000000000000000e+03 2.670000000000000000e+03 4.750000000000000000e+03 5.630000000000000000e+03
3.224561300000000000e+07 2.740000000000000000e+03 2.650000000000000000e+03 4.750000000000000000e+03 5.620000000000000000e+03
3.224589600000000000e+07 2.740000000000000000e+03 2.650000000000000000e+03 4.750000000000000000e+03 5.620000000000000000e+03
3.224603500000000000e+07 2.720000000000000000e+03 2.660000000000000000e+03 4.750000000000000000e+03 5.640000000000000000e+03
3.224624400000000000e+07 2.720000000000000000e+03 2.670000000000000000e+03 4.750000000000000000e+03 5.660000000000000000e+03
3.224645200000000000e+07 2.720000000000000000e+03 2.670000000000000000e+03 4.750000000000000000e+03 5.670000000000000000e+03
3.224665900000000000e+07 2.720000000000000000e+03 2.670000000000000000e+03 4.750000000000000000e+03 5.700000000000000000e+03
3.225766000000000000e+07 2.740000000000000000e+03 2.650000000000000000e+03 6.100000000000000000e+03 4.870000000000000000e+03
3.225787300000000000e+07 2.740000000000000000e+03 2.650000000000000000e+03 5.770000000000000000e+03 4.860000000000000000e+03
3.225807100000000000e+07 2.740000000000000000e+03 2.650000000000000000e+03 5.560000000000000000e+03 4.870000000000000000e+03
3.225827900000000000e+07 2.740000000000000000e+03 2.650000000000000000e+03 5.390000000000000000e+03 4.870000000000000000e+03
3.225849700000000000e+07 2.740000000000000000e+03 2.660000000000000000e+03 5.230000000000000000e+03 4.860000000000000000e+03
3.225870500000000000e+07 2.740000000000000000e+03 2.660000000000000000e+03 5.160000000000000000e+03 4.860000000000000000e+03
3.225891300000000000e+07 2.740000000000000000e+03 2.670000000000000000e+03 5.090000000000000000e+03 4.860000000000000000e+03
3.225911300000000000e+07 2.740000000000000000e+03 2.670000000000000000e+03 5.190000000000000000e+03 4.860000000000000000e+03
3.225932000000000000e+07 2.740000000000000000e+03 2.680000000000000000e+03 5.280000000000000000e+03 4.860000000000000000e+03
3.225953200000000000e+07 2.740000000000000000e+03 2.670000000000000000e+03 5.310000000000000000e+03 4.860000000000000000e+03
3.225972700000000000e+07 2.740000000000000000e+03 2.660000000000000000e+03 5.330000000000000000e+03 4.860000000000000000e+03
3.225992700000000000e+07 2.740000000000000000e+03 2.650000000000000000e+03 5.360000000000000000e+03 4.870000000000000000e+03
3.230013500000000000e+07 2.740000000000000000e+03 2.650000000000000000e+03 5.390000000000000000e+03 4.880000000000000000e+03
3.230034200000000000e+07 2.740000000000000000e+03 2.650000000000000000e+03 5.350000000000000000e+03 4.880000000000000000e+03
3.230055900000000000e+07 2.720000000000000000e+03 2.660000000000000000e+03 5.190000000000000000e+03 4.880000000000000000e+03
3.230076700000000000e+07 2.740000000000000000e+03 2.660000000000000000e+03 5.310000000000000000e+03 4.880000000000000000e+03
3.230097500000000000e+07 2.740000000000000000e+03 2.660000000000000000e+03 5.300000000000000000e+03 4.880000000000000000e+03
3.230117800000000000e+07 2.720000000000000000e+03 2.660000000000000000e+03 5.300000000000000000e+03 4.870000000000000000e+03
3.230139100000000000e+07 2.720000000000000000e+03 2.660000000000000000e+03 5.310000000000000000e+03 4.860000000000000000e+03
3.230160000000000000e+07 2.720000000000000000e+03 2.660000000000000000e+03 5.350000000000000000e+03 4.870000000000000000e+03
3.230180600000000000e+07 2.720000000000000000e+03 2.670000000000000000e+03 5.400000000000000000e+03 4.870000000000000000e+03
3.230200300000000000e+07 2.720000000000000000e+03 2.670000000000000000e+03 5.440000000000000000e+03 4.870000000000000000e+03
3.230222400000000000e+07 2.720000000000000000e+03 2.680000000000000000e+03 5.450000000000000000e+03 4.870000000000000000e+03
3.230242000000000000e+07 2.720000000000000000e+03 2.670000000000000000e+03 5.450000000000000000e+03 4.870000000000000000e+03
3.230263000000000000e+07 2.720000000000000000e+03 2.660000000000000000e+03 5.480000000000000000e+03 4.870000000000000000e+03
3.230284700000000000e+07 2.720000000000000000e+03 2.660000000000000000e+03 5.470000000000000000e+03 4.870000000000000000e+03
3.230305400000000000e+07 2.720000000000000000e+03 2.670000000000000000e+03 5.470000000000000000e+03 4.880000000000000000e+03
3.230324400000000000e+07 2.720000000000000000e+03 2.670000000000000000e+03 5.470000000000000000e+03 4.880000000000000000e+03
3.230345600000000000e+07 2.720000000000000000e+03 2.670000000000000000e+03 5.500000000000000000e+03 4.880000000000000000e+03
3.230365100000000000e+07 2.720000000000000000e+03 2.670000000000000000e+03 5.450000000000000000e+03 4.880000000000000000e+03
3.230386600000000000e+07 2.720000000000000000e+03 2.680000000000000000e+03 5.400000000000000000e+03 4.880000000000000000e+03
3.230407500000000000e+07 2.740000000000000000e+03 2.680000000000000000e+03 5.380000000000000000e+03 4.880000000000000000e+03
3.230428700000000000e+07 2.750000000000000000e+03 2.680000000000000000e+03 5.400000000000000000e+03 4.880000000000000000e+03
3.230448700000000000e+07 2.740000000000000000e+03 2.670000000000000000e+03 5.410000000000000000e+03 4.880000000000000000e+03
3.230469400000000000e+07 2.740000000000000000e+03 2.660000000000000000e+03 5.440000000000000000e+03 4.880000000000000000e+03
3.230490200000000000e+07 2.720000000000000000e+03 2.660000000000000000e+03 5.470000000000000000e+03 4.880000000000000000e+03
3.230511800000000000e+07 2.720000000000000000e+03 2.650000000000000000e+03 5.520000000000000000e+03 4.880000000000000000e+03
3.230531400000000000e+07 2.720000000000000000e+03 2.650000000000000000e+03 5.320000000000000000e+03 4.880000000000000000e+03
3.230552700000000000e+07 2.720000000000000000e+03 2.650000000000000000e+03 5.450000000000000000e+03 4.870000000000000000e+03
3.230573200000000000e+07 2.720000000000000000e+03 2.660000000000000000e+03 5.500000000000000000e+03 4.880000000000000000e+03
3.230593900000000000e+07 2.720000000000000000e+03 2.650000000000000000e+03 5.470000000000000000e+03 4.880000000000000000e+03
3.230614500000000000e+07 2.720000000000000000e+03 2.660000000000000000e+03 5.400000000000000000e+03 4.880000000000000000e+03
3.230636600000000000e+07 2.720000000000000000e+03 2.670000000000000000e+03 5.340000000000000000e+03 4.880000000000000000e+03
3.230655500000000000e+07 2.720000000000000000e+03 2.660000000000000000e+03 5.320000000000000000e+03 4.880000000000000000e+03
3.230675500000000000e+07 2.720000000000000000e+03 2.660000000000000000e+03 5.340000000000000000e+03 4.880000000000000000e+03
3.230696200000000000e+07 2.720000000000000000e+03 2.650000000000000000e+03 5.400000000000000000e+03 4.880000000000000000e+03
3.230717500000000000e+07 2.720000000000000000e+03 2.660000000000000000e+03 5.440000000000000000e+03 4.880000000000000000e+03
3.230738600000000000e+07 2.720000000000000000e+03 2.650000000000000000e+03 5.470000000000000000e+03 4.880000000000000000e+03
3.230759000000000000e+07 2.710000000000000000e+03 2.650000000000000000e+03 5.480000000000000000e+03 4.880000000000000000e+03
3.230780500000000000e+07 2.720000000000000000e+03 2.650000000000000000e+03 5.490000000000000000e+03 4.880000000000000000e+03
3.230800100000000000e+07 2.720000000000000000e+03 2.660000000000000000e+03 5.490000000000000000e+03 4.880000000000000000e+03
3.230821000000000000e+07 2.740000000000000000e+03 2.660000000000000000e+03 5.510000000000000000e+03 4.880000000000000000e+03
3.230841800000000000e+07 2.720000000000000000e+03 2.660000000000000000e+03 5.480000000000000000e+03 4.880000000000000000e+03
3.230863500000000000e+07 2.720000000000000000e+03 2.660000000000000000e+03 5.480000000000000000e+03 4.870000000000000000e+03
3.230884300000000000e+07 2.720000000000000000e+03 2.660000000000000000e+03 5.480000000000000000e+03 4.870000000000000000e+03
3.230904200000000000e+07 2.720000000000000000e+03 2.660000000000000000e+03 5.470000000000000000e+03 4.870000000000000000e+03
3.230926300000000000e+07 2.720000000000000000e+03 2.660000000000000000e+03 5.470000000000000000e+03 4.870000000000000000e+03
3.230945800000000000e+07 2.740000000000000000e+03 2.660000000000000000e+03 5.490000000000000000e+03 4.870000000000000000e+03
3.230967400000000000e+07 2.720000000000000000e+03 2.650000000000000000e+03 5.480000000000000000e+03 4.880000000000000000e+03
3.230987500000000000e+07 2.720000000000000000e+03 2.650000000000000000e+03 5.490000000000000000e+03 4.880000000000000000e+03
3.231006900000000000e+07 2.720000000000000000e+03 2.660000000000000000e+03 5.490000000000000000e+03 4.880000000000000000e+03
3.231028400000000000e+07 2.720000000000000000e+03 2.660000000000000000e+03 5.490000000000000000e+03 4.880000000000000000e+03
3.231049400000000000e+07 2.720000000000000000e+03 2.650000000000000000e+03 5.490000000000000000e+03 4.880000000000000000e+03
3.231068900000000000e+07 2.720000000000000000e+03 2.650000000000000000e+03 5.490000000000000000e+03 4.880000000000000000e+03
3.231091000000000000e+07 2.720000000000000000e+03 2.650000000000000000e+03 5.490000000000000000e+03 4.890000000000000000e+03
3.231110900000000000e+07 2.720000000000000000e+03 2.650000000000000000e+03 5.470000000000000000e+03 4.890000000000000000e+03
3.231132500000000000e+07 2.720000000000000000e+03 2.650000000000000000e+03 5.450000000000000000e+03 4.890000000000000000e+03
3.231152500000000000e+07 2.720000000000000000e+03 2.640000000000000000e+03 5.450000000000000000e+03 4.890000000000000000e+03
3.231173400000000000e+07 2.720000000000000000e+03 2.660000000000000000e+03 5.440000000000000000e+03 4.880000000000000000e+03
3.231195100000000000e+07 2.720000000000000000e+03 2.670000000000000000e+03 5.450000000000000000e+03 4.880000000000000000e+03
3.231215600000000000e+07 2.720000000000000000e+03 2.660000000000000000e+03 5.450000000000000000e+03 4.880000000000000000e+03
3.231236500000000000e+07 2.720000000000000000e+03 2.660000000000000000e+03 5.450000000000000000e+03 4.870000000000000000e+03
3.231256600000000000e+07 2.720000000000000000e+03 2.660000000000000000e+03 5.460000000000000000e+03 4.880000000000000000e+03
3.231276800000000000e+07 2.720000000000000000e+03 2.660000000000000000e+03 5.450000000000000000e+03 4.880000000000000000e+03
3.231298900000000000e+07 2.710000000000000000e+03 2.660000000000000000e+03 5.450000000000000000e+03 4.880000000000000000e+03
3.231319100000000000e+07 2.720000000000000000e+03 2.650000000000000000e+03 5.470000000000000000e+03 4.870000000000000000e+03
3.231338200000000000e+07 2.710000000000000000e+03 2.660000000000000000e+03 5.480000000000000000e+03 4.870000000000000000e+03
3.231359700000000000e+07 2.710000000000000000e+03 2.660000000000000000e+03 5.480000000000000000e+03 4.870000000000000000e+03
3.231380500000000000e+07 2.710000000000000000e+03 2.660000000000000000e+03 5.480000000000000000e+03 4.870000000000000000e+03
3.231400100000000000e+07 2.710000000000000000e+03 2.650000000000000000e+03 5.470000000000000000e+03 4.870000000000000000e+03
3.231420700000000000e+07 2.710000000000000000e+03 2.650000000000000000e+03 5.470000000000000000e+03 4.880000000000000000e+03
3.231442900000000000e+07 2.710000000000000000e+03 2.660000000000000000e+03 5.480000000000000000e+03 4.880000000000000000e+03
3.231463700000000000e+07 2.710000000000000000e+03 2.660000000000000000e+03 5.480000000000000000e+03 4.880000000000000000e+03
3.231483500000000000e+07 2.700000000000000000e+03 2.660000000000000000e+03 5.480000000000000000e+03 4.890000000000000000e+03
3.231505100000000000e+07 2.700000000000000000e+03 2.670000000000000000e+03 5.450000000000000000e+03 4.890000000000000000e+03
3.231525900000000000e+07 2.700000000000000000e+03 2.670000000000000000e+03 5.480000000000000000e+03 4.880000000000000000e+03
3.231546900000000000e+07 2.710000000000000000e+03 2.660000000000000000e+03 5.470000000000000000e+03 4.880000000000000000e+03
3.231567700000000000e+07 2.710000000000000000e+03 2.670000000000000000e+03 5.450000000000000000e+03 4.890000000000000000e+03
3.231588300000000000e+07 2.710000000000000000e+03 2.660000000000000000e+03 5.370000000000000000e+03 4.890000000000000000e+03
3.231609100000000000e+07 2.720000000000000000e+03 2.660000000000000000e+03 5.300000000000000000e+03 4.890000000000000000e+03
3.231630000000000000e+07 2.720000000000000000e+03 2.660000000000000000e+03 5.250000000000000000e+03 4.880000000000000000e+03
3.231650900000000000e+07 2.740000000000000000e+03 2.650000000000000000e+03 5.210000000000000000e+03 4.880000000000000000e+03
3.231670400000000000e+07 2.720000000000000000e+03 2.650000000000000000e+03 5.190000000000000000e+03 4.880000000000000000e+03
3.231689600000000000e+07 2.720000000000000000e+03 2.650000000000000000e+03 5.180000000000000000e+03 4.880000000000000000e+03
3.231711700000000000e+07 2.740000000000000000e+03 2.650000000000000000e+03 5.160000000000000000e+03 4.880000000000000000e+03
3.231731600000000000e+07 2.740000000000000000e+03 2.650000000000000000e+03 5.150000000000000000e+03 4.880000000000000000e+03
3.231753100000000000e+07 2.740000000000000000e+03 2.660000000000000000e+03 5.160000000000000000e+03 4.880000000000000000e+03
3.231774000000000000e+07 2.740000000000000000e+03 2.660000000000000000e+03 5.160000000000000000e+03 4.880000000000000000e+03
3.231794200000000000e+07 2.720000000000000000e+03 2.670000000000000000e+03 5.190000000000000000e+03 4.880000000000000000e+03
3.231815600000000000e+07 2.720000000000000000e+03 2.670000000000000000e+03 5.190000000000000000e+03 4.880000000000000000e+03
3.231836600000000000e+07 2.720000000000000000e+03 2.670000000000000000e+03 5.250000000000000000e+03 4.880000000000000000e+03
3.231857100000000000e+07 2.720000000000000000e+03 2.670000000000000000e+03 5.210000000000000000e+03 4.880000000000000000e+03
3.231878000000000000e+07 2.720000000000000000e+03 2.670000000000000000e+03 5.180000000000000000e+03 4.880000000000000000e+03
3.231898800000000000e+07 2.720000000000000000e+03 2.660000000000000000e+03 5.570000000000000000e+03 4.880000000000000000e+03
3.231919800000000000e+07 2.720000000000000000e+03 2.670000000000000000e+03 5.510000000000000000e+03 4.880000000000000000e+03
3.231940500000000000e+07 2.720000000000000000e+03 2.670000000000000000e+03 5.950000000000000000e+03 4.880000000000000000e+03
3.231960100000000000e+07 2.710000000000000000e+03 2.660000000000000000e+03 5.780000000000000000e+03 4.880000000000000000e+03
3.231981200000000000e+07 2.710000000000000000e+03 2.660000000000000000e+03 5.650000000000000000e+03 4.880000000000000000e+03
