3.242738900000000000e+07 2.960000000000000000e+03 2.830000000000000000e+03 4.580000000000000000e+03 4.450000000000000000e+03
3.242759700000000000e+07 2.960000000000000000e+03 2.820000000000000000e+03 4.520000000000000000e+03 4.450000000000000000e+03
3.242780600000000000e+07 2.960000000000000000e+03 2.820000000000000000e+03 4.460000000000000000e+03 4.440000000000000000e+03
3.242801500000000000e+07 2.980000000000000000e+03 2.830000000000000000e+03 4.500000000000000000e+03 4.440000000000000000e+03
3.242822200000000000e+07 2.980000000000000000e+03 2.840000000000000000e+03 4.530000000000000000e+03 4.440000000000000000e+03
3.242843000000000000e+07 2.980000000000000000e+03 2.840000000000000000e+03 4.510000000000000000e+03 4.450000000000000000e+03
3.242863700000000000e+07 2.980000000000000000e+03 2.830000000000000000e+03 4.520000000000000000e+03 4.450000000000000000e+03
3.242884500000000000e+07 2.960000000000000000e+03 2.830000000000000000e+03 4.480000000000000000e+03 4.460000000000000000e+03
3.242905300000000000e+07 2.960000000000000000e+03 2.840000000000000000e+03 4.490000000000000000e+03 4.450000000000000000e+03
3.242926100000000000e+07 2.950000000000000000e+03 2.830000000000000000e+03 4.510000000000000000e+03 4.450000000000000000e+03
3.242946900000000000e+07 2.970000000000000000e+03 2.820000000000000000e+03 4.530000000000000000e+03 4.450000000000000000e+03
3.242967500000000000e+07 2.960000000000000000e+03 2.820000000000000000e+03 4.550000000000000000e+03 4.450000000000000000e+03
3.242988500000000000e+07 2.970000000000000000e+03 2.830000000000000000e+03 4.500000000000000000e+03 4.450000000000000000e+03
3.243009300000000000e+07 2.970000000000000000e+03 2.820000000000000000e+03 4.660000000000000000e+03 4.450000000000000000e+03
3.243030100000000000e+07 2.960000000000000000e+03 2.830000000000000000e+03 4.700000000000000000e+03 4.460000000000000000e+03
3.243051000000000000e+07 2.970000000000000000e+03 2.820000000000000000e+03 4.820000000000000000e+03 4.460000000000000000e+03
3.243070000000000000e+07 2.970000000000000000e+03 2.830000000000000000e+03 4.690000000000000000e+03 4.460000000000000000e+03
3.243090400000000000e+07 2.960000000000000000e+03 2.830000000000000000e+03 4.630000000000000000e+03 4.460000000000000000e+03
3.243110500000000000e+07 2.970000000000000000e+03 2.830000000000000000e+03 4.570000000000000000e+03 4.460000000000000000e+03
3.243132500000000000e+07 2.970000000000000000e+03 2.830000000000000000e+03 4.620000000000000000e+03 4.460000000000000000e+03
3.243152000000000000e+07 2.970000000000000000e+03 2.830000000000000000e+03 4.700000000000000000e+03 4.460000000000000000e+03
3.243173800000000000e+07 2.980000000000000000e+03 2.830000000000000000e+03 4.820000000000000000e+03 4.450000000000000000e+03
3.243194600000000000e+07 2.980000000000000000e+03 2.830000000000000000e+03 4.910000000000000000e+03 4.450000000000000000e+03
3.243215400000000000e+07 2.990000000000000000e+03 2.840000000000000000e+03 4.980000000000000000e+03 4.460000000000000000e+03
3.243235600000000000e+07 2.980000000000000000e+03 2.830000000000000000e+03 4.810000000000000000e+03 4.460000000000000000e+03
3.243256700000000000e+07 2.980000000000000000e+03 2.830000000000000000e+03 4.810000000000000000e+03 4.460000000000000000e+03
3.243278100000000000e+07 2.970000000000000000e+03 2.830000000000000000e+03 4.670000000000000000e+03 4.450000000000000000e+03
3.243298800000000000e+07 2.980000000000000000e+03 2.830000000000000000e+03 4.600000000000000000e+03 4.450000000000000000e+03
3.243318600000000000e+07 2.990000000000000000e+03 2.830000000000000000e+03 4.690000000000000000e+03 4.450000000000000000e+03
3.243340500000000000e+07 2.990000000000000000e+03 2.830000000000000000e+03 4.730000000000000000e+03 4.450000000000000000e+03
3.243360900000000000e+07 2.990000000000000000e+03 2.840000000000000000e+03 4.760000000000000000e+03 4.450000000000000000e+03
3.243382000000000000e+07 2.980000000000000000e+03 2.840000000000000000e+03 4.780000000000000000e+03 4.450000000000000000e+03
3.243402100000000000e+07 2.970000000000000000e+03 2.850000000000000000e+03 4.800000000000000000e+03 4.450000000000000000e+03
3.243421700000000000e+07 2.970000000000000000e+03 2.850000000000000000e+03 4.830000000000000000e+03 4.450000000000000000e+03
3.243442300000000000e+07 2.980000000000000000e+03 2.850000000000000000e+03 4.880000000000000000e+03 4.450000000000000000e+03
3.243463600000000000e+07 2.980000000000000000e+03 2.850000000000000000e+03 4.930000000000000000e+03 4.450000000000000000e+03
3.243483200000000000e+07 2.960000000000000000e+03 2.840000000000000000e+03 4.860000000000000000e+03 4.450000000000000000e+03
3.243503900000000000e+07 2.960000000000000000e+03 2.850000000000000000e+03 4.790000000000000000e+03 4.440000000000000000e+03
3.243526000000000000e+07 2.940000000000000000e+03 2.850000000000000000e+03 4.820000000000000000e+03 4.450000000000000000e+03
3.243546000000000000e+07 2.950000000000000000e+03 2.850000000000000000e+03 4.940000000000000000e+03 4.450000000000000000e+03
3.243567100000000000e+07 2.960000000000000000e+03 2.850000000000000000e+03 5.010000000000000000e+03 4.450000000000000000e+03
3.243587000000000000e+07 2.970000000000000000e+03 2.840000000000000000e+03 5.060000000000000000e+03 4.450000000000000000e+03
3.243608700000000000e+07 2.970000000000000000e+03 2.850000000000000000e+03 5.080000000000000000e+03 4.450000000000000000e+03
3.243630000000000000e+07 2.980000000000000000e+03 2.840000000000000000e+03 5.090000000000000000e+03 4.440000000000000000e+03
3.243650700000000000e+07 2.980000000000000000e+03 2.850000000000000000e+03 5.090000000000000000e+03 4.440000000000000000e+03
3.243671600000000000e+07 2.970000000000000000e+03 2.850000000000000000e+03 5.090000000000000000e+03 4.440000000000000000e+03
3.243691700000000000e+07 2.980000000000000000e+03 2.830000000000000000e+03 5.090000000000000000e+03 4.440000000000000000e+03
3.243712600000000000e+07 2.970000000000000000e+03 2.830000000000000000e+03 5.100000000000000000e+03 4.440000000000000000e+03
3.243734000000000000e+07 2.980000000000000000e+03 2.830000000000000000e+03 5.100000000000000000e+03 4.450000000000000000e+03
3.243753100000000000e+07 2.970000000000000000e+03 2.840000000000000000e+03 5.100000000000000000e+03 4.450000000000000000e+03
3.243773300000000000e+07 2.980000000000000000e+03 2.830000000000000000e+03 5.090000000000000000e+03 4.450000000000000000e+03
3.243794800000000000e+07 2.980000000000000000e+03 2.830000000000000000e+03 5.090000000000000000e+03 4.450000000000000000e+03
3.243815500000000000e+07 2.990000000000000000e+03 2.830000000000000000e+03 5.060000000000000000e+03 4.450000000000000000e+03
3.243836300000000000e+07 2.990000000000000000e+03 2.830000000000000000e+03 5.030000000000000000e+03 4.450000000000000000e+03
3.243857100000000000e+07 2.980000000000000000e+03 2.830000000000000000e+03 5.020000000000000000e+03 4.450000000000000000e+03
3.243878000000000000e+07 2.990000000000000000e+03 2.830000000000000000e+03 5.020000000000000000e+03 4.440000000000000000e+03
3.243898500000000000e+07 2.980000000000000000e+03 2.830000000000000000e+03 5.020000000000000000e+03 4.450000000000000000e+03
3.243919500000000000e+07 2.980000000000000000e+03 2.840000000000000000e+03 5.030000000000000000e+03 4.450000000000000000e+03
3.243940300000000000e+07 2.990000000000000000e+03 2.850000000000000000e+03 5.040000000000000000e+03 4.450000000000000000e+03
3.243961200000000000e+07 2.970000000000000000e+03 2.830000000000000000e+03 5.030000000000000000e+03 4.440000000000000000e+03
3.243981900000000000e+07 2.970000000000000000e+03 2.840000000000000000e+03 5.020000000000000000e+03 4.440000000000000000e+03
3.244002800000000000e+07 2.970000000000000000e+03 2.840000000000000000e+03 5.010000000000000000e+03 4.440000000000000000e+03
3.244023500000000000e+07 2.960000000000000000e+03 2.830000000000000000e+03 5.010000000000000000e+03 4.450000000000000000e+03
3.244044300000000000e+07 2.960000000000000000e+03 2.820000000000000000e+03 5.010000000000000000e+03 4.450000000000000000e+03
3.244065100000000000e+07 2.970000000000000000e+03 2.830000000000000000e+03 5.010000000000000000e+03 4.450000000000000000e+03
3.244085900000000000e+07 2.970000000000000000e+03 2.840000000000000000e+03 5.030000000000000000e+03 4.450000000000000000e+03
3.244105000000000000e+07 2.970000000000000000e+03 2.830000000000000000e+03 5.020000000000000000e+03 4.450000000000000000e+03
3.244125900000000000e+07 2.970000000000000000e+03 2.830000000000000000e+03 5.020000000000000000e+03 4.450000000000000000e+03
3.244146500000000000e+07 2.960000000000000000e+03 2.830000000000000000e+03 5.020000000000000000e+03 4.440000000000000000e+03
3.244167300000000000e+07 2.960000000000000000e+03 2.840000000000000000e+03 5.010000000000000000e+03 4.440000000000000000e+03
3.244188300000000000e+07 2.970000000000000000e+03 2.840000000000000000e+03 5.010000000000000000e+03 4.450000000000000000e+03
3.244208800000000000e+07 2.970000000000000000e+03 2.840000000000000000e+03 5.000000000000000000e+03 4.450000000000000000e+03
3.244229900000000000e+07 2.960000000000000000e+03 2.850000000000000000e+03 5.000000000000000000e+03 4.440000000000000000e+03
3.244250600000000000e+07 2.970000000000000000e+03 2.860000000000000000e+03 5.020000000000000000e+03 4.440000000000000000e+03
3.244270300000000000e+07 2.980000000000000000e+03 2.850000000000000000e+03 5.020000000000000000e+03 4.440000000000000000e+03
3.244291600000000000e+07 2.980000000000000000e+03 2.850000000000000000e+03 5.010000000000000000e+03 4.440000000000000000e+03
3.244311600000000000e+07 2.980000000000000000e+03 2.830000000000000000e+03 5.010000000000000000e+03 4.440000000000000000e+03
3.244333400000000000e+07 2.980000000000000000e+03 2.840000000000000000e+03 5.030000000000000000e+03 4.450000000000000000e+03
3.244353700000000000e+07 2.980000000000000000e+03 2.840000000000000000e+03 5.020000000000000000e+03 4.450000000000000000e+03
3.244375100000000000e+07 2.970000000000000000e+03 2.850000000000000000e+03 5.030000000000000000e+03 4.450000000000000000e+03
3.244395900000000000e+07 2.970000000000000000e+03 2.850000000000000000e+03 5.040000000000000000e+03 4.450000000000000000e+03
3.244415900000000000e+07 2.980000000000000000e+03 2.840000000000000000e+03 5.050000000000000000e+03 4.450000000000000000e+03
3.244435900000000000e+07 2.980000000000000000e+03 2.840000000000000000e+03 5.070000000000000000e+03 4.450000000000000000e+03
3.244456900000000000e+07 2.970000000000000000e+03 2.830000000000000000e+03 5.070000000000000000e+03 4.450000000000000000e+03
3.244477800000000000e+07 2.970000000000000000e+03 2.830000000000000000e+03 5.060000000000000000e+03 4.450000000000000000e+03
3.244497700000000000e+07 2.970000000000000000e+03 2.830000000000000000e+03 5.050000000000000000e+03 4.440000000000000000e+03
3.244519300000000000e+07 2.980000000000000000e+03 2.830000000000000000e+03 5.040000000000000000e+03 4.440000000000000000e+03
3.244540200000000000e+07 2.970000000000000000e+03 2.830000000000000000e+03 5.030000000000000000e+03 4.440000000000000000e+03
3.244560900000000000e+07 2.970000000000000000e+03 2.830000000000000000e+03 5.040000000000000000e+03 4.440000000000000000e+03
3.244580400000000000e+07 2.970000000000000000e+03 2.830000000000000000e+03 5.040000000000000000e+03 4.430000000000000000e+03
3.244602100000000000e+07 2.970000000000000000e+03 2.830000000000000000e+03 5.040000000000000000e+03 4.440000000000000000e+03
3.244622100000000000e+07 2.960000000000000000e+03 2.840000000000000000e+03 5.060000000000000000e+03 4.440000000000000000e+03
3.244644100000000000e+07 2.960000000000000000e+03 2.850000000000000000e+03 5.040000000000000000e+03 4.440000000000000000e+03
3.244665000000000000e+07 2.970000000000000000e+03 2.850000000000000000e+03 5.050000000000000000e+03 4.440000000000000000e+03
3.244685700000000000e+07 2.970000000000000000e+03 2.850000000000000000e+03 5.040000000000000000e+03 4.440000000000000000e+03
3.244706100000000000e+07 2.980000000000000000e+03 2.850000000000000000e+03 5.030000000000000000e+03 4.450000000000000000e+03
3.244727000000000000e+07 2.990000000000000000e+03 2.860000000000000000e+03 5.040000000000000000e+03 4.450000000000000000e+03
3.244748200000000000e+07 2.980000000000000000e+03 2.860000000000000000e+03 5.040000000000000000e+03 4.450000000000000000e+03
3.244768800000000000e+07 2.980000000000000000e+03 2.850000000000000000e+03 5.040000000000000000e+03 4.450000000000000000e+03
3.244788100000000000e+07 2.980000000000000000e+03 2.840000000000000000e+03 5.040000000000000000e+03 4.450000000000000000e+03
3.244809000000000000e+07 2.990000000000000000e+03 2.840000000000000000e+03 5.050000000000000000e+03 4.450000000000000000e+03
3.244829000000000000e+07 2.990000000000000000e+03 2.830000000000000000e+03 5.070000000000000000e+03 4.440000000000000000e+03
3.244855200000000000e+07 2.990000000000000000e+03 2.830000000000000000e+03 5.070000000000000000e+03 4.440000000000000000e+03
3.244871500000000000e+07 2.980000000000000000e+03 2.830000000000000000e+03 5.080000000000000000e+03 4.440000000000000000e+03
3.244892200000000000e+07 2.990000000000000000e+03 2.840000000000000000e+03 5.090000000000000000e+03 4.440000000000000000e+03
3.244912900000000000e+07 2.990000000000000000e+03 2.840000000000000000e+03 5.100000000000000000e+03 4.450000000000000000e+03
3.244933800000000000e+07 2.980000000000000000e+03 2.840000000000000000e+03 5.110000000000000000e+03 4.450000000000000000e+03
3.244953200000000000e+07 2.980000000000000000e+03 2.840000000000000000e+03 5.130000000000000000e+03 4.450000000000000000e+03
3.244974600000000000e+07 2.980000000000000000e+03 2.840000000000000000e+03 5.130000000000000000e+03 4.450000000000000000e+03
3.245951100000000000e+07 3.320000000000000000e+03 2.850000000000000000e+03 4.300000000000000000e+03 4.450000000000000000e+03
3.245972100000000000e+07 3.330000000000000000e+03 2.860000000000000000e+03 4.290000000000000000e+03 4.450000000000000000e+03
3.245992700000000000e+07 3.360000000000000000e+03 2.840000000000000000e+03 4.290000000000000000e+03 4.450000000000000000e+03
3.250013200000000000e+07 3.370000000000000000e+03 2.830000000000000000e+03 4.290000000000000000e+03 4.450000000000000000e+03
3.250033400000000000e+07 3.370000000000000000e+03 2.830000000000000000e+03 4.300000000000000000e+03 4.450000000000000000e+03
3.250057200000000000e+07 3.370000000000000000e+03 2.840000000000000000e+03 4.290000000000000000e+03 4.450000000000000000e+03
3.250074500000000000e+07 3.360000000000000000e+03 2.840000000000000000e+03 4.290000000000000000e+03 4.450000000000000000e+03
3.250095200000000000e+07 3.450000000000000000e+03 2.850000000000000000e+03 4.300000000000000000e+03 4.450000000000000000e+03
3.250117000000000000e+07 3.510000000000000000e+03 2.850000000000000000e+03 4.300000000000000000e+03 4.450000000000000000e+03
3.250138200000000000e+07 3.550000000000000000e+03 2.830000000000000000e+03 4.300000000000000000e+03 4.450000000000000000e+03
3.250158400000000000e+07 3.940000000000000000e+03 2.840000000000000000e+03 4.310000000000000000e+03 4.450000000000000000e+03
3.250179100000000000e+07 3.750000000000000000e+03 2.840000000000000000e+03 4.300000000000000000e+03 4.450000000000000000e+03
3.250200700000000000e+07 3.630000000000000000e+03 2.850000000000000000e+03 4.300000000000000000e+03 4.450000000000000000e+03
3.250221500000000000e+07 3.630000000000000000e+03 2.850000000000000000e+03 4.290000000000000000e+03 4.450000000000000000e+03
3.250242300000000000e+07 3.630000000000000000e+03 2.850000000000000000e+03 4.290000000000000000e+03 4.450000000000000000e+03
3.250263100000000000e+07 3.630000000000000000e+03 2.850000000000000000e+03 4.290000000000000000e+03 4.460000000000000000e+03
3.250283000000000000e+07 3.640000000000000000e+03 2.850000000000000000e+03 4.300000000000000000e+03 4.460000000000000000e+03
3.250304700000000000e+07 3.670000000000000000e+03 2.840000000000000000e+03 4.310000000000000000e+03 4.450000000000000000e+03
3.250324600000000000e+07 3.690000000000000000e+03 2.840000000000000000e+03 4.300000000000000000e+03 4.450000000000000000e+03
3.250344700000000000e+07 3.700000000000000000e+03 2.840000000000000000e+03 4.310000000000000000e+03 4.450000000000000000e+03
3.250367000000000000e+07 3.610000000000000000e+03 2.850000000000000000e+03 4.300000000000000000e+03 4.450000000000000000e+03
3.250387500000000000e+07 3.650000000000000000e+03 2.840000000000000000e+03 4.310000000000000000e+03 4.450000000000000000e+03
3.250407700000000000e+07 3.530000000000000000e+03 2.840000000000000000e+03 4.310000000000000000e+03 4.450000000000000000e+03
3.250428300000000000e+07 3.600000000000000000e+03 2.850000000000000000e+03 4.310000000000000000e+03 4.460000000000000000e+03
3.250448800000000000e+07 3.640000000000000000e+03 2.840000000000000000e+03 4.310000000000000000e+03 4.460000000000000000e+03
3.250470900000000000e+07 3.670000000000000000e+03 2.850000000000000000e+03 4.310000000000000000e+03 4.450000000000000000e+03
3.250490500000000000e+07 3.680000000000000000e+03 2.840000000000000000e+03 4.310000000000000000e+03 4.450000000000000000e+03
3.250512600000000000e+07 3.690000000000000000e+03 2.830000000000000000e+03 4.310000000000000000e+03 4.460000000000000000e+03
3.250532000000000000e+07 3.680000000000000000e+03 2.830000000000000000e+03 4.310000000000000000e+03 4.460000000000000000e+03
3.250554000000000000e+07 3.680000000000000000e+03 2.830000000000000000e+03 4.300000000000000000e+03 4.460000000000000000e+03
3.250575000000000000e+07 3.690000000000000000e+03 2.830000000000000000e+03 4.290000000000000000e+03 4.450000000000000000e+03
3.250595600000000000e+07 3.700000000000000000e+03 2.840000000000000000e+03 4.300000000000000000e+03 4.450000000000000000e+03
3.250616300000000000e+07 3.710000000000000000e+03 2.830000000000000000e+03 4.310000000000000000e+03 4.450000000000000000e+03
3.250636200000000000e+07 3.670000000000000000e+03 2.830000000000000000e+03 4.310000000000000000e+03 4.450000000000000000e+03
3.250656900000000000e+07 3.630000000000000000e+03 2.830000000000000000e+03 4.300000000000000000e+03 4.450000000000000000e+03
3.250677900000000000e+07 3.590000000000000000e+03 2.830000000000000000e+03 4.300000000000000000e+03 4.450000000000000000e+03
3.250699500000000000e+07 3.530000000000000000e+03 2.830000000000000000e+03 4.290000000000000000e+03 4.450000000000000000e+03
3.250720500000000000e+07 3.520000000000000000e+03 2.830000000000000000e+03 4.290000000000000000e+03 4.460000000000000000e+03
3.250741400000000000e+07 3.510000000000000000e+03 2.850000000000000000e+03 4.290000000000000000e+03 4.460000000000000000e+03
3.250762100000000000e+07 3.540000000000000000e+03 2.850000000000000000e+03 4.290000000000000000e+03 4.460000000000000000e+03
3.250781600000000000e+07 3.560000000000000000e+03 2.850000000000000000e+03 4.290000000000000000e+03 4.450000000000000000e+03
3.250803400000000000e+07 3.560000000000000000e+03 2.850000000000000000e+03 4.290000000000000000e+03 4.450000000000000000e+03
3.250824500000000000e+07 3.520000000000000000e+03 2.850000000000000000e+03 4.290000000000000000e+03 4.450000000000000000e+03
3.250844000000000000e+07 3.480000000000000000e+03 2.850000000000000000e+03 4.300000000000000000e+03 4.460000000000000000e+03
3.250866200000000000e+07 3.480000000000000000e+03 2.850000000000000000e+03 4.310000000000000000e+03 4.460000000000000000e+03
3.250886000000000000e+07 3.480000000000000000e+03 2.850000000000000000e+03 4.300000000000000000e+03 4.460000000000000000e+03
3.250907000000000000e+07 3.470000000000000000e+03 2.840000000000000000e+03 4.300000000000000000e+03 4.450000000000000000e+03
3.250928000000000000e+07 3.510000000000000000e+03 2.850000000000000000e+03 4.310000000000000000e+03 4.450000000000000000e+03
3.250947900000000000e+07 3.530000000000000000e+03 2.850000000000000000e+03 4.310000000000000000e+03 4.450000000000000000e+03
3.250968600000000000e+07 3.540000000000000000e+03 2.850000000000000000e+03 4.300000000000000000e+03 4.450000000000000000e+03
3.250990900000000000e+07 3.540000000000000000e+03 2.850000000000000000e+03 4.300000000000000000e+03 4.450000000000000000e+03
3.251011500000000000e+07 3.540000000000000000e+03 2.840000000000000000e+03 4.310000000000000000e+03 4.450000000000000000e+03
3.251032400000000000e+07 3.540000000000000000e+03 2.840000000000000000e+03 4.310000000000000000e+03 4.450000000000000000e+03
3.251053300000000000e+07 3.540000000000000000e+03 2.830000000000000000e+03 4.300000000000000000e+03 4.450000000000000000e+03
3.251072600000000000e+07 3.560000000000000000e+03 2.840000000000000000e+03 4.300000000000000000e+03 4.450000000000000000e+03
3.251093700000000000e+07 3.490000000000000000e+03 2.840000000000000000e+03 4.310000000000000000e+03 4.460000000000000000e+03
3.251114100000000000e+07 3.460000000000000000e+03 2.840000000000000000e+03 4.310000000000000000e+03 4.460000000000000000e+03
3.251136400000000000e+07 3.480000000000000000e+03 2.840000000000000000e+03 4.300000000000000000e+03 4.460000000000000000e+03
3.251157200000000000e+07 3.510000000000000000e+03 2.840000000000000000e+03 4.290000000000000000e+03 4.460000000000000000e+03
3.251177800000000000e+07 3.530000000000000000e+03 2.840000000000000000e+03 4.290000000000000000e+03 4.450000000000000000e+03
3.251198400000000000e+07 3.560000000000000000e+03 2.830000000000000000e+03 4.300000000000000000e+03 4.450000000000000000e+03
3.251219400000000000e+07 3.570000000000000000e+03 2.840000000000000000e+03 4.310000000000000000e+03 4.450000000000000000e+03
3.251239300000000000e+07 3.580000000000000000e+03 2.830000000000000000e+03 4.310000000000000000e+03 4.450000000000000000e+03
3.251261300000000000e+07 3.590000000000000000e+03 2.830000000000000000e+03 4.310000000000000000e+03 4.450000000000000000e+03
3.251282100000000000e+07 3.590000000000000000e+03 2.840000000000000000e+03 4.310000000000000000e+03 4.450000000000000000e+03
3.251302600000000000e+07 3.590000000000000000e+03 2.840000000000000000e+03 4.310000000000000000e+03 4.460000000000000000e+03
3.251323700000000000e+07 3.600000000000000000e+03 2.830000000000000000e+03 4.300000000000000000e+03 4.460000000000000000e+03
3.251344400000000000e+07 3.610000000000000000e+03 2.830000000000000000e+03 4.310000000000000000e+03 4.460000000000000000e+03
3.251365100000000000e+07 3.640000000000000000e+03 2.840000000000000000e+03 4.310000000000000000e+03 4.450000000000000000e+03
3.251386000000000000e+07 3.680000000000000000e+03 2.840000000000000000e+03 4.300000000000000000e+03 4.460000000000000000e+03
3.251406900000000000e+07 3.710000000000000000e+03 2.830000000000000000e+03 4.290000000000000000e+03 4.450000000000000000e+03
3.251427600000000000e+07 3.700000000000000000e+03 2.820000000000000000e+03 4.300000000000000000e+03 4.450000000000000000e+03
3.251447700000000000e+07 3.690000000000000000e+03 2.820000000000000000e+03 4.290000000000000000e+03 4.450000000000000000e+03
3.251468000000000000e+07 3.640000000000000000e+03 2.810000000000000000e+03 4.300000000000000000e+03 4.450000000000000000e+03
3.251489700000000000e+07 3.570000000000000000e+03 2.820000000000000000e+03 4.300000000000000000e+03 4.450000000000000000e+03
3.251510700000000000e+07 3.540000000000000000e+03 2.830000000000000000e+03 4.310000000000000000e+03 4.460000000000000000e+03
3.251532000000000000e+07 3.530000000000000000e+03 2.830000000000000000e+03 4.300000000000000000e+03 4.460000000000000000e+03
3.251552100000000000e+07 3.510000000000000000e+03 2.830000000000000000e+03 4.310000000000000000e+03 4.450000000000000000e+03
3.251573200000000000e+07 3.480000000000000000e+03 2.840000000000000000e+03 4.290000000000000000e+03 4.440000000000000000e+03
3.251594000000000000e+07 3.460000000000000000e+03 2.840000000000000000e+03 4.300000000000000000e+03 4.450000000000000000e+03
3.251614800000000000e+07 3.440000000000000000e+03 2.840000000000000000e+03 4.290000000000000000e+03 4.460000000000000000e+03
3.251634900000000000e+07 3.420000000000000000e+03 2.850000000000000000e+03 4.300000000000000000e+03 4.450000000000000000e+03
3.251654900000000000e+07 3.420000000000000000e+03 2.840000000000000000e+03 4.300000000000000000e+03 4.460000000000000000e+03
3.251677100000000000e+07 3.410000000000000000e+03 2.850000000000000000e+03 4.310000000000000000e+03 4.460000000000000000e+03
3.251697700000000000e+07 3.410000000000000000e+03 2.860000000000000000e+03 4.290000000000000000e+03 4.450000000000000000e+03
3.251718700000000000e+07 3.400000000000000000e+03 2.860000000000000000e+03 4.300000000000000000e+03 4.450000000000000000e+03
3.251738900000000000e+07 3.370000000000000000e+03 2.860000000000000000e+03 4.290000000000000000e+03 4.450000000000000000e+03
3.251759900000000000e+07 3.280000000000000000e+03 2.840000000000000000e+03 4.290000000000000000e+03 4.450000000000000000e+03
3.251781100000000000e+07 3.280000000000000000e+03 2.850000000000000000e+03 4.300000000000000000e+03 4.450000000000000000e+03
3.251801900000000000e+07 3.270000000000000000e+03 2.850000000000000000e+03 4.290000000000000000e+03 4.450000000000000000e+03
3.251822600000000000e+07 3.250000000000000000e+03 2.850000000000000000e+03 4.270000000000000000e+03 4.450000000000000000e+03
3.251843500000000000e+07 3.250000000000000000e+03 2.850000000000000000e+03 4.290000000000000000e+03 4.450000000000000000e+03
3.251863000000000000e+07 3.270000000000000000e+03 2.850000000000000000e+03 4.300000000000000000e+03 4.450000000000000000e+03
3.251885100000000000e+07 3.280000000000000000e+03 2.850000000000000000e+03 4.300000000000000000e+03 4.450000000000000000e+03
3.251905900000000000e+07 3.290000000000000000e+03 2.850000000000000000e+03 4.290000000000000000e+03 4.450000000000000000e+03
3.251926700000000000e+07 3.300000000000000000e+03 2.840000000000000000e+03 4.300000000000000000e+03 4.450000000000000000e+03
3.251947200000000000e+07 3.290000000000000000e+03 2.850000000000000000e+03 4.300000000000000000e+03 4.460000000000000000e+03
3.251968300000000000e+07 3.300000000000000000e+03 2.850000000000000000e+03 4.310000000000000000e+03 4.450000000000000000e+03
3.251989100000000000e+07 3.300000000000000000e+03 2.850000000000000000e+03 4.310000000000000000e+03 4.450000000000000000e+03
3.252009700000000000e+07 3.300000000000000000e+03 2.840000000000000000e+03 4.310000000000000000e+03 4.450000000000000000e+03
3.252030700000000000e+07 3.300000000000000000e+03 2.840000000000000000e+03 4.310000000000000000e+03 4.450000000000000000e+03
3.252050400000000000e+07 3.270000000000000000e+03 2.850000000000000000e+03 4.310000000000000000e+03 4.450000000000000000e+03
3.252072300000000000e+07 3.230000000000000000e+03 2.850000000000000000e+03 4.310000000000000000e+03 4.450000000000000000e+03
3.252093100000000000e+07 3.180000000000000000e+03 2.850000000000000000e+03 4.300000000000000000e+03 4.450000000000000000e+03
3.252113900000000000e+07 3.110000000000000000e+03 2.840000000000000000e+03 4.310000000000000000e+03 4.450000000000000000e+03
3.252134700000000000e+07 3.060000000000000000e+03 2.840000000000000000e+03 4.310000000000000000e+03 4.450000000000000000e+03
3.252155500000000000e+07 3.060000000000000000e+03 2.840000000000000000e+03 4.310000000000000000e+03 4.460000000000000000e+03
3.252175000000000000e+07 3.070000000000000000e+03 2.840000000000000000e+03 4.300000000000000000e+03 4.460000000000000000e+03
3.252196500000000000e+07 3.060000000000000000e+03 2.850000000000000000e+03 4.290000000000000000e+03 4.460000000000000000e+03
3.252216700000000000e+07 3.080000000000000000e+03 2.860000000000000000e+03 4.290000000000000000e+03 4.460000000000000000e+03
3.252238000000000000e+07 3.110000000000000000e+03 2.850000000000000000e+03 4.290000000000000000e+03 4.460000000000000000e+03
3.252259000000000000e+07 3.150000000000000000e+03 2.850000000000000000e+03 4.290000000000000000e+03 4.460000000000000000e+03
3.252279900000000000e+07 3.190000000000000000e+03 2.830000000000000000e+03 4.290000000000000000e+03 4.460000000000000000e+03
3.252300200000000000e+07 3.230000000000000000e+03 2.830000000000000000e+03 4.290000000000000000e+03 4.460000000000000000e+03
3.252321900000000000e+07 3.230000000000000000e+03 2.830000000000000000e+03 4.300000000000000000e+03 4.450000000000000000e+03
3.252341400000000000e+07 3.230000000000000000e+03 2.840000000000000000e+03 4.290000000000000000e+03 4.460000000000000000e+03
3.252362500000000000e+07 3.210000000000000000e+03 2.840000000000000000e+03 4.300000000000000000e+03 4.460000000000000000e+03
