3.263579500000000000e+07 3.320000000000000000e+03 3.130000000000000000e+03 4.010000000000000000e+03 4.020000000000000000e+03
3.263600300000000000e+07 3.320000000000000000e+03 3.140000000000000000e+03 4.030000000000000000e+03 4.020000000000000000e+03
3.263621100000000000e+07 3.310000000000000000e+03 3.160000000000000000e+03 4.030000000000000000e+03 4.020000000000000000e+03
3.263641900000000000e+07 3.330000000000000000e+03 3.150000000000000000e+03 4.020000000000000000e+03 4.020000000000000000e+03
3.263662700000000000e+07 3.320000000000000000e+03 3.160000000000000000e+03 4.020000000000000000e+03 4.010000000000000000e+03
3.263689100000000000e+07 3.320000000000000000e+03 3.150000000000000000e+03 4.030000000000000000e+03 4.010000000000000000e+03
3.263702700000000000e+07 3.330000000000000000e+03 3.130000000000000000e+03 4.040000000000000000e+03 4.010000000000000000e+03
3.263723600000000000e+07 3.320000000000000000e+03 3.130000000000000000e+03 4.060000000000000000e+03 4.010000000000000000e+03
3.263745800000000000e+07 3.320000000000000000e+03 3.140000000000000000e+03 4.060000000000000000e+03 4.000000000000000000e+03
3.263766200000000000e+07 3.320000000000000000e+03 3.130000000000000000e+03 4.060000000000000000e+03 4.000000000000000000e+03
3.263786100000000000e+07 3.330000000000000000e+03 3.130000000000000000e+03 4.060000000000000000e+03 4.000000000000000000e+03
3.263807800000000000e+07 3.320000000000000000e+03 3.130000000000000000e+03 4.050000000000000000e+03 4.000000000000000000e+03
3.263829000000000000e+07 3.310000000000000000e+03 3.140000000000000000e+03 4.050000000000000000e+03 4.000000000000000000e+03
3.263848900000000000e+07 3.320000000000000000e+03 3.130000000000000000e+03 4.060000000000000000e+03 4.000000000000000000e+03
3.263870500000000000e+07 3.320000000000000000e+03 3.140000000000000000e+03 4.070000000000000000e+03 4.000000000000000000e+03
3.263891000000000000e+07 3.320000000000000000e+03 3.130000000000000000e+03 4.070000000000000000e+03 4.000000000000000000e+03
3.263912200000000000e+07 3.320000000000000000e+03 3.140000000000000000e+03 4.080000000000000000e+03 4.000000000000000000e+03
3.263931600000000000e+07 3.310000000000000000e+03 3.150000000000000000e+03 4.100000000000000000e+03 4.000000000000000000e+03
3.263953600000000000e+07 3.310000000000000000e+03 3.140000000000000000e+03 4.090000000000000000e+03 4.000000000000000000e+03
3.263974700000000000e+07 3.310000000000000000e+03 3.120000000000000000e+03 4.090000000000000000e+03 4.010000000000000000e+03
3.263993800000000000e+07 3.310000000000000000e+03 3.130000000000000000e+03 4.100000000000000000e+03 4.010000000000000000e+03
3.264014100000000000e+07 3.310000000000000000e+03 3.130000000000000000e+03 4.100000000000000000e+03 4.010000000000000000e+03
3.264034600000000000e+07 3.320000000000000000e+03 3.130000000000000000e+03 4.090000000000000000e+03 4.010000000000000000e+03
3.264054800000000000e+07 3.320000000000000000e+03 3.130000000000000000e+03 4.090000000000000000e+03 4.010000000000000000e+03
3.264075500000000000e+07 3.330000000000000000e+03 3.130000000000000000e+03 4.090000000000000000e+03 4.010000000000000000e+03
3.264097100000000000e+07 3.310000000000000000e+03 3.130000000000000000e+03 4.090000000000000000e+03 4.010000000000000000e+03
3.264118500000000000e+07 3.300000000000000000e+03 3.120000000000000000e+03 4.080000000000000000e+03 4.010000000000000000e+03
3.264139400000000000e+07 3.290000000000000000e+03 3.120000000000000000e+03 4.110000000000000000e+03 4.010000000000000000e+03
3.264159900000000000e+07 3.300000000000000000e+03 3.120000000000000000e+03 4.120000000000000000e+03 4.010000000000000000e+03
3.264180700000000000e+07 3.300000000000000000e+03 3.120000000000000000e+03 4.140000000000000000e+03 4.010000000000000000e+03
3.264201600000000000e+07 3.320000000000000000e+03 3.120000000000000000e+03 4.150000000000000000e+03 4.010000000000000000e+03
3.264221700000000000e+07 3.310000000000000000e+03 3.130000000000000000e+03 4.140000000000000000e+03 4.010000000000000000e+03
3.264242700000000000e+07 3.310000000000000000e+03 3.120000000000000000e+03 4.130000000000000000e+03 4.010000000000000000e+03
3.264262700000000000e+07 3.310000000000000000e+03 3.110000000000000000e+03 4.120000000000000000e+03 4.010000000000000000e+03
3.264285000000000000e+07 3.310000000000000000e+03 3.120000000000000000e+03 4.120000000000000000e+03 4.020000000000000000e+03
3.264305000000000000e+07 3.310000000000000000e+03 3.110000000000000000e+03 4.110000000000000000e+03 4.020000000000000000e+03
3.264323800000000000e+07 3.310000000000000000e+03 3.110000000000000000e+03 4.110000000000000000e+03 4.020000000000000000e+03
3.264345700000000000e+07 3.300000000000000000e+03 3.110000000000000000e+03 4.270000000000000000e+03 4.020000000000000000e+03
3.264366300000000000e+07 3.300000000000000000e+03 3.110000000000000000e+03 4.390000000000000000e+03 4.020000000000000000e+03
3.264386700000000000e+07 3.310000000000000000e+03 3.120000000000000000e+03 4.450000000000000000e+03 4.020000000000000000e+03
3.264407800000000000e+07 3.310000000000000000e+03 3.120000000000000000e+03 4.500000000000000000e+03 4.020000000000000000e+03
3.264428100000000000e+07 3.330000000000000000e+03 3.110000000000000000e+03 4.530000000000000000e+03 4.000000000000000000e+03
3.264449800000000000e+07 3.320000000000000000e+03 3.120000000000000000e+03 4.550000000000000000e+03 4.000000000000000000e+03
3.264470300000000000e+07 3.300000000000000000e+03 3.120000000000000000e+03 4.570000000000000000e+03 4.010000000000000000e+03
3.264491300000000000e+07 3.310000000000000000e+03 3.110000000000000000e+03 4.580000000000000000e+03 4.010000000000000000e+03
3.264510800000000000e+07 3.310000000000000000e+03 3.110000000000000000e+03 4.610000000000000000e+03 4.010000000000000000e+03
3.264532900000000000e+07 3.310000000000000000e+03 3.110000000000000000e+03 4.620000000000000000e+03 4.010000000000000000e+03
3.264553000000000000e+07 3.310000000000000000e+03 3.120000000000000000e+03 4.640000000000000000e+03 4.020000000000000000e+03
3.264573700000000000e+07 3.310000000000000000e+03 3.120000000000000000e+03 4.670000000000000000e+03 4.020000000000000000e+03
3.264594200000000000e+07 3.320000000000000000e+03 3.130000000000000000e+03 4.690000000000000000e+03 4.020000000000000000e+03
3.264615700000000000e+07 3.320000000000000000e+03 3.120000000000000000e+03 4.680000000000000000e+03 4.010000000000000000e+03
3.264636600000000000e+07 3.320000000000000000e+03 3.120000000000000000e+03 4.680000000000000000e+03 4.010000000000000000e+03
3.264656500000000000e+07 3.320000000000000000e+03 3.130000000000000000e+03 4.660000000000000000e+03 4.010000000000000000e+03
3.264676500000000000e+07 3.310000000000000000e+03 3.120000000000000000e+03 4.650000000000000000e+03 4.000000000000000000e+03
3.264697100000000000e+07 3.310000000000000000e+03 3.110000000000000000e+03 4.640000000000000000e+03 3.990000000000000000e+03
3.264718400000000000e+07 3.310000000000000000e+03 3.110000000000000000e+03 4.620000000000000000e+03 4.000000000000000000e+03
3.264739200000000000e+07 3.310000000000000000e+03 3.110000000000000000e+03 4.610000000000000000e+03 4.010000000000000000e+03
3.264760000000000000e+07 3.320000000000000000e+03 3.130000000000000000e+03 4.610000000000000000e+03 4.010000000000000000e+03
3.264780800000000000e+07 3.310000000000000000e+03 3.120000000000000000e+03 4.610000000000000000e+03 4.010000000000000000e+03
3.264800700000000000e+07 3.310000000000000000e+03 3.140000000000000000e+03 4.610000000000000000e+03 4.000000000000000000e+03
3.264821400000000000e+07 3.320000000000000000e+03 3.130000000000000000e+03 4.630000000000000000e+03 4.000000000000000000e+03
3.264843200000000000e+07 3.320000000000000000e+03 3.140000000000000000e+03 4.650000000000000000e+03 4.000000000000000000e+03
3.264863300000000000e+07 3.310000000000000000e+03 3.120000000000000000e+03 4.650000000000000000e+03 4.000000000000000000e+03
3.264884800000000000e+07 3.320000000000000000e+03 3.120000000000000000e+03 4.490000000000000000e+03 4.000000000000000000e+03
3.264905600000000000e+07 3.320000000000000000e+03 3.130000000000000000e+03 4.370000000000000000e+03 4.000000000000000000e+03
3.264926400000000000e+07 3.320000000000000000e+03 3.130000000000000000e+03 4.300000000000000000e+03 4.000000000000000000e+03
3.264946600000000000e+07 3.310000000000000000e+03 3.140000000000000000e+03 4.240000000000000000e+03 4.010000000000000000e+03
3.264967800000000000e+07 3.320000000000000000e+03 3.130000000000000000e+03 4.200000000000000000e+03 4.010000000000000000e+03
3.264988400000000000e+07 3.320000000000000000e+03 3.120000000000000000e+03 4.160000000000000000e+03 4.010000000000000000e+03
3.265008000000000000e+07 3.300000000000000000e+03 3.120000000000000000e+03 4.130000000000000000e+03 4.010000000000000000e+03
3.265028800000000000e+07 3.310000000000000000e+03 3.120000000000000000e+03 4.100000000000000000e+03 4.010000000000000000e+03
3.265049400000000000e+07 3.310000000000000000e+03 3.110000000000000000e+03 4.050000000000000000e+03 4.010000000000000000e+03
3.265069400000000000e+07 3.310000000000000000e+03 3.110000000000000000e+03 4.140000000000000000e+03 4.010000000000000000e+03
3.265091200000000000e+07 3.310000000000000000e+03 3.130000000000000000e+03 4.090000000000000000e+03 4.010000000000000000e+03
3.265111400000000000e+07 3.310000000000000000e+03 3.130000000000000000e+03 4.050000000000000000e+03 4.010000000000000000e+03
3.265132200000000000e+07 3.310000000000000000e+03 3.120000000000000000e+03 4.040000000000000000e+03 4.010000000000000000e+03
3.265152400000000000e+07 3.310000000000000000e+03 3.140000000000000000e+03 4.040000000000000000e+03 4.010000000000000000e+03
3.265174400000000000e+07 3.320000000000000000e+03 3.130000000000000000e+03 4.060000000000000000e+03 4.010000000000000000e+03
3.265193700000000000e+07 3.320000000000000000e+03 3.130000000000000000e+03 4.060000000000000000e+03 4.010000000000000000e+03
3.265214600000000000e+07 3.320000000000000000e+03 3.130000000000000000e+03 4.110000000000000000e+03 4.010000000000000000e+03
3.265236300000000000e+07 3.320000000000000000e+03 3.120000000000000000e+03 4.150000000000000000e+03 4.010000000000000000e+03
3.265257600000000000e+07 3.300000000000000000e+03 3.130000000000000000e+03 4.200000000000000000e+03 4.010000000000000000e+03
3.265277400000000000e+07 3.320000000000000000e+03 3.130000000000000000e+03 4.230000000000000000e+03 4.010000000000000000e+03
3.265298300000000000e+07 3.310000000000000000e+03 3.120000000000000000e+03 4.250000000000000000e+03 4.010000000000000000e+03
3.265318800000000000e+07 3.320000000000000000e+03 3.140000000000000000e+03 4.260000000000000000e+03 4.010000000000000000e+03
3.265340800000000000e+07 3.300000000000000000e+03 3.130000000000000000e+03 4.260000000000000000e+03 4.010000000000000000e+03
3.265360700000000000e+07 3.290000000000000000e+03 3.140000000000000000e+03 4.260000000000000000e+03 4.010000000000000000e+03
3.265381100000000000e+07 3.290000000000000000e+03 3.150000000000000000e+03 4.250000000000000000e+03 4.010000000000000000e+03
3.265402800000000000e+07 3.300000000000000000e+03 3.140000000000000000e+03 4.250000000000000000e+03 4.010000000000000000e+03
3.265422400000000000e+07 3.300000000000000000e+03 3.150000000000000000e+03 4.300000000000000000e+03 4.010000000000000000e+03
3.265442300000000000e+07 3.320000000000000000e+03 3.130000000000000000e+03 4.320000000000000000e+03 4.010000000000000000e+03
3.265463800000000000e+07 3.320000000000000000e+03 3.140000000000000000e+03 4.340000000000000000e+03 4.000000000000000000e+03
3.265483300000000000e+07 3.320000000000000000e+03 3.150000000000000000e+03 4.340000000000000000e+03 4.000000000000000000e+03
3.265505200000000000e+07 3.320000000000000000e+03 3.160000000000000000e+03 4.330000000000000000e+03 4.000000000000000000e+03
3.265526200000000000e+07 3.310000000000000000e+03 3.150000000000000000e+03 4.350000000000000000e+03 3.990000000000000000e+03
3.265545800000000000e+07 3.310000000000000000e+03 3.150000000000000000e+03 4.350000000000000000e+03 3.990000000000000000e+03
3.265567300000000000e+07 3.310000000000000000e+03 3.160000000000000000e+03 4.350000000000000000e+03 3.990000000000000000e+03
3.265588600000000000e+07 3.300000000000000000e+03 3.170000000000000000e+03 4.330000000000000000e+03 4.000000000000000000e+03
3.265609500000000000e+07 3.320000000000000000e+03 3.170000000000000000e+03 4.290000000000000000e+03 4.000000000000000000e+03
3.265630300000000000e+07 3.310000000000000000e+03 3.160000000000000000e+03 4.240000000000000000e+03 4.000000000000000000e+03
3.265651100000000000e+07 3.310000000000000000e+03 3.150000000000000000e+03 4.210000000000000000e+03 4.000000000000000000e+03
3.265671500000000000e+07 3.300000000000000000e+03 3.140000000000000000e+03 4.190000000000000000e+03 4.000000000000000000e+03
3.265692700000000000e+07 3.300000000000000000e+03 3.150000000000000000e+03 4.180000000000000000e+03 4.010000000000000000e+03
3.265713600000000000e+07 3.300000000000000000e+03 3.130000000000000000e+03 4.210000000000000000e+03 4.000000000000000000e+03
3.265734300000000000e+07 3.300000000000000000e+03 3.130000000000000000e+03 4.220000000000000000e+03 4.000000000000000000e+03
3.265754900000000000e+07 3.290000000000000000e+03 3.120000000000000000e+03 4.230000000000000000e+03 4.000000000000000000e+03
3.265774200000000000e+07 3.310000000000000000e+03 3.130000000000000000e+03 4.220000000000000000e+03 4.000000000000000000e+03
3.265795100000000000e+07 3.300000000000000000e+03 3.140000000000000000e+03 4.220000000000000000e+03 4.000000000000000000e+03
3.265815700000000000e+07 3.310000000000000000e+03 3.140000000000000000e+03 4.220000000000000000e+03 4.000000000000000000e+03
3.265835700000000000e+07 3.320000000000000000e+03 3.140000000000000000e+03 4.250000000000000000e+03 4.000000000000000000e+03
3.265856400000000000e+07 3.310000000000000000e+03 3.120000000000000000e+03 4.290000000000000000e+03 4.000000000000000000e+03
3.265877000000000000e+07 3.300000000000000000e+03 3.130000000000000000e+03 4.310000000000000000e+03 4.000000000000000000e+03
3.265897800000000000e+07 3.290000000000000000e+03 3.140000000000000000e+03 4.330000000000000000e+03 4.000000000000000000e+03
3.265919300000000000e+07 3.290000000000000000e+03 3.140000000000000000e+03 4.340000000000000000e+03 4.000000000000000000e+03
3.265940300000000000e+07 3.300000000000000000e+03 3.120000000000000000e+03 4.340000000000000000e+03 4.000000000000000000e+03
3.265961100000000000e+07 3.320000000000000000e+03 3.120000000000000000e+03 4.340000000000000000e+03 4.000000000000000000e+03
3.265980700000000000e+07 3.310000000000000000e+03 3.110000000000000000e+03 4.350000000000000000e+03 4.000000000000000000e+03
3.270001700000000000e+07 3.310000000000000000e+03 3.130000000000000000e+03 4.350000000000000000e+03 4.000000000000000000e+03
3.270022300000000000e+07 3.300000000000000000e+03 3.130000000000000000e+03 4.360000000000000000e+03 4.000000000000000000e+03
3.270044400000000000e+07 3.290000000000000000e+03 3.140000000000000000e+03 4.350000000000000000e+03 4.000000000000000000e+03
3.270064000000000000e+07 3.300000000000000000e+03 3.120000000000000000e+03 4.370000000000000000e+03 4.010000000000000000e+03
3.270085200000000000e+07 3.300000000000000000e+03 3.130000000000000000e+03 4.370000000000000000e+03 4.010000000000000000e+03
3.270106100000000000e+07 3.290000000000000000e+03 3.130000000000000000e+03 4.390000000000000000e+03 4.010000000000000000e+03
3.270125000000000000e+07 3.300000000000000000e+03 3.140000000000000000e+03 4.410000000000000000e+03 4.010000000000000000e+03
3.270145700000000000e+07 3.290000000000000000e+03 3.120000000000000000e+03 4.430000000000000000e+03 4.010000000000000000e+03
3.270167800000000000e+07 3.290000000000000000e+03 3.120000000000000000e+03 4.430000000000000000e+03 4.010000000000000000e+03
3.271270000000000000e+07 3.330000000000000000e+03 3.500000000000000000e+03 3.880000000000000000e+03 4.010000000000000000e+03
3.271290800000000000e+07 3.330000000000000000e+03 3.530000000000000000e+03 3.880000000000000000e+03 4.010000000000000000e+03
3.271309900000000000e+07 3.320000000000000000e+03 3.770000000000000000e+03 3.870000000000000000e+03 4.010000000000000000e+03
3.271330700000000000e+07 3.320000000000000000e+03 3.720000000000000000e+03 3.860000000000000000e+03 4.000000000000000000e+03
3.271352600000000000e+07 3.300000000000000000e+03 3.680000000000000000e+03 3.860000000000000000e+03 4.000000000000000000e+03
3.271372300000000000e+07 3.300000000000000000e+03 3.670000000000000000e+03 3.860000000000000000e+03 4.000000000000000000e+03
3.271393100000000000e+07 3.300000000000000000e+03 3.640000000000000000e+03 3.860000000000000000e+03 4.000000000000000000e+03
3.271413700000000000e+07 3.290000000000000000e+03 3.630000000000000000e+03 3.860000000000000000e+03 4.000000000000000000e+03
3.271433700000000000e+07 3.290000000000000000e+03 3.620000000000000000e+03 3.870000000000000000e+03 4.000000000000000000e+03
3.271455400000000000e+07 3.300000000000000000e+03 3.630000000000000000e+03 3.870000000000000000e+03 3.990000000000000000e+03
3.271475300000000000e+07 3.320000000000000000e+03 3.620000000000000000e+03 3.880000000000000000e+03 3.990000000000000000e+03
3.271497100000000000e+07 3.310000000000000000e+03 3.600000000000000000e+03 3.880000000000000000e+03 3.990000000000000000e+03
3.271516500000000000e+07 3.330000000000000000e+03 3.590000000000000000e+03 3.880000000000000000e+03 4.000000000000000000e+03
3.271538600000000000e+07 3.330000000000000000e+03 3.590000000000000000e+03 3.890000000000000000e+03 4.010000000000000000e+03
3.271558600000000000e+07 3.320000000000000000e+03 3.620000000000000000e+03 3.890000000000000000e+03 4.010000000000000000e+03
3.271580200000000000e+07 3.320000000000000000e+03 3.620000000000000000e+03 3.890000000000000000e+03 4.010000000000000000e+03
3.271601100000000000e+07 3.310000000000000000e+03 3.620000000000000000e+03 3.900000000000000000e+03 4.010000000000000000e+03
3.271620500000000000e+07 3.310000000000000000e+03 3.620000000000000000e+03 3.910000000000000000e+03 4.000000000000000000e+03
3.271640600000000000e+07 3.310000000000000000e+03 3.630000000000000000e+03 3.900000000000000000e+03 4.000000000000000000e+03
3.271661800000000000e+07 3.310000000000000000e+03 3.630000000000000000e+03 3.890000000000000000e+03 3.990000000000000000e+03
3.271681200000000000e+07 3.320000000000000000e+03 3.620000000000000000e+03 3.880000000000000000e+03 3.990000000000000000e+03
3.271703400000000000e+07 3.320000000000000000e+03 3.620000000000000000e+03 3.880000000000000000e+03 4.000000000000000000e+03
3.271723700000000000e+07 3.320000000000000000e+03 3.620000000000000000e+03 3.900000000000000000e+03 4.000000000000000000e+03
3.271744200000000000e+07 3.320000000000000000e+03 3.650000000000000000e+03 3.900000000000000000e+03 3.990000000000000000e+03
3.271765200000000000e+07 3.320000000000000000e+03 3.650000000000000000e+03 3.900000000000000000e+03 3.990000000000000000e+03
3.271786400000000000e+07 3.320000000000000000e+03 3.640000000000000000e+03 3.890000000000000000e+03 3.990000000000000000e+03
3.271807200000000000e+07 3.320000000000000000e+03 3.640000000000000000e+03 3.900000000000000000e+03 3.980000000000000000e+03
3.271828100000000000e+07 3.320000000000000000e+03 3.640000000000000000e+03 3.890000000000000000e+03 3.980000000000000000e+03
3.271847900000000000e+07 3.320000000000000000e+03 3.650000000000000000e+03 3.880000000000000000e+03 3.980000000000000000e+03
3.271869800000000000e+07 3.310000000000000000e+03 3.690000000000000000e+03 3.870000000000000000e+03 3.980000000000000000e+03
3.271889100000000000e+07 3.300000000000000000e+03 3.690000000000000000e+03 3.880000000000000000e+03 3.980000000000000000e+03
3.271910600000000000e+07 3.300000000000000000e+03 3.710000000000000000e+03 3.880000000000000000e+03 3.980000000000000000e+03
3.271931100000000000e+07 3.300000000000000000e+03 3.740000000000000000e+03 3.870000000000000000e+03 3.980000000000000000e+03
3.271953100000000000e+07 3.300000000000000000e+03 3.620000000000000000e+03 3.870000000000000000e+03 3.980000000000000000e+03
3.271972200000000000e+07 3.320000000000000000e+03 3.570000000000000000e+03 3.870000000000000000e+03 3.980000000000000000e+03
3.271991800000000000e+07 3.320000000000000000e+03 3.520000000000000000e+03 3.880000000000000000e+03 3.980000000000000000e+03
3.272013600000000000e+07 3.310000000000000000e+03 3.610000000000000000e+03 3.890000000000000000e+03 3.980000000000000000e+03
3.272033300000000000e+07 3.310000000000000000e+03 3.650000000000000000e+03 3.880000000000000000e+03 3.990000000000000000e+03
3.272054300000000000e+07 3.310000000000000000e+03 3.690000000000000000e+03 3.880000000000000000e+03 3.990000000000000000e+03
3.272075300000000000e+07 3.300000000000000000e+03 3.760000000000000000e+03 3.880000000000000000e+03 3.990000000000000000e+03
3.272095900000000000e+07 3.300000000000000000e+03 3.810000000000000000e+03 3.880000000000000000e+03 3.990000000000000000e+03
3.272117100000000000e+07 3.320000000000000000e+03 3.700000000000000000e+03 3.890000000000000000e+03 3.990000000000000000e+03
3.272138400000000000e+07 3.320000000000000000e+03 3.600000000000000000e+03 3.890000000000000000e+03 3.980000000000000000e+03
3.272158900000000000e+07 3.310000000000000000e+03 3.550000000000000000e+03 3.880000000000000000e+03 3.980000000000000000e+03
3.272179300000000000e+07 3.310000000000000000e+03 3.530000000000000000e+03 3.880000000000000000e+03 3.980000000000000000e+03
3.272201000000000000e+07 3.310000000000000000e+03 3.530000000000000000e+03 3.870000000000000000e+03 3.980000000000000000e+03
3.272220900000000000e+07 3.330000000000000000e+03 3.700000000000000000e+03 3.880000000000000000e+03 3.980000000000000000e+03
3.272241600000000000e+07 3.310000000000000000e+03 3.610000000000000000e+03 3.870000000000000000e+03 3.980000000000000000e+03
3.272262900000000000e+07 3.310000000000000000e+03 3.550000000000000000e+03 3.870000000000000000e+03 3.990000000000000000e+03
3.272283000000000000e+07 3.310000000000000000e+03 3.580000000000000000e+03 3.880000000000000000e+03 3.980000000000000000e+03
3.272303900000000000e+07 3.300000000000000000e+03 3.710000000000000000e+03 3.890000000000000000e+03 3.980000000000000000e+03
3.272322700000000000e+07 3.300000000000000000e+03 3.800000000000000000e+03 3.880000000000000000e+03 3.980000000000000000e+03
3.272343600000000000e+07 3.300000000000000000e+03 3.830000000000000000e+03 3.880000000000000000e+03 3.980000000000000000e+03
3.272365400000000000e+07 3.300000000000000000e+03 3.840000000000000000e+03 3.880000000000000000e+03 3.980000000000000000e+03
3.272386400000000000e+07 3.310000000000000000e+03 3.810000000000000000e+03 3.890000000000000000e+03 3.980000000000000000e+03
3.272407300000000000e+07 3.300000000000000000e+03 3.850000000000000000e+03 3.880000000000000000e+03 3.980000000000000000e+03
3.272428000000000000e+07 3.300000000000000000e+03 3.810000000000000000e+03 3.880000000000000000e+03 3.980000000000000000e+03
3.272448800000000000e+07 3.300000000000000000e+03 3.830000000000000000e+03 3.880000000000000000e+03 3.980000000000000000e+03
3.272469700000000000e+07 3.300000000000000000e+03 3.840000000000000000e+03 3.870000000000000000e+03 3.980000000000000000e+03
3.272490500000000000e+07 3.320000000000000000e+03 3.830000000000000000e+03 3.870000000000000000e+03 3.980000000000000000e+03
3.272510800000000000e+07 3.330000000000000000e+03 3.850000000000000000e+03 3.870000000000000000e+03 3.980000000000000000e+03
3.272531700000000000e+07 3.340000000000000000e+03 3.830000000000000000e+03 3.870000000000000000e+03 3.980000000000000000e+03
3.272552600000000000e+07 3.330000000000000000e+03 3.800000000000000000e+03 3.870000000000000000e+03 3.980000000000000000e+03
3.272572600000000000e+07 3.320000000000000000e+03 3.770000000000000000e+03 3.870000000000000000e+03 3.980000000000000000e+03
3.272594400000000000e+07 3.320000000000000000e+03 3.770000000000000000e+03 3.870000000000000000e+03 3.980000000000000000e+03
3.272613700000000000e+07 3.310000000000000000e+03 3.770000000000000000e+03 3.870000000000000000e+03 3.990000000000000000e+03
3.272636000000000000e+07 3.300000000000000000e+03 3.770000000000000000e+03 3.870000000000000000e+03 3.990000000000000000e+03
3.272654900000000000e+07 3.290000000000000000e+03 3.770000000000000000e+03 3.880000000000000000e+03 3.990000000000000000e+03
3.272675900000000000e+07 3.280000000000000000e+03 3.760000000000000000e+03 3.900000000000000000e+03 3.990000000000000000e+03
3.272696800000000000e+07 3.280000000000000000e+03 3.780000000000000000e+03 3.890000000000000000e+03 3.990000000000000000e+03
3.272717600000000000e+07 3.280000000000000000e+03 3.810000000000000000e+03 3.880000000000000000e+03 3.990000000000000000e+03
3.272738400000000000e+07 3.290000000000000000e+03 3.840000000000000000e+03 3.890000000000000000e+03 3.990000000000000000e+03
3.272759000000000000e+07 3.290000000000000000e+03 3.860000000000000000e+03 3.880000000000000000e+03 3.990000000000000000e+03
3.272780000000000000e+07 3.290000000000000000e+03 3.890000000000000000e+03 3.870000000000000000e+03 4.000000000000000000e+03
3.272799900000000000e+07 3.300000000000000000e+03 3.940000000000000000e+03 3.870000000000000000e+03 4.000000000000000000e+03
3.272820800000000000e+07 3.290000000000000000e+03 4.030000000000000000e+03 3.880000000000000000e+03 4.000000000000000000e+03
3.272841000000000000e+07 3.290000000000000000e+03 4.070000000000000000e+03 3.890000000000000000e+03 4.000000000000000000e+03
3.272863200000000000e+07 3.320000000000000000e+03 4.130000000000000000e+03 3.890000000000000000e+03 3.990000000000000000e+03
3.272883700000000000e+07 3.310000000000000000e+03 4.190000000000000000e+03 3.880000000000000000e+03 3.990000000000000000e+03
3.272904800000000000e+07 3.290000000000000000e+03 3.940000000000000000e+03 3.880000000000000000e+03 4.000000000000000000e+03
3.272924800000000000e+07 3.290000000000000000e+03 3.780000000000000000e+03 3.870000000000000000e+03 4.000000000000000000e+03
3.272946300000000000e+07 3.320000000000000000e+03 3.650000000000000000e+03 3.870000000000000000e+03 3.990000000000000000e+03
3.272967100000000000e+07 3.320000000000000000e+03 3.560000000000000000e+03 3.880000000000000000e+03 4.000000000000000000e+03
3.272987100000000000e+07 3.300000000000000000e+03 3.810000000000000000e+03 3.890000000000000000e+03 4.000000000000000000e+03
3.273006100000000000e+07 3.300000000000000000e+03 3.890000000000000000e+03 3.880000000000000000e+03 3.990000000000000000e+03
3.273027400000000000e+07 3.300000000000000000e+03 3.920000000000000000e+03 3.880000000000000000e+03 3.990000000000000000e+03
3.273048800000000000e+07 3.300000000000000000e+03 3.920000000000000000e+03 3.870000000000000000e+03 4.000000000000000000e+03
3.273068200000000000e+07 3.310000000000000000e+03 3.920000000000000000e+03 3.870000000000000000e+03 4.000000000000000000e+03
3.273090300000000000e+07 3.310000000000000000e+03 3.930000000000000000e+03 3.870000000000000000e+03 4.000000000000000000e+03
3.273110300000000000e+07 3.300000000000000000e+03 3.950000000000000000e+03 3.870000000000000000e+03 3.990000000000000000e+03
3.273131700000000000e+07 3.300000000000000000e+03 3.980000000000000000e+03 3.870000000000000000e+03 3.990000000000000000e+03
3.273152800000000000e+07 3.300000000000000000e+03 4.010000000000000000e+03 3.870000000000000000e+03 3.990000000000000000e+03
3.273173800000000000e+07 3.300000000000000000e+03 4.010000000000000000e+03 3.890000000000000000e+03 3.990000000000000000e+03
3.273194300000000000e+07 3.310000000000000000e+03 4.010000000000000000e+03 3.880000000000000000e+03 3.990000000000000000e+03
3.273214900000000000e+07 3.300000000000000000e+03 3.990000000000000000e+03 3.890000000000000000e+03 3.980000000000000000e+03
3.273236700000000000e+07 3.310000000000000000e+03 4.000000000000000000e+03 3.880000000000000000e+03 3.980000000000000000e+03
3.273256700000000000e+07 3.300000000000000000e+03 4.020000000000000000e+03 3.870000000000000000e+03 3.980000000000000000e+03
3.273277600000000000e+07 3.310000000000000000e+03 4.060000000000000000e+03 3.880000000000000000e+03 3.980000000000000000e+03
3.273298200000000000e+07 3.310000000000000000e+03 3.920000000000000000e+03 3.880000000000000000e+03 3.980000000000000000e+03
3.273319100000000000e+07 3.310000000000000000e+03 3.790000000000000000e+03 3.870000000000000000e+03 3.980000000000000000e+03
3.273336900000000000e+07 3.310000000000000000e+03 3.700000000000000000e+03 3.870000000000000000e+03 3.980000000000000000e+03
3.273358300000000000e+07 3.310000000000000000e+03 3.670000000000000000e+03 3.870000000000000000e+03 3.980000000000000000e+03
3.273378600000000000e+07 3.310000000000000000e+03 3.620000000000000000e+03 3.870000000000000000e+03 3.980000000000000000e+03
3.273400200000000000e+07 3.310000000000000000e+03 3.900000000000000000e+03 3.870000000000000000e+03 3.980000000000000000e+03
3.273421500000000000e+07 3.310000000000000000e+03 4.000000000000000000e+03 3.870000000000000000e+03 3.990000000000000000e+03
3.273441800000000000e+07 3.320000000000000000e+03 3.940000000000000000e+03 3.870000000000000000e+03 4.000000000000000000e+03
3.273461900000000000e+07 3.320000000000000000e+03 3.840000000000000000e+03 3.870000000000000000e+03 4.010000000000000000e+03
3.273483100000000000e+07 3.310000000000000000e+03 3.780000000000000000e+03 3.880000000000000000e+03 4.000000000000000000e+03
3.273503700000000000e+07 3.310000000000000000e+03 3.710000000000000000e+03 3.890000000000000000e+03 4.000000000000000000e+03
