3.374883700000000000e+07 5.250000000000000000e+03 5.270000000000000000e+03 2.530000000000000000e+03 2.550000000000000000e+03
3.374904600000000000e+07 5.260000000000000000e+03 5.250000000000000000e+03 2.530000000000000000e+03 2.550000000000000000e+03
3.374925300000000000e+07 5.260000000000000000e+03 5.250000000000000000e+03 2.530000000000000000e+03 2.550000000000000000e+03
3.374946200000000000e+07 5.260000000000000000e+03 5.280000000000000000e+03 2.530000000000000000e+03 2.550000000000000000e+03
3.374966000000000000e+07 5.260000000000000000e+03 5.330000000000000000e+03 2.540000000000000000e+03 2.550000000000000000e+03
3.374986100000000000e+07 5.260000000000000000e+03 5.330000000000000000e+03 2.540000000000000000e+03 2.540000000000000000e+03
3.375006900000000000e+07 5.260000000000000000e+03 5.340000000000000000e+03 2.540000000000000000e+03 2.550000000000000000e+03
3.375027700000000000e+07 5.260000000000000000e+03 5.310000000000000000e+03 2.530000000000000000e+03 2.550000000000000000e+03
3.375047800000000000e+07 5.260000000000000000e+03 5.310000000000000000e+03 2.520000000000000000e+03 2.540000000000000000e+03
3.375068300000000000e+07 5.260000000000000000e+03 5.300000000000000000e+03 2.520000000000000000e+03 2.540000000000000000e+03
3.375089900000000000e+07 5.250000000000000000e+03 5.310000000000000000e+03 2.520000000000000000e+03 2.540000000000000000e+03
3.375110900000000000e+07 5.250000000000000000e+03 5.350000000000000000e+03 2.530000000000000000e+03 2.550000000000000000e+03
3.375131000000000000e+07 5.250000000000000000e+03 5.390000000000000000e+03 2.540000000000000000e+03 2.550000000000000000e+03
3.375151400000000000e+07 5.250000000000000000e+03 5.470000000000000000e+03 2.540000000000000000e+03 2.550000000000000000e+03
3.375173200000000000e+07 5.260000000000000000e+03 5.570000000000000000e+03 2.530000000000000000e+03 2.550000000000000000e+03
3.375194000000000000e+07 5.250000000000000000e+03 5.630000000000000000e+03 2.540000000000000000e+03 2.550000000000000000e+03
3.375214300000000000e+07 5.240000000000000000e+03 5.610000000000000000e+03 2.540000000000000000e+03 2.550000000000000000e+03
3.375235700000000000e+07 5.240000000000000000e+03 5.540000000000000000e+03 2.540000000000000000e+03 2.550000000000000000e+03
3.375256500000000000e+07 5.240000000000000000e+03 5.610000000000000000e+03 2.540000000000000000e+03 2.540000000000000000e+03
3.375276600000000000e+07 5.250000000000000000e+03 5.550000000000000000e+03 2.530000000000000000e+03 2.540000000000000000e+03
3.375296900000000000e+07 5.260000000000000000e+03 5.470000000000000000e+03 2.540000000000000000e+03 2.540000000000000000e+03
3.375318000000000000e+07 5.260000000000000000e+03 5.420000000000000000e+03 2.540000000000000000e+03 2.540000000000000000e+03
3.375337900000000000e+07 5.260000000000000000e+03 5.400000000000000000e+03 2.540000000000000000e+03 2.550000000000000000e+03
3.375357700000000000e+07 5.260000000000000000e+03 5.390000000000000000e+03 2.540000000000000000e+03 2.550000000000000000e+03
3.375379000000000000e+07 5.260000000000000000e+03 5.390000000000000000e+03 2.550000000000000000e+03 2.550000000000000000e+03
3.375399700000000000e+07 5.260000000000000000e+03 5.370000000000000000e+03 2.550000000000000000e+03 2.540000000000000000e+03
3.375420600000000000e+07 5.260000000000000000e+03 5.330000000000000000e+03 2.540000000000000000e+03 2.540000000000000000e+03
3.375441300000000000e+07 5.260000000000000000e+03 5.270000000000000000e+03 2.540000000000000000e+03 2.540000000000000000e+03
3.375462700000000000e+07 5.260000000000000000e+03 5.360000000000000000e+03 2.540000000000000000e+03 2.550000000000000000e+03
3.375482900000000000e+07 5.260000000000000000e+03 5.560000000000000000e+03 2.550000000000000000e+03 2.550000000000000000e+03
3.375503600000000000e+07 5.260000000000000000e+03 5.670000000000000000e+03 2.550000000000000000e+03 2.550000000000000000e+03
3.375524300000000000e+07 5.260000000000000000e+03 5.680000000000000000e+03 2.550000000000000000e+03 2.550000000000000000e+03
3.375545600000000000e+07 5.260000000000000000e+03 5.660000000000000000e+03 2.540000000000000000e+03 2.550000000000000000e+03
3.375565600000000000e+07 5.260000000000000000e+03 5.630000000000000000e+03 2.550000000000000000e+03 2.550000000000000000e+03
3.375587700000000000e+07 5.260000000000000000e+03 5.600000000000000000e+03 2.540000000000000000e+03 2.550000000000000000e+03
3.375607700000000000e+07 5.260000000000000000e+03 5.570000000000000000e+03 2.530000000000000000e+03 2.550000000000000000e+03
3.375627900000000000e+07 5.260000000000000000e+03 5.560000000000000000e+03 2.530000000000000000e+03 2.550000000000000000e+03
3.375650000000000000e+07 5.260000000000000000e+03 5.580000000000000000e+03 2.520000000000000000e+03 2.540000000000000000e+03
3.375670000000000000e+07 5.270000000000000000e+03 5.660000000000000000e+03 2.520000000000000000e+03 2.540000000000000000e+03
3.375689300000000000e+07 5.250000000000000000e+03 5.650000000000000000e+03 2.530000000000000000e+03 2.540000000000000000e+03
3.375710000000000000e+07 5.250000000000000000e+03 5.660000000000000000e+03 2.540000000000000000e+03 2.530000000000000000e+03
3.375731100000000000e+07 5.260000000000000000e+03 5.630000000000000000e+03 2.540000000000000000e+03 2.530000000000000000e+03
3.375751900000000000e+07 5.260000000000000000e+03 5.600000000000000000e+03 2.540000000000000000e+03 2.530000000000000000e+03
3.375772100000000000e+07 5.250000000000000000e+03 5.580000000000000000e+03 2.540000000000000000e+03 2.540000000000000000e+03
3.375792600000000000e+07 5.250000000000000000e+03 5.580000000000000000e+03 2.540000000000000000e+03 2.540000000000000000e+03
3.375814700000000000e+07 5.250000000000000000e+03 5.580000000000000000e+03 2.530000000000000000e+03 2.550000000000000000e+03
3.375834200000000000e+07 5.270000000000000000e+03 5.580000000000000000e+03 2.520000000000000000e+03 2.550000000000000000e+03
3.375855000000000000e+07 5.260000000000000000e+03 5.580000000000000000e+03 2.520000000000000000e+03 2.540000000000000000e+03
3.375876100000000000e+07 5.260000000000000000e+03 5.610000000000000000e+03 2.530000000000000000e+03 2.540000000000000000e+03
3.375897900000000000e+07 5.260000000000000000e+03 5.630000000000000000e+03 2.540000000000000000e+03 2.540000000000000000e+03
3.375918800000000000e+07 5.250000000000000000e+03 5.650000000000000000e+03 2.540000000000000000e+03 2.540000000000000000e+03
3.375939400000000000e+07 5.250000000000000000e+03 5.650000000000000000e+03 2.540000000000000000e+03 2.550000000000000000e+03
3.375959200000000000e+07 5.250000000000000000e+03 5.610000000000000000e+03 2.520000000000000000e+03 2.540000000000000000e+03
3.375980800000000000e+07 5.250000000000000000e+03 5.610000000000000000e+03 2.520000000000000000e+03 2.540000000000000000e+03
3.380001900000000000e+07 5.250000000000000000e+03 5.510000000000000000e+03 2.520000000000000000e+03 2.540000000000000000e+03
3.380022700000000000e+07 5.250000000000000000e+03 5.610000000000000000e+03 2.520000000000000000e+03 2.540000000000000000e+03
3.380041900000000000e+07 5.250000000000000000e+03 5.720000000000000000e+03 2.530000000000000000e+03 2.540000000000000000e+03
3.380061400000000000e+07 5.240000000000000000e+03 5.780000000000000000e+03 2.530000000000000000e+03 2.540000000000000000e+03
3.380083400000000000e+07 5.240000000000000000e+03 5.820000000000000000e+03 2.520000000000000000e+03 2.540000000000000000e+03
3.380104100000000000e+07 5.240000000000000000e+03 5.870000000000000000e+03 2.520000000000000000e+03 2.540000000000000000e+03
3.380125000000000000e+07 5.240000000000000000e+03 5.890000000000000000e+03 2.520000000000000000e+03 2.540000000000000000e+03
3.380145800000000000e+07 5.250000000000000000e+03 5.940000000000000000e+03 2.520000000000000000e+03 2.530000000000000000e+03
3.380165800000000000e+07 5.250000000000000000e+03 5.850000000000000000e+03 2.520000000000000000e+03 2.540000000000000000e+03
3.380187500000000000e+07 5.250000000000000000e+03 5.680000000000000000e+03 2.520000000000000000e+03 2.540000000000000000e+03
3.380208000000000000e+07 5.270000000000000000e+03 5.780000000000000000e+03 2.520000000000000000e+03 2.550000000000000000e+03
3.380229000000000000e+07 5.270000000000000000e+03 5.870000000000000000e+03 2.530000000000000000e+03 2.550000000000000000e+03
3.380249900000000000e+07 5.270000000000000000e+03 5.940000000000000000e+03 2.520000000000000000e+03 2.550000000000000000e+03
3.380270600000000000e+07 5.270000000000000000e+03 5.890000000000000000e+03 2.530000000000000000e+03 2.550000000000000000e+03
3.380291500000000000e+07 5.260000000000000000e+03 5.880000000000000000e+03 2.520000000000000000e+03 2.550000000000000000e+03
3.380312300000000000e+07 5.260000000000000000e+03 5.860000000000000000e+03 2.510000000000000000e+03 2.550000000000000000e+03
3.380333000000000000e+07 5.260000000000000000e+03 5.990000000000000000e+03 2.520000000000000000e+03 2.550000000000000000e+03
3.380353800000000000e+07 5.260000000000000000e+03 5.950000000000000000e+03 2.520000000000000000e+03 2.550000000000000000e+03
3.380372600000000000e+07 5.240000000000000000e+03 5.760000000000000000e+03 2.530000000000000000e+03 2.550000000000000000e+03
3.380392500000000000e+07 5.240000000000000000e+03 5.670000000000000000e+03 2.520000000000000000e+03 2.550000000000000000e+03
3.380414100000000000e+07 5.240000000000000000e+03 5.770000000000000000e+03 2.520000000000000000e+03 2.550000000000000000e+03
3.380435400000000000e+07 5.250000000000000000e+03 5.870000000000000000e+03 2.530000000000000000e+03 2.550000000000000000e+03
3.380456300000000000e+07 5.250000000000000000e+03 5.750000000000000000e+03 2.520000000000000000e+03 2.550000000000000000e+03
3.380476100000000000e+07 5.250000000000000000e+03 5.690000000000000000e+03 2.510000000000000000e+03 2.550000000000000000e+03
3.380497400000000000e+07 5.250000000000000000e+03 5.660000000000000000e+03 2.510000000000000000e+03 2.550000000000000000e+03
3.380518600000000000e+07 5.250000000000000000e+03 5.600000000000000000e+03 2.500000000000000000e+03 2.550000000000000000e+03
3.380550400000000000e+07 5.240000000000000000e+03 5.540000000000000000e+03 2.500000000000000000e+03 2.550000000000000000e+03
3.380559400000000000e+07 5.240000000000000000e+03 5.620000000000000000e+03 2.500000000000000000e+03 2.550000000000000000e+03
3.380581000000000000e+07 5.240000000000000000e+03 5.680000000000000000e+03 2.510000000000000000e+03 2.550000000000000000e+03
3.380601800000000000e+07 5.250000000000000000e+03 5.710000000000000000e+03 2.520000000000000000e+03 2.550000000000000000e+03
3.380622600000000000e+07 5.250000000000000000e+03 5.730000000000000000e+03 2.530000000000000000e+03 2.540000000000000000e+03
3.380642900000000000e+07 5.250000000000000000e+03 5.690000000000000000e+03 2.520000000000000000e+03 2.550000000000000000e+03
3.380663600000000000e+07 5.260000000000000000e+03 5.630000000000000000e+03 2.520000000000000000e+03 2.540000000000000000e+03
3.380684700000000000e+07 5.250000000000000000e+03 5.600000000000000000e+03 2.520000000000000000e+03 2.550000000000000000e+03
3.380705800000000000e+07 5.260000000000000000e+03 5.560000000000000000e+03 2.530000000000000000e+03 2.540000000000000000e+03
3.380724400000000000e+07 5.260000000000000000e+03 5.510000000000000000e+03 2.530000000000000000e+03 2.540000000000000000e+03
3.380744300000000000e+07 5.260000000000000000e+03 5.490000000000000000e+03 2.520000000000000000e+03 2.540000000000000000e+03
3.380765100000000000e+07 5.260000000000000000e+03 5.500000000000000000e+03 2.520000000000000000e+03 2.540000000000000000e+03
3.380786400000000000e+07 5.260000000000000000e+03 5.570000000000000000e+03 2.530000000000000000e+03 2.540000000000000000e+03
3.380808200000000000e+07 5.260000000000000000e+03 5.560000000000000000e+03 2.530000000000000000e+03 2.540000000000000000e+03
3.380828900000000000e+07 5.260000000000000000e+03 5.570000000000000000e+03 2.530000000000000000e+03 2.540000000000000000e+03
3.380849200000000000e+07 5.260000000000000000e+03 5.660000000000000000e+03 2.530000000000000000e+03 2.540000000000000000e+03
3.380869400000000000e+07 5.260000000000000000e+03 5.670000000000000000e+03 2.530000000000000000e+03 2.540000000000000000e+03
3.380890700000000000e+07 5.260000000000000000e+03 5.660000000000000000e+03 2.520000000000000000e+03 2.540000000000000000e+03
3.380911900000000000e+07 5.260000000000000000e+03 5.660000000000000000e+03 2.530000000000000000e+03 2.540000000000000000e+03
3.380932900000000000e+07 5.260000000000000000e+03 5.630000000000000000e+03 2.530000000000000000e+03 2.540000000000000000e+03
3.380953600000000000e+07 5.260000000000000000e+03 5.580000000000000000e+03 2.530000000000000000e+03 2.550000000000000000e+03
3.380974600000000000e+07 5.260000000000000000e+03 5.550000000000000000e+03 2.520000000000000000e+03 2.540000000000000000e+03
3.380994200000000000e+07 5.260000000000000000e+03 5.550000000000000000e+03 2.520000000000000000e+03 2.540000000000000000e+03
3.381015800000000000e+07 5.260000000000000000e+03 5.580000000000000000e+03 2.520000000000000000e+03 2.550000000000000000e+03
3.381035900000000000e+07 5.260000000000000000e+03 5.570000000000000000e+03 2.520000000000000000e+03 2.550000000000000000e+03
3.381055800000000000e+07 5.260000000000000000e+03 5.550000000000000000e+03 2.520000000000000000e+03 2.550000000000000000e+03
3.381076800000000000e+07 5.260000000000000000e+03 5.500000000000000000e+03 2.520000000000000000e+03 2.540000000000000000e+03
3.381097600000000000e+07 5.260000000000000000e+03 5.490000000000000000e+03 2.510000000000000000e+03 2.550000000000000000e+03
3.381117400000000000e+07 5.270000000000000000e+03 5.490000000000000000e+03 2.520000000000000000e+03 2.550000000000000000e+03
3.381138300000000000e+07 5.270000000000000000e+03 5.480000000000000000e+03 2.520000000000000000e+03 2.550000000000000000e+03
3.381160000000000000e+07 5.260000000000000000e+03 5.470000000000000000e+03 2.520000000000000000e+03 2.550000000000000000e+03
3.381180200000000000e+07 5.260000000000000000e+03 5.460000000000000000e+03 2.520000000000000000e+03 2.550000000000000000e+03
3.381201700000000000e+07 5.260000000000000000e+03 5.460000000000000000e+03 2.520000000000000000e+03 2.550000000000000000e+03
3.381222400000000000e+07 5.260000000000000000e+03 5.560000000000000000e+03 2.520000000000000000e+03 2.550000000000000000e+03
3.381242300000000000e+07 5.270000000000000000e+03 5.570000000000000000e+03 2.520000000000000000e+03 2.550000000000000000e+03
3.381264000000000000e+07 5.260000000000000000e+03 5.550000000000000000e+03 2.520000000000000000e+03 2.550000000000000000e+03
3.381284600000000000e+07 5.260000000000000000e+03 5.560000000000000000e+03 2.520000000000000000e+03 2.550000000000000000e+03
3.381305600000000000e+07 5.260000000000000000e+03 5.540000000000000000e+03 2.530000000000000000e+03 2.550000000000000000e+03
3.381326400000000000e+07 5.260000000000000000e+03 5.490000000000000000e+03 2.530000000000000000e+03 2.540000000000000000e+03
3.381347200000000000e+07 5.260000000000000000e+03 5.470000000000000000e+03 2.520000000000000000e+03 2.540000000000000000e+03
3.381367400000000000e+07 5.260000000000000000e+03 5.440000000000000000e+03 2.530000000000000000e+03 2.540000000000000000e+03
3.381387700000000000e+07 5.250000000000000000e+03 5.430000000000000000e+03 2.520000000000000000e+03 2.530000000000000000e+03
3.381407500000000000e+07 5.250000000000000000e+03 5.430000000000000000e+03 2.520000000000000000e+03 2.530000000000000000e+03
3.381427800000000000e+07 5.250000000000000000e+03 5.430000000000000000e+03 2.510000000000000000e+03 2.540000000000000000e+03
3.381448700000000000e+07 5.250000000000000000e+03 5.440000000000000000e+03 2.520000000000000000e+03 2.550000000000000000e+03
3.381468900000000000e+07 5.260000000000000000e+03 5.430000000000000000e+03 2.520000000000000000e+03 2.550000000000000000e+03
3.381491200000000000e+07 5.260000000000000000e+03 5.420000000000000000e+03 2.520000000000000000e+03 2.550000000000000000e+03
3.381510700000000000e+07 5.260000000000000000e+03 5.410000000000000000e+03 2.520000000000000000e+03 2.550000000000000000e+03
3.381532100000000000e+07 5.260000000000000000e+03 5.400000000000000000e+03 2.520000000000000000e+03 2.550000000000000000e+03
3.381553300000000000e+07 5.260000000000000000e+03 5.420000000000000000e+03 2.520000000000000000e+03 2.550000000000000000e+03
3.381574400000000000e+07 5.260000000000000000e+03 5.460000000000000000e+03 2.530000000000000000e+03 2.550000000000000000e+03
3.381594700000000000e+07 5.260000000000000000e+03 5.500000000000000000e+03 2.540000000000000000e+03 2.550000000000000000e+03
3.381616000000000000e+07 5.260000000000000000e+03 5.540000000000000000e+03 2.550000000000000000e+03 2.550000000000000000e+03
3.381635800000000000e+07 5.270000000000000000e+03 5.560000000000000000e+03 2.540000000000000000e+03 2.550000000000000000e+03
3.381657200000000000e+07 5.270000000000000000e+03 5.580000000000000000e+03 2.540000000000000000e+03 2.540000000000000000e+03
3.381677900000000000e+07 5.270000000000000000e+03 5.580000000000000000e+03 2.530000000000000000e+03 2.540000000000000000e+03
3.381698900000000000e+07 5.270000000000000000e+03 5.600000000000000000e+03 2.520000000000000000e+03 2.550000000000000000e+03
3.381718800000000000e+07 5.270000000000000000e+03 5.570000000000000000e+03 2.530000000000000000e+03 2.550000000000000000e+03
3.381739200000000000e+07 5.260000000000000000e+03 5.540000000000000000e+03 2.520000000000000000e+03 2.540000000000000000e+03
3.381759700000000000e+07 5.260000000000000000e+03 5.490000000000000000e+03 2.510000000000000000e+03 2.540000000000000000e+03
3.381780700000000000e+07 5.260000000000000000e+03 5.470000000000000000e+03 2.520000000000000000e+03 2.550000000000000000e+03
3.381801400000000000e+07 5.260000000000000000e+03 5.470000000000000000e+03 2.520000000000000000e+03 2.550000000000000000e+03
3.381822300000000000e+07 5.260000000000000000e+03 5.440000000000000000e+03 2.530000000000000000e+03 2.550000000000000000e+03
3.381842100000000000e+07 5.260000000000000000e+03 5.430000000000000000e+03 2.530000000000000000e+03 2.550000000000000000e+03
3.381863900000000000e+07 5.260000000000000000e+03 5.400000000000000000e+03 2.530000000000000000e+03 2.550000000000000000e+03
3.381884700000000000e+07 5.260000000000000000e+03 5.410000000000000000e+03 2.520000000000000000e+03 2.550000000000000000e+03
3.381905500000000000e+07 5.260000000000000000e+03 5.520000000000000000e+03 2.520000000000000000e+03 2.540000000000000000e+03
3.381926400000000000e+07 5.270000000000000000e+03 5.620000000000000000e+03 2.530000000000000000e+03 2.540000000000000000e+03
3.381947100000000000e+07 5.270000000000000000e+03 5.690000000000000000e+03 2.520000000000000000e+03 2.540000000000000000e+03
3.383073300000000000e+07 5.420000000000000000e+03 5.060000000000000000e+03 2.540000000000000000e+03 2.550000000000000000e+03
3.383094100000000000e+07 5.430000000000000000e+03 5.060000000000000000e+03 2.540000000000000000e+03 2.550000000000000000e+03
3.383114800000000000e+07 5.590000000000000000e+03 5.060000000000000000e+03 2.530000000000000000e+03 2.550000000000000000e+03
3.383135700000000000e+07 5.450000000000000000e+03 5.060000000000000000e+03 2.540000000000000000e+03 2.550000000000000000e+03
3.383155700000000000e+07 5.430000000000000000e+03 5.060000000000000000e+03 2.540000000000000000e+03 2.550000000000000000e+03
3.383177300000000000e+07 5.590000000000000000e+03 5.060000000000000000e+03 2.550000000000000000e+03 2.550000000000000000e+03
3.383197000000000000e+07 5.570000000000000000e+03 5.050000000000000000e+03 2.550000000000000000e+03 2.550000000000000000e+03
3.383217400000000000e+07 5.620000000000000000e+03 5.060000000000000000e+03 2.540000000000000000e+03 2.550000000000000000e+03
3.383239600000000000e+07 5.620000000000000000e+03 5.060000000000000000e+03 2.540000000000000000e+03 2.550000000000000000e+03
3.383260400000000000e+07 5.620000000000000000e+03 5.070000000000000000e+03 2.530000000000000000e+03 2.550000000000000000e+03
3.383281200000000000e+07 5.620000000000000000e+03 5.070000000000000000e+03 2.530000000000000000e+03 2.550000000000000000e+03
3.383302000000000000e+07 5.600000000000000000e+03 5.070000000000000000e+03 2.520000000000000000e+03 2.550000000000000000e+03
3.383322800000000000e+07 5.600000000000000000e+03 5.070000000000000000e+03 2.520000000000000000e+03 2.540000000000000000e+03
3.383343200000000000e+07 5.600000000000000000e+03 5.070000000000000000e+03 2.520000000000000000e+03 2.540000000000000000e+03
3.383364900000000000e+07 5.600000000000000000e+03 5.070000000000000000e+03 2.520000000000000000e+03 2.540000000000000000e+03
3.383386800000000000e+07 5.490000000000000000e+03 5.070000000000000000e+03 2.520000000000000000e+03 2.550000000000000000e+03
3.383407500000000000e+07 5.490000000000000000e+03 5.070000000000000000e+03 2.510000000000000000e+03 2.540000000000000000e+03
3.383428300000000000e+07 5.490000000000000000e+03 5.070000000000000000e+03 2.510000000000000000e+03 2.540000000000000000e+03
3.383449200000000000e+07 5.500000000000000000e+03 5.060000000000000000e+03 2.510000000000000000e+03 2.540000000000000000e+03
3.383469300000000000e+07 5.510000000000000000e+03 5.070000000000000000e+03 2.510000000000000000e+03 2.540000000000000000e+03
3.383490800000000000e+07 5.520000000000000000e+03 5.070000000000000000e+03 2.500000000000000000e+03 2.540000000000000000e+03
3.383510500000000000e+07 5.580000000000000000e+03 5.070000000000000000e+03 2.510000000000000000e+03 2.540000000000000000e+03
3.383532400000000000e+07 5.620000000000000000e+03 5.070000000000000000e+03 2.500000000000000000e+03 2.550000000000000000e+03
3.383553100000000000e+07 5.620000000000000000e+03 5.070000000000000000e+03 2.510000000000000000e+03 2.550000000000000000e+03
3.383572800000000000e+07 5.590000000000000000e+03 5.070000000000000000e+03 2.510000000000000000e+03 2.550000000000000000e+03
3.383596300000000000e+07 5.580000000000000000e+03 5.070000000000000000e+03 2.510000000000000000e+03 2.550000000000000000e+03
3.383616800000000000e+07 5.520000000000000000e+03 5.070000000000000000e+03 2.520000000000000000e+03 2.550000000000000000e+03
3.383637900000000000e+07 5.490000000000000000e+03 5.070000000000000000e+03 2.520000000000000000e+03 2.540000000000000000e+03
3.383658800000000000e+07 5.470000000000000000e+03 5.080000000000000000e+03 2.530000000000000000e+03 2.540000000000000000e+03
3.383699100000000000e+07 5.440000000000000000e+03 5.090000000000000000e+03 2.520000000000000000e+03 2.550000000000000000e+03
3.383804300000000000e+07 7.760000000000000000e+03 5.070000000000000000e+03 2.540000000000000000e+03 2.550000000000000000e+03
3.383824300000000000e+07 7.060000000000000000e+03 5.070000000000000000e+03 2.530000000000000000e+03 2.550000000000000000e+03
3.383845600000000000e+07 6.620000000000000000e+03 5.070000000000000000e+03 2.530000000000000000e+03 2.540000000000000000e+03
3.383868000000000000e+07 6.310000000000000000e+03 5.070000000000000000e+03 2.530000000000000000e+03 2.540000000000000000e+03
3.383888800000000000e+07 6.090000000000000000e+03 5.070000000000000000e+03 2.530000000000000000e+03 2.540000000000000000e+03
3.383909900000000000e+07 5.940000000000000000e+03 5.070000000000000000e+03 2.520000000000000000e+03 2.540000000000000000e+03
3.383930700000000000e+07 5.810000000000000000e+03 5.070000000000000000e+03 2.520000000000000000e+03 2.540000000000000000e+03
3.383950000000000000e+07 5.730000000000000000e+03 5.060000000000000000e+03 2.530000000000000000e+03 2.540000000000000000e+03
3.383972300000000000e+07 5.670000000000000000e+03 5.060000000000000000e+03 2.530000000000000000e+03 2.540000000000000000e+03
3.383991900000000000e+07 5.630000000000000000e+03 5.060000000000000000e+03 2.520000000000000000e+03 2.540000000000000000e+03
3.384013400000000000e+07 5.600000000000000000e+03 5.060000000000000000e+03 2.520000000000000000e+03 2.540000000000000000e+03
3.384034000000000000e+07 5.560000000000000000e+03 5.060000000000000000e+03 2.520000000000000000e+03 2.550000000000000000e+03
3.384054700000000000e+07 5.550000000000000000e+03 5.060000000000000000e+03 2.530000000000000000e+03 2.540000000000000000e+03
3.384075100000000000e+07 5.540000000000000000e+03 5.060000000000000000e+03 2.520000000000000000e+03 2.550000000000000000e+03
3.384095700000000000e+07 5.540000000000000000e+03 5.060000000000000000e+03 2.520000000000000000e+03 2.550000000000000000e+03
3.384117900000000000e+07 5.560000000000000000e+03 5.060000000000000000e+03 2.520000000000000000e+03 2.550000000000000000e+03
3.384137300000000000e+07 5.580000000000000000e+03 5.060000000000000000e+03 2.530000000000000000e+03 2.540000000000000000e+03
3.384158700000000000e+07 5.570000000000000000e+03 5.060000000000000000e+03 2.520000000000000000e+03 2.550000000000000000e+03
3.384181300000000000e+07 5.580000000000000000e+03 5.080000000000000000e+03 2.520000000000000000e+03 2.540000000000000000e+03
3.384202700000000000e+07 5.570000000000000000e+03 5.070000000000000000e+03 2.510000000000000000e+03 2.540000000000000000e+03
3.384222000000000000e+07 5.520000000000000000e+03 5.070000000000000000e+03 2.520000000000000000e+03 2.550000000000000000e+03
3.384243300000000000e+07 5.490000000000000000e+03 5.070000000000000000e+03 2.520000000000000000e+03 2.540000000000000000e+03
3.384265100000000000e+07 5.470000000000000000e+03 5.070000000000000000e+03 2.520000000000000000e+03 2.540000000000000000e+03
3.384285000000000000e+07 5.460000000000000000e+03 5.070000000000000000e+03 2.530000000000000000e+03 2.550000000000000000e+03
3.384305700000000000e+07 5.430000000000000000e+03 5.070000000000000000e+03 2.530000000000000000e+03 2.550000000000000000e+03
3.384326300000000000e+07 5.400000000000000000e+03 5.070000000000000000e+03 2.530000000000000000e+03 2.550000000000000000e+03
3.384347900000000000e+07 5.370000000000000000e+03 5.070000000000000000e+03 2.520000000000000000e+03 2.550000000000000000e+03
3.384368800000000000e+07 5.370000000000000000e+03 5.070000000000000000e+03 2.520000000000000000e+03 2.550000000000000000e+03
3.384389000000000000e+07 5.400000000000000000e+03 5.070000000000000000e+03 2.530000000000000000e+03 2.540000000000000000e+03
3.384410100000000000e+07 5.420000000000000000e+03 5.060000000000000000e+03 2.520000000000000000e+03 2.540000000000000000e+03
3.384432900000000000e+07 5.430000000000000000e+03 5.060000000000000000e+03 2.520000000000000000e+03 2.540000000000000000e+03
3.384452900000000000e+07 5.410000000000000000e+03 5.060000000000000000e+03 2.520000000000000000e+03 2.540000000000000000e+03
3.384474600000000000e+07 5.400000000000000000e+03 5.070000000000000000e+03 2.530000000000000000e+03 2.540000000000000000e+03
3.384494100000000000e+07 5.400000000000000000e+03 5.070000000000000000e+03 2.520000000000000000e+03 2.540000000000000000e+03
3.384516000000000000e+07 5.420000000000000000e+03 5.070000000000000000e+03 2.520000000000000000e+03 2.550000000000000000e+03
3.384535900000000000e+07 5.420000000000000000e+03 5.070000000000000000e+03 2.530000000000000000e+03 2.550000000000000000e+03
3.384557700000000000e+07 5.410000000000000000e+03 5.070000000000000000e+03 2.530000000000000000e+03 2.550000000000000000e+03
3.384578300000000000e+07 5.410000000000000000e+03 5.070000000000000000e+03 2.520000000000000000e+03 2.550000000000000000e+03
3.384598400000000000e+07 5.410000000000000000e+03 5.070000000000000000e+03 2.520000000000000000e+03 2.540000000000000000e+03
3.384620000000000000e+07 5.400000000000000000e+03 5.070000000000000000e+03 2.520000000000000000e+03 2.550000000000000000e+03
3.384640900000000000e+07 5.380000000000000000e+03 5.060000000000000000e+03 2.520000000000000000e+03 2.550000000000000000e+03
3.384661600000000000e+07 5.370000000000000000e+03 5.060000000000000000e+03 2.520000000000000000e+03 2.550000000000000000e+03
3.384682600000000000e+07 5.350000000000000000e+03 5.060000000000000000e+03 2.520000000000000000e+03 2.530000000000000000e+03
3.384703300000000000e+07 5.350000000000000000e+03 5.060000000000000000e+03 2.520000000000000000e+03 2.520000000000000000e+03
3.384723700000000000e+07 5.360000000000000000e+03 5.060000000000000000e+03 2.520000000000000000e+03 2.530000000000000000e+03
3.384744900000000000e+07 5.350000000000000000e+03 5.060000000000000000e+03 2.510000000000000000e+03 2.530000000000000000e+03
3.384766000000000000e+07 5.350000000000000000e+03 5.060000000000000000e+03 2.510000000000000000e+03 2.540000000000000000e+03
3.384787800000000000e+07 5.350000000000000000e+03 5.060000000000000000e+03 2.520000000000000000e+03 2.550000000000000000e+03
3.384808100000000000e+07 5.350000000000000000e+03 5.060000000000000000e+03 2.510000000000000000e+03 2.550000000000000000e+03
3.384829600000000000e+07 5.350000000000000000e+03 5.060000000000000000e+03 2.510000000000000000e+03 2.540000000000000000e+03
3.384849200000000000e+07 5.350000000000000000e+03 5.060000000000000000e+03 2.510000000000000000e+03 2.540000000000000000e+03
3.384871300000000000e+07 5.350000000000000000e+03 5.060000000000000000e+03 2.510000000000000000e+03 2.540000000000000000e+03
3.384892100000000000e+07 5.370000000000000000e+03 5.070000000000000000e+03 2.510000000000000000e+03 2.540000000000000000e+03
3.384912800000000000e+07 5.380000000000000000e+03 5.070000000000000000e+03 2.510000000000000000e+03 2.540000000000000000e+03
3.384933700000000000e+07 5.380000000000000000e+03 5.070000000000000000e+03 2.510000000000000000e+03 2.540000000000000000e+03
3.384953600000000000e+07 5.440000000000000000e+03 5.070000000000000000e+03 2.510000000000000000e+03 2.540000000000000000e+03
3.384975300000000000e+07 5.390000000000000000e+03 5.070000000000000000e+03 2.520000000000000000e+03 2.540000000000000000e+03
3.384996000000000000e+07 5.360000000000000000e+03 5.060000000000000000e+03 2.520000000000000000e+03 2.540000000000000000e+03
3.385016900000000000e+07 5.370000000000000000e+03 5.060000000000000000e+03 2.520000000000000000e+03 2.540000000000000000e+03
3.385037600000000000e+07 5.430000000000000000e+03 5.060000000000000000e+03 2.510000000000000000e+03 2.540000000000000000e+03
3.385058700000000000e+07 5.470000000000000000e+03 5.070000000000000000e+03 2.520000000000000000e+03 2.540000000000000000e+03
3.385080800000000000e+07 5.460000000000000000e+03 5.060000000000000000e+03 2.520000000000000000e+03 2.540000000000000000e+03
3.385101600000000000e+07 5.430000000000000000e+03 5.060000000000000000e+03 2.520000000000000000e+03 2.550000000000000000e+03
3.385122400000000000e+07 5.410000000000000000e+03 5.060000000000000000e+03 2.520000000000000000e+03 2.550000000000000000e+03
3.385143300000000000e+07 5.390000000000000000e+03 5.060000000000000000e+03 2.520000000000000000e+03 2.550000000000000000e+03
3.385164000000000000e+07 5.390000000000000000e+03 5.060000000000000000e+03 2.520000000000000000e+03 2.550000000000000000e+03
3.385185100000000000e+07 5.380000000000000000e+03 5.060000000000000000e+03 2.530000000000000000e+03 2.550000000000000000e+03
3.385204400000000000e+07 5.380000000000000000e+03 5.070000000000000000e+03 2.530000000000000000e+03 2.550000000000000000e+03
3.385226400000000000e+07 5.410000000000000000e+03 5.070000000000000000e+03 2.540000000000000000e+03 2.550000000000000000e+03
3.385247200000000000e+07 5.430000000000000000e+03 5.070000000000000000e+03 2.540000000000000000e+03 2.550000000000000000e+03
3.385267800000000000e+07 5.430000000000000000e+03 5.070000000000000000e+03 2.530000000000000000e+03 2.550000000000000000e+03
3.385288300000000000e+07 5.440000000000000000e+03 5.070000000000000000e+03 2.530000000000000000e+03 2.550000000000000000e+03
3.385309600000000000e+07 5.450000000000000000e+03 5.070000000000000000e+03 2.530000000000000000e+03 2.550000000000000000e+03
3.385331800000000000e+07 5.450000000000000000e+03 5.070000000000000000e+03 2.520000000000000000e+03 2.550000000000000000e+03
3.385352000000000000e+07 5.400000000000000000e+03 5.070000000000000000e+03 2.520000000000000000e+03 2.540000000000000000e+03
3.385373400000000000e+07 5.360000000000000000e+03 5.070000000000000000e+03 2.510000000000000000e+03 2.540000000000000000e+03
3.385394400000000000e+07 5.340000000000000000e+03 5.070000000000000000e+03 2.510000000000000000e+03 2.540000000000000000e+03
3.385415200000000000e+07 5.320000000000000000e+03 5.070000000000000000e+03 2.510000000000000000e+03 2.540000000000000000e+03
3.385437300000000000e+07 5.310000000000000000e+03 5.070000000000000000e+03 2.510000000000000000e+03 2.540000000000000000e+03
3.385456300000000000e+07 5.310000000000000000e+03 5.070000000000000000e+03 2.520000000000000000e+03 2.550000000000000000e+03
3.385477600000000000e+07 5.310000000000000000e+03 5.070000000000000000e+03 2.520000000000000000e+03 2.550000000000000000e+03
3.385498400000000000e+07 5.360000000000000000e+03 5.070000000000000000e+03 2.530000000000000000e+03 2.550000000000000000e+03
3.385518100000000000e+07 5.350000000000000000e+03 5.070000000000000000e+03 2.530000000000000000e+03 2.550000000000000000e+03
3.385538600000000000e+07 5.330000000000000000e+03 5.070000000000000000e+03 2.520000000000000000e+03 2.540000000000000000e+03
3.385560600000000000e+07 5.320000000000000000e+03 5.070000000000000000e+03 2.500000000000000000e+03 2.540000000000000000e+03
3.385581600000000000e+07 5.310000000000000000e+03 5.070000000000000000e+03 2.500000000000000000e+03 2.550000000000000000e+03
3.385601800000000000e+07 5.350000000000000000e+03 5.070000000000000000e+03 2.510000000000000000e+03 2.540000000000000000e+03
3.385623600000000000e+07 5.460000000000000000e+03 5.060000000000000000e+03 2.510000000000000000e+03 2.540000000000000000e+03
3.385644600000000000e+07 5.520000000000000000e+03 5.060000000000000000e+03 2.510000000000000000e+03 2.540000000000000000e+03
3.385666400000000000e+07 5.550000000000000000e+03 5.060000000000000000e+03 2.510000000000000000e+03 2.540000000000000000e+03
