3.533719900000000000e+07 3.480000000000000000e+03 2.400000000000000000e+03 4.860000000000000000e+03 4.130000000000000000e+03
3.533740600000000000e+07 3.480000000000000000e+03 2.400000000000000000e+03 4.890000000000000000e+03 4.120000000000000000e+03
3.533761400000000000e+07 3.480000000000000000e+03 2.400000000000000000e+03 5.010000000000000000e+03 4.120000000000000000e+03
3.533781300000000000e+07 3.470000000000000000e+03 2.380000000000000000e+03 4.970000000000000000e+03 4.120000000000000000e+03
3.533803000000000000e+07 3.460000000000000000e+03 2.380000000000000000e+03 5.000000000000000000e+03 4.130000000000000000e+03
3.533823700000000000e+07 3.470000000000000000e+03 2.400000000000000000e+03 5.030000000000000000e+03 4.120000000000000000e+03
3.533844600000000000e+07 3.470000000000000000e+03 2.400000000000000000e+03 4.970000000000000000e+03 4.120000000000000000e+03
3.533865400000000000e+07 3.480000000000000000e+03 2.380000000000000000e+03 4.910000000000000000e+03 4.120000000000000000e+03
3.533886100000000000e+07 3.480000000000000000e+03 2.390000000000000000e+03 4.870000000000000000e+03 4.120000000000000000e+03
3.533905600000000000e+07 3.480000000000000000e+03 2.400000000000000000e+03 4.860000000000000000e+03 4.120000000000000000e+03
3.533927800000000000e+07 3.470000000000000000e+03 2.400000000000000000e+03 4.850000000000000000e+03 4.120000000000000000e+03
3.533946900000000000e+07 3.470000000000000000e+03 2.380000000000000000e+03 4.810000000000000000e+03 4.120000000000000000e+03
3.533967800000000000e+07 3.470000000000000000e+03 2.360000000000000000e+03 4.800000000000000000e+03 4.120000000000000000e+03
3.533988500000000000e+07 3.470000000000000000e+03 2.370000000000000000e+03 4.830000000000000000e+03 4.130000000000000000e+03
3.534009300000000000e+07 3.480000000000000000e+03 2.390000000000000000e+03 4.970000000000000000e+03 4.130000000000000000e+03
3.534030100000000000e+07 3.470000000000000000e+03 2.400000000000000000e+03 5.070000000000000000e+03 4.120000000000000000e+03
3.534050700000000000e+07 3.480000000000000000e+03 2.380000000000000000e+03 5.000000000000000000e+03 4.110000000000000000e+03
3.534070800000000000e+07 3.480000000000000000e+03 2.380000000000000000e+03 4.920000000000000000e+03 4.110000000000000000e+03
3.534091500000000000e+07 3.480000000000000000e+03 2.390000000000000000e+03 5.000000000000000000e+03 4.120000000000000000e+03
3.534112200000000000e+07 3.480000000000000000e+03 2.390000000000000000e+03 4.980000000000000000e+03 4.120000000000000000e+03
3.534132800000000000e+07 3.480000000000000000e+03 2.390000000000000000e+03 4.910000000000000000e+03 4.120000000000000000e+03
3.534155000000000000e+07 3.470000000000000000e+03 2.400000000000000000e+03 4.840000000000000000e+03 4.120000000000000000e+03
3.534175700000000000e+07 3.470000000000000000e+03 2.400000000000000000e+03 4.760000000000000000e+03 4.130000000000000000e+03
3.534196100000000000e+07 3.470000000000000000e+03 2.380000000000000000e+03 4.970000000000000000e+03 4.140000000000000000e+03
3.534216600000000000e+07 3.480000000000000000e+03 2.390000000000000000e+03 5.090000000000000000e+03 4.140000000000000000e+03
3.534237800000000000e+07 3.480000000000000000e+03 2.390000000000000000e+03 5.160000000000000000e+03 4.140000000000000000e+03
3.534258400000000000e+07 3.470000000000000000e+03 2.380000000000000000e+03 5.210000000000000000e+03 4.130000000000000000e+03
3.534279800000000000e+07 3.480000000000000000e+03 2.380000000000000000e+03 5.210000000000000000e+03 4.130000000000000000e+03
3.534300500000000000e+07 3.480000000000000000e+03 2.400000000000000000e+03 5.200000000000000000e+03 4.130000000000000000e+03
3.534319000000000000e+07 3.480000000000000000e+03 2.400000000000000000e+03 5.190000000000000000e+03 4.120000000000000000e+03
3.534340400000000000e+07 3.480000000000000000e+03 2.390000000000000000e+03 5.190000000000000000e+03 4.110000000000000000e+03
3.534361100000000000e+07 3.480000000000000000e+03 2.390000000000000000e+03 5.190000000000000000e+03 4.110000000000000000e+03
3.534381800000000000e+07 3.480000000000000000e+03 2.400000000000000000e+03 5.180000000000000000e+03 4.110000000000000000e+03
3.534402800000000000e+07 3.480000000000000000e+03 2.380000000000000000e+03 5.170000000000000000e+03 4.110000000000000000e+03
3.534422900000000000e+07 3.490000000000000000e+03 2.390000000000000000e+03 5.150000000000000000e+03 4.110000000000000000e+03
3.534444500000000000e+07 3.490000000000000000e+03 2.400000000000000000e+03 5.150000000000000000e+03 4.110000000000000000e+03
3.534463900000000000e+07 3.500000000000000000e+03 2.380000000000000000e+03 5.140000000000000000e+03 4.110000000000000000e+03
3.534485100000000000e+07 3.490000000000000000e+03 2.380000000000000000e+03 5.110000000000000000e+03 4.110000000000000000e+03
3.534506400000000000e+07 3.480000000000000000e+03 2.390000000000000000e+03 5.100000000000000000e+03 4.110000000000000000e+03
3.534526200000000000e+07 3.480000000000000000e+03 2.400000000000000000e+03 5.050000000000000000e+03 4.110000000000000000e+03
3.534547400000000000e+07 3.480000000000000000e+03 2.390000000000000000e+03 5.030000000000000000e+03 4.110000000000000000e+03
3.534568300000000000e+07 3.480000000000000000e+03 2.400000000000000000e+03 5.000000000000000000e+03 4.120000000000000000e+03
3.534589800000000000e+07 3.480000000000000000e+03 2.420000000000000000e+03 5.000000000000000000e+03 4.120000000000000000e+03
3.534609900000000000e+07 3.480000000000000000e+03 2.390000000000000000e+03 5.020000000000000000e+03 4.120000000000000000e+03
3.534630800000000000e+07 3.480000000000000000e+03 2.390000000000000000e+03 5.010000000000000000e+03 4.120000000000000000e+03
3.534652400000000000e+07 3.490000000000000000e+03 2.390000000000000000e+03 5.010000000000000000e+03 4.110000000000000000e+03
3.534671600000000000e+07 3.490000000000000000e+03 2.400000000000000000e+03 5.000000000000000000e+03 4.120000000000000000e+03
3.534692000000000000e+07 3.490000000000000000e+03 2.400000000000000000e+03 5.020000000000000000e+03 4.120000000000000000e+03
3.534712600000000000e+07 3.480000000000000000e+03 2.400000000000000000e+03 5.080000000000000000e+03 4.110000000000000000e+03
3.534734100000000000e+07 3.480000000000000000e+03 2.400000000000000000e+03 5.120000000000000000e+03 4.110000000000000000e+03
3.534754500000000000e+07 3.470000000000000000e+03 2.390000000000000000e+03 5.130000000000000000e+03 4.110000000000000000e+03
3.534774600000000000e+07 3.470000000000000000e+03 2.370000000000000000e+03 5.150000000000000000e+03 4.110000000000000000e+03
3.534796500000000000e+07 3.470000000000000000e+03 2.380000000000000000e+03 5.150000000000000000e+03 4.110000000000000000e+03
3.534816800000000000e+07 3.470000000000000000e+03 2.380000000000000000e+03 5.080000000000000000e+03 4.110000000000000000e+03
3.534838100000000000e+07 3.470000000000000000e+03 2.370000000000000000e+03 4.990000000000000000e+03 4.120000000000000000e+03
3.534857500000000000e+07 3.470000000000000000e+03 2.380000000000000000e+03 4.940000000000000000e+03 4.120000000000000000e+03
3.534879500000000000e+07 3.470000000000000000e+03 2.400000000000000000e+03 4.880000000000000000e+03 4.130000000000000000e+03
3.534899600000000000e+07 3.480000000000000000e+03 2.400000000000000000e+03 4.860000000000000000e+03 4.130000000000000000e+03
3.534920300000000000e+07 3.480000000000000000e+03 2.400000000000000000e+03 4.860000000000000000e+03 4.120000000000000000e+03
3.534940800000000000e+07 3.480000000000000000e+03 2.420000000000000000e+03 4.880000000000000000e+03 4.120000000000000000e+03
3.534962100000000000e+07 3.490000000000000000e+03 2.430000000000000000e+03 4.950000000000000000e+03 4.120000000000000000e+03
3.534983000000000000e+07 3.490000000000000000e+03 2.430000000000000000e+03 4.990000000000000000e+03 4.120000000000000000e+03
3.535002500000000000e+07 3.490000000000000000e+03 2.420000000000000000e+03 5.010000000000000000e+03 4.120000000000000000e+03
3.535023400000000000e+07 3.490000000000000000e+03 2.390000000000000000e+03 5.000000000000000000e+03 4.120000000000000000e+03
3.535044300000000000e+07 3.490000000000000000e+03 2.400000000000000000e+03 5.010000000000000000e+03 4.120000000000000000e+03
3.535065100000000000e+07 3.490000000000000000e+03 2.390000000000000000e+03 5.020000000000000000e+03 4.120000000000000000e+03
3.535085900000000000e+07 3.490000000000000000e+03 2.380000000000000000e+03 5.020000000000000000e+03 4.120000000000000000e+03
3.535106700000000000e+07 3.490000000000000000e+03 2.380000000000000000e+03 5.010000000000000000e+03 4.120000000000000000e+03
3.535127400000000000e+07 3.490000000000000000e+03 2.400000000000000000e+03 5.020000000000000000e+03 4.120000000000000000e+03
3.535148300000000000e+07 3.490000000000000000e+03 2.400000000000000000e+03 5.020000000000000000e+03 4.120000000000000000e+03
3.535168200000000000e+07 3.490000000000000000e+03 2.420000000000000000e+03 5.050000000000000000e+03 4.120000000000000000e+03
3.535189900000000000e+07 3.490000000000000000e+03 2.420000000000000000e+03 5.060000000000000000e+03 4.120000000000000000e+03
3.535210600000000000e+07 3.490000000000000000e+03 2.390000000000000000e+03 5.010000000000000000e+03 4.120000000000000000e+03
3.535231500000000000e+07 3.480000000000000000e+03 2.400000000000000000e+03 5.030000000000000000e+03 4.120000000000000000e+03
3.535252200000000000e+07 3.480000000000000000e+03 2.390000000000000000e+03 4.980000000000000000e+03 4.120000000000000000e+03
3.535273000000000000e+07 3.490000000000000000e+03 2.400000000000000000e+03 5.000000000000000000e+03 4.120000000000000000e+03
3.535294000000000000e+07 3.490000000000000000e+03 2.390000000000000000e+03 5.000000000000000000e+03 4.120000000000000000e+03
3.535313700000000000e+07 3.490000000000000000e+03 2.390000000000000000e+03 5.040000000000000000e+03 4.120000000000000000e+03
3.535334000000000000e+07 3.490000000000000000e+03 2.400000000000000000e+03 5.070000000000000000e+03 4.120000000000000000e+03
3.535354400000000000e+07 3.490000000000000000e+03 2.380000000000000000e+03 5.070000000000000000e+03 4.120000000000000000e+03
3.535374200000000000e+07 3.490000000000000000e+03 2.380000000000000000e+03 5.100000000000000000e+03 4.120000000000000000e+03
3.535395500000000000e+07 3.490000000000000000e+03 2.390000000000000000e+03 5.130000000000000000e+03 4.110000000000000000e+03
3.535417100000000000e+07 3.490000000000000000e+03 2.390000000000000000e+03 5.120000000000000000e+03 4.120000000000000000e+03
3.535437500000000000e+07 3.490000000000000000e+03 2.390000000000000000e+03 5.110000000000000000e+03 4.120000000000000000e+03
3.535458700000000000e+07 3.490000000000000000e+03 2.390000000000000000e+03 5.080000000000000000e+03 4.110000000000000000e+03
3.535479300000000000e+07 3.490000000000000000e+03 2.370000000000000000e+03 5.080000000000000000e+03 4.100000000000000000e+03
3.535500200000000000e+07 3.490000000000000000e+03 2.360000000000000000e+03 5.070000000000000000e+03 4.110000000000000000e+03
3.535521000000000000e+07 3.490000000000000000e+03 2.360000000000000000e+03 5.060000000000000000e+03 4.110000000000000000e+03
3.535541800000000000e+07 3.490000000000000000e+03 2.370000000000000000e+03 5.060000000000000000e+03 4.110000000000000000e+03
3.535561100000000000e+07 3.490000000000000000e+03 2.360000000000000000e+03 5.070000000000000000e+03 4.120000000000000000e+03
3.535582200000000000e+07 3.490000000000000000e+03 2.360000000000000000e+03 5.070000000000000000e+03 4.130000000000000000e+03
3.535604300000000000e+07 3.490000000000000000e+03 2.360000000000000000e+03 5.060000000000000000e+03 4.120000000000000000e+03
3.535623700000000000e+07 3.490000000000000000e+03 2.360000000000000000e+03 5.050000000000000000e+03 4.120000000000000000e+03
3.535645300000000000e+07 3.490000000000000000e+03 2.350000000000000000e+03 5.050000000000000000e+03 4.120000000000000000e+03
3.535665700000000000e+07 3.490000000000000000e+03 2.350000000000000000e+03 5.050000000000000000e+03 4.120000000000000000e+03
3.535684600000000000e+07 3.490000000000000000e+03 2.370000000000000000e+03 5.040000000000000000e+03 4.120000000000000000e+03
3.535706400000000000e+07 3.480000000000000000e+03 2.360000000000000000e+03 5.050000000000000000e+03 4.120000000000000000e+03
3.535726900000000000e+07 3.480000000000000000e+03 2.350000000000000000e+03 5.070000000000000000e+03 4.120000000000000000e+03
3.535747800000000000e+07 3.480000000000000000e+03 2.360000000000000000e+03 5.100000000000000000e+03 4.120000000000000000e+03
3.535768800000000000e+07 3.480000000000000000e+03 2.370000000000000000e+03 5.160000000000000000e+03 4.120000000000000000e+03
3.535788300000000000e+07 3.480000000000000000e+03 2.360000000000000000e+03 5.210000000000000000e+03 4.120000000000000000e+03
3.535809200000000000e+07 3.480000000000000000e+03 2.350000000000000000e+03 5.170000000000000000e+03 4.120000000000000000e+03
3.535831000000000000e+07 3.480000000000000000e+03 2.370000000000000000e+03 5.140000000000000000e+03 4.110000000000000000e+03
3.535851700000000000e+07 3.470000000000000000e+03 2.370000000000000000e+03 5.030000000000000000e+03 4.110000000000000000e+03
3.535872900000000000e+07 3.470000000000000000e+03 2.390000000000000000e+03 4.980000000000000000e+03 4.110000000000000000e+03
3.535893600000000000e+07 3.470000000000000000e+03 2.400000000000000000e+03 4.910000000000000000e+03 4.110000000000000000e+03
3.535913100000000000e+07 3.470000000000000000e+03 2.420000000000000000e+03 4.850000000000000000e+03 4.110000000000000000e+03
3.535934100000000000e+07 3.470000000000000000e+03 2.420000000000000000e+03 4.810000000000000000e+03 4.120000000000000000e+03
3.535955000000000000e+07 3.470000000000000000e+03 2.400000000000000000e+03 4.750000000000000000e+03 4.120000000000000000e+03
3.535976600000000000e+07 3.470000000000000000e+03 2.400000000000000000e+03 4.720000000000000000e+03 4.120000000000000000e+03
3.535997700000000000e+07 3.470000000000000000e+03 2.420000000000000000e+03 4.710000000000000000e+03 4.120000000000000000e+03
3.540017100000000000e+07 3.470000000000000000e+03 2.400000000000000000e+03 4.710000000000000000e+03 4.120000000000000000e+03
3.540038300000000000e+07 3.470000000000000000e+03 2.400000000000000000e+03 4.750000000000000000e+03 4.120000000000000000e+03
3.540060100000000000e+07 3.480000000000000000e+03 2.400000000000000000e+03 4.810000000000000000e+03 4.120000000000000000e+03
3.540080800000000000e+07 3.490000000000000000e+03 2.420000000000000000e+03 4.850000000000000000e+03 4.120000000000000000e+03
3.540100200000000000e+07 3.490000000000000000e+03 2.430000000000000000e+03 4.880000000000000000e+03 4.120000000000000000e+03
3.540122100000000000e+07 3.500000000000000000e+03 2.390000000000000000e+03 4.920000000000000000e+03 4.110000000000000000e+03
3.540149400000000000e+07 3.490000000000000000e+03 2.390000000000000000e+03 4.950000000000000000e+03 4.120000000000000000e+03
3.540162600000000000e+07 3.480000000000000000e+03 2.400000000000000000e+03 4.990000000000000000e+03 4.120000000000000000e+03
3.540183400000000000e+07 3.480000000000000000e+03 2.390000000000000000e+03 5.050000000000000000e+03 4.120000000000000000e+03
3.540204100000000000e+07 3.480000000000000000e+03 2.390000000000000000e+03 5.100000000000000000e+03 4.130000000000000000e+03
3.540224900000000000e+07 3.480000000000000000e+03 2.390000000000000000e+03 5.180000000000000000e+03 4.130000000000000000e+03
3.540245700000000000e+07 3.480000000000000000e+03 2.380000000000000000e+03 5.250000000000000000e+03 4.130000000000000000e+03
3.541429500000000000e+07 3.500000000000000000e+03 2.580000000000000000e+03 4.570000000000000000e+03 4.110000000000000000e+03
3.541450000000000000e+07 3.490000000000000000e+03 2.660000000000000000e+03 4.580000000000000000e+03 4.110000000000000000e+03
3.541471000000000000e+07 3.500000000000000000e+03 2.760000000000000000e+03 4.580000000000000000e+03 4.110000000000000000e+03
3.541491800000000000e+07 3.490000000000000000e+03 2.780000000000000000e+03 4.580000000000000000e+03 4.110000000000000000e+03
3.541511700000000000e+07 3.490000000000000000e+03 2.770000000000000000e+03 4.580000000000000000e+03 4.110000000000000000e+03
3.541533400000000000e+07 3.490000000000000000e+03 2.750000000000000000e+03 4.570000000000000000e+03 4.110000000000000000e+03
3.541554200000000000e+07 3.490000000000000000e+03 2.720000000000000000e+03 4.570000000000000000e+03 4.120000000000000000e+03
3.541575000000000000e+07 3.490000000000000000e+03 2.760000000000000000e+03 4.570000000000000000e+03 4.120000000000000000e+03
3.541595100000000000e+07 3.490000000000000000e+03 2.790000000000000000e+03 4.570000000000000000e+03 4.120000000000000000e+03
3.541615600000000000e+07 3.480000000000000000e+03 2.790000000000000000e+03 4.580000000000000000e+03 4.110000000000000000e+03
3.541635800000000000e+07 3.480000000000000000e+03 2.720000000000000000e+03 4.580000000000000000e+03 4.110000000000000000e+03
3.541656000000000000e+07 3.490000000000000000e+03 2.700000000000000000e+03 4.580000000000000000e+03 4.100000000000000000e+03
3.541677100000000000e+07 3.500000000000000000e+03 2.690000000000000000e+03 4.580000000000000000e+03 4.100000000000000000e+03
3.541698100000000000e+07 3.500000000000000000e+03 2.690000000000000000e+03 4.580000000000000000e+03 4.120000000000000000e+03
3.541718200000000000e+07 3.490000000000000000e+03 2.690000000000000000e+03 4.580000000000000000e+03 4.110000000000000000e+03
3.541739800000000000e+07 3.490000000000000000e+03 2.740000000000000000e+03 4.580000000000000000e+03 4.110000000000000000e+03
3.541760400000000000e+07 3.490000000000000000e+03 2.800000000000000000e+03 4.580000000000000000e+03 4.120000000000000000e+03
3.541780000000000000e+07 3.500000000000000000e+03 2.820000000000000000e+03 4.570000000000000000e+03 4.120000000000000000e+03
3.541801800000000000e+07 3.490000000000000000e+03 2.850000000000000000e+03 4.570000000000000000e+03 4.120000000000000000e+03
3.541821900000000000e+07 3.490000000000000000e+03 2.890000000000000000e+03 4.570000000000000000e+03 4.120000000000000000e+03
3.541843100000000000e+07 3.500000000000000000e+03 2.920000000000000000e+03 4.570000000000000000e+03 4.120000000000000000e+03
3.541863800000000000e+07 3.500000000000000000e+03 2.930000000000000000e+03 4.580000000000000000e+03 4.120000000000000000e+03
3.541884800000000000e+07 3.490000000000000000e+03 2.920000000000000000e+03 4.580000000000000000e+03 4.120000000000000000e+03
3.541905600000000000e+07 3.490000000000000000e+03 2.940000000000000000e+03 4.580000000000000000e+03 4.120000000000000000e+03
3.541926600000000000e+07 3.490000000000000000e+03 2.930000000000000000e+03 4.580000000000000000e+03 4.120000000000000000e+03
3.541947600000000000e+07 3.490000000000000000e+03 2.950000000000000000e+03 4.580000000000000000e+03 4.130000000000000000e+03
3.541968600000000000e+07 3.480000000000000000e+03 2.950000000000000000e+03 4.580000000000000000e+03 4.130000000000000000e+03
3.541987700000000000e+07 3.480000000000000000e+03 2.920000000000000000e+03 4.580000000000000000e+03 4.130000000000000000e+03
3.542008100000000000e+07 3.480000000000000000e+03 2.870000000000000000e+03 4.580000000000000000e+03 4.130000000000000000e+03
3.542028700000000000e+07 3.490000000000000000e+03 2.830000000000000000e+03 4.580000000000000000e+03 4.120000000000000000e+03
3.542049900000000000e+07 3.500000000000000000e+03 2.810000000000000000e+03 4.570000000000000000e+03 4.120000000000000000e+03
3.542070900000000000e+07 3.490000000000000000e+03 2.820000000000000000e+03 4.570000000000000000e+03 4.120000000000000000e+03
3.542091800000000000e+07 3.490000000000000000e+03 2.880000000000000000e+03 4.580000000000000000e+03 4.120000000000000000e+03
3.542111600000000000e+07 3.480000000000000000e+03 2.910000000000000000e+03 4.580000000000000000e+03 4.120000000000000000e+03
3.542132500000000000e+07 3.480000000000000000e+03 2.920000000000000000e+03 4.580000000000000000e+03 4.120000000000000000e+03
3.542153200000000000e+07 3.490000000000000000e+03 2.870000000000000000e+03 4.580000000000000000e+03 4.120000000000000000e+03
3.542175000000000000e+07 3.490000000000000000e+03 2.790000000000000000e+03 4.580000000000000000e+03 4.110000000000000000e+03
3.542194600000000000e+07 3.490000000000000000e+03 2.860000000000000000e+03 4.580000000000000000e+03 4.110000000000000000e+03
3.542216000000000000e+07 3.490000000000000000e+03 2.850000000000000000e+03 4.580000000000000000e+03 4.120000000000000000e+03
3.542237400000000000e+07 3.490000000000000000e+03 2.900000000000000000e+03 4.580000000000000000e+03 4.120000000000000000e+03
3.542257500000000000e+07 3.490000000000000000e+03 2.930000000000000000e+03 4.580000000000000000e+03 4.120000000000000000e+03
3.542278800000000000e+07 3.500000000000000000e+03 2.820000000000000000e+03 4.600000000000000000e+03 4.120000000000000000e+03
3.542299100000000000e+07 3.500000000000000000e+03 2.960000000000000000e+03 4.580000000000000000e+03 4.120000000000000000e+03
3.542318900000000000e+07 3.500000000000000000e+03 2.900000000000000000e+03 4.570000000000000000e+03 4.120000000000000000e+03
3.542338400000000000e+07 3.490000000000000000e+03 2.880000000000000000e+03 4.570000000000000000e+03 4.130000000000000000e+03
3.542359100000000000e+07 3.490000000000000000e+03 2.840000000000000000e+03 4.580000000000000000e+03 4.130000000000000000e+03
3.542381200000000000e+07 3.490000000000000000e+03 2.790000000000000000e+03 4.600000000000000000e+03 4.130000000000000000e+03
3.542401400000000000e+07 3.500000000000000000e+03 2.750000000000000000e+03 4.580000000000000000e+03 4.130000000000000000e+03
3.542422500000000000e+07 3.490000000000000000e+03 2.720000000000000000e+03 4.580000000000000000e+03 4.130000000000000000e+03
3.542442300000000000e+07 3.490000000000000000e+03 2.700000000000000000e+03 4.580000000000000000e+03 4.140000000000000000e+03
3.542463900000000000e+07 3.490000000000000000e+03 2.690000000000000000e+03 4.600000000000000000e+03 4.130000000000000000e+03
3.542483800000000000e+07 3.490000000000000000e+03 2.670000000000000000e+03 4.580000000000000000e+03 4.120000000000000000e+03
3.542505700000000000e+07 3.490000000000000000e+03 2.680000000000000000e+03 4.580000000000000000e+03 4.120000000000000000e+03
3.542525400000000000e+07 3.500000000000000000e+03 2.670000000000000000e+03 4.580000000000000000e+03 4.130000000000000000e+03
3.542546900000000000e+07 3.500000000000000000e+03 2.650000000000000000e+03 4.570000000000000000e+03 4.130000000000000000e+03
3.542566900000000000e+07 3.500000000000000000e+03 2.640000000000000000e+03 4.570000000000000000e+03 4.130000000000000000e+03
3.542589000000000000e+07 3.490000000000000000e+03 2.630000000000000000e+03 4.580000000000000000e+03 4.120000000000000000e+03
3.542609900000000000e+07 3.490000000000000000e+03 2.630000000000000000e+03 4.570000000000000000e+03 4.120000000000000000e+03
3.542630800000000000e+07 3.490000000000000000e+03 2.630000000000000000e+03 4.570000000000000000e+03 4.120000000000000000e+03
3.542651600000000000e+07 3.490000000000000000e+03 2.630000000000000000e+03 4.570000000000000000e+03 4.120000000000000000e+03
3.542670300000000000e+07 3.490000000000000000e+03 2.640000000000000000e+03 4.570000000000000000e+03 4.110000000000000000e+03
3.542690400000000000e+07 3.490000000000000000e+03 2.660000000000000000e+03 4.570000000000000000e+03 4.110000000000000000e+03
3.542711900000000000e+07 3.490000000000000000e+03 2.670000000000000000e+03 4.580000000000000000e+03 4.110000000000000000e+03
3.542733200000000000e+07 3.490000000000000000e+03 2.690000000000000000e+03 4.580000000000000000e+03 4.110000000000000000e+03
3.542752900000000000e+07 3.490000000000000000e+03 2.670000000000000000e+03 4.580000000000000000e+03 4.110000000000000000e+03
3.542774600000000000e+07 3.490000000000000000e+03 2.650000000000000000e+03 4.580000000000000000e+03 4.110000000000000000e+03
3.542795500000000000e+07 3.480000000000000000e+03 2.650000000000000000e+03 4.580000000000000000e+03 4.110000000000000000e+03
3.542815100000000000e+07 3.490000000000000000e+03 2.650000000000000000e+03 4.580000000000000000e+03 4.120000000000000000e+03
3.542836400000000000e+07 3.490000000000000000e+03 2.640000000000000000e+03 4.580000000000000000e+03 4.110000000000000000e+03
3.542857900000000000e+07 3.490000000000000000e+03 2.640000000000000000e+03 4.580000000000000000e+03 4.120000000000000000e+03
3.542878700000000000e+07 3.490000000000000000e+03 2.640000000000000000e+03 4.580000000000000000e+03 4.130000000000000000e+03
3.542899200000000000e+07 3.490000000000000000e+03 2.640000000000000000e+03 4.580000000000000000e+03 4.130000000000000000e+03
3.542920300000000000e+07 3.490000000000000000e+03 2.670000000000000000e+03 4.580000000000000000e+03 4.140000000000000000e+03
3.542940400000000000e+07 3.480000000000000000e+03 2.680000000000000000e+03 4.600000000000000000e+03 4.140000000000000000e+03
3.543022700000000000e+07 3.500000000000000000e+03 2.800000000000000000e+03 4.600000000000000000e+03 4.140000000000000000e+03
3.543043400000000000e+07 3.500000000000000000e+03 2.840000000000000000e+03 4.600000000000000000e+03 4.130000000000000000e+03
3.543064300000000000e+07 3.490000000000000000e+03 2.910000000000000000e+03 4.600000000000000000e+03 4.130000000000000000e+03
3.543084800000000000e+07 3.490000000000000000e+03 2.960000000000000000e+03 4.600000000000000000e+03 4.120000000000000000e+03
3.543105900000000000e+07 3.500000000000000000e+03 2.940000000000000000e+03 4.600000000000000000e+03 4.120000000000000000e+03
3.543126700000000000e+07 3.500000000000000000e+03 2.930000000000000000e+03 4.580000000000000000e+03 4.120000000000000000e+03
3.543146600000000000e+07 3.490000000000000000e+03 2.940000000000000000e+03 4.600000000000000000e+03 4.110000000000000000e+03
3.543168300000000000e+07 3.490000000000000000e+03 2.950000000000000000e+03 4.580000000000000000e+03 4.110000000000000000e+03
3.543189000000000000e+07 3.480000000000000000e+03 2.960000000000000000e+03 4.580000000000000000e+03 4.120000000000000000e+03
3.543209800000000000e+07 3.490000000000000000e+03 2.960000000000000000e+03 4.580000000000000000e+03 4.110000000000000000e+03
3.543230100000000000e+07 3.490000000000000000e+03 2.940000000000000000e+03 4.580000000000000000e+03 4.110000000000000000e+03
3.543251300000000000e+07 3.490000000000000000e+03 2.920000000000000000e+03 4.580000000000000000e+03 4.120000000000000000e+03
3.543272200000000000e+07 3.480000000000000000e+03 2.910000000000000000e+03 4.580000000000000000e+03 4.130000000000000000e+03
3.543293000000000000e+07 3.470000000000000000e+03 2.900000000000000000e+03 4.580000000000000000e+03 4.120000000000000000e+03
3.543313800000000000e+07 3.470000000000000000e+03 2.900000000000000000e+03 4.570000000000000000e+03 4.120000000000000000e+03
3.543333100000000000e+07 3.470000000000000000e+03 2.890000000000000000e+03 4.570000000000000000e+03 4.130000000000000000e+03
3.543353300000000000e+07 3.470000000000000000e+03 2.890000000000000000e+03 4.570000000000000000e+03 4.120000000000000000e+03
3.543373500000000000e+07 3.480000000000000000e+03 2.890000000000000000e+03 4.570000000000000000e+03 4.120000000000000000e+03
3.543395100000000000e+07 3.480000000000000000e+03 2.870000000000000000e+03 4.570000000000000000e+03 4.120000000000000000e+03
3.543416200000000000e+07 3.480000000000000000e+03 2.850000000000000000e+03 4.570000000000000000e+03 4.120000000000000000e+03
3.543437000000000000e+07 3.480000000000000000e+03 2.860000000000000000e+03 4.570000000000000000e+03 4.130000000000000000e+03
3.543457300000000000e+07 3.490000000000000000e+03 2.870000000000000000e+03 4.570000000000000000e+03 4.130000000000000000e+03
3.543478500000000000e+07 3.480000000000000000e+03 2.870000000000000000e+03 4.570000000000000000e+03 4.130000000000000000e+03
3.543499500000000000e+07 3.490000000000000000e+03 2.870000000000000000e+03 4.570000000000000000e+03 4.120000000000000000e+03
3.543519100000000000e+07 3.480000000000000000e+03 2.870000000000000000e+03 4.570000000000000000e+03 4.120000000000000000e+03
3.543541200000000000e+07 3.480000000000000000e+03 2.870000000000000000e+03 4.580000000000000000e+03 4.120000000000000000e+03
3.543561800000000000e+07 3.480000000000000000e+03 2.870000000000000000e+03 4.580000000000000000e+03 4.120000000000000000e+03
3.543581300000000000e+07 3.490000000000000000e+03 2.880000000000000000e+03 4.600000000000000000e+03 4.120000000000000000e+03
3.543603400000000000e+07 3.490000000000000000e+03 2.870000000000000000e+03 4.600000000000000000e+03 4.130000000000000000e+03
3.543624200000000000e+07 3.500000000000000000e+03 2.880000000000000000e+03 4.580000000000000000e+03 4.130000000000000000e+03
3.543644700000000000e+07 3.500000000000000000e+03 2.890000000000000000e+03 4.580000000000000000e+03 4.130000000000000000e+03
3.543665700000000000e+07 3.500000000000000000e+03 2.900000000000000000e+03 4.570000000000000000e+03 4.120000000000000000e+03
3.543684600000000000e+07 3.500000000000000000e+03 2.920000000000000000e+03 4.570000000000000000e+03 4.120000000000000000e+03
3.543714100000000000e+07 3.500000000000000000e+03 2.890000000000000000e+03 4.570000000000000000e+03 4.130000000000000000e+03
3.543726500000000000e+07 3.490000000000000000e+03 2.850000000000000000e+03 4.570000000000000000e+03 4.140000000000000000e+03
3.543747600000000000e+07 3.490000000000000000e+03 2.820000000000000000e+03 4.570000000000000000e+03 4.140000000000000000e+03
3.543768200000000000e+07 3.490000000000000000e+03 2.790000000000000000e+03 4.580000000000000000e+03 4.140000000000000000e+03
3.543789100000000000e+07 3.490000000000000000e+03 2.770000000000000000e+03 4.580000000000000000e+03 4.130000000000000000e+03
3.543809600000000000e+07 3.490000000000000000e+03 2.750000000000000000e+03 4.580000000000000000e+03 4.120000000000000000e+03
3.543829200000000000e+07 3.490000000000000000e+03 2.740000000000000000e+03 4.580000000000000000e+03 4.120000000000000000e+03
3.543851200000000000e+07 3.490000000000000000e+03 2.720000000000000000e+03 4.580000000000000000e+03 4.120000000000000000e+03
3.543871100000000000e+07 3.490000000000000000e+03 2.750000000000000000e+03 4.580000000000000000e+03 4.120000000000000000e+03
3.543893000000000000e+07 3.490000000000000000e+03 2.810000000000000000e+03 4.580000000000000000e+03 4.130000000000000000e+03
3.543913100000000000e+07 3.490000000000000000e+03 2.870000000000000000e+03 4.580000000000000000e+03 4.130000000000000000e+03
3.543934000000000000e+07 3.480000000000000000e+03 2.920000000000000000e+03 4.580000000000000000e+03 4.120000000000000000e+03
3.543954700000000000e+07 3.490000000000000000e+03 2.950000000000000000e+03 4.580000000000000000e+03 4.120000000000000000e+03
3.543976100000000000e+07 3.490000000000000000e+03 2.960000000000000000e+03 4.580000000000000000e+03 4.110000000000000000e+03
3.543996700000000000e+07 3.490000000000000000e+03 2.930000000000000000e+03 4.600000000000000000e+03 4.110000000000000000e+03
3.544017600000000000e+07 3.490000000000000000e+03 2.930000000000000000e+03 4.600000000000000000e+03 4.110000000000000000e+03
3.544036100000000000e+07 3.490000000000000000e+03 2.910000000000000000e+03 4.600000000000000000e+03 4.120000000000000000e+03
3.544056600000000000e+07 3.490000000000000000e+03 2.910000000000000000e+03 4.600000000000000000e+03 4.120000000000000000e+03
3.544078400000000000e+07 3.480000000000000000e+03 2.900000000000000000e+03 4.580000000000000000e+03 4.120000000000000000e+03
3.544098600000000000e+07 3.470000000000000000e+03 2.880000000000000000e+03 4.580000000000000000e+03 4.120000000000000000e+03
3.544120000000000000e+07 3.470000000000000000e+03 2.880000000000000000e+03 4.600000000000000000e+03 4.120000000000000000e+03
3.544139900000000000e+07 3.480000000000000000e+03 2.900000000000000000e+03 4.600000000000000000e+03 4.120000000000000000e+03
3.544161300000000000e+07 3.490000000000000000e+03 2.930000000000000000e+03 4.600000000000000000e+03 4.120000000000000000e+03
3.544181800000000000e+07 3.480000000000000000e+03 2.960000000000000000e+03 4.580000000000000000e+03 4.120000000000000000e+03
