9.085185700000000000e+07 2.040000000000000000e+03 4.760000000000000000e+03 3.610000000000000000e+03 5.620000000000000000e+03
9.085206500000000000e+07 2.090000000000000000e+03 4.760000000000000000e+03 3.620000000000000000e+03 5.610000000000000000e+03
9.085227200000000000e+07 2.050000000000000000e+03 4.760000000000000000e+03 3.620000000000000000e+03 5.610000000000000000e+03
9.085248100000000000e+07 2.100000000000000000e+03 4.760000000000000000e+03 3.620000000000000000e+03 5.610000000000000000e+03
9.085268800000000000e+07 2.100000000000000000e+03 4.760000000000000000e+03 3.600000000000000000e+03 5.610000000000000000e+03
9.085289600000000000e+07 2.090000000000000000e+03 4.760000000000000000e+03 3.600000000000000000e+03 5.620000000000000000e+03
9.085310500000000000e+07 2.030000000000000000e+03 4.760000000000000000e+03 3.590000000000000000e+03 5.620000000000000000e+03
9.085331300000000000e+07 2.030000000000000000e+03 4.760000000000000000e+03 3.590000000000000000e+03 5.620000000000000000e+03
9.085352100000000000e+07 2.040000000000000000e+03 4.750000000000000000e+03 3.600000000000000000e+03 5.610000000000000000e+03
9.085372800000000000e+07 2.050000000000000000e+03 4.760000000000000000e+03 3.600000000000000000e+03 5.610000000000000000e+03
9.085392000000000000e+07 2.070000000000000000e+03 4.760000000000000000e+03 3.600000000000000000e+03 5.610000000000000000e+03
9.085412800000000000e+07 2.070000000000000000e+03 4.760000000000000000e+03 3.600000000000000000e+03 5.610000000000000000e+03
9.085433600000000000e+07 2.060000000000000000e+03 4.760000000000000000e+03 3.600000000000000000e+03 5.620000000000000000e+03
9.085454400000000000e+07 2.090000000000000000e+03 4.760000000000000000e+03 3.600000000000000000e+03 5.620000000000000000e+03
9.085475200000000000e+07 2.050000000000000000e+03 4.760000000000000000e+03 3.610000000000000000e+03 5.620000000000000000e+03
9.085496000000000000e+07 2.040000000000000000e+03 4.760000000000000000e+03 3.610000000000000000e+03 5.620000000000000000e+03
9.085516800000000000e+07 2.020000000000000000e+03 4.760000000000000000e+03 3.620000000000000000e+03 5.610000000000000000e+03
9.085537500000000000e+07 2.070000000000000000e+03 4.760000000000000000e+03 3.620000000000000000e+03 5.610000000000000000e+03
9.085558400000000000e+07 2.080000000000000000e+03 4.770000000000000000e+03 3.620000000000000000e+03 5.610000000000000000e+03
9.085579200000000000e+07 2.040000000000000000e+03 4.770000000000000000e+03 3.620000000000000000e+03 5.610000000000000000e+03
9.085600000000000000e+07 2.100000000000000000e+03 4.770000000000000000e+03 3.620000000000000000e+03 5.620000000000000000e+03
9.085620800000000000e+07 2.030000000000000000e+03 4.770000000000000000e+03 3.610000000000000000e+03 5.610000000000000000e+03
9.085641600000000000e+07 2.050000000000000000e+03 4.780000000000000000e+03 3.620000000000000000e+03 5.610000000000000000e+03
9.085662400000000000e+07 2.090000000000000000e+03 4.770000000000000000e+03 3.620000000000000000e+03 5.610000000000000000e+03
9.085683200000000000e+07 2.030000000000000000e+03 4.770000000000000000e+03 3.620000000000000000e+03 5.610000000000000000e+03
9.085704000000000000e+07 2.070000000000000000e+03 4.770000000000000000e+03 3.610000000000000000e+03 5.610000000000000000e+03
9.085723200000000000e+07 2.110000000000000000e+03 4.770000000000000000e+03 3.610000000000000000e+03 5.610000000000000000e+03
9.085744000000000000e+07 2.100000000000000000e+03 4.760000000000000000e+03 3.600000000000000000e+03 5.600000000000000000e+03
9.085764700000000000e+07 2.050000000000000000e+03 4.760000000000000000e+03 3.610000000000000000e+03 5.610000000000000000e+03
9.085785600000000000e+07 2.040000000000000000e+03 4.760000000000000000e+03 3.600000000000000000e+03 5.610000000000000000e+03
9.085806400000000000e+07 2.010000000000000000e+03 4.760000000000000000e+03 3.600000000000000000e+03 5.610000000000000000e+03
9.085827100000000000e+07 2.010000000000000000e+03 4.760000000000000000e+03 3.600000000000000000e+03 5.600000000000000000e+03
9.085847900000000000e+07 2.010000000000000000e+03 4.770000000000000000e+03 3.610000000000000000e+03 5.600000000000000000e+03
9.085868700000000000e+07 2.050000000000000000e+03 4.770000000000000000e+03 3.610000000000000000e+03 5.600000000000000000e+03
9.085889500000000000e+07 2.030000000000000000e+03 4.770000000000000000e+03 3.610000000000000000e+03 5.610000000000000000e+03
9.085910300000000000e+07 2.010000000000000000e+03 4.760000000000000000e+03 3.610000000000000000e+03 5.620000000000000000e+03
9.085931000000000000e+07 2.000000000000000000e+03 4.760000000000000000e+03 3.610000000000000000e+03 5.630000000000000000e+03
9.085951900000000000e+07 2.000000000000000000e+03 4.770000000000000000e+03 3.610000000000000000e+03 5.620000000000000000e+03
9.085972700000000000e+07 2.040000000000000000e+03 4.770000000000000000e+03 3.610000000000000000e+03 5.620000000000000000e+03
9.085993500000000000e+07 2.040000000000000000e+03 4.770000000000000000e+03 3.610000000000000000e+03 5.620000000000000000e+03
9.090014200000000000e+07 2.000000000000000000e+03 4.770000000000000000e+03 3.610000000000000000e+03 5.620000000000000000e+03
9.090035100000000000e+07 2.060000000000000000e+03 4.760000000000000000e+03 3.600000000000000000e+03 5.620000000000000000e+03
9.090055800000000000e+07 2.000000000000000000e+03 4.760000000000000000e+03 3.600000000000000000e+03 5.630000000000000000e+03
9.090076700000000000e+07 2.000000000000000000e+03 4.770000000000000000e+03 3.590000000000000000e+03 5.620000000000000000e+03
9.090097400000000000e+07 2.070000000000000000e+03 4.770000000000000000e+03 3.600000000000000000e+03 5.610000000000000000e+03
9.090118200000000000e+07 2.010000000000000000e+03 4.770000000000000000e+03 3.600000000000000000e+03 5.610000000000000000e+03
9.090139000000000000e+07 2.010000000000000000e+03 4.770000000000000000e+03 3.590000000000000000e+03 5.610000000000000000e+03
9.090159800000000000e+07 2.020000000000000000e+03 4.760000000000000000e+03 3.600000000000000000e+03 5.620000000000000000e+03
9.090180700000000000e+07 2.040000000000000000e+03 4.760000000000000000e+03 3.600000000000000000e+03 5.630000000000000000e+03
9.090201400000000000e+07 2.020000000000000000e+03 4.760000000000000000e+03 3.600000000000000000e+03 5.630000000000000000e+03
9.090222200000000000e+07 2.060000000000000000e+03 4.760000000000000000e+03 3.610000000000000000e+03 5.620000000000000000e+03
9.090243000000000000e+07 2.030000000000000000e+03 4.760000000000000000e+03 3.610000000000000000e+03 5.630000000000000000e+03
9.090263800000000000e+07 2.050000000000000000e+03 4.760000000000000000e+03 3.610000000000000000e+03 5.620000000000000000e+03
9.090284600000000000e+07 2.080000000000000000e+03 4.760000000000000000e+03 3.600000000000000000e+03 5.620000000000000000e+03
9.090305400000000000e+07 2.070000000000000000e+03 4.770000000000000000e+03 3.600000000000000000e+03 5.620000000000000000e+03
9.090326200000000000e+07 2.070000000000000000e+03 4.770000000000000000e+03 3.600000000000000000e+03 5.620000000000000000e+03
9.090347000000000000e+07 2.040000000000000000e+03 4.770000000000000000e+03 3.600000000000000000e+03 5.620000000000000000e+03
9.090367800000000000e+07 2.040000000000000000e+03 4.770000000000000000e+03 3.600000000000000000e+03 5.610000000000000000e+03
9.090388600000000000e+07 2.070000000000000000e+03 4.770000000000000000e+03 3.600000000000000000e+03 5.610000000000000000e+03
9.090409400000000000e+07 2.070000000000000000e+03 4.770000000000000000e+03 3.600000000000000000e+03 5.620000000000000000e+03
9.090430200000000000e+07 2.060000000000000000e+03 4.770000000000000000e+03 3.600000000000000000e+03 5.610000000000000000e+03
9.090451000000000000e+07 2.020000000000000000e+03 4.770000000000000000e+03 3.610000000000000000e+03 5.620000000000000000e+03
9.090471800000000000e+07 2.020000000000000000e+03 4.770000000000000000e+03 3.600000000000000000e+03 5.620000000000000000e+03
9.090492600000000000e+07 2.080000000000000000e+03 4.770000000000000000e+03 3.610000000000000000e+03 5.630000000000000000e+03
9.090513400000000000e+07 2.100000000000000000e+03 4.760000000000000000e+03 3.610000000000000000e+03 5.630000000000000000e+03
9.090534100000000000e+07 2.060000000000000000e+03 4.760000000000000000e+03 3.610000000000000000e+03 5.630000000000000000e+03
9.090555000000000000e+07 2.040000000000000000e+03 4.760000000000000000e+03 3.610000000000000000e+03 5.620000000000000000e+03
9.090575800000000000e+07 2.100000000000000000e+03 4.760000000000000000e+03 3.600000000000000000e+03 5.620000000000000000e+03
9.090596600000000000e+07 2.040000000000000000e+03 4.760000000000000000e+03 3.600000000000000000e+03 5.620000000000000000e+03
9.090617400000000000e+07 2.050000000000000000e+03 4.760000000000000000e+03 3.600000000000000000e+03 5.620000000000000000e+03
9.090638100000000000e+07 2.030000000000000000e+03 4.760000000000000000e+03 3.600000000000000000e+03 5.630000000000000000e+03
9.090658900000000000e+07 2.100000000000000000e+03 4.760000000000000000e+03 3.600000000000000000e+03 5.620000000000000000e+03
9.090679700000000000e+07 2.100000000000000000e+03 4.760000000000000000e+03 3.600000000000000000e+03 5.610000000000000000e+03
9.090700500000000000e+07 2.040000000000000000e+03 4.760000000000000000e+03 3.610000000000000000e+03 5.620000000000000000e+03
9.090719700000000000e+07 2.060000000000000000e+03 4.760000000000000000e+03 3.610000000000000000e+03 5.620000000000000000e+03
9.090740500000000000e+07 2.040000000000000000e+03 4.770000000000000000e+03 3.600000000000000000e+03 5.610000000000000000e+03
9.090761300000000000e+07 2.070000000000000000e+03 4.760000000000000000e+03 3.600000000000000000e+03 5.610000000000000000e+03
9.090782100000000000e+07 2.040000000000000000e+03 4.760000000000000000e+03 3.600000000000000000e+03 5.620000000000000000e+03
9.090802900000000000e+07 2.020000000000000000e+03 4.760000000000000000e+03 3.600000000000000000e+03 5.620000000000000000e+03
9.090823700000000000e+07 2.020000000000000000e+03 4.760000000000000000e+03 3.600000000000000000e+03 5.620000000000000000e+03
9.090844500000000000e+07 2.020000000000000000e+03 4.760000000000000000e+03 3.610000000000000000e+03 5.630000000000000000e+03
9.090865300000000000e+07 2.080000000000000000e+03 4.760000000000000000e+03 3.600000000000000000e+03 5.620000000000000000e+03
9.090886100000000000e+07 2.080000000000000000e+03 4.750000000000000000e+03 3.600000000000000000e+03 5.620000000000000000e+03
9.090906900000000000e+07 2.050000000000000000e+03 4.750000000000000000e+03 3.600000000000000000e+03 5.620000000000000000e+03
9.090927700000000000e+07 2.060000000000000000e+03 4.760000000000000000e+03 3.610000000000000000e+03 5.620000000000000000e+03
9.090948500000000000e+07 2.040000000000000000e+03 4.760000000000000000e+03 3.610000000000000000e+03 5.620000000000000000e+03
9.090969200000000000e+07 2.080000000000000000e+03 4.760000000000000000e+03 3.610000000000000000e+03 5.640000000000000000e+03
9.090990000000000000e+07 2.020000000000000000e+03 4.760000000000000000e+03 3.610000000000000000e+03 5.640000000000000000e+03
9.091010900000000000e+07 2.040000000000000000e+03 4.760000000000000000e+03 3.610000000000000000e+03 5.640000000000000000e+03
9.091031700000000000e+07 2.020000000000000000e+03 4.760000000000000000e+03 3.610000000000000000e+03 5.630000000000000000e+03
9.091052500000000000e+07 2.020000000000000000e+03 4.770000000000000000e+03 3.610000000000000000e+03 5.630000000000000000e+03
9.091073200000000000e+07 2.050000000000000000e+03 4.770000000000000000e+03 3.600000000000000000e+03 5.620000000000000000e+03
9.091094100000000000e+07 2.020000000000000000e+03 4.770000000000000000e+03 3.610000000000000000e+03 5.630000000000000000e+03
9.091114800000000000e+07 2.090000000000000000e+03 4.760000000000000000e+03 3.610000000000000000e+03 5.630000000000000000e+03
9.091135600000000000e+07 2.020000000000000000e+03 4.760000000000000000e+03 3.610000000000000000e+03 5.630000000000000000e+03
9.091156400000000000e+07 1.560000000000000000e+03 5.280000000000000000e+03 3.600000000000000000e+03 5.620000000000000000e+03
9.091177200000000000e+07 1.570000000000000000e+03 5.260000000000000000e+03 3.600000000000000000e+03 5.610000000000000000e+03
9.091198000000000000e+07 1.570000000000000000e+03 5.220000000000000000e+03 3.620000000000000000e+03 5.600000000000000000e+03
9.091218800000000000e+07 1.580000000000000000e+03 5.280000000000000000e+03 3.620000000000000000e+03 5.620000000000000000e+03
9.091238000000000000e+07 1.580000000000000000e+03 5.280000000000000000e+03 3.610000000000000000e+03 5.620000000000000000e+03
9.091258800000000000e+07 1.570000000000000000e+03 5.220000000000000000e+03 3.610000000000000000e+03 5.620000000000000000e+03
9.091279600000000000e+07 1.570000000000000000e+03 5.290000000000000000e+03 3.610000000000000000e+03 5.610000000000000000e+03
9.091300400000000000e+07 1.570000000000000000e+03 5.260000000000000000e+03 3.610000000000000000e+03 5.620000000000000000e+03
9.091321100000000000e+07 1.570000000000000000e+03 5.260000000000000000e+03 3.600000000000000000e+03 5.620000000000000000e+03
9.091342000000000000e+07 1.570000000000000000e+03 5.220000000000000000e+03 3.600000000000000000e+03 5.620000000000000000e+03
9.091362800000000000e+07 1.570000000000000000e+03 5.260000000000000000e+03 3.590000000000000000e+03 5.620000000000000000e+03
9.091383600000000000e+07 1.560000000000000000e+03 5.260000000000000000e+03 3.600000000000000000e+03 5.620000000000000000e+03
9.091404300000000000e+07 1.560000000000000000e+03 5.220000000000000000e+03 3.600000000000000000e+03 5.620000000000000000e+03
9.091425100000000000e+07 1.550000000000000000e+03 5.240000000000000000e+03 3.610000000000000000e+03 5.620000000000000000e+03
9.091446000000000000e+07 1.560000000000000000e+03 5.240000000000000000e+03 3.610000000000000000e+03 5.620000000000000000e+03
9.091466700000000000e+07 1.560000000000000000e+03 5.280000000000000000e+03 3.610000000000000000e+03 5.620000000000000000e+03
9.091487500000000000e+07 1.560000000000000000e+03 5.260000000000000000e+03 3.610000000000000000e+03 5.620000000000000000e+03
9.091508400000000000e+07 1.570000000000000000e+03 5.240000000000000000e+03 3.610000000000000000e+03 5.630000000000000000e+03
9.091529100000000000e+07 1.570000000000000000e+03 5.260000000000000000e+03 3.600000000000000000e+03 5.630000000000000000e+03
9.091549900000000000e+07 1.570000000000000000e+03 5.230000000000000000e+03 3.600000000000000000e+03 5.640000000000000000e+03
9.091570700000000000e+07 1.560000000000000000e+03 5.270000000000000000e+03 3.600000000000000000e+03 5.630000000000000000e+03
9.091591500000000000e+07 1.570000000000000000e+03 5.230000000000000000e+03 3.600000000000000000e+03 5.620000000000000000e+03
9.091612200000000000e+07 1.570000000000000000e+03 5.230000000000000000e+03 3.590000000000000000e+03 5.620000000000000000e+03
9.091633100000000000e+07 1.570000000000000000e+03 5.280000000000000000e+03 3.590000000000000000e+03 5.620000000000000000e+03
9.091653800000000000e+07 1.570000000000000000e+03 5.220000000000000000e+03 3.590000000000000000e+03 5.620000000000000000e+03
9.091674700000000000e+07 1.560000000000000000e+03 5.240000000000000000e+03 3.600000000000000000e+03 5.620000000000000000e+03
9.091695500000000000e+07 1.560000000000000000e+03 5.220000000000000000e+03 3.600000000000000000e+03 5.620000000000000000e+03
9.091716300000000000e+07 1.560000000000000000e+03 5.250000000000000000e+03 3.600000000000000000e+03 5.610000000000000000e+03
9.091737100000000000e+07 1.570000000000000000e+03 5.240000000000000000e+03 3.590000000000000000e+03 5.620000000000000000e+03
9.091757900000000000e+07 1.570000000000000000e+03 5.220000000000000000e+03 3.590000000000000000e+03 5.620000000000000000e+03
9.091778700000000000e+07 1.570000000000000000e+03 5.220000000000000000e+03 3.590000000000000000e+03 5.620000000000000000e+03
9.091799500000000000e+07 1.570000000000000000e+03 5.280000000000000000e+03 3.590000000000000000e+03 5.610000000000000000e+03
9.091820300000000000e+07 1.570000000000000000e+03 5.240000000000000000e+03 3.610000000000000000e+03 5.610000000000000000e+03
9.091841000000000000e+07 1.570000000000000000e+03 5.250000000000000000e+03 3.610000000000000000e+03 5.610000000000000000e+03
9.091861900000000000e+07 1.560000000000000000e+03 5.230000000000000000e+03 3.610000000000000000e+03 5.620000000000000000e+03
9.091882600000000000e+07 1.560000000000000000e+03 5.250000000000000000e+03 3.610000000000000000e+03 5.620000000000000000e+03
9.091903500000000000e+07 1.560000000000000000e+03 5.270000000000000000e+03 3.610000000000000000e+03 5.630000000000000000e+03
9.091924200000000000e+07 1.550000000000000000e+03 5.220000000000000000e+03 3.610000000000000000e+03 5.620000000000000000e+03
9.091945000000000000e+07 1.550000000000000000e+03 5.260000000000000000e+03 3.600000000000000000e+03 5.630000000000000000e+03
9.091965800000000000e+07 1.550000000000000000e+03 5.240000000000000000e+03 3.590000000000000000e+03 5.630000000000000000e+03
9.091986600000000000e+07 1.560000000000000000e+03 5.240000000000000000e+03 3.590000000000000000e+03 5.620000000000000000e+03
9.092007400000000000e+07 1.550000000000000000e+03 5.220000000000000000e+03 3.590000000000000000e+03 5.630000000000000000e+03
9.092028200000000000e+07 1.560000000000000000e+03 5.230000000000000000e+03 3.600000000000000000e+03 5.620000000000000000e+03
9.092049000000000000e+07 1.570000000000000000e+03 5.270000000000000000e+03 3.600000000000000000e+03 5.620000000000000000e+03
9.092069800000000000e+07 1.570000000000000000e+03 5.270000000000000000e+03 3.600000000000000000e+03 5.610000000000000000e+03
9.092090600000000000e+07 1.570000000000000000e+03 5.210000000000000000e+03 3.610000000000000000e+03 5.620000000000000000e+03
9.092109800000000000e+07 1.550000000000000000e+03 5.280000000000000000e+03 3.610000000000000000e+03 5.620000000000000000e+03
9.092130600000000000e+07 1.560000000000000000e+03 5.240000000000000000e+03 3.610000000000000000e+03 5.630000000000000000e+03
9.092151400000000000e+07 1.560000000000000000e+03 5.240000000000000000e+03 3.610000000000000000e+03 5.630000000000000000e+03
9.092172200000000000e+07 1.580000000000000000e+03 5.240000000000000000e+03 3.610000000000000000e+03 5.620000000000000000e+03
9.092193000000000000e+07 1.590000000000000000e+03 5.220000000000000000e+03 3.600000000000000000e+03 5.620000000000000000e+03
9.092213800000000000e+07 1.580000000000000000e+03 5.280000000000000000e+03 3.600000000000000000e+03 5.620000000000000000e+03
9.092234600000000000e+07 1.580000000000000000e+03 5.240000000000000000e+03 3.600000000000000000e+03 5.610000000000000000e+03
9.092255400000000000e+07 1.570000000000000000e+03 5.240000000000000000e+03 3.600000000000000000e+03 5.620000000000000000e+03
9.092276200000000000e+07 1.570000000000000000e+03 5.240000000000000000e+03 3.600000000000000000e+03 5.620000000000000000e+03
9.092297000000000000e+07 1.560000000000000000e+03 5.220000000000000000e+03 3.590000000000000000e+03 5.620000000000000000e+03
9.092317700000000000e+07 1.550000000000000000e+03 5.240000000000000000e+03 3.590000000000000000e+03 5.630000000000000000e+03
9.092338500000000000e+07 1.570000000000000000e+03 5.260000000000000000e+03 3.600000000000000000e+03 5.630000000000000000e+03
9.092359400000000000e+07 1.570000000000000000e+03 5.280000000000000000e+03 3.600000000000000000e+03 5.620000000000000000e+03
9.092380100000000000e+07 1.560000000000000000e+03 5.220000000000000000e+03 3.610000000000000000e+03 5.620000000000000000e+03
9.092400900000000000e+07 1.560000000000000000e+03 5.280000000000000000e+03 3.610000000000000000e+03 5.620000000000000000e+03
9.092421700000000000e+07 1.560000000000000000e+03 5.220000000000000000e+03 3.620000000000000000e+03 5.610000000000000000e+03
9.092442500000000000e+07 1.560000000000000000e+03 5.240000000000000000e+03 3.620000000000000000e+03 5.620000000000000000e+03
9.092463300000000000e+07 1.560000000000000000e+03 5.240000000000000000e+03 3.610000000000000000e+03 5.610000000000000000e+03
9.092484100000000000e+07 1.560000000000000000e+03 5.270000000000000000e+03 3.600000000000000000e+03 5.610000000000000000e+03
9.092504900000000000e+07 1.560000000000000000e+03 5.260000000000000000e+03 3.600000000000000000e+03 5.610000000000000000e+03
9.092525700000000000e+07 1.560000000000000000e+03 5.240000000000000000e+03 3.600000000000000000e+03 5.630000000000000000e+03
9.092546400000000000e+07 1.560000000000000000e+03 5.270000000000000000e+03 3.600000000000000000e+03 5.630000000000000000e+03
9.092567300000000000e+07 1.570000000000000000e+03 5.210000000000000000e+03 3.600000000000000000e+03 5.620000000000000000e+03
9.092588100000000000e+07 1.570000000000000000e+03 5.210000000000000000e+03 3.600000000000000000e+03 5.620000000000000000e+03
9.092608900000000000e+07 1.560000000000000000e+03 5.210000000000000000e+03 3.610000000000000000e+03 5.620000000000000000e+03
9.092629600000000000e+07 1.570000000000000000e+03 5.270000000000000000e+03 3.610000000000000000e+03 5.620000000000000000e+03
9.092650500000000000e+07 1.580000000000000000e+03 5.270000000000000000e+03 3.610000000000000000e+03 5.620000000000000000e+03
9.092669600000000000e+07 1.570000000000000000e+03 5.210000000000000000e+03 3.610000000000000000e+03 5.630000000000000000e+03
9.092690500000000000e+07 1.570000000000000000e+03 5.260000000000000000e+03 3.610000000000000000e+03 5.630000000000000000e+03
9.092711300000000000e+07 1.570000000000000000e+03 5.290000000000000000e+03 3.620000000000000000e+03 5.630000000000000000e+03
9.092732000000000000e+07 1.580000000000000000e+03 5.290000000000000000e+03 3.620000000000000000e+03 5.630000000000000000e+03
9.092752800000000000e+07 1.580000000000000000e+03 5.230000000000000000e+03 3.610000000000000000e+03 5.620000000000000000e+03
9.092773600000000000e+07 1.570000000000000000e+03 5.230000000000000000e+03 3.610000000000000000e+03 5.630000000000000000e+03
9.092794400000000000e+07 1.570000000000000000e+03 5.240000000000000000e+03 3.610000000000000000e+03 5.630000000000000000e+03
9.092815300000000000e+07 1.570000000000000000e+03 5.280000000000000000e+03 3.610000000000000000e+03 5.630000000000000000e+03
9.092836000000000000e+07 1.590000000000000000e+03 5.240000000000000000e+03 3.600000000000000000e+03 5.620000000000000000e+03
9.092856800000000000e+07 1.600000000000000000e+03 5.280000000000000000e+03 3.600000000000000000e+03 5.620000000000000000e+03
9.092877600000000000e+07 1.590000000000000000e+03 5.270000000000000000e+03 3.600000000000000000e+03 5.620000000000000000e+03
9.092898400000000000e+07 1.590000000000000000e+03 5.270000000000000000e+03 3.610000000000000000e+03 5.620000000000000000e+03
9.092919200000000000e+07 1.600000000000000000e+03 5.260000000000000000e+03 3.610000000000000000e+03 5.610000000000000000e+03
9.092940000000000000e+07 1.600000000000000000e+03 5.240000000000000000e+03 3.600000000000000000e+03 5.620000000000000000e+03
9.092960800000000000e+07 1.600000000000000000e+03 5.240000000000000000e+03 3.610000000000000000e+03 5.620000000000000000e+03
9.092981500000000000e+07 1.580000000000000000e+03 5.300000000000000000e+03 3.620000000000000000e+03 5.620000000000000000e+03
9.093002400000000000e+07 1.590000000000000000e+03 5.230000000000000000e+03 3.610000000000000000e+03 5.620000000000000000e+03
9.093021600000000000e+07 1.590000000000000000e+03 5.230000000000000000e+03 3.620000000000000000e+03 5.620000000000000000e+03
9.093042600000000000e+07 1.590000000000000000e+03 5.280000000000000000e+03 3.620000000000000000e+03 5.620000000000000000e+03
9.093063200000000000e+07 1.610000000000000000e+03 5.220000000000000000e+03 3.610000000000000000e+03 5.620000000000000000e+03
9.093084000000000000e+07 1.610000000000000000e+03 5.240000000000000000e+03 3.610000000000000000e+03 5.620000000000000000e+03
9.093104800000000000e+07 1.610000000000000000e+03 5.280000000000000000e+03 3.610000000000000000e+03 5.620000000000000000e+03
9.093125600000000000e+07 1.610000000000000000e+03 5.230000000000000000e+03 3.600000000000000000e+03 5.620000000000000000e+03
9.093146400000000000e+07 1.600000000000000000e+03 5.240000000000000000e+03 3.600000000000000000e+03 5.620000000000000000e+03
9.093167200000000000e+07 1.600000000000000000e+03 5.280000000000000000e+03 3.600000000000000000e+03 5.620000000000000000e+03
