9.574672500000000000e+07 4.500000000000000000e+03 4.700000000000000000e+03 2.630000000000000000e+03 3.280000000000000000e+03
9.574693200000000000e+07 4.500000000000000000e+03 4.700000000000000000e+03 2.640000000000000000e+03 3.280000000000000000e+03
9.574714000000000000e+07 4.500000000000000000e+03 4.700000000000000000e+03 2.640000000000000000e+03 3.280000000000000000e+03
9.574734800000000000e+07 4.520000000000000000e+03 4.700000000000000000e+03 2.640000000000000000e+03 3.280000000000000000e+03
9.574755600000000000e+07 4.470000000000000000e+03 4.700000000000000000e+03 2.640000000000000000e+03 3.280000000000000000e+03
9.574776400000000000e+07 4.470000000000000000e+03 4.700000000000000000e+03 2.640000000000000000e+03 3.290000000000000000e+03
9.574795600000000000e+07 4.480000000000000000e+03 4.700000000000000000e+03 2.650000000000000000e+03 3.290000000000000000e+03
9.574816400000000000e+07 4.540000000000000000e+03 4.710000000000000000e+03 2.650000000000000000e+03 3.290000000000000000e+03
9.574837200000000000e+07 4.480000000000000000e+03 4.700000000000000000e+03 2.640000000000000000e+03 3.290000000000000000e+03
9.574858000000000000e+07 4.500000000000000000e+03 4.680000000000000000e+03 2.630000000000000000e+03 3.290000000000000000e+03
9.574878800000000000e+07 4.500000000000000000e+03 4.680000000000000000e+03 2.630000000000000000e+03 3.290000000000000000e+03
9.574899600000000000e+07 4.480000000000000000e+03 4.700000000000000000e+03 2.630000000000000000e+03 3.280000000000000000e+03
9.574920400000000000e+07 4.520000000000000000e+03 4.690000000000000000e+03 2.630000000000000000e+03 3.280000000000000000e+03
9.574941200000000000e+07 4.540000000000000000e+03 4.690000000000000000e+03 2.630000000000000000e+03 3.280000000000000000e+03
9.574961900000000000e+07 4.540000000000000000e+03 4.690000000000000000e+03 2.630000000000000000e+03 3.280000000000000000e+03
9.574982700000000000e+07 4.480000000000000000e+03 4.690000000000000000e+03 2.630000000000000000e+03 3.280000000000000000e+03
9.575003600000000000e+07 4.500000000000000000e+03 4.690000000000000000e+03 2.630000000000000000e+03 3.290000000000000000e+03
9.575024400000000000e+07 4.530000000000000000e+03 4.690000000000000000e+03 2.630000000000000000e+03 3.290000000000000000e+03
9.575045100000000000e+07 4.470000000000000000e+03 4.690000000000000000e+03 2.640000000000000000e+03 3.290000000000000000e+03
9.575066000000000000e+07 4.510000000000000000e+03 4.690000000000000000e+03 2.630000000000000000e+03 3.300000000000000000e+03
9.575086700000000000e+07 4.520000000000000000e+03 4.690000000000000000e+03 2.630000000000000000e+03 3.300000000000000000e+03
9.575107500000000000e+07 4.500000000000000000e+03 4.700000000000000000e+03 2.630000000000000000e+03 3.300000000000000000e+03
9.575126700000000000e+07 4.500000000000000000e+03 4.700000000000000000e+03 2.630000000000000000e+03 3.290000000000000000e+03
9.575147600000000000e+07 4.490000000000000000e+03 4.690000000000000000e+03 2.630000000000000000e+03 3.290000000000000000e+03
9.575168400000000000e+07 4.480000000000000000e+03 4.690000000000000000e+03 2.630000000000000000e+03 3.280000000000000000e+03
9.575189100000000000e+07 4.550000000000000000e+03 4.690000000000000000e+03 2.630000000000000000e+03 3.290000000000000000e+03
9.575209900000000000e+07 4.490000000000000000e+03 4.690000000000000000e+03 2.630000000000000000e+03 3.280000000000000000e+03
9.575230700000000000e+07 4.490000000000000000e+03 4.690000000000000000e+03 2.630000000000000000e+03 3.290000000000000000e+03
9.575251500000000000e+07 4.510000000000000000e+03 4.690000000000000000e+03 2.630000000000000000e+03 3.280000000000000000e+03
9.575272300000000000e+07 4.510000000000000000e+03 4.690000000000000000e+03 2.630000000000000000e+03 3.280000000000000000e+03
9.575293100000000000e+07 4.540000000000000000e+03 4.690000000000000000e+03 2.630000000000000000e+03 3.280000000000000000e+03
9.575313900000000000e+07 4.520000000000000000e+03 4.690000000000000000e+03 2.630000000000000000e+03 3.280000000000000000e+03
9.575334700000000000e+07 4.540000000000000000e+03 4.690000000000000000e+03 2.630000000000000000e+03 3.280000000000000000e+03
9.575355500000000000e+07 4.500000000000000000e+03 4.690000000000000000e+03 2.630000000000000000e+03 3.290000000000000000e+03
9.575376300000000000e+07 4.550000000000000000e+03 4.690000000000000000e+03 2.630000000000000000e+03 3.290000000000000000e+03
9.575397100000000000e+07 4.550000000000000000e+03 4.680000000000000000e+03 2.630000000000000000e+03 3.290000000000000000e+03
9.575417800000000000e+07 4.540000000000000000e+03 4.690000000000000000e+03 2.630000000000000000e+03 3.300000000000000000e+03
9.575438700000000000e+07 4.500000000000000000e+03 4.690000000000000000e+03 2.640000000000000000e+03 3.290000000000000000e+03
9.575459400000000000e+07 4.540000000000000000e+03 4.690000000000000000e+03 2.630000000000000000e+03 3.290000000000000000e+03
9.575478700000000000e+07 4.530000000000000000e+03 4.690000000000000000e+03 2.630000000000000000e+03 3.270000000000000000e+03
9.575499400000000000e+07 4.510000000000000000e+03 4.690000000000000000e+03 2.630000000000000000e+03 3.270000000000000000e+03
9.575520300000000000e+07 4.480000000000000000e+03 4.690000000000000000e+03 2.620000000000000000e+03 3.270000000000000000e+03
9.575541000000000000e+07 4.480000000000000000e+03 4.690000000000000000e+03 2.620000000000000000e+03 3.270000000000000000e+03
9.575561900000000000e+07 4.490000000000000000e+03 4.690000000000000000e+03 2.620000000000000000e+03 3.270000000000000000e+03
9.575582600000000000e+07 4.500000000000000000e+03 4.690000000000000000e+03 2.620000000000000000e+03 3.270000000000000000e+03
9.575603400000000000e+07 4.480000000000000000e+03 4.690000000000000000e+03 2.620000000000000000e+03 3.280000000000000000e+03
9.575624200000000000e+07 4.480000000000000000e+03 4.680000000000000000e+03 2.630000000000000000e+03 3.280000000000000000e+03
9.575645000000000000e+07 4.490000000000000000e+03 4.680000000000000000e+03 2.630000000000000000e+03 3.280000000000000000e+03
9.575665800000000000e+07 4.550000000000000000e+03 4.690000000000000000e+03 2.630000000000000000e+03 3.290000000000000000e+03
9.575686600000000000e+07 4.540000000000000000e+03 4.690000000000000000e+03 2.640000000000000000e+03 3.290000000000000000e+03
9.575707400000000000e+07 4.480000000000000000e+03 4.700000000000000000e+03 2.650000000000000000e+03 3.290000000000000000e+03
9.575728200000000000e+07 4.480000000000000000e+03 4.700000000000000000e+03 2.650000000000000000e+03 3.300000000000000000e+03
9.575749000000000000e+07 4.540000000000000000e+03 4.700000000000000000e+03 2.640000000000000000e+03 3.290000000000000000e+03
9.575769800000000000e+07 4.480000000000000000e+03 4.690000000000000000e+03 2.640000000000000000e+03 3.290000000000000000e+03
9.575790600000000000e+07 4.480000000000000000e+03 4.700000000000000000e+03 2.640000000000000000e+03 3.290000000000000000e+03
9.575809800000000000e+07 4.480000000000000000e+03 4.690000000000000000e+03 2.630000000000000000e+03 3.290000000000000000e+03
9.575830500000000000e+07 4.480000000000000000e+03 4.690000000000000000e+03 2.630000000000000000e+03 3.290000000000000000e+03
9.575851300000000000e+07 4.500000000000000000e+03 4.680000000000000000e+03 2.630000000000000000e+03 3.280000000000000000e+03
9.575872200000000000e+07 4.520000000000000000e+03 4.690000000000000000e+03 2.630000000000000000e+03 3.280000000000000000e+03
9.575893000000000000e+07 4.500000000000000000e+03 4.680000000000000000e+03 2.630000000000000000e+03 3.280000000000000000e+03
9.575913700000000000e+07 4.500000000000000000e+03 4.690000000000000000e+03 2.630000000000000000e+03 3.280000000000000000e+03
9.575934600000000000e+07 4.480000000000000000e+03 4.690000000000000000e+03 2.630000000000000000e+03 3.280000000000000000e+03
9.575955400000000000e+07 4.500000000000000000e+03 4.690000000000000000e+03 2.630000000000000000e+03 3.290000000000000000e+03
9.575976200000000000e+07 4.470000000000000000e+03 4.690000000000000000e+03 2.630000000000000000e+03 3.290000000000000000e+03
9.575996900000000000e+07 4.480000000000000000e+03 4.690000000000000000e+03 2.630000000000000000e+03 3.290000000000000000e+03
9.580017700000000000e+07 4.500000000000000000e+03 4.700000000000000000e+03 2.630000000000000000e+03 3.290000000000000000e+03
9.580038500000000000e+07 4.530000000000000000e+03 4.710000000000000000e+03 2.640000000000000000e+03 3.300000000000000000e+03
9.580059300000000000e+07 4.490000000000000000e+03 4.700000000000000000e+03 2.630000000000000000e+03 3.290000000000000000e+03
9.580080100000000000e+07 4.510000000000000000e+03 4.690000000000000000e+03 2.630000000000000000e+03 3.290000000000000000e+03
9.580100900000000000e+07 4.490000000000000000e+03 4.690000000000000000e+03 2.630000000000000000e+03 3.300000000000000000e+03
9.580121700000000000e+07 4.490000000000000000e+03 4.690000000000000000e+03 2.630000000000000000e+03 3.290000000000000000e+03
9.580142500000000000e+07 4.510000000000000000e+03 4.690000000000000000e+03 2.620000000000000000e+03 3.290000000000000000e+03
9.580161700000000000e+07 4.480000000000000000e+03 4.690000000000000000e+03 2.620000000000000000e+03 3.280000000000000000e+03
9.580182500000000000e+07 4.500000000000000000e+03 4.680000000000000000e+03 2.620000000000000000e+03 3.280000000000000000e+03
9.580203300000000000e+07 4.480000000000000000e+03 4.680000000000000000e+03 2.620000000000000000e+03 3.270000000000000000e+03
9.580224100000000000e+07 4.530000000000000000e+03 4.680000000000000000e+03 2.620000000000000000e+03 3.270000000000000000e+03
9.580244900000000000e+07 4.550000000000000000e+03 4.680000000000000000e+03 2.620000000000000000e+03 3.280000000000000000e+03
9.580265600000000000e+07 4.520000000000000000e+03 4.690000000000000000e+03 2.620000000000000000e+03 3.280000000000000000e+03
9.580287600000000000e+07 4.530000000000000000e+03 4.690000000000000000e+03 2.620000000000000000e+03 3.290000000000000000e+03
9.580307300000000000e+07 4.480000000000000000e+03 4.680000000000000000e+03 2.620000000000000000e+03 3.290000000000000000e+03
9.580328100000000000e+07 4.500000000000000000e+03 4.680000000000000000e+03 2.630000000000000000e+03 3.280000000000000000e+03
9.580348900000000000e+07 4.480000000000000000e+03 4.670000000000000000e+03 2.620000000000000000e+03 3.280000000000000000e+03
9.580369600000000000e+07 4.540000000000000000e+03 4.690000000000000000e+03 2.620000000000000000e+03 3.280000000000000000e+03
9.580390400000000000e+07 4.530000000000000000e+03 4.690000000000000000e+03 2.620000000000000000e+03 3.290000000000000000e+03
9.580411300000000000e+07 4.530000000000000000e+03 4.690000000000000000e+03 2.620000000000000000e+03 3.300000000000000000e+03
9.580432000000000000e+07 4.490000000000000000e+03 4.680000000000000000e+03 2.630000000000000000e+03 3.300000000000000000e+03
9.580452900000000000e+07 4.510000000000000000e+03 4.680000000000000000e+03 2.640000000000000000e+03 3.300000000000000000e+03
9.580473600000000000e+07 4.520000000000000000e+03 4.670000000000000000e+03 2.650000000000000000e+03 3.290000000000000000e+03
9.580492800000000000e+07 4.520000000000000000e+03 4.680000000000000000e+03 2.650000000000000000e+03 3.290000000000000000e+03
9.580513600000000000e+07 4.560000000000000000e+03 4.680000000000000000e+03 2.650000000000000000e+03 3.290000000000000000e+03
9.580534400000000000e+07 4.510000000000000000e+03 4.680000000000000000e+03 2.640000000000000000e+03 3.290000000000000000e+03
9.580555200000000000e+07 4.510000000000000000e+03 4.680000000000000000e+03 2.640000000000000000e+03 3.290000000000000000e+03
9.580576000000000000e+07 4.530000000000000000e+03 4.680000000000000000e+03 2.640000000000000000e+03 3.300000000000000000e+03
9.580596800000000000e+07 4.550000000000000000e+03 4.680000000000000000e+03 2.640000000000000000e+03 3.300000000000000000e+03
9.580617600000000000e+07 4.500000000000000000e+03 4.670000000000000000e+03 2.640000000000000000e+03 3.300000000000000000e+03
9.580638400000000000e+07 4.480000000000000000e+03 4.670000000000000000e+03 2.630000000000000000e+03 3.290000000000000000e+03
9.580659200000000000e+07 4.540000000000000000e+03 4.680000000000000000e+03 2.630000000000000000e+03 3.290000000000000000e+03
9.580680000000000000e+07 4.500000000000000000e+03 4.680000000000000000e+03 2.630000000000000000e+03 3.280000000000000000e+03
9.580700800000000000e+07 4.540000000000000000e+03 4.680000000000000000e+03 2.630000000000000000e+03 3.280000000000000000e+03
9.580721600000000000e+07 4.490000000000000000e+03 4.680000000000000000e+03 2.630000000000000000e+03 3.280000000000000000e+03
9.580742400000000000e+07 4.470000000000000000e+03 4.690000000000000000e+03 2.630000000000000000e+03 3.280000000000000000e+03
9.580763200000000000e+07 4.490000000000000000e+03 4.690000000000000000e+03 2.630000000000000000e+03 3.290000000000000000e+03
9.580784000000000000e+07 4.010000000000000000e+03 5.190000000000000000e+03 2.630000000000000000e+03 3.290000000000000000e+03
9.580804800000000000e+07 4.010000000000000000e+03 5.210000000000000000e+03 2.630000000000000000e+03 3.290000000000000000e+03
9.580825600000000000e+07 4.010000000000000000e+03 5.170000000000000000e+03 2.630000000000000000e+03 3.290000000000000000e+03
9.580844700000000000e+07 4.010000000000000000e+03 5.170000000000000000e+03 2.630000000000000000e+03 3.280000000000000000e+03
9.580865500000000000e+07 4.010000000000000000e+03 5.190000000000000000e+03 2.630000000000000000e+03 3.280000000000000000e+03
9.580886300000000000e+07 4.020000000000000000e+03 5.170000000000000000e+03 2.640000000000000000e+03 3.280000000000000000e+03
9.580907100000000000e+07 4.010000000000000000e+03 5.160000000000000000e+03 2.640000000000000000e+03 3.280000000000000000e+03
9.580927900000000000e+07 4.010000000000000000e+03 5.160000000000000000e+03 2.640000000000000000e+03 3.290000000000000000e+03
9.580948700000000000e+07 4.010000000000000000e+03 5.160000000000000000e+03 2.640000000000000000e+03 3.290000000000000000e+03
9.580969500000000000e+07 4.010000000000000000e+03 5.200000000000000000e+03 2.640000000000000000e+03 3.290000000000000000e+03
9.580990300000000000e+07 4.000000000000000000e+03 5.160000000000000000e+03 2.640000000000000000e+03 3.290000000000000000e+03
9.581011100000000000e+07 4.000000000000000000e+03 5.180000000000000000e+03 2.640000000000000000e+03 3.290000000000000000e+03
9.581031900000000000e+07 4.000000000000000000e+03 5.160000000000000000e+03 2.640000000000000000e+03 3.300000000000000000e+03
9.581052700000000000e+07 4.010000000000000000e+03 5.180000000000000000e+03 2.640000000000000000e+03 3.300000000000000000e+03
9.581073500000000000e+07 4.020000000000000000e+03 5.150000000000000000e+03 2.640000000000000000e+03 3.290000000000000000e+03
9.581094200000000000e+07 4.010000000000000000e+03 5.160000000000000000e+03 2.630000000000000000e+03 3.290000000000000000e+03
9.581115100000000000e+07 4.020000000000000000e+03 5.140000000000000000e+03 2.630000000000000000e+03 3.280000000000000000e+03
9.581135800000000000e+07 4.020000000000000000e+03 5.180000000000000000e+03 2.640000000000000000e+03 3.290000000000000000e+03
9.581156600000000000e+07 4.010000000000000000e+03 5.140000000000000000e+03 2.630000000000000000e+03 3.290000000000000000e+03
9.581177500000000000e+07 4.010000000000000000e+03 5.140000000000000000e+03 2.630000000000000000e+03 3.290000000000000000e+03
9.581196700000000000e+07 4.010000000000000000e+03 5.140000000000000000e+03 2.620000000000000000e+03 3.290000000000000000e+03
9.581217500000000000e+07 4.010000000000000000e+03 5.220000000000000000e+03 2.620000000000000000e+03 3.290000000000000000e+03
9.581238200000000000e+07 4.010000000000000000e+03 5.180000000000000000e+03 2.620000000000000000e+03 3.280000000000000000e+03
9.581259000000000000e+07 4.010000000000000000e+03 5.180000000000000000e+03 2.620000000000000000e+03 3.280000000000000000e+03
9.581279800000000000e+07 4.020000000000000000e+03 5.150000000000000000e+03 2.630000000000000000e+03 3.280000000000000000e+03
9.581300600000000000e+07 4.020000000000000000e+03 5.150000000000000000e+03 2.630000000000000000e+03 3.290000000000000000e+03
9.581321400000000000e+07 4.020000000000000000e+03 5.170000000000000000e+03 2.630000000000000000e+03 3.290000000000000000e+03
9.581342200000000000e+07 4.020000000000000000e+03 5.150000000000000000e+03 2.640000000000000000e+03 3.290000000000000000e+03
9.581363000000000000e+07 4.020000000000000000e+03 5.170000000000000000e+03 2.640000000000000000e+03 3.290000000000000000e+03
9.581383800000000000e+07 4.020000000000000000e+03 5.200000000000000000e+03 2.650000000000000000e+03 3.280000000000000000e+03
9.581404600000000000e+07 4.020000000000000000e+03 5.170000000000000000e+03 2.640000000000000000e+03 3.270000000000000000e+03
9.581425400000000000e+07 4.020000000000000000e+03 5.180000000000000000e+03 2.630000000000000000e+03 3.280000000000000000e+03
9.581446200000000000e+07 4.020000000000000000e+03 5.180000000000000000e+03 2.630000000000000000e+03 3.280000000000000000e+03
9.581467000000000000e+07 4.020000000000000000e+03 5.210000000000000000e+03 2.630000000000000000e+03 3.270000000000000000e+03
9.581487700000000000e+07 4.020000000000000000e+03 5.170000000000000000e+03 2.630000000000000000e+03 3.270000000000000000e+03
9.581508600000000000e+07 4.020000000000000000e+03 5.200000000000000000e+03 2.630000000000000000e+03 3.280000000000000000e+03
9.581527800000000000e+07 4.020000000000000000e+03 5.160000000000000000e+03 2.630000000000000000e+03 3.270000000000000000e+03
9.581548600000000000e+07 4.020000000000000000e+03 5.160000000000000000e+03 2.630000000000000000e+03 3.270000000000000000e+03
9.581569300000000000e+07 4.010000000000000000e+03 5.210000000000000000e+03 2.630000000000000000e+03 3.270000000000000000e+03
9.581590200000000000e+07 4.010000000000000000e+03 5.170000000000000000e+03 2.640000000000000000e+03 3.270000000000000000e+03
9.581610900000000000e+07 4.020000000000000000e+03 5.150000000000000000e+03 2.650000000000000000e+03 3.270000000000000000e+03
9.581631800000000000e+07 4.020000000000000000e+03 5.160000000000000000e+03 2.650000000000000000e+03 3.270000000000000000e+03
9.581652500000000000e+07 4.020000000000000000e+03 5.180000000000000000e+03 2.650000000000000000e+03 3.270000000000000000e+03
9.581673400000000000e+07 4.020000000000000000e+03 5.200000000000000000e+03 2.640000000000000000e+03 3.270000000000000000e+03
9.581694100000000000e+07 4.020000000000000000e+03 5.200000000000000000e+03 2.640000000000000000e+03 3.270000000000000000e+03
9.581714900000000000e+07 4.020000000000000000e+03 5.160000000000000000e+03 2.630000000000000000e+03 3.280000000000000000e+03
9.581735700000000000e+07 4.020000000000000000e+03 5.210000000000000000e+03 2.630000000000000000e+03 3.270000000000000000e+03
9.581756600000000000e+07 4.010000000000000000e+03 5.200000000000000000e+03 2.630000000000000000e+03 3.270000000000000000e+03
9.581777300000000000e+07 4.010000000000000000e+03 5.220000000000000000e+03 2.630000000000000000e+03 3.280000000000000000e+03
9.581798100000000000e+07 4.010000000000000000e+03 5.220000000000000000e+03 2.630000000000000000e+03 3.280000000000000000e+03
9.581818900000000000e+07 4.010000000000000000e+03 5.180000000000000000e+03 2.630000000000000000e+03 3.280000000000000000e+03
9.581839700000000000e+07 4.010000000000000000e+03 5.230000000000000000e+03 2.630000000000000000e+03 3.280000000000000000e+03
9.581860500000000000e+07 4.010000000000000000e+03 5.210000000000000000e+03 2.630000000000000000e+03 3.290000000000000000e+03
9.581879700000000000e+07 4.010000000000000000e+03 5.190000000000000000e+03 2.620000000000000000e+03 3.280000000000000000e+03
9.581900500000000000e+07 4.010000000000000000e+03 5.170000000000000000e+03 2.630000000000000000e+03 3.280000000000000000e+03
9.581921300000000000e+07 4.010000000000000000e+03 5.160000000000000000e+03 2.630000000000000000e+03 3.280000000000000000e+03
9.581942100000000000e+07 4.010000000000000000e+03 5.190000000000000000e+03 2.620000000000000000e+03 3.280000000000000000e+03
9.581962900000000000e+07 4.010000000000000000e+03 5.240000000000000000e+03 2.620000000000000000e+03 3.280000000000000000e+03
9.581983700000000000e+07 4.010000000000000000e+03 5.230000000000000000e+03 2.620000000000000000e+03 3.280000000000000000e+03
9.582004500000000000e+07 4.010000000000000000e+03 5.200000000000000000e+03 2.630000000000000000e+03 3.280000000000000000e+03
9.582025300000000000e+07 4.020000000000000000e+03 5.160000000000000000e+03 2.630000000000000000e+03 3.280000000000000000e+03
9.582046000000000000e+07 4.010000000000000000e+03 5.170000000000000000e+03 2.630000000000000000e+03 3.280000000000000000e+03
9.582066900000000000e+07 4.010000000000000000e+03 5.180000000000000000e+03 2.630000000000000000e+03 3.280000000000000000e+03
9.582087600000000000e+07 4.010000000000000000e+03 5.180000000000000000e+03 2.630000000000000000e+03 3.290000000000000000e+03
9.582108500000000000e+07 4.000000000000000000e+03 5.180000000000000000e+03 2.630000000000000000e+03 3.280000000000000000e+03
9.582129200000000000e+07 4.000000000000000000e+03 5.160000000000000000e+03 2.630000000000000000e+03 3.280000000000000000e+03
9.582150100000000000e+07 4.000000000000000000e+03 5.200000000000000000e+03 2.630000000000000000e+03 3.270000000000000000e+03
9.582170800000000000e+07 4.000000000000000000e+03 5.210000000000000000e+03 2.640000000000000000e+03 3.270000000000000000e+03
9.582191600000000000e+07 4.010000000000000000e+03 5.160000000000000000e+03 2.640000000000000000e+03 3.280000000000000000e+03
9.582210800000000000e+07 4.020000000000000000e+03 5.210000000000000000e+03 2.640000000000000000e+03 3.290000000000000000e+03
9.582231600000000000e+07 4.020000000000000000e+03 5.140000000000000000e+03 2.640000000000000000e+03 3.290000000000000000e+03
9.582252400000000000e+07 4.020000000000000000e+03 5.200000000000000000e+03 2.640000000000000000e+03 3.290000000000000000e+03
9.582273200000000000e+07 4.020000000000000000e+03 5.150000000000000000e+03 2.640000000000000000e+03 3.290000000000000000e+03
9.582294000000000000e+07 4.020000000000000000e+03 5.190000000000000000e+03 2.640000000000000000e+03 3.280000000000000000e+03
9.582314700000000000e+07 4.020000000000000000e+03 5.190000000000000000e+03 2.640000000000000000e+03 3.280000000000000000e+03
9.582335600000000000e+07 4.020000000000000000e+03 5.150000000000000000e+03 2.640000000000000000e+03 3.290000000000000000e+03
9.582356300000000000e+07 4.020000000000000000e+03 5.130000000000000000e+03 2.640000000000000000e+03 3.290000000000000000e+03
9.582377200000000000e+07 4.020000000000000000e+03 5.150000000000000000e+03 2.630000000000000000e+03 3.280000000000000000e+03
9.582397900000000000e+07 4.020000000000000000e+03 5.210000000000000000e+03 2.640000000000000000e+03 3.290000000000000000e+03
9.582418800000000000e+07 4.020000000000000000e+03 5.190000000000000000e+03 2.640000000000000000e+03 3.290000000000000000e+03
9.582439500000000000e+07 4.010000000000000000e+03 5.170000000000000000e+03 2.640000000000000000e+03 3.290000000000000000e+03
9.582460300000000000e+07 4.010000000000000000e+03 5.220000000000000000e+03 2.630000000000000000e+03 3.290000000000000000e+03
9.582481200000000000e+07 4.020000000000000000e+03 5.220000000000000000e+03 2.640000000000000000e+03 3.280000000000000000e+03
9.582502000000000000e+07 4.020000000000000000e+03 5.200000000000000000e+03 2.640000000000000000e+03 3.280000000000000000e+03
9.582522700000000000e+07 4.020000000000000000e+03 5.160000000000000000e+03 2.630000000000000000e+03 3.280000000000000000e+03
9.582543500000000000e+07 4.030000000000000000e+03 5.220000000000000000e+03 2.630000000000000000e+03 3.280000000000000000e+03
9.582562700000000000e+07 4.030000000000000000e+03 5.230000000000000000e+03 2.630000000000000000e+03 3.280000000000000000e+03
9.582583500000000000e+07 4.040000000000000000e+03 5.230000000000000000e+03 2.630000000000000000e+03 3.280000000000000000e+03
9.582604300000000000e+07 4.030000000000000000e+03 5.200000000000000000e+03 2.630000000000000000e+03 3.280000000000000000e+03
9.582625100000000000e+07 4.030000000000000000e+03 5.210000000000000000e+03 2.630000000000000000e+03 3.280000000000000000e+03
9.582645900000000000e+07 4.030000000000000000e+03 5.200000000000000000e+03 2.630000000000000000e+03 3.280000000000000000e+03
9.582666700000000000e+07 4.030000000000000000e+03 5.170000000000000000e+03 2.630000000000000000e+03 3.290000000000000000e+03
9.582687500000000000e+07 4.030000000000000000e+03 5.150000000000000000e+03 2.630000000000000000e+03 3.290000000000000000e+03
9.582708300000000000e+07 4.030000000000000000e+03 5.150000000000000000e+03 2.630000000000000000e+03 3.300000000000000000e+03
9.582729100000000000e+07 4.030000000000000000e+03 5.210000000000000000e+03 2.630000000000000000e+03 3.300000000000000000e+03
9.582753000000000000e+07 4.030000000000000000e+03 5.140000000000000000e+03 2.640000000000000000e+03 3.300000000000000000e+03
9.582770700000000000e+07 4.030000000000000000e+03 5.210000000000000000e+03 2.640000000000000000e+03 3.290000000000000000e+03
9.582791500000000000e+07 4.020000000000000000e+03 5.210000000000000000e+03 2.640000000000000000e+03 3.290000000000000000e+03
9.582812300000000000e+07 4.010000000000000000e+03 5.140000000000000000e+03 2.640000000000000000e+03 3.290000000000000000e+03
9.582833100000000000e+07 4.010000000000000000e+03 5.170000000000000000e+03 2.640000000000000000e+03 3.300000000000000000e+03
9.582854300000000000e+07 4.030000000000000000e+03 5.190000000000000000e+03 2.640000000000000000e+03 3.290000000000000000e+03
9.582874600000000000e+07 4.020000000000000000e+03 5.160000000000000000e+03 2.630000000000000000e+03 3.280000000000000000e+03
9.582895500000000000e+07 4.020000000000000000e+03 5.180000000000000000e+03 2.630000000000000000e+03 3.270000000000000000e+03
