4.100001500000000000e+07 4.400000000000000000e+03 2.850000000000000000e+03 4.290000000000000000e+03 3.280000000000000000e+03
4.100022400000000000e+07 4.400000000000000000e+03 2.850000000000000000e+03 4.290000000000000000e+03 3.260000000000000000e+03
4.100043100000000000e+07 4.400000000000000000e+03 2.850000000000000000e+03 4.290000000000000000e+03 3.260000000000000000e+03
4.100063900000000000e+07 4.400000000000000000e+03 2.850000000000000000e+03 4.300000000000000000e+03 3.240000000000000000e+03
4.100084700000000000e+07 4.400000000000000000e+03 2.860000000000000000e+03 4.300000000000000000e+03 3.220000000000000000e+03
4.100104500000000000e+07 4.390000000000000000e+03 2.860000000000000000e+03 4.310000000000000000e+03 3.210000000000000000e+03
4.100125900000000000e+07 4.390000000000000000e+03 2.860000000000000000e+03 4.310000000000000000e+03 3.210000000000000000e+03
4.100149800000000000e+07 4.390000000000000000e+03 2.850000000000000000e+03 4.300000000000000000e+03 3.180000000000000000e+03
4.100167900000000000e+07 4.390000000000000000e+03 2.860000000000000000e+03 4.310000000000000000e+03 3.140000000000000000e+03
4.100188600000000000e+07 4.390000000000000000e+03 2.860000000000000000e+03 4.310000000000000000e+03 3.200000000000000000e+03
4.100209400000000000e+07 4.390000000000000000e+03 2.860000000000000000e+03 4.310000000000000000e+03 3.210000000000000000e+03
4.100230400000000000e+07 4.390000000000000000e+03 2.860000000000000000e+03 4.310000000000000000e+03 3.210000000000000000e+03
4.100251100000000000e+07 4.390000000000000000e+03 2.860000000000000000e+03 4.300000000000000000e+03 3.240000000000000000e+03
4.100271900000000000e+07 4.390000000000000000e+03 2.860000000000000000e+03 4.310000000000000000e+03 3.270000000000000000e+03
4.100292400000000000e+07 4.390000000000000000e+03 2.860000000000000000e+03 4.300000000000000000e+03 3.320000000000000000e+03
4.100313500000000000e+07 4.390000000000000000e+03 2.860000000000000000e+03 4.310000000000000000e+03 3.380000000000000000e+03
4.100334300000000000e+07 4.390000000000000000e+03 2.850000000000000000e+03 4.310000000000000000e+03 3.410000000000000000e+03
4.100354700000000000e+07 4.410000000000000000e+03 2.850000000000000000e+03 4.300000000000000000e+03 3.440000000000000000e+03
4.100375100000000000e+07 4.400000000000000000e+03 2.860000000000000000e+03 4.300000000000000000e+03 3.450000000000000000e+03
4.100395300000000000e+07 4.400000000000000000e+03 2.870000000000000000e+03 4.320000000000000000e+03 3.480000000000000000e+03
4.100417500000000000e+07 4.400000000000000000e+03 2.870000000000000000e+03 4.320000000000000000e+03 3.500000000000000000e+03
4.100438300000000000e+07 4.400000000000000000e+03 2.870000000000000000e+03 4.320000000000000000e+03 3.520000000000000000e+03
4.100457900000000000e+07 4.400000000000000000e+03 2.870000000000000000e+03 4.320000000000000000e+03 3.370000000000000000e+03
4.100479100000000000e+07 4.400000000000000000e+03 2.870000000000000000e+03 4.310000000000000000e+03 3.380000000000000000e+03
4.100500600000000000e+07 4.400000000000000000e+03 2.870000000000000000e+03 4.310000000000000000e+03 3.410000000000000000e+03
4.100520800000000000e+07 4.400000000000000000e+03 2.870000000000000000e+03 4.310000000000000000e+03 3.420000000000000000e+03
4.100541800000000000e+07 4.400000000000000000e+03 2.860000000000000000e+03 4.310000000000000000e+03 3.420000000000000000e+03
4.100563100000000000e+07 4.400000000000000000e+03 2.870000000000000000e+03 4.310000000000000000e+03 3.400000000000000000e+03
4.100583800000000000e+07 4.400000000000000000e+03 2.870000000000000000e+03 4.320000000000000000e+03 3.370000000000000000e+03
4.100604500000000000e+07 4.410000000000000000e+03 2.870000000000000000e+03 4.310000000000000000e+03 3.340000000000000000e+03
4.100624800000000000e+07 4.410000000000000000e+03 2.870000000000000000e+03 4.300000000000000000e+03 3.320000000000000000e+03
4.100646200000000000e+07 4.400000000000000000e+03 2.860000000000000000e+03 4.290000000000000000e+03 3.290000000000000000e+03
4.100666700000000000e+07 4.400000000000000000e+03 2.850000000000000000e+03 4.300000000000000000e+03 3.280000000000000000e+03
4.100687700000000000e+07 4.400000000000000000e+03 2.850000000000000000e+03 4.300000000000000000e+03 3.270000000000000000e+03
4.100707900000000000e+07 4.410000000000000000e+03 2.860000000000000000e+03 4.290000000000000000e+03 3.270000000000000000e+03
4.100729400000000000e+07 4.420000000000000000e+03 2.860000000000000000e+03 4.290000000000000000e+03 3.300000000000000000e+03
4.100749600000000000e+07 4.410000000000000000e+03 2.850000000000000000e+03 4.290000000000000000e+03 3.330000000000000000e+03
4.100771000000000000e+07 4.420000000000000000e+03 2.840000000000000000e+03 4.290000000000000000e+03 3.400000000000000000e+03
4.100791800000000000e+07 4.420000000000000000e+03 2.840000000000000000e+03 4.290000000000000000e+03 3.430000000000000000e+03
4.100811100000000000e+07 4.410000000000000000e+03 2.850000000000000000e+03 4.290000000000000000e+03 3.430000000000000000e+03
4.100833300000000000e+07 4.410000000000000000e+03 2.860000000000000000e+03 4.310000000000000000e+03 3.440000000000000000e+03
4.100854200000000000e+07 4.400000000000000000e+03 2.870000000000000000e+03 4.300000000000000000e+03 3.440000000000000000e+03
4.100874800000000000e+07 4.400000000000000000e+03 2.860000000000000000e+03 4.300000000000000000e+03 3.410000000000000000e+03
4.100895500000000000e+07 4.400000000000000000e+03 2.860000000000000000e+03 4.310000000000000000e+03 3.370000000000000000e+03
4.100916500000000000e+07 4.400000000000000000e+03 2.860000000000000000e+03 4.310000000000000000e+03 3.360000000000000000e+03
4.100936700000000000e+07 4.400000000000000000e+03 2.860000000000000000e+03 4.300000000000000000e+03 3.370000000000000000e+03
4.100958200000000000e+07 4.400000000000000000e+03 2.860000000000000000e+03 4.290000000000000000e+03 3.370000000000000000e+03
4.100977700000000000e+07 4.400000000000000000e+03 2.870000000000000000e+03 4.290000000000000000e+03 3.370000000000000000e+03
4.100998400000000000e+07 4.400000000000000000e+03 2.870000000000000000e+03 4.290000000000000000e+03 3.370000000000000000e+03
4.101019600000000000e+07 4.400000000000000000e+03 2.860000000000000000e+03 4.290000000000000000e+03 3.340000000000000000e+03
4.101041300000000000e+07 4.400000000000000000e+03 2.860000000000000000e+03 4.300000000000000000e+03 3.320000000000000000e+03
4.101060800000000000e+07 4.400000000000000000e+03 2.850000000000000000e+03 4.310000000000000000e+03 3.310000000000000000e+03
4.101082600000000000e+07 4.400000000000000000e+03 2.850000000000000000e+03 4.310000000000000000e+03 3.310000000000000000e+03
4.101103700000000000e+07 4.400000000000000000e+03 2.840000000000000000e+03 4.310000000000000000e+03 3.310000000000000000e+03
4.101124600000000000e+07 4.400000000000000000e+03 2.850000000000000000e+03 4.310000000000000000e+03 3.290000000000000000e+03
4.101144700000000000e+07 4.400000000000000000e+03 2.850000000000000000e+03 4.300000000000000000e+03 3.290000000000000000e+03
4.101165100000000000e+07 4.410000000000000000e+03 2.840000000000000000e+03 4.310000000000000000e+03 3.300000000000000000e+03
4.101186600000000000e+07 4.400000000000000000e+03 2.840000000000000000e+03 4.300000000000000000e+03 3.290000000000000000e+03
4.101207400000000000e+07 4.400000000000000000e+03 2.850000000000000000e+03 4.310000000000000000e+03 3.280000000000000000e+03
4.101228500000000000e+07 4.400000000000000000e+03 2.850000000000000000e+03 4.310000000000000000e+03 3.260000000000000000e+03
4.101249200000000000e+07 4.400000000000000000e+03 2.850000000000000000e+03 4.310000000000000000e+03 3.240000000000000000e+03
4.101270100000000000e+07 4.400000000000000000e+03 2.850000000000000000e+03 4.310000000000000000e+03 3.220000000000000000e+03
4.101290500000000000e+07 4.400000000000000000e+03 2.850000000000000000e+03 4.300000000000000000e+03 3.220000000000000000e+03
4.101310900000000000e+07 4.400000000000000000e+03 2.850000000000000000e+03 4.290000000000000000e+03 3.230000000000000000e+03
4.101332400000000000e+07 4.400000000000000000e+03 2.850000000000000000e+03 4.290000000000000000e+03 3.260000000000000000e+03
4.101353000000000000e+07 4.400000000000000000e+03 2.850000000000000000e+03 4.290000000000000000e+03 3.260000000000000000e+03
4.101373100000000000e+07 4.410000000000000000e+03 2.840000000000000000e+03 4.300000000000000000e+03 3.290000000000000000e+03
4.101394500000000000e+07 4.420000000000000000e+03 2.850000000000000000e+03 4.310000000000000000e+03 3.320000000000000000e+03
4.101415500000000000e+07 4.420000000000000000e+03 2.840000000000000000e+03 4.320000000000000000e+03 3.340000000000000000e+03
4.101436400000000000e+07 4.420000000000000000e+03 2.840000000000000000e+03 4.330000000000000000e+03 3.370000000000000000e+03
4.101457300000000000e+07 4.410000000000000000e+03 2.840000000000000000e+03 4.320000000000000000e+03 3.370000000000000000e+03
4.101477700000000000e+07 4.400000000000000000e+03 2.860000000000000000e+03 4.320000000000000000e+03 3.390000000000000000e+03
4.101498800000000000e+07 4.410000000000000000e+03 2.860000000000000000e+03 4.320000000000000000e+03 3.420000000000000000e+03
4.101519600000000000e+07 4.420000000000000000e+03 2.850000000000000000e+03 4.310000000000000000e+03 3.450000000000000000e+03
4.101540300000000000e+07 4.410000000000000000e+03 2.850000000000000000e+03 4.310000000000000000e+03 3.470000000000000000e+03
4.101561200000000000e+07 4.400000000000000000e+03 2.850000000000000000e+03 4.300000000000000000e+03 3.450000000000000000e+03
4.101582000000000000e+07 4.400000000000000000e+03 2.850000000000000000e+03 4.310000000000000000e+03 3.450000000000000000e+03
4.101602800000000000e+07 4.400000000000000000e+03 2.840000000000000000e+03 4.310000000000000000e+03 3.450000000000000000e+03
4.101623200000000000e+07 4.400000000000000000e+03 2.840000000000000000e+03 4.300000000000000000e+03 3.440000000000000000e+03
4.101643200000000000e+07 4.400000000000000000e+03 2.840000000000000000e+03 4.310000000000000000e+03 3.450000000000000000e+03
4.101666100000000000e+07 4.400000000000000000e+03 2.850000000000000000e+03 4.310000000000000000e+03 3.450000000000000000e+03
4.101684800000000000e+07 4.400000000000000000e+03 2.850000000000000000e+03 4.300000000000000000e+03 3.440000000000000000e+03
4.101705900000000000e+07 4.400000000000000000e+03 2.850000000000000000e+03 4.300000000000000000e+03 3.430000000000000000e+03
4.101727600000000000e+07 4.400000000000000000e+03 2.840000000000000000e+03 4.290000000000000000e+03 3.400000000000000000e+03
4.101747800000000000e+07 4.400000000000000000e+03 2.850000000000000000e+03 4.300000000000000000e+03 3.380000000000000000e+03
4.101769100000000000e+07 4.410000000000000000e+03 2.850000000000000000e+03 4.290000000000000000e+03 3.370000000000000000e+03
4.101789500000000000e+07 4.410000000000000000e+03 2.850000000000000000e+03 4.300000000000000000e+03 3.360000000000000000e+03
4.101810800000000000e+07 4.400000000000000000e+03 2.850000000000000000e+03 4.310000000000000000e+03 3.340000000000000000e+03
4.101830100000000000e+07 4.400000000000000000e+03 2.840000000000000000e+03 4.310000000000000000e+03 3.330000000000000000e+03
4.101851900000000000e+07 4.400000000000000000e+03 2.840000000000000000e+03 4.310000000000000000e+03 3.320000000000000000e+03
4.101871800000000000e+07 4.400000000000000000e+03 2.840000000000000000e+03 4.310000000000000000e+03 3.320000000000000000e+03
4.101893000000000000e+07 4.400000000000000000e+03 2.840000000000000000e+03 4.310000000000000000e+03 3.320000000000000000e+03
4.101914500000000000e+07 4.390000000000000000e+03 2.840000000000000000e+03 4.300000000000000000e+03 3.320000000000000000e+03
4.101935600000000000e+07 4.400000000000000000e+03 2.840000000000000000e+03 4.300000000000000000e+03 3.330000000000000000e+03
4.101956400000000000e+07 4.400000000000000000e+03 2.840000000000000000e+03 4.310000000000000000e+03 3.330000000000000000e+03
4.101977100000000000e+07 4.400000000000000000e+03 2.850000000000000000e+03 4.310000000000000000e+03 3.330000000000000000e+03
4.101996500000000000e+07 4.400000000000000000e+03 2.850000000000000000e+03 4.310000000000000000e+03 3.330000000000000000e+03
4.102018500000000000e+07 4.410000000000000000e+03 2.870000000000000000e+03 4.310000000000000000e+03 3.320000000000000000e+03
4.102038100000000000e+07 4.400000000000000000e+03 2.860000000000000000e+03 4.300000000000000000e+03 3.310000000000000000e+03
4.102058800000000000e+07 4.400000000000000000e+03 2.860000000000000000e+03 4.300000000000000000e+03 3.300000000000000000e+03
4.102080300000000000e+07 4.400000000000000000e+03 2.860000000000000000e+03 4.300000000000000000e+03 3.280000000000000000e+03
4.102100800000000000e+07 4.400000000000000000e+03 2.870000000000000000e+03 4.290000000000000000e+03 3.270000000000000000e+03
4.102122700000000000e+07 4.400000000000000000e+03 2.870000000000000000e+03 4.290000000000000000e+03 3.270000000000000000e+03
4.102142900000000000e+07 4.400000000000000000e+03 2.870000000000000000e+03 4.290000000000000000e+03 3.260000000000000000e+03
4.102164300000000000e+07 4.400000000000000000e+03 2.860000000000000000e+03 4.290000000000000000e+03 3.250000000000000000e+03
4.102184200000000000e+07 4.400000000000000000e+03 2.860000000000000000e+03 4.300000000000000000e+03 3.260000000000000000e+03
4.102205900000000000e+07 4.400000000000000000e+03 2.860000000000000000e+03 4.300000000000000000e+03 3.260000000000000000e+03
4.102225200000000000e+07 4.400000000000000000e+03 2.860000000000000000e+03 4.300000000000000000e+03 3.260000000000000000e+03
4.102247000000000000e+07 4.400000000000000000e+03 2.860000000000000000e+03 4.300000000000000000e+03 3.260000000000000000e+03
4.102268200000000000e+07 4.400000000000000000e+03 2.860000000000000000e+03 4.290000000000000000e+03 3.270000000000000000e+03
4.102288400000000000e+07 4.400000000000000000e+03 2.870000000000000000e+03 4.290000000000000000e+03 3.280000000000000000e+03
4.102309900000000000e+07 4.400000000000000000e+03 2.870000000000000000e+03 4.300000000000000000e+03 3.290000000000000000e+03
4.102329800000000000e+07 4.400000000000000000e+03 2.870000000000000000e+03 4.300000000000000000e+03 3.310000000000000000e+03
4.102350500000000000e+07 4.400000000000000000e+03 2.870000000000000000e+03 4.300000000000000000e+03 3.310000000000000000e+03
4.102371500000000000e+07 4.390000000000000000e+03 2.870000000000000000e+03 4.300000000000000000e+03 3.290000000000000000e+03
4.102391600000000000e+07 4.400000000000000000e+03 2.870000000000000000e+03 4.290000000000000000e+03 3.290000000000000000e+03
4.102413200000000000e+07 4.400000000000000000e+03 2.870000000000000000e+03 4.300000000000000000e+03 3.290000000000000000e+03
4.102433900000000000e+07 4.400000000000000000e+03 2.880000000000000000e+03 4.310000000000000000e+03 3.290000000000000000e+03
4.102455400000000000e+07 4.400000000000000000e+03 2.860000000000000000e+03 4.310000000000000000e+03 3.290000000000000000e+03
4.102475200000000000e+07 4.410000000000000000e+03 2.860000000000000000e+03 4.300000000000000000e+03 3.310000000000000000e+03
4.102496700000000000e+07 4.410000000000000000e+03 2.860000000000000000e+03 4.310000000000000000e+03 3.300000000000000000e+03
4.102516300000000000e+07 4.400000000000000000e+03 2.870000000000000000e+03 4.300000000000000000e+03 3.300000000000000000e+03
4.102538600000000000e+07 4.400000000000000000e+03 2.860000000000000000e+03 4.310000000000000000e+03 3.330000000000000000e+03
4.102558600000000000e+07 4.400000000000000000e+03 2.860000000000000000e+03 4.310000000000000000e+03 3.390000000000000000e+03
4.102580300000000000e+07 4.410000000000000000e+03 2.860000000000000000e+03 4.310000000000000000e+03 3.420000000000000000e+03
4.102600600000000000e+07 4.400000000000000000e+03 2.870000000000000000e+03 4.300000000000000000e+03 3.420000000000000000e+03
4.102620600000000000e+07 4.400000000000000000e+03 2.870000000000000000e+03 4.300000000000000000e+03 3.260000000000000000e+03
4.102642300000000000e+07 4.400000000000000000e+03 2.860000000000000000e+03 4.290000000000000000e+03 3.420000000000000000e+03
4.102662100000000000e+07 4.390000000000000000e+03 2.850000000000000000e+03 4.290000000000000000e+03 3.490000000000000000e+03
4.102683900000000000e+07 4.400000000000000000e+03 2.850000000000000000e+03 4.290000000000000000e+03 3.370000000000000000e+03
4.102703800000000000e+07 4.390000000000000000e+03 2.850000000000000000e+03 4.290000000000000000e+03 3.300000000000000000e+03
4.102725800000000000e+07 4.390000000000000000e+03 2.850000000000000000e+03 4.300000000000000000e+03 3.330000000000000000e+03
4.102746200000000000e+07 4.390000000000000000e+03 2.860000000000000000e+03 4.300000000000000000e+03 3.370000000000000000e+03
4.102767300000000000e+07 4.390000000000000000e+03 2.850000000000000000e+03 4.310000000000000000e+03 3.420000000000000000e+03
4.102788100000000000e+07 4.400000000000000000e+03 2.860000000000000000e+03 4.310000000000000000e+03 3.430000000000000000e+03
4.102808000000000000e+07 4.400000000000000000e+03 2.860000000000000000e+03 4.300000000000000000e+03 3.430000000000000000e+03
4.102829900000000000e+07 4.400000000000000000e+03 2.860000000000000000e+03 4.300000000000000000e+03 3.450000000000000000e+03
4.102850000000000000e+07 4.400000000000000000e+03 2.850000000000000000e+03 4.300000000000000000e+03 3.440000000000000000e+03
4.102870900000000000e+07 4.400000000000000000e+03 2.860000000000000000e+03 4.300000000000000000e+03 3.430000000000000000e+03
4.102890900000000000e+07 4.400000000000000000e+03 2.860000000000000000e+03 4.310000000000000000e+03 3.440000000000000000e+03
4.102912500000000000e+07 4.400000000000000000e+03 2.860000000000000000e+03 4.310000000000000000e+03 3.470000000000000000e+03
4.102933700000000000e+07 4.400000000000000000e+03 2.860000000000000000e+03 4.310000000000000000e+03 3.460000000000000000e+03
4.102954500000000000e+07 4.400000000000000000e+03 2.860000000000000000e+03 4.300000000000000000e+03 3.450000000000000000e+03
4.102974900000000000e+07 4.400000000000000000e+03 2.860000000000000000e+03 4.300000000000000000e+03 3.420000000000000000e+03
4.102995600000000000e+07 4.400000000000000000e+03 2.860000000000000000e+03 4.310000000000000000e+03 3.390000000000000000e+03
4.103015400000000000e+07 4.400000000000000000e+03 2.860000000000000000e+03 4.310000000000000000e+03 3.380000000000000000e+03
4.103037700000000000e+07 4.400000000000000000e+03 2.860000000000000000e+03 4.310000000000000000e+03 3.380000000000000000e+03
4.103058600000000000e+07 4.400000000000000000e+03 2.860000000000000000e+03 4.310000000000000000e+03 3.380000000000000000e+03
4.103079200000000000e+07 4.400000000000000000e+03 2.860000000000000000e+03 4.310000000000000000e+03 3.380000000000000000e+03
4.103100000000000000e+07 4.390000000000000000e+03 2.860000000000000000e+03 4.310000000000000000e+03 3.390000000000000000e+03
4.103120800000000000e+07 4.390000000000000000e+03 2.860000000000000000e+03 4.300000000000000000e+03 3.400000000000000000e+03
4.103141600000000000e+07 4.390000000000000000e+03 2.860000000000000000e+03 4.300000000000000000e+03 3.420000000000000000e+03
4.103162300000000000e+07 4.390000000000000000e+03 2.860000000000000000e+03 4.310000000000000000e+03 3.390000000000000000e+03
4.103183700000000000e+07 4.390000000000000000e+03 2.860000000000000000e+03 4.310000000000000000e+03 3.410000000000000000e+03
4.103204100000000000e+07 4.390000000000000000e+03 2.860000000000000000e+03 4.300000000000000000e+03 3.450000000000000000e+03
4.103224900000000000e+07 4.390000000000000000e+03 2.860000000000000000e+03 4.310000000000000000e+03 3.450000000000000000e+03
4.103245600000000000e+07 4.390000000000000000e+03 2.860000000000000000e+03 4.310000000000000000e+03 3.450000000000000000e+03
4.103266500000000000e+07 4.390000000000000000e+03 2.860000000000000000e+03 4.290000000000000000e+03 3.440000000000000000e+03
4.103287200000000000e+07 4.390000000000000000e+03 2.870000000000000000e+03 4.310000000000000000e+03 3.430000000000000000e+03
4.104224700000000000e+07 4.490000000000000000e+03 2.840000000000000000e+03 4.300000000000000000e+03 2.940000000000000000e+03
4.104244100000000000e+07 4.480000000000000000e+03 2.850000000000000000e+03 4.300000000000000000e+03 2.940000000000000000e+03
4.104266200000000000e+07 4.500000000000000000e+03 2.860000000000000000e+03 4.290000000000000000e+03 2.930000000000000000e+03
4.104285700000000000e+07 4.510000000000000000e+03 2.860000000000000000e+03 4.270000000000000000e+03 2.940000000000000000e+03
4.104306600000000000e+07 4.510000000000000000e+03 2.850000000000000000e+03 4.290000000000000000e+03 2.940000000000000000e+03
4.104328600000000000e+07 4.510000000000000000e+03 2.850000000000000000e+03 4.300000000000000000e+03 2.940000000000000000e+03
4.104348300000000000e+07 4.510000000000000000e+03 2.860000000000000000e+03 4.310000000000000000e+03 2.940000000000000000e+03
4.104370200000000000e+07 4.520000000000000000e+03 2.860000000000000000e+03 4.310000000000000000e+03 2.940000000000000000e+03
4.104391000000000000e+07 4.520000000000000000e+03 2.870000000000000000e+03 4.310000000000000000e+03 2.920000000000000000e+03
4.104410800000000000e+07 4.530000000000000000e+03 2.860000000000000000e+03 4.310000000000000000e+03 2.930000000000000000e+03
4.104432700000000000e+07 4.530000000000000000e+03 2.860000000000000000e+03 4.310000000000000000e+03 2.930000000000000000e+03
4.104452200000000000e+07 4.530000000000000000e+03 2.860000000000000000e+03 4.300000000000000000e+03 2.930000000000000000e+03
4.104473700000000000e+07 4.530000000000000000e+03 2.860000000000000000e+03 4.310000000000000000e+03 2.920000000000000000e+03
4.104494600000000000e+07 4.540000000000000000e+03 2.850000000000000000e+03 4.310000000000000000e+03 2.920000000000000000e+03
4.104514300000000000e+07 4.550000000000000000e+03 2.850000000000000000e+03 4.310000000000000000e+03 2.930000000000000000e+03
4.104536600000000000e+07 4.550000000000000000e+03 2.850000000000000000e+03 4.300000000000000000e+03 2.930000000000000000e+03
4.104557300000000000e+07 4.550000000000000000e+03 2.850000000000000000e+03 4.300000000000000000e+03 2.930000000000000000e+03
4.104576700000000000e+07 4.550000000000000000e+03 2.850000000000000000e+03 4.300000000000000000e+03 2.940000000000000000e+03
4.104598300000000000e+07 4.560000000000000000e+03 2.850000000000000000e+03 4.300000000000000000e+03 2.940000000000000000e+03
4.104618600000000000e+07 4.560000000000000000e+03 2.850000000000000000e+03 4.300000000000000000e+03 2.940000000000000000e+03
4.104640600000000000e+07 4.570000000000000000e+03 2.850000000000000000e+03 4.290000000000000000e+03 2.940000000000000000e+03
4.104661200000000000e+07 4.570000000000000000e+03 2.860000000000000000e+03 4.290000000000000000e+03 2.940000000000000000e+03
4.104681200000000000e+07 4.560000000000000000e+03 2.860000000000000000e+03 4.300000000000000000e+03 2.940000000000000000e+03
4.104701900000000000e+07 4.560000000000000000e+03 2.850000000000000000e+03 4.300000000000000000e+03 2.940000000000000000e+03
4.104723600000000000e+07 4.560000000000000000e+03 2.850000000000000000e+03 4.300000000000000000e+03 2.940000000000000000e+03
4.104744100000000000e+07 4.570000000000000000e+03 2.850000000000000000e+03 4.300000000000000000e+03 2.940000000000000000e+03
4.104764700000000000e+07 4.570000000000000000e+03 2.850000000000000000e+03 4.300000000000000000e+03 2.940000000000000000e+03
4.104785000000000000e+07 4.570000000000000000e+03 2.860000000000000000e+03 4.310000000000000000e+03 2.950000000000000000e+03
4.104806400000000000e+07 4.570000000000000000e+03 2.860000000000000000e+03 4.310000000000000000e+03 2.950000000000000000e+03
4.104826700000000000e+07 4.570000000000000000e+03 2.860000000000000000e+03 4.310000000000000000e+03 2.950000000000000000e+03
4.104848400000000000e+07 4.560000000000000000e+03 2.850000000000000000e+03 4.310000000000000000e+03 2.940000000000000000e+03
4.104869300000000000e+07 4.540000000000000000e+03 2.850000000000000000e+03 4.310000000000000000e+03 2.940000000000000000e+03
4.104889100000000000e+07 4.540000000000000000e+03 2.840000000000000000e+03 4.300000000000000000e+03 2.940000000000000000e+03
4.104910600000000000e+07 4.710000000000000000e+03 2.840000000000000000e+03 4.300000000000000000e+03 2.940000000000000000e+03
4.104931700000000000e+07 4.600000000000000000e+03 2.850000000000000000e+03 4.300000000000000000e+03 2.940000000000000000e+03
4.104952100000000000e+07 4.650000000000000000e+03 2.850000000000000000e+03 4.310000000000000000e+03 2.940000000000000000e+03
4.104972900000000000e+07 4.770000000000000000e+03 2.860000000000000000e+03 4.310000000000000000e+03 2.930000000000000000e+03
4.104993700000000000e+07 4.720000000000000000e+03 2.860000000000000000e+03 4.310000000000000000e+03 2.930000000000000000e+03
4.105014100000000000e+07 4.690000000000000000e+03 2.860000000000000000e+03 4.310000000000000000e+03 2.930000000000000000e+03
4.105035700000000000e+07 4.670000000000000000e+03 2.860000000000000000e+03 4.310000000000000000e+03 2.930000000000000000e+03
4.105056200000000000e+07 4.690000000000000000e+03 2.860000000000000000e+03 4.310000000000000000e+03 2.930000000000000000e+03
4.105076900000000000e+07 4.670000000000000000e+03 2.850000000000000000e+03 4.320000000000000000e+03 2.930000000000000000e+03
4.105097300000000000e+07 4.780000000000000000e+03 2.850000000000000000e+03 4.320000000000000000e+03 2.930000000000000000e+03
4.105118500000000000e+07 4.720000000000000000e+03 2.860000000000000000e+03 4.310000000000000000e+03 2.930000000000000000e+03
4.105138600000000000e+07 4.680000000000000000e+03 2.860000000000000000e+03 4.310000000000000000e+03 2.940000000000000000e+03
4.105160400000000000e+07 4.650000000000000000e+03 2.860000000000000000e+03 4.300000000000000000e+03 2.940000000000000000e+03
4.105181000000000000e+07 4.670000000000000000e+03 2.860000000000000000e+03 4.300000000000000000e+03 2.950000000000000000e+03
4.105201600000000000e+07 4.750000000000000000e+03 2.870000000000000000e+03 4.290000000000000000e+03 2.940000000000000000e+03
4.105222900000000000e+07 4.800000000000000000e+03 2.880000000000000000e+03 4.290000000000000000e+03 2.940000000000000000e+03
4.105242900000000000e+07 4.830000000000000000e+03 2.880000000000000000e+03 4.300000000000000000e+03 2.940000000000000000e+03
4.105263000000000000e+07 4.870000000000000000e+03 2.880000000000000000e+03 4.300000000000000000e+03 2.940000000000000000e+03
4.105286800000000000e+07 4.940000000000000000e+03 2.880000000000000000e+03 4.310000000000000000e+03 2.940000000000000000e+03
4.105307600000000000e+07 5.000000000000000000e+03 2.880000000000000000e+03 4.310000000000000000e+03 2.930000000000000000e+03
4.105328400000000000e+07 5.030000000000000000e+03 2.880000000000000000e+03 4.300000000000000000e+03 2.930000000000000000e+03
4.105349100000000000e+07 5.040000000000000000e+03 2.870000000000000000e+03 4.310000000000000000e+03 2.930000000000000000e+03
4.105370100000000000e+07 5.060000000000000000e+03 2.860000000000000000e+03 4.310000000000000000e+03 2.920000000000000000e+03
4.105390400000000000e+07 5.070000000000000000e+03 2.870000000000000000e+03 4.310000000000000000e+03 2.920000000000000000e+03
4.105411000000000000e+07 5.090000000000000000e+03 2.870000000000000000e+03 4.310000000000000000e+03 2.920000000000000000e+03
4.105431300000000000e+07 5.090000000000000000e+03 2.870000000000000000e+03 4.310000000000000000e+03 2.920000000000000000e+03
4.105452400000000000e+07 5.010000000000000000e+03 2.870000000000000000e+03 4.320000000000000000e+03 2.920000000000000000e+03
4.105475500000000000e+07 4.920000000000000000e+03 2.870000000000000000e+03 4.320000000000000000e+03 2.920000000000000000e+03
4.105496400000000000e+07 4.850000000000000000e+03 2.870000000000000000e+03 4.300000000000000000e+03 2.920000000000000000e+03
4.105517200000000000e+07 4.810000000000000000e+03 2.860000000000000000e+03 4.310000000000000000e+03 2.930000000000000000e+03
4.105537900000000000e+07 4.790000000000000000e+03 2.860000000000000000e+03 4.290000000000000000e+03 2.930000000000000000e+03
4.105558100000000000e+07 4.790000000000000000e+03 2.870000000000000000e+03 4.300000000000000000e+03 2.930000000000000000e+03
4.105579600000000000e+07 4.790000000000000000e+03 2.860000000000000000e+03 4.310000000000000000e+03 2.940000000000000000e+03
4.105600300000000000e+07 4.780000000000000000e+03 2.850000000000000000e+03 4.300000000000000000e+03 2.940000000000000000e+03
4.105621100000000000e+07 4.750000000000000000e+03 2.860000000000000000e+03 4.310000000000000000e+03 2.940000000000000000e+03
4.105641900000000000e+07 4.730000000000000000e+03 2.860000000000000000e+03 4.310000000000000000e+03 2.940000000000000000e+03
4.105662500000000000e+07 4.700000000000000000e+03 2.860000000000000000e+03 4.310000000000000000e+03 2.930000000000000000e+03
4.105683600000000000e+07 4.640000000000000000e+03 2.860000000000000000e+03 4.320000000000000000e+03 2.940000000000000000e+03
4.105704300000000000e+07 4.580000000000000000e+03 2.860000000000000000e+03 4.320000000000000000e+03 2.940000000000000000e+03
4.105725100000000000e+07 4.520000000000000000e+03 2.860000000000000000e+03 4.310000000000000000e+03 2.940000000000000000e+03
4.105745700000000000e+07 4.710000000000000000e+03 2.860000000000000000e+03 4.310000000000000000e+03 2.930000000000000000e+03
4.105766600000000000e+07 4.840000000000000000e+03 2.860000000000000000e+03 4.310000000000000000e+03 2.930000000000000000e+03
4.105787500000000000e+07 4.930000000000000000e+03 2.860000000000000000e+03 4.310000000000000000e+03 2.930000000000000000e+03
4.105808300000000000e+07 4.990000000000000000e+03 2.850000000000000000e+03 4.320000000000000000e+03 2.940000000000000000e+03
4.105829100000000000e+07 5.020000000000000000e+03 2.850000000000000000e+03 4.320000000000000000e+03 2.940000000000000000e+03
4.105851600000000000e+07 5.040000000000000000e+03 2.860000000000000000e+03 4.320000000000000000e+03 2.950000000000000000e+03
4.105871900000000000e+07 5.050000000000000000e+03 2.870000000000000000e+03 4.320000000000000000e+03 2.950000000000000000e+03
4.105892800000000000e+07 5.080000000000000000e+03 2.880000000000000000e+03 4.320000000000000000e+03 2.950000000000000000e+03
4.105914000000000000e+07 5.100000000000000000e+03 2.870000000000000000e+03 4.310000000000000000e+03 2.950000000000000000e+03
4.105934100000000000e+07 5.110000000000000000e+03 2.880000000000000000e+03 4.310000000000000000e+03 2.950000000000000000e+03
4.105954700000000000e+07 5.110000000000000000e+03 2.880000000000000000e+03 4.310000000000000000e+03 2.940000000000000000e+03
4.105975200000000000e+07 5.090000000000000000e+03 2.860000000000000000e+03 4.310000000000000000e+03 2.940000000000000000e+03
4.105998500000000000e+07 5.030000000000000000e+03 2.860000000000000000e+03 4.310000000000000000e+03 2.940000000000000000e+03
4.110019300000000000e+07 4.990000000000000000e+03 2.860000000000000000e+03 4.310000000000000000e+03 2.940000000000000000e+03
4.110039800000000000e+07 4.910000000000000000e+03 2.870000000000000000e+03 4.320000000000000000e+03 2.950000000000000000e+03
4.110061200000000000e+07 4.830000000000000000e+03 2.860000000000000000e+03 4.300000000000000000e+03 2.950000000000000000e+03
4.110081100000000000e+07 4.760000000000000000e+03 2.860000000000000000e+03 4.300000000000000000e+03 2.950000000000000000e+03
4.110101400000000000e+07 4.710000000000000000e+03 2.850000000000000000e+03 4.290000000000000000e+03 2.940000000000000000e+03
4.110122900000000000e+07 4.700000000000000000e+03 2.850000000000000000e+03 4.300000000000000000e+03 2.940000000000000000e+03
4.110143300000000000e+07 4.690000000000000000e+03 2.850000000000000000e+03 4.310000000000000000e+03 2.950000000000000000e+03
4.110163800000000000e+07 4.690000000000000000e+03 2.860000000000000000e+03 4.310000000000000000e+03 2.960000000000000000e+03
4.110185600000000000e+07 4.700000000000000000e+03 2.860000000000000000e+03 4.300000000000000000e+03 2.960000000000000000e+03
4.110206200000000000e+07 4.710000000000000000e+03 2.860000000000000000e+03 4.300000000000000000e+03 2.950000000000000000e+03
4.110226300000000000e+07 4.690000000000000000e+03 2.860000000000000000e+03 4.300000000000000000e+03 2.950000000000000000e+03
4.110248100000000000e+07 4.680000000000000000e+03 2.860000000000000000e+03 4.290000000000000000e+03 2.950000000000000000e+03
4.110268500000000000e+07 4.680000000000000000e+03 2.860000000000000000e+03 4.290000000000000000e+03 2.950000000000000000e+03
4.110290100000000000e+07 4.670000000000000000e+03 2.860000000000000000e+03 4.290000000000000000e+03 2.950000000000000000e+03
4.110311400000000000e+07 4.640000000000000000e+03 2.850000000000000000e+03 4.300000000000000000e+03 2.940000000000000000e+03
4.110331900000000000e+07 4.620000000000000000e+03 2.850000000000000000e+03 4.290000000000000000e+03 2.940000000000000000e+03
4.110352300000000000e+07 4.600000000000000000e+03 2.850000000000000000e+03 4.300000000000000000e+03 2.940000000000000000e+03
4.110374400000000000e+07 4.570000000000000000e+03 2.850000000000000000e+03 4.310000000000000000e+03 2.930000000000000000e+03
4.110395000000000000e+07 4.560000000000000000e+03 2.850000000000000000e+03 4.310000000000000000e+03 2.930000000000000000e+03
4.110415300000000000e+07 4.540000000000000000e+03 2.840000000000000000e+03 4.310000000000000000e+03 2.930000000000000000e+03
4.110435800000000000e+07 4.550000000000000000e+03 2.850000000000000000e+03 4.310000000000000000e+03 2.930000000000000000e+03
4.110457600000000000e+07 4.610000000000000000e+03 2.860000000000000000e+03 4.310000000000000000e+03 2.930000000000000000e+03
4.110478400000000000e+07 4.700000000000000000e+03 2.850000000000000000e+03 4.310000000000000000e+03 2.930000000000000000e+03
4.110499400000000000e+07 4.770000000000000000e+03 2.840000000000000000e+03 4.300000000000000000e+03 2.930000000000000000e+03
4.110519600000000000e+07 4.790000000000000000e+03 2.840000000000000000e+03 4.300000000000000000e+03 2.940000000000000000e+03
4.110541000000000000e+07 4.780000000000000000e+03 2.850000000000000000e+03 4.310000000000000000e+03 2.940000000000000000e+03
4.110560300000000000e+07 4.760000000000000000e+03 2.860000000000000000e+03 4.310000000000000000e+03 2.940000000000000000e+03
4.110582600000000000e+07 4.720000000000000000e+03 2.860000000000000000e+03 4.310000000000000000e+03 2.940000000000000000e+03
4.110601900000000000e+07 4.680000000000000000e+03 2.850000000000000000e+03 4.310000000000000000e+03 2.940000000000000000e+03
4.110627400000000000e+07 4.670000000000000000e+03 2.850000000000000000e+03 4.310000000000000000e+03 2.930000000000000000e+03
4.110644900000000000e+07 4.660000000000000000e+03 2.850000000000000000e+03 4.300000000000000000e+03 2.930000000000000000e+03
4.110665700000000000e+07 4.630000000000000000e+03 2.850000000000000000e+03 4.300000000000000000e+03 2.930000000000000000e+03
4.110685000000000000e+07 4.630000000000000000e+03 2.860000000000000000e+03 4.310000000000000000e+03 2.940000000000000000e+03
4.110707400000000000e+07 4.630000000000000000e+03 2.870000000000000000e+03 4.320000000000000000e+03 2.940000000000000000e+03
4.110727300000000000e+07 4.630000000000000000e+03 2.870000000000000000e+03 4.320000000000000000e+03 2.940000000000000000e+03
4.110748700000000000e+07 4.650000000000000000e+03 2.860000000000000000e+03 4.320000000000000000e+03 2.940000000000000000e+03
