4.111830300000000000e+07 4.710000000000000000e+03 3.820000000000000000e+03 4.040000000000000000e+03 2.530000000000000000e+03
4.111851100000000000e+07 4.710000000000000000e+03 3.820000000000000000e+03 4.030000000000000000e+03 2.520000000000000000e+03
4.111870500000000000e+07 4.700000000000000000e+03 3.770000000000000000e+03 4.030000000000000000e+03 2.520000000000000000e+03
4.111891800000000000e+07 4.710000000000000000e+03 3.830000000000000000e+03 4.030000000000000000e+03 2.520000000000000000e+03
4.111917100000000000e+07 4.710000000000000000e+03 3.830000000000000000e+03 4.030000000000000000e+03 2.530000000000000000e+03
4.111932900000000000e+07 4.710000000000000000e+03 3.770000000000000000e+03 4.030000000000000000e+03 2.530000000000000000e+03
4.111955100000000000e+07 4.710000000000000000e+03 3.760000000000000000e+03 4.030000000000000000e+03 2.520000000000000000e+03
4.111975900000000000e+07 4.710000000000000000e+03 3.800000000000000000e+03 4.030000000000000000e+03 2.520000000000000000e+03
4.111996600000000000e+07 4.710000000000000000e+03 3.760000000000000000e+03 4.040000000000000000e+03 2.530000000000000000e+03
4.112017000000000000e+07 4.710000000000000000e+03 3.820000000000000000e+03 4.040000000000000000e+03 2.520000000000000000e+03
4.112038200000000000e+07 4.710000000000000000e+03 3.830000000000000000e+03 4.040000000000000000e+03 2.530000000000000000e+03
4.112058100000000000e+07 4.710000000000000000e+03 3.810000000000000000e+03 4.030000000000000000e+03 2.530000000000000000e+03
4.112079900000000000e+07 4.710000000000000000e+03 3.830000000000000000e+03 4.030000000000000000e+03 2.520000000000000000e+03
4.112100000000000000e+07 4.710000000000000000e+03 3.790000000000000000e+03 4.030000000000000000e+03 2.510000000000000000e+03
4.112121100000000000e+07 4.710000000000000000e+03 3.790000000000000000e+03 4.030000000000000000e+03 2.530000000000000000e+03
4.112141500000000000e+07 4.710000000000000000e+03 3.790000000000000000e+03 4.030000000000000000e+03 2.530000000000000000e+03
4.112163000000000000e+07 4.700000000000000000e+03 3.770000000000000000e+03 4.030000000000000000e+03 2.530000000000000000e+03
4.112182500000000000e+07 4.700000000000000000e+03 3.770000000000000000e+03 4.030000000000000000e+03 2.520000000000000000e+03
4.112203300000000000e+07 4.700000000000000000e+03 3.800000000000000000e+03 4.030000000000000000e+03 2.520000000000000000e+03
4.112225300000000000e+07 4.710000000000000000e+03 3.760000000000000000e+03 4.030000000000000000e+03 2.520000000000000000e+03
4.112244700000000000e+07 4.700000000000000000e+03 3.800000000000000000e+03 4.030000000000000000e+03 2.520000000000000000e+03
4.112265900000000000e+07 4.700000000000000000e+03 3.780000000000000000e+03 4.040000000000000000e+03 2.530000000000000000e+03
4.112286700000000000e+07 4.700000000000000000e+03 3.790000000000000000e+03 4.030000000000000000e+03 2.530000000000000000e+03
4.112308300000000000e+07 4.700000000000000000e+03 3.790000000000000000e+03 4.030000000000000000e+03 2.520000000000000000e+03
4.112329200000000000e+07 4.700000000000000000e+03 3.830000000000000000e+03 4.030000000000000000e+03 2.510000000000000000e+03
4.112349600000000000e+07 4.710000000000000000e+03 3.780000000000000000e+03 4.030000000000000000e+03 2.520000000000000000e+03
4.112370600000000000e+07 4.710000000000000000e+03 3.770000000000000000e+03 4.040000000000000000e+03 2.520000000000000000e+03
4.112391900000000000e+07 4.710000000000000000e+03 3.760000000000000000e+03 4.040000000000000000e+03 2.510000000000000000e+03
4.112411800000000000e+07 4.710000000000000000e+03 3.780000000000000000e+03 4.040000000000000000e+03 2.510000000000000000e+03
4.112433000000000000e+07 4.710000000000000000e+03 3.790000000000000000e+03 4.030000000000000000e+03 2.510000000000000000e+03
4.112453700000000000e+07 4.710000000000000000e+03 3.770000000000000000e+03 4.030000000000000000e+03 2.520000000000000000e+03
4.112474200000000000e+07 4.710000000000000000e+03 3.790000000000000000e+03 4.030000000000000000e+03 2.530000000000000000e+03
4.112494500000000000e+07 4.710000000000000000e+03 3.830000000000000000e+03 4.030000000000000000e+03 2.520000000000000000e+03
4.112515400000000000e+07 4.710000000000000000e+03 3.810000000000000000e+03 4.030000000000000000e+03 2.520000000000000000e+03
4.112537000000000000e+07 4.710000000000000000e+03 3.810000000000000000e+03 4.030000000000000000e+03 2.520000000000000000e+03
4.112557200000000000e+07 4.710000000000000000e+03 3.770000000000000000e+03 4.030000000000000000e+03 2.530000000000000000e+03
4.112578800000000000e+07 4.710000000000000000e+03 3.760000000000000000e+03 4.030000000000000000e+03 2.530000000000000000e+03
4.112599200000000000e+07 4.710000000000000000e+03 3.780000000000000000e+03 4.030000000000000000e+03 2.530000000000000000e+03
4.112620300000000000e+07 4.710000000000000000e+03 3.780000000000000000e+03 4.030000000000000000e+03 2.530000000000000000e+03
4.112641300000000000e+07 4.710000000000000000e+03 3.790000000000000000e+03 4.030000000000000000e+03 2.540000000000000000e+03
4.112661900000000000e+07 4.700000000000000000e+03 3.810000000000000000e+03 4.030000000000000000e+03 2.530000000000000000e+03
4.112682600000000000e+07 4.700000000000000000e+03 3.770000000000000000e+03 4.030000000000000000e+03 2.530000000000000000e+03
4.112703100000000000e+07 4.700000000000000000e+03 3.760000000000000000e+03 4.040000000000000000e+03 2.520000000000000000e+03
4.112724500000000000e+07 4.700000000000000000e+03 3.820000000000000000e+03 4.030000000000000000e+03 2.520000000000000000e+03
4.112745200000000000e+07 4.700000000000000000e+03 3.780000000000000000e+03 4.030000000000000000e+03 2.530000000000000000e+03
4.112766200000000000e+07 4.710000000000000000e+03 3.820000000000000000e+03 4.030000000000000000e+03 2.530000000000000000e+03
4.112786800000000000e+07 4.710000000000000000e+03 3.760000000000000000e+03 4.030000000000000000e+03 2.530000000000000000e+03
4.112807700000000000e+07 4.710000000000000000e+03 3.760000000000000000e+03 4.030000000000000000e+03 2.530000000000000000e+03
4.112828600000000000e+07 4.710000000000000000e+03 3.760000000000000000e+03 4.030000000000000000e+03 2.520000000000000000e+03
4.112848000000000000e+07 4.710000000000000000e+03 3.820000000000000000e+03 4.030000000000000000e+03 2.530000000000000000e+03
4.112870000000000000e+07 4.700000000000000000e+03 3.760000000000000000e+03 4.040000000000000000e+03 2.520000000000000000e+03
4.112890000000000000e+07 4.700000000000000000e+03 3.780000000000000000e+03 4.040000000000000000e+03 2.510000000000000000e+03
4.112911700000000000e+07 4.710000000000000000e+03 3.780000000000000000e+03 4.040000000000000000e+03 2.510000000000000000e+03
4.112932500000000000e+07 4.710000000000000000e+03 3.760000000000000000e+03 4.030000000000000000e+03 2.510000000000000000e+03
4.112953400000000000e+07 4.710000000000000000e+03 3.800000000000000000e+03 4.030000000000000000e+03 2.520000000000000000e+03
4.112974000000000000e+07 4.700000000000000000e+03 3.760000000000000000e+03 4.030000000000000000e+03 2.520000000000000000e+03
4.112994900000000000e+07 4.700000000000000000e+03 3.810000000000000000e+03 4.030000000000000000e+03 2.530000000000000000e+03
4.113015600000000000e+07 4.700000000000000000e+03 3.790000000000000000e+03 4.030000000000000000e+03 2.540000000000000000e+03
4.113036500000000000e+07 4.710000000000000000e+03 3.810000000000000000e+03 4.030000000000000000e+03 2.540000000000000000e+03
4.113056500000000000e+07 4.710000000000000000e+03 3.830000000000000000e+03 4.030000000000000000e+03 2.540000000000000000e+03
4.113078000000000000e+07 4.710000000000000000e+03 3.790000000000000000e+03 4.040000000000000000e+03 2.540000000000000000e+03
4.113098900000000000e+07 4.710000000000000000e+03 3.810000000000000000e+03 4.030000000000000000e+03 2.530000000000000000e+03
4.113118500000000000e+07 4.710000000000000000e+03 3.780000000000000000e+03 4.030000000000000000e+03 2.530000000000000000e+03
4.113139600000000000e+07 4.710000000000000000e+03 3.800000000000000000e+03 4.030000000000000000e+03 2.520000000000000000e+03
4.113161200000000000e+07 4.710000000000000000e+03 3.780000000000000000e+03 4.030000000000000000e+03 2.510000000000000000e+03
4.113181400000000000e+07 4.710000000000000000e+03 3.790000000000000000e+03 4.030000000000000000e+03 2.520000000000000000e+03
4.113202800000000000e+07 4.710000000000000000e+03 3.810000000000000000e+03 4.030000000000000000e+03 2.530000000000000000e+03
4.113223500000000000e+07 4.710000000000000000e+03 3.790000000000000000e+03 4.030000000000000000e+03 2.520000000000000000e+03
4.113244400000000000e+07 4.710000000000000000e+03 3.830000000000000000e+03 4.030000000000000000e+03 2.510000000000000000e+03
4.113265100000000000e+07 4.710000000000000000e+03 3.770000000000000000e+03 4.030000000000000000e+03 2.500000000000000000e+03
4.113285900000000000e+07 4.710000000000000000e+03 3.790000000000000000e+03 4.030000000000000000e+03 2.510000000000000000e+03
4.113306800000000000e+07 4.720000000000000000e+03 3.780000000000000000e+03 4.020000000000000000e+03 2.530000000000000000e+03
4.113326100000000000e+07 4.720000000000000000e+03 3.850000000000000000e+03 4.030000000000000000e+03 2.530000000000000000e+03
4.113347700000000000e+07 4.720000000000000000e+03 3.850000000000000000e+03 4.030000000000000000e+03 2.530000000000000000e+03
4.113369100000000000e+07 4.710000000000000000e+03 3.820000000000000000e+03 4.030000000000000000e+03 2.530000000000000000e+03
4.113388800000000000e+07 4.710000000000000000e+03 3.820000000000000000e+03 4.030000000000000000e+03 2.530000000000000000e+03
4.113410200000000000e+07 4.710000000000000000e+03 3.800000000000000000e+03 4.040000000000000000e+03 2.520000000000000000e+03
4.113430600000000000e+07 4.710000000000000000e+03 3.800000000000000000e+03 4.030000000000000000e+03 2.530000000000000000e+03
4.113451800000000000e+07 4.710000000000000000e+03 3.810000000000000000e+03 4.030000000000000000e+03 2.530000000000000000e+03
4.113473200000000000e+07 4.710000000000000000e+03 3.790000000000000000e+03 4.030000000000000000e+03 2.530000000000000000e+03
4.113493200000000000e+07 4.710000000000000000e+03 3.820000000000000000e+03 4.030000000000000000e+03 2.540000000000000000e+03
4.113514700000000000e+07 4.710000000000000000e+03 3.780000000000000000e+03 4.030000000000000000e+03 2.540000000000000000e+03
4.113534600000000000e+07 4.700000000000000000e+03 3.780000000000000000e+03 4.030000000000000000e+03 2.540000000000000000e+03
4.113556300000000000e+07 4.700000000000000000e+03 3.800000000000000000e+03 4.030000000000000000e+03 2.540000000000000000e+03
4.113575700000000000e+07 4.700000000000000000e+03 3.800000000000000000e+03 4.040000000000000000e+03 2.540000000000000000e+03
4.113597800000000000e+07 4.700000000000000000e+03 3.800000000000000000e+03 4.030000000000000000e+03 2.550000000000000000e+03
4.113618400000000000e+07 4.700000000000000000e+03 3.840000000000000000e+03 4.030000000000000000e+03 2.550000000000000000e+03
4.113639400000000000e+07 4.700000000000000000e+03 3.840000000000000000e+03 4.030000000000000000e+03 2.540000000000000000e+03
4.113660200000000000e+07 4.700000000000000000e+03 3.840000000000000000e+03 4.040000000000000000e+03 2.530000000000000000e+03
4.113681100000000000e+07 4.700000000000000000e+03 3.780000000000000000e+03 4.040000000000000000e+03 2.530000000000000000e+03
4.113701100000000000e+07 4.710000000000000000e+03 3.820000000000000000e+03 4.040000000000000000e+03 2.520000000000000000e+03
4.113722700000000000e+07 4.710000000000000000e+03 3.780000000000000000e+03 4.030000000000000000e+03 2.530000000000000000e+03
4.113743300000000000e+07 4.710000000000000000e+03 3.780000000000000000e+03 4.030000000000000000e+03 2.520000000000000000e+03
4.113764400000000000e+07 4.710000000000000000e+03 3.840000000000000000e+03 4.030000000000000000e+03 2.530000000000000000e+03
4.113783900000000000e+07 4.710000000000000000e+03 3.820000000000000000e+03 4.030000000000000000e+03 2.530000000000000000e+03
4.113805800000000000e+07 4.700000000000000000e+03 3.820000000000000000e+03 4.030000000000000000e+03 2.540000000000000000e+03
4.113826200000000000e+07 4.700000000000000000e+03 3.820000000000000000e+03 4.030000000000000000e+03 2.540000000000000000e+03
4.113847500000000000e+07 4.700000000000000000e+03 3.840000000000000000e+03 4.030000000000000000e+03 2.540000000000000000e+03
4.113868300000000000e+07 4.700000000000000000e+03 3.780000000000000000e+03 4.030000000000000000e+03 2.540000000000000000e+03
4.113888300000000000e+07 4.700000000000000000e+03 3.840000000000000000e+03 4.040000000000000000e+03 2.540000000000000000e+03
4.113908800000000000e+07 4.700000000000000000e+03 3.780000000000000000e+03 4.030000000000000000e+03 2.540000000000000000e+03
4.113930400000000000e+07 4.700000000000000000e+03 3.780000000000000000e+03 4.030000000000000000e+03 2.540000000000000000e+03
4.113951400000000000e+07 4.710000000000000000e+03 3.800000000000000000e+03 4.030000000000000000e+03 2.530000000000000000e+03
4.113970800000000000e+07 4.710000000000000000e+03 3.780000000000000000e+03 4.030000000000000000e+03 2.530000000000000000e+03
4.113992500000000000e+07 4.710000000000000000e+03 3.770000000000000000e+03 4.040000000000000000e+03 2.530000000000000000e+03
4.114012700000000000e+07 4.710000000000000000e+03 3.810000000000000000e+03 4.040000000000000000e+03 2.530000000000000000e+03
4.114034700000000000e+07 4.700000000000000000e+03 3.770000000000000000e+03 4.040000000000000000e+03 2.530000000000000000e+03
4.114055400000000000e+07 4.700000000000000000e+03 3.790000000000000000e+03 4.040000000000000000e+03 2.530000000000000000e+03
4.114076200000000000e+07 4.700000000000000000e+03 3.770000000000000000e+03 4.040000000000000000e+03 2.530000000000000000e+03
4.114097000000000000e+07 4.700000000000000000e+03 3.830000000000000000e+03 4.040000000000000000e+03 2.510000000000000000e+03
4.114117800000000000e+07 4.700000000000000000e+03 3.770000000000000000e+03 4.030000000000000000e+03 2.520000000000000000e+03
4.114138300000000000e+07 4.690000000000000000e+03 3.810000000000000000e+03 4.030000000000000000e+03 2.510000000000000000e+03
4.114159400000000000e+07 4.700000000000000000e+03 3.790000000000000000e+03 4.030000000000000000e+03 2.510000000000000000e+03
4.114180000000000000e+07 4.700000000000000000e+03 3.810000000000000000e+03 4.030000000000000000e+03 2.500000000000000000e+03
4.114200900000000000e+07 4.700000000000000000e+03 3.810000000000000000e+03 4.040000000000000000e+03 2.520000000000000000e+03
4.114221600000000000e+07 4.700000000000000000e+03 3.770000000000000000e+03 4.040000000000000000e+03 2.530000000000000000e+03
4.114242400000000000e+07 4.700000000000000000e+03 3.810000000000000000e+03 4.030000000000000000e+03 2.520000000000000000e+03
4.114263400000000000e+07 4.700000000000000000e+03 3.770000000000000000e+03 4.030000000000000000e+03 2.530000000000000000e+03
4.114284300000000000e+07 4.700000000000000000e+03 3.780000000000000000e+03 4.030000000000000000e+03 2.540000000000000000e+03
4.114305100000000000e+07 4.700000000000000000e+03 3.830000000000000000e+03 4.020000000000000000e+03 2.540000000000000000e+03
4.114325700000000000e+07 4.700000000000000000e+03 3.810000000000000000e+03 4.020000000000000000e+03 2.540000000000000000e+03
4.114346000000000000e+07 4.700000000000000000e+03 3.770000000000000000e+03 4.030000000000000000e+03 2.540000000000000000e+03
4.114367300000000000e+07 4.700000000000000000e+03 3.790000000000000000e+03 4.040000000000000000e+03 2.540000000000000000e+03
4.114388300000000000e+07 4.700000000000000000e+03 3.800000000000000000e+03 4.030000000000000000e+03 2.520000000000000000e+03
4.114409000000000000e+07 4.700000000000000000e+03 3.820000000000000000e+03 4.030000000000000000e+03 2.520000000000000000e+03
4.114429700000000000e+07 4.700000000000000000e+03 3.820000000000000000e+03 4.030000000000000000e+03 2.520000000000000000e+03
4.114450500000000000e+07 4.700000000000000000e+03 3.760000000000000000e+03 4.030000000000000000e+03 2.520000000000000000e+03
4.114471300000000000e+07 4.710000000000000000e+03 3.800000000000000000e+03 4.030000000000000000e+03 2.530000000000000000e+03
4.114490800000000000e+07 4.690000000000000000e+03 3.820000000000000000e+03 4.030000000000000000e+03 2.530000000000000000e+03
4.114512600000000000e+07 4.700000000000000000e+03 3.800000000000000000e+03 4.030000000000000000e+03 2.510000000000000000e+03
4.114533400000000000e+07 4.700000000000000000e+03 3.780000000000000000e+03 4.030000000000000000e+03 2.510000000000000000e+03
4.114554500000000000e+07 4.700000000000000000e+03 3.770000000000000000e+03 4.030000000000000000e+03 2.520000000000000000e+03
4.114574900000000000e+07 4.700000000000000000e+03 3.780000000000000000e+03 4.020000000000000000e+03 2.520000000000000000e+03
4.114596100000000000e+07 4.700000000000000000e+03 3.780000000000000000e+03 4.030000000000000000e+03 2.520000000000000000e+03
4.114616000000000000e+07 4.710000000000000000e+03 3.760000000000000000e+03 4.030000000000000000e+03 2.520000000000000000e+03
4.114637800000000000e+07 4.690000000000000000e+03 3.770000000000000000e+03 4.030000000000000000e+03 2.520000000000000000e+03
4.114658100000000000e+07 4.680000000000000000e+03 3.830000000000000000e+03 4.030000000000000000e+03 2.520000000000000000e+03
4.114679300000000000e+07 4.680000000000000000e+03 3.830000000000000000e+03 4.030000000000000000e+03 2.520000000000000000e+03
4.114698600000000000e+07 4.690000000000000000e+03 3.830000000000000000e+03 4.030000000000000000e+03 2.520000000000000000e+03
4.114720300000000000e+07 4.690000000000000000e+03 3.830000000000000000e+03 4.030000000000000000e+03 2.520000000000000000e+03
4.114741500000000000e+07 4.690000000000000000e+03 3.820000000000000000e+03 4.030000000000000000e+03 2.520000000000000000e+03
4.114762500000000000e+07 4.700000000000000000e+03 3.760000000000000000e+03 4.030000000000000000e+03 2.520000000000000000e+03
4.114782900000000000e+07 4.700000000000000000e+03 3.790000000000000000e+03 4.030000000000000000e+03 2.520000000000000000e+03
4.114803100000000000e+07 4.700000000000000000e+03 3.790000000000000000e+03 4.030000000000000000e+03 2.520000000000000000e+03
4.114824800000000000e+07 4.700000000000000000e+03 3.830000000000000000e+03 4.030000000000000000e+03 2.520000000000000000e+03
4.114845700000000000e+07 4.710000000000000000e+03 3.810000000000000000e+03 4.030000000000000000e+03 2.530000000000000000e+03
4.114866400000000000e+07 4.700000000000000000e+03 3.830000000000000000e+03 4.030000000000000000e+03 2.530000000000000000e+03
4.114887200000000000e+07 4.700000000000000000e+03 3.810000000000000000e+03 4.030000000000000000e+03 2.530000000000000000e+03
4.114908100000000000e+07 4.700000000000000000e+03 3.760000000000000000e+03 4.030000000000000000e+03 2.530000000000000000e+03
4.114928800000000000e+07 4.700000000000000000e+03 3.300000000000000000e+03 4.510000000000000000e+03 2.530000000000000000e+03
4.114949600000000000e+07 4.700000000000000000e+03 3.300000000000000000e+03 4.510000000000000000e+03 2.530000000000000000e+03
4.114969000000000000e+07 4.700000000000000000e+03 3.300000000000000000e+03 4.540000000000000000e+03 2.530000000000000000e+03
4.114991200000000000e+07 4.700000000000000000e+03 3.300000000000000000e+03 4.520000000000000000e+03 2.530000000000000000e+03
4.115011800000000000e+07 4.700000000000000000e+03 3.300000000000000000e+03 4.530000000000000000e+03 2.520000000000000000e+03
4.115032000000000000e+07 4.700000000000000000e+03 3.300000000000000000e+03 4.530000000000000000e+03 2.520000000000000000e+03
4.115053100000000000e+07 4.700000000000000000e+03 3.300000000000000000e+03 4.550000000000000000e+03 2.530000000000000000e+03
4.115074300000000000e+07 4.700000000000000000e+03 3.300000000000000000e+03 4.510000000000000000e+03 2.530000000000000000e+03
4.115094600000000000e+07 4.700000000000000000e+03 3.300000000000000000e+03 4.550000000000000000e+03 2.530000000000000000e+03
4.115114900000000000e+07 4.700000000000000000e+03 3.300000000000000000e+03 4.500000000000000000e+03 2.520000000000000000e+03
4.115136900000000000e+07 4.700000000000000000e+03 3.300000000000000000e+03 4.510000000000000000e+03 2.520000000000000000e+03
4.115157500000000000e+07 4.700000000000000000e+03 3.300000000000000000e+03 4.550000000000000000e+03 2.510000000000000000e+03
4.115178300000000000e+07 4.700000000000000000e+03 3.300000000000000000e+03 4.490000000000000000e+03 2.520000000000000000e+03
4.115199100000000000e+07 4.700000000000000000e+03 3.300000000000000000e+03 4.510000000000000000e+03 2.520000000000000000e+03
4.115220000000000000e+07 4.700000000000000000e+03 3.300000000000000000e+03 4.500000000000000000e+03 2.530000000000000000e+03
4.115240800000000000e+07 4.700000000000000000e+03 3.300000000000000000e+03 4.560000000000000000e+03 2.520000000000000000e+03
4.115260900000000000e+07 4.700000000000000000e+03 3.300000000000000000e+03 4.560000000000000000e+03 2.530000000000000000e+03
4.115281300000000000e+07 4.700000000000000000e+03 3.300000000000000000e+03 4.530000000000000000e+03 2.530000000000000000e+03
4.115303100000000000e+07 4.700000000000000000e+03 3.290000000000000000e+03 4.570000000000000000e+03 2.530000000000000000e+03
4.115323700000000000e+07 4.700000000000000000e+03 3.290000000000000000e+03 4.500000000000000000e+03 2.530000000000000000e+03
4.115343500000000000e+07 4.700000000000000000e+03 3.300000000000000000e+03 4.520000000000000000e+03 2.530000000000000000e+03
4.115364100000000000e+07 4.700000000000000000e+03 3.300000000000000000e+03 4.510000000000000000e+03 2.520000000000000000e+03
4.115385900000000000e+07 4.700000000000000000e+03 3.300000000000000000e+03 4.570000000000000000e+03 2.520000000000000000e+03
4.115406800000000000e+07 4.700000000000000000e+03 3.300000000000000000e+03 4.500000000000000000e+03 2.520000000000000000e+03
4.115428000000000000e+07 4.710000000000000000e+03 3.300000000000000000e+03 4.500000000000000000e+03 2.520000000000000000e+03
4.115448100000000000e+07 4.700000000000000000e+03 3.300000000000000000e+03 4.560000000000000000e+03 2.530000000000000000e+03
4.115469400000000000e+07 4.700000000000000000e+03 3.300000000000000000e+03 4.530000000000000000e+03 2.530000000000000000e+03
4.115490200000000000e+07 4.700000000000000000e+03 3.300000000000000000e+03 4.510000000000000000e+03 2.540000000000000000e+03
4.115510400000000000e+07 4.700000000000000000e+03 3.300000000000000000e+03 4.510000000000000000e+03 2.540000000000000000e+03
4.115531900000000000e+07 4.700000000000000000e+03 3.300000000000000000e+03 4.540000000000000000e+03 2.540000000000000000e+03
4.115552400000000000e+07 4.710000000000000000e+03 3.300000000000000000e+03 4.490000000000000000e+03 2.530000000000000000e+03
4.115572000000000000e+07 4.710000000000000000e+03 3.300000000000000000e+03 4.490000000000000000e+03 2.540000000000000000e+03
4.115593300000000000e+07 4.700000000000000000e+03 3.310000000000000000e+03 4.490000000000000000e+03 2.530000000000000000e+03
4.115614200000000000e+07 4.700000000000000000e+03 3.310000000000000000e+03 4.550000000000000000e+03 2.530000000000000000e+03
4.115635100000000000e+07 4.710000000000000000e+03 3.310000000000000000e+03 4.550000000000000000e+03 2.530000000000000000e+03
4.115655700000000000e+07 4.710000000000000000e+03 3.310000000000000000e+03 4.490000000000000000e+03 2.520000000000000000e+03
4.115676800000000000e+07 4.710000000000000000e+03 3.310000000000000000e+03 4.490000000000000000e+03 2.520000000000000000e+03
4.115698300000000000e+07 4.710000000000000000e+03 3.310000000000000000e+03 4.530000000000000000e+03 2.520000000000000000e+03
4.115717700000000000e+07 4.710000000000000000e+03 3.310000000000000000e+03 4.510000000000000000e+03 2.520000000000000000e+03
4.115738600000000000e+07 4.710000000000000000e+03 3.310000000000000000e+03 4.550000000000000000e+03 2.510000000000000000e+03
4.115760600000000000e+07 4.720000000000000000e+03 3.310000000000000000e+03 4.550000000000000000e+03 2.520000000000000000e+03
4.115781000000000000e+07 4.720000000000000000e+03 3.310000000000000000e+03 4.550000000000000000e+03 2.520000000000000000e+03
4.115801300000000000e+07 4.710000000000000000e+03 3.310000000000000000e+03 4.510000000000000000e+03 2.530000000000000000e+03
4.115823200000000000e+07 4.710000000000000000e+03 3.310000000000000000e+03 4.550000000000000000e+03 2.520000000000000000e+03
4.115842700000000000e+07 4.710000000000000000e+03 3.310000000000000000e+03 4.560000000000000000e+03 2.530000000000000000e+03
4.115864500000000000e+07 4.710000000000000000e+03 3.310000000000000000e+03 4.500000000000000000e+03 2.520000000000000000e+03
4.115885400000000000e+07 4.700000000000000000e+03 3.310000000000000000e+03 4.550000000000000000e+03 2.530000000000000000e+03
4.115905400000000000e+07 4.700000000000000000e+03 3.310000000000000000e+03 4.510000000000000000e+03 2.530000000000000000e+03
4.115925700000000000e+07 4.700000000000000000e+03 3.310000000000000000e+03 4.510000000000000000e+03 2.530000000000000000e+03
4.115946400000000000e+07 4.710000000000000000e+03 3.310000000000000000e+03 4.500000000000000000e+03 2.540000000000000000e+03
4.115967200000000000e+07 4.710000000000000000e+03 3.310000000000000000e+03 4.560000000000000000e+03 2.540000000000000000e+03
4.115988000000000000e+07 4.710000000000000000e+03 3.310000000000000000e+03 4.530000000000000000e+03 2.550000000000000000e+03
4.120009100000000000e+07 4.710000000000000000e+03 3.310000000000000000e+03 4.520000000000000000e+03 2.550000000000000000e+03
4.120030900000000000e+07 4.700000000000000000e+03 3.310000000000000000e+03 4.510000000000000000e+03 2.550000000000000000e+03
4.120051600000000000e+07 4.700000000000000000e+03 3.310000000000000000e+03 4.550000000000000000e+03 2.550000000000000000e+03
4.120071200000000000e+07 4.710000000000000000e+03 3.310000000000000000e+03 4.510000000000000000e+03 2.550000000000000000e+03
4.120092500000000000e+07 4.700000000000000000e+03 3.310000000000000000e+03 4.550000000000000000e+03 2.550000000000000000e+03
4.120113600000000000e+07 4.700000000000000000e+03 3.310000000000000000e+03 4.550000000000000000e+03 2.550000000000000000e+03
4.120134400000000000e+07 4.700000000000000000e+03 3.310000000000000000e+03 4.490000000000000000e+03 2.550000000000000000e+03
4.120154500000000000e+07 4.700000000000000000e+03 3.310000000000000000e+03 4.550000000000000000e+03 2.540000000000000000e+03
4.120176200000000000e+07 4.700000000000000000e+03 3.310000000000000000e+03 4.490000000000000000e+03 2.530000000000000000e+03
4.120196800000000000e+07 4.700000000000000000e+03 3.310000000000000000e+03 4.490000000000000000e+03 2.530000000000000000e+03
4.120218000000000000e+07 4.700000000000000000e+03 3.310000000000000000e+03 4.550000000000000000e+03 2.520000000000000000e+03
4.120238700000000000e+07 4.710000000000000000e+03 3.310000000000000000e+03 4.510000000000000000e+03 2.520000000000000000e+03
4.120258900000000000e+07 4.710000000000000000e+03 3.310000000000000000e+03 4.530000000000000000e+03 2.530000000000000000e+03
4.120279300000000000e+07 4.700000000000000000e+03 3.310000000000000000e+03 4.490000000000000000e+03 2.530000000000000000e+03
4.120301200000000000e+07 4.700000000000000000e+03 3.310000000000000000e+03 4.530000000000000000e+03 2.520000000000000000e+03
4.120322000000000000e+07 4.700000000000000000e+03 3.310000000000000000e+03 4.550000000000000000e+03 2.530000000000000000e+03
4.120343000000000000e+07 4.710000000000000000e+03 3.310000000000000000e+03 4.490000000000000000e+03 2.520000000000000000e+03
4.120363700000000000e+07 4.710000000000000000e+03 3.310000000000000000e+03 4.510000000000000000e+03 2.530000000000000000e+03
4.120384500000000000e+07 4.700000000000000000e+03 3.310000000000000000e+03 4.530000000000000000e+03 2.540000000000000000e+03
4.120404500000000000e+07 4.700000000000000000e+03 3.310000000000000000e+03 4.520000000000000000e+03 2.540000000000000000e+03
4.120425900000000000e+07 4.710000000000000000e+03 3.310000000000000000e+03 4.530000000000000000e+03 2.540000000000000000e+03
4.120447000000000000e+07 4.710000000000000000e+03 3.310000000000000000e+03 4.560000000000000000e+03 2.540000000000000000e+03
4.120466700000000000e+07 4.710000000000000000e+03 3.310000000000000000e+03 4.550000000000000000e+03 2.540000000000000000e+03
4.120487100000000000e+07 4.710000000000000000e+03 3.310000000000000000e+03 4.510000000000000000e+03 2.530000000000000000e+03
4.120508700000000000e+07 4.710000000000000000e+03 3.310000000000000000e+03 4.510000000000000000e+03 2.520000000000000000e+03
4.120529900000000000e+07 4.710000000000000000e+03 3.310000000000000000e+03 4.510000000000000000e+03 2.520000000000000000e+03
4.120550400000000000e+07 4.710000000000000000e+03 3.310000000000000000e+03 4.550000000000000000e+03 2.520000000000000000e+03
4.120571600000000000e+07 4.710000000000000000e+03 3.310000000000000000e+03 4.520000000000000000e+03 2.520000000000000000e+03
4.120592500000000000e+07 4.710000000000000000e+03 3.310000000000000000e+03 4.500000000000000000e+03 2.510000000000000000e+03
4.120613100000000000e+07 4.710000000000000000e+03 3.310000000000000000e+03 4.520000000000000000e+03 2.530000000000000000e+03
4.120633700000000000e+07 4.710000000000000000e+03 3.310000000000000000e+03 4.520000000000000000e+03 2.520000000000000000e+03
4.120654300000000000e+07 4.710000000000000000e+03 3.310000000000000000e+03 4.560000000000000000e+03 2.520000000000000000e+03
4.120695900000000000e+07 4.710000000000000000e+03 3.310000000000000000e+03 4.520000000000000000e+03 2.530000000000000000e+03
4.120717300000000000e+07 4.710000000000000000e+03 3.310000000000000000e+03 4.560000000000000000e+03 2.530000000000000000e+03
4.120737100000000000e+07 4.710000000000000000e+03 3.310000000000000000e+03 4.500000000000000000e+03 2.520000000000000000e+03
4.120757400000000000e+07 4.710000000000000000e+03 3.310000000000000000e+03 4.500000000000000000e+03 2.510000000000000000e+03
4.120779600000000000e+07 4.710000000000000000e+03 3.310000000000000000e+03 4.500000000000000000e+03 2.530000000000000000e+03
4.120800500000000000e+07 4.710000000000000000e+03 3.310000000000000000e+03 4.540000000000000000e+03 2.530000000000000000e+03
4.120820300000000000e+07 4.710000000000000000e+03 3.310000000000000000e+03 4.550000000000000000e+03 2.520000000000000000e+03
4.120842000000000000e+07 4.710000000000000000e+03 3.310000000000000000e+03 4.500000000000000000e+03 2.530000000000000000e+03
4.120862900000000000e+07 4.710000000000000000e+03 3.310000000000000000e+03 4.500000000000000000e+03 2.530000000000000000e+03
4.120883600000000000e+07 4.710000000000000000e+03 3.310000000000000000e+03 4.490000000000000000e+03 2.540000000000000000e+03
4.120904300000000000e+07 4.710000000000000000e+03 3.300000000000000000e+03 4.490000000000000000e+03 2.540000000000000000e+03
4.120925200000000000e+07 4.710000000000000000e+03 3.300000000000000000e+03 4.560000000000000000e+03 2.530000000000000000e+03
4.120946100000000000e+07 4.710000000000000000e+03 3.300000000000000000e+03 4.540000000000000000e+03 2.540000000000000000e+03
4.120966000000000000e+07 4.710000000000000000e+03 3.300000000000000000e+03 4.540000000000000000e+03 2.530000000000000000e+03
4.120987600000000000e+07 4.710000000000000000e+03 3.300000000000000000e+03 4.530000000000000000e+03 2.530000000000000000e+03
4.121006900000000000e+07 4.710000000000000000e+03 3.300000000000000000e+03 4.500000000000000000e+03 2.520000000000000000e+03
4.121029300000000000e+07 4.710000000000000000e+03 3.300000000000000000e+03 4.510000000000000000e+03 2.520000000000000000e+03
4.121049700000000000e+07 4.710000000000000000e+03 3.300000000000000000e+03 4.530000000000000000e+03 2.530000000000000000e+03
4.121070200000000000e+07 4.710000000000000000e+03 3.300000000000000000e+03 4.530000000000000000e+03 2.520000000000000000e+03
4.121091600000000000e+07 4.710000000000000000e+03 3.300000000000000000e+03 4.530000000000000000e+03 2.520000000000000000e+03
4.121112400000000000e+07 4.710000000000000000e+03 3.300000000000000000e+03 4.490000000000000000e+03 2.530000000000000000e+03
4.121131900000000000e+07 4.710000000000000000e+03 3.300000000000000000e+03 4.530000000000000000e+03 2.530000000000000000e+03
4.121154000000000000e+07 4.710000000000000000e+03 3.300000000000000000e+03 4.510000000000000000e+03 2.520000000000000000e+03
4.121174800000000000e+07 4.700000000000000000e+03 3.300000000000000000e+03 4.520000000000000000e+03 2.530000000000000000e+03
4.121195600000000000e+07 4.700000000000000000e+03 3.300000000000000000e+03 4.490000000000000000e+03 2.540000000000000000e+03
4.121216400000000000e+07 4.700000000000000000e+03 3.300000000000000000e+03 4.490000000000000000e+03 2.540000000000000000e+03
4.121237200000000000e+07 4.700000000000000000e+03 3.300000000000000000e+03 4.530000000000000000e+03 2.530000000000000000e+03
4.121256500000000000e+07 4.700000000000000000e+03 3.300000000000000000e+03 4.530000000000000000e+03 2.520000000000000000e+03
4.121278200000000000e+07 4.710000000000000000e+03 3.300000000000000000e+03 4.510000000000000000e+03 2.520000000000000000e+03
4.121299200000000000e+07 4.710000000000000000e+03 3.300000000000000000e+03 4.490000000000000000e+03 2.520000000000000000e+03
4.121320300000000000e+07 4.710000000000000000e+03 3.300000000000000000e+03 4.490000000000000000e+03 2.520000000000000000e+03
4.121340900000000000e+07 4.710000000000000000e+03 3.310000000000000000e+03 4.530000000000000000e+03 2.530000000000000000e+03
4.121362000000000000e+07 4.720000000000000000e+03 3.310000000000000000e+03 4.550000000000000000e+03 2.540000000000000000e+03
4.121381900000000000e+07 4.710000000000000000e+03 3.310000000000000000e+03 4.490000000000000000e+03 2.540000000000000000e+03
4.121403500000000000e+07 4.710000000000000000e+03 3.310000000000000000e+03 4.510000000000000000e+03 2.540000000000000000e+03
4.121424300000000000e+07 4.710000000000000000e+03 3.310000000000000000e+03 4.510000000000000000e+03 2.540000000000000000e+03
4.121444600000000000e+07 4.700000000000000000e+03 3.310000000000000000e+03 4.510000000000000000e+03 2.540000000000000000e+03
4.121464900000000000e+07 4.700000000000000000e+03 3.310000000000000000e+03 4.490000000000000000e+03 2.540000000000000000e+03
4.121486200000000000e+07 4.700000000000000000e+03 3.310000000000000000e+03 4.550000000000000000e+03 2.540000000000000000e+03
4.121507400000000000e+07 4.700000000000000000e+03 3.310000000000000000e+03 4.560000000000000000e+03 2.540000000000000000e+03
4.121527300000000000e+07 4.710000000000000000e+03 3.310000000000000000e+03 4.520000000000000000e+03 2.540000000000000000e+03
4.121549100000000000e+07 4.700000000000000000e+03 3.310000000000000000e+03 4.490000000000000000e+03 2.540000000000000000e+03
4.121569500000000000e+07 4.710000000000000000e+03 3.310000000000000000e+03 4.490000000000000000e+03 2.530000000000000000e+03
4.121590700000000000e+07 4.710000000000000000e+03 3.300000000000000000e+03 4.510000000000000000e+03 2.530000000000000000e+03
4.121611300000000000e+07 4.710000000000000000e+03 3.300000000000000000e+03 4.540000000000000000e+03 2.530000000000000000e+03
4.121632100000000000e+07 4.710000000000000000e+03 3.300000000000000000e+03 4.520000000000000000e+03 2.530000000000000000e+03
4.121651800000000000e+07 4.710000000000000000e+03 3.300000000000000000e+03 4.520000000000000000e+03 2.530000000000000000e+03
4.121672900000000000e+07 4.710000000000000000e+03 3.300000000000000000e+03 4.530000000000000000e+03 2.540000000000000000e+03
4.121694800000000000e+07 4.710000000000000000e+03 3.300000000000000000e+03 4.490000000000000000e+03 2.540000000000000000e+03
4.121715500000000000e+07 4.710000000000000000e+03 3.300000000000000000e+03 4.530000000000000000e+03 2.540000000000000000e+03
4.121736200000000000e+07 4.710000000000000000e+03 3.300000000000000000e+03 4.490000000000000000e+03 2.550000000000000000e+03
4.121757000000000000e+07 4.710000000000000000e+03 3.300000000000000000e+03 4.510000000000000000e+03 2.540000000000000000e+03
4.121776800000000000e+07 4.700000000000000000e+03 3.300000000000000000e+03 4.490000000000000000e+03 2.540000000000000000e+03
4.121798600000000000e+07 4.700000000000000000e+03 3.300000000000000000e+03 4.490000000000000000e+03 2.530000000000000000e+03
4.121819400000000000e+07 4.700000000000000000e+03 3.300000000000000000e+03 4.490000000000000000e+03 2.530000000000000000e+03
4.121840300000000000e+07 4.700000000000000000e+03 3.300000000000000000e+03 4.490000000000000000e+03 2.520000000000000000e+03
4.121861000000000000e+07 4.690000000000000000e+03 3.300000000000000000e+03 4.490000000000000000e+03 2.520000000000000000e+03
4.121882000000000000e+07 4.690000000000000000e+03 3.300000000000000000e+03 4.550000000000000000e+03 2.520000000000000000e+03
4.121902700000000000e+07 4.700000000000000000e+03 3.300000000000000000e+03 4.490000000000000000e+03 2.510000000000000000e+03
4.121923500000000000e+07 4.700000000000000000e+03 3.300000000000000000e+03 4.510000000000000000e+03 2.510000000000000000e+03
4.121944300000000000e+07 4.700000000000000000e+03 3.300000000000000000e+03 4.530000000000000000e+03 2.520000000000000000e+03
4.121964700000000000e+07 4.700000000000000000e+03 3.300000000000000000e+03 4.490000000000000000e+03 2.520000000000000000e+03
4.121986000000000000e+07 4.690000000000000000e+03 3.300000000000000000e+03 4.510000000000000000e+03 2.530000000000000000e+03
4.122013500000000000e+07 4.690000000000000000e+03 3.300000000000000000e+03 4.510000000000000000e+03 2.540000000000000000e+03
4.122027400000000000e+07 4.700000000000000000e+03 3.300000000000000000e+03 4.550000000000000000e+03 2.530000000000000000e+03
4.122048100000000000e+07 4.690000000000000000e+03 3.300000000000000000e+03 4.490000000000000000e+03 2.530000000000000000e+03
