5.011121100000000000e+07 4.870000000000000000e+03 2.680000000000000000e+03 4.660000000000000000e+03 2.840000000000000000e+03
5.011141800000000000e+07 4.880000000000000000e+03 2.680000000000000000e+03 4.650000000000000000e+03 2.860000000000000000e+03
5.011162300000000000e+07 4.880000000000000000e+03 2.680000000000000000e+03 4.650000000000000000e+03 2.880000000000000000e+03
5.011182700000000000e+07 4.880000000000000000e+03 2.670000000000000000e+03 4.650000000000000000e+03 2.900000000000000000e+03
5.011204100000000000e+07 4.880000000000000000e+03 2.680000000000000000e+03 4.650000000000000000e+03 2.900000000000000000e+03
5.011224100000000000e+07 4.890000000000000000e+03 2.670000000000000000e+03 4.650000000000000000e+03 2.910000000000000000e+03
5.011245100000000000e+07 4.880000000000000000e+03 2.670000000000000000e+03 4.640000000000000000e+03 2.910000000000000000e+03
5.011266600000000000e+07 4.880000000000000000e+03 2.680000000000000000e+03 4.640000000000000000e+03 2.910000000000000000e+03
5.011287500000000000e+07 4.870000000000000000e+03 2.680000000000000000e+03 4.650000000000000000e+03 2.870000000000000000e+03
5.011308100000000000e+07 4.860000000000000000e+03 2.680000000000000000e+03 4.660000000000000000e+03 2.850000000000000000e+03
5.011327600000000000e+07 4.860000000000000000e+03 2.680000000000000000e+03 4.670000000000000000e+03 2.850000000000000000e+03
5.011348800000000000e+07 4.880000000000000000e+03 2.680000000000000000e+03 4.660000000000000000e+03 2.850000000000000000e+03
5.011370000000000000e+07 4.880000000000000000e+03 2.680000000000000000e+03 4.650000000000000000e+03 2.850000000000000000e+03
5.011391400000000000e+07 4.880000000000000000e+03 2.680000000000000000e+03 4.640000000000000000e+03 2.850000000000000000e+03
5.011411600000000000e+07 4.880000000000000000e+03 2.680000000000000000e+03 4.650000000000000000e+03 2.850000000000000000e+03
5.011432600000000000e+07 4.890000000000000000e+03 2.680000000000000000e+03 4.660000000000000000e+03 2.840000000000000000e+03
5.011453800000000000e+07 4.880000000000000000e+03 2.680000000000000000e+03 4.660000000000000000e+03 2.870000000000000000e+03
5.011473300000000000e+07 4.880000000000000000e+03 2.680000000000000000e+03 4.670000000000000000e+03 2.900000000000000000e+03
5.011495400000000000e+07 4.880000000000000000e+03 2.680000000000000000e+03 4.650000000000000000e+03 2.990000000000000000e+03
5.011515900000000000e+07 4.880000000000000000e+03 2.680000000000000000e+03 4.660000000000000000e+03 3.060000000000000000e+03
5.011537000000000000e+07 4.870000000000000000e+03 2.680000000000000000e+03 4.650000000000000000e+03 3.060000000000000000e+03
5.011557800000000000e+07 4.860000000000000000e+03 2.670000000000000000e+03 4.650000000000000000e+03 3.180000000000000000e+03
5.011578600000000000e+07 4.870000000000000000e+03 2.670000000000000000e+03 4.650000000000000000e+03 3.050000000000000000e+03
5.011598900000000000e+07 4.880000000000000000e+03 2.670000000000000000e+03 4.670000000000000000e+03 3.170000000000000000e+03
5.011619800000000000e+07 4.880000000000000000e+03 2.670000000000000000e+03 4.670000000000000000e+03 3.030000000000000000e+03
5.011640700000000000e+07 4.870000000000000000e+03 2.680000000000000000e+03 4.660000000000000000e+03 3.080000000000000000e+03
5.011661600000000000e+07 4.870000000000000000e+03 2.670000000000000000e+03 4.670000000000000000e+03 3.080000000000000000e+03
5.011682500000000000e+07 4.870000000000000000e+03 2.680000000000000000e+03 4.680000000000000000e+03 3.050000000000000000e+03
5.011703300000000000e+07 4.880000000000000000e+03 2.680000000000000000e+03 4.660000000000000000e+03 3.050000000000000000e+03
5.011724100000000000e+07 4.880000000000000000e+03 2.690000000000000000e+03 4.660000000000000000e+03 3.050000000000000000e+03
5.011744900000000000e+07 4.880000000000000000e+03 2.680000000000000000e+03 4.660000000000000000e+03 3.090000000000000000e+03
5.011764600000000000e+07 4.880000000000000000e+03 2.690000000000000000e+03 4.670000000000000000e+03 3.160000000000000000e+03
5.011786400000000000e+07 4.880000000000000000e+03 2.690000000000000000e+03 4.670000000000000000e+03 3.160000000000000000e+03
5.011807200000000000e+07 4.870000000000000000e+03 2.690000000000000000e+03 4.670000000000000000e+03 3.230000000000000000e+03
5.011827500000000000e+07 4.880000000000000000e+03 2.690000000000000000e+03 4.660000000000000000e+03 3.280000000000000000e+03
5.011848400000000000e+07 4.880000000000000000e+03 2.690000000000000000e+03 4.660000000000000000e+03 3.250000000000000000e+03
5.011869000000000000e+07 4.880000000000000000e+03 2.700000000000000000e+03 4.670000000000000000e+03 3.230000000000000000e+03
5.011890500000000000e+07 4.880000000000000000e+03 2.690000000000000000e+03 4.660000000000000000e+03 3.230000000000000000e+03
5.011911300000000000e+07 4.870000000000000000e+03 2.690000000000000000e+03 4.660000000000000000e+03 3.240000000000000000e+03
5.011930900000000000e+07 4.880000000000000000e+03 2.690000000000000000e+03 4.660000000000000000e+03 3.270000000000000000e+03
5.011952400000000000e+07 4.880000000000000000e+03 2.690000000000000000e+03 4.680000000000000000e+03 3.270000000000000000e+03
5.011994500000000000e+07 4.870000000000000000e+03 2.680000000000000000e+03 4.680000000000000000e+03 3.230000000000000000e+03
5.012015000000000000e+07 4.870000000000000000e+03 2.680000000000000000e+03 4.670000000000000000e+03 3.260000000000000000e+03
5.012035200000000000e+07 4.870000000000000000e+03 2.680000000000000000e+03 4.670000000000000000e+03 3.290000000000000000e+03
5.012056300000000000e+07 4.870000000000000000e+03 2.680000000000000000e+03 4.660000000000000000e+03 3.310000000000000000e+03
5.012076700000000000e+07 4.870000000000000000e+03 2.680000000000000000e+03 4.660000000000000000e+03 3.310000000000000000e+03
5.012098500000000000e+07 4.870000000000000000e+03 2.680000000000000000e+03 4.650000000000000000e+03 3.240000000000000000e+03
5.012119000000000000e+07 4.870000000000000000e+03 2.690000000000000000e+03 4.650000000000000000e+03 3.160000000000000000e+03
5.012139700000000000e+07 4.880000000000000000e+03 2.690000000000000000e+03 4.660000000000000000e+03 3.120000000000000000e+03
5.012160800000000000e+07 4.880000000000000000e+03 2.680000000000000000e+03 4.660000000000000000e+03 3.020000000000000000e+03
5.012181700000000000e+07 4.880000000000000000e+03 2.690000000000000000e+03 4.660000000000000000e+03 2.960000000000000000e+03
5.012202200000000000e+07 4.880000000000000000e+03 2.700000000000000000e+03 4.650000000000000000e+03 2.910000000000000000e+03
5.012222400000000000e+07 4.880000000000000000e+03 2.700000000000000000e+03 4.650000000000000000e+03 2.860000000000000000e+03
5.012243500000000000e+07 4.880000000000000000e+03 2.700000000000000000e+03 4.660000000000000000e+03 2.840000000000000000e+03
5.012263900000000000e+07 4.870000000000000000e+03 2.690000000000000000e+03 4.650000000000000000e+03 2.870000000000000000e+03
5.012285600000000000e+07 4.870000000000000000e+03 2.690000000000000000e+03 4.650000000000000000e+03 2.890000000000000000e+03
5.012306300000000000e+07 4.860000000000000000e+03 2.690000000000000000e+03 4.650000000000000000e+03 2.910000000000000000e+03
5.012325800000000000e+07 4.860000000000000000e+03 2.680000000000000000e+03 4.660000000000000000e+03 2.970000000000000000e+03
5.012346700000000000e+07 4.860000000000000000e+03 2.690000000000000000e+03 4.650000000000000000e+03 2.980000000000000000e+03
5.012368700000000000e+07 4.870000000000000000e+03 2.690000000000000000e+03 4.650000000000000000e+03 3.100000000000000000e+03
5.012389000000000000e+07 4.860000000000000000e+03 2.690000000000000000e+03 4.650000000000000000e+03 3.170000000000000000e+03
5.012410400000000000e+07 4.870000000000000000e+03 2.690000000000000000e+03 4.650000000000000000e+03 3.230000000000000000e+03
5.012431000000000000e+07 4.870000000000000000e+03 2.690000000000000000e+03 4.650000000000000000e+03 3.200000000000000000e+03
5.012451200000000000e+07 4.870000000000000000e+03 2.690000000000000000e+03 4.640000000000000000e+03 3.190000000000000000e+03
5.012471400000000000e+07 4.880000000000000000e+03 2.680000000000000000e+03 4.650000000000000000e+03 3.200000000000000000e+03
5.012493500000000000e+07 4.880000000000000000e+03 2.680000000000000000e+03 4.670000000000000000e+03 3.130000000000000000e+03
5.012514200000000000e+07 4.880000000000000000e+03 2.680000000000000000e+03 4.670000000000000000e+03 3.020000000000000000e+03
5.012533700000000000e+07 4.890000000000000000e+03 2.690000000000000000e+03 4.670000000000000000e+03 2.960000000000000000e+03
5.012554800000000000e+07 4.890000000000000000e+03 2.690000000000000000e+03 4.660000000000000000e+03 3.100000000000000000e+03
5.012575300000000000e+07 4.880000000000000000e+03 2.690000000000000000e+03 4.650000000000000000e+03 3.200000000000000000e+03
5.012596900000000000e+07 4.880000000000000000e+03 2.680000000000000000e+03 4.660000000000000000e+03 3.290000000000000000e+03
5.012617000000000000e+07 4.880000000000000000e+03 2.670000000000000000e+03 4.660000000000000000e+03 3.390000000000000000e+03
5.012639000000000000e+07 4.880000000000000000e+03 2.670000000000000000e+03 4.660000000000000000e+03 3.440000000000000000e+03
5.012659900000000000e+07 4.880000000000000000e+03 2.670000000000000000e+03 4.670000000000000000e+03 3.490000000000000000e+03
5.012680600000000000e+07 4.880000000000000000e+03 2.670000000000000000e+03 4.660000000000000000e+03 3.520000000000000000e+03
5.012700500000000000e+07 4.880000000000000000e+03 2.670000000000000000e+03 4.660000000000000000e+03 3.530000000000000000e+03
5.012722300000000000e+07 4.880000000000000000e+03 2.670000000000000000e+03 4.660000000000000000e+03 3.540000000000000000e+03
5.012743100000000000e+07 4.880000000000000000e+03 2.670000000000000000e+03 4.660000000000000000e+03 3.550000000000000000e+03
5.012762900000000000e+07 4.880000000000000000e+03 2.670000000000000000e+03 4.650000000000000000e+03 3.550000000000000000e+03
5.012784700000000000e+07 4.880000000000000000e+03 2.670000000000000000e+03 4.640000000000000000e+03 3.550000000000000000e+03
5.012805300000000000e+07 4.880000000000000000e+03 2.670000000000000000e+03 4.640000000000000000e+03 3.560000000000000000e+03
5.012826000000000000e+07 4.880000000000000000e+03 2.690000000000000000e+03 4.640000000000000000e+03 3.560000000000000000e+03
5.012846700000000000e+07 4.880000000000000000e+03 2.690000000000000000e+03 4.640000000000000000e+03 3.560000000000000000e+03
5.012867800000000000e+07 4.880000000000000000e+03 2.690000000000000000e+03 4.650000000000000000e+03 3.560000000000000000e+03
5.012887800000000000e+07 4.880000000000000000e+03 2.690000000000000000e+03 4.660000000000000000e+03 3.580000000000000000e+03
5.012909100000000000e+07 4.870000000000000000e+03 2.690000000000000000e+03 4.650000000000000000e+03 3.580000000000000000e+03
5.012930200000000000e+07 4.870000000000000000e+03 2.690000000000000000e+03 4.650000000000000000e+03 3.590000000000000000e+03
5.012951100000000000e+07 4.860000000000000000e+03 2.690000000000000000e+03 4.660000000000000000e+03 3.560000000000000000e+03
5.012971800000000000e+07 4.860000000000000000e+03 2.680000000000000000e+03 4.660000000000000000e+03 3.510000000000000000e+03
5.012992700000000000e+07 4.860000000000000000e+03 2.670000000000000000e+03 4.660000000000000000e+03 3.460000000000000000e+03
5.013012000000000000e+07 4.860000000000000000e+03 2.670000000000000000e+03 4.660000000000000000e+03 3.420000000000000000e+03
5.013034300000000000e+07 4.860000000000000000e+03 2.680000000000000000e+03 4.660000000000000000e+03 3.410000000000000000e+03
5.013055000000000000e+07 4.870000000000000000e+03 2.670000000000000000e+03 4.660000000000000000e+03 3.410000000000000000e+03
5.013075200000000000e+07 4.870000000000000000e+03 2.670000000000000000e+03 4.660000000000000000e+03 3.490000000000000000e+03
5.013096700000000000e+07 4.870000000000000000e+03 2.670000000000000000e+03 4.670000000000000000e+03 3.530000000000000000e+03
5.013117400000000000e+07 4.860000000000000000e+03 2.670000000000000000e+03 4.670000000000000000e+03 3.540000000000000000e+03
5.013138300000000000e+07 4.860000000000000000e+03 2.680000000000000000e+03 4.670000000000000000e+03 3.550000000000000000e+03
5.013158100000000000e+07 4.860000000000000000e+03 2.680000000000000000e+03 4.670000000000000000e+03 3.550000000000000000e+03
5.013179800000000000e+07 4.870000000000000000e+03 2.690000000000000000e+03 4.670000000000000000e+03 3.540000000000000000e+03
5.013200500000000000e+07 4.870000000000000000e+03 2.690000000000000000e+03 4.660000000000000000e+03 3.540000000000000000e+03
5.013221400000000000e+07 4.870000000000000000e+03 2.690000000000000000e+03 4.650000000000000000e+03 3.540000000000000000e+03
5.013242200000000000e+07 4.860000000000000000e+03 2.690000000000000000e+03 4.650000000000000000e+03 3.550000000000000000e+03
5.013263000000000000e+07 4.870000000000000000e+03 2.680000000000000000e+03 4.660000000000000000e+03 3.570000000000000000e+03
5.013283500000000000e+07 4.870000000000000000e+03 2.670000000000000000e+03 4.660000000000000000e+03 3.590000000000000000e+03
5.013304300000000000e+07 4.860000000000000000e+03 2.670000000000000000e+03 4.660000000000000000e+03 3.570000000000000000e+03
5.013325400000000000e+07 4.870000000000000000e+03 2.660000000000000000e+03 4.660000000000000000e+03 3.540000000000000000e+03
5.013346200000000000e+07 4.880000000000000000e+03 2.660000000000000000e+03 4.670000000000000000e+03 3.490000000000000000e+03
5.013370200000000000e+07 4.880000000000000000e+03 2.660000000000000000e+03 4.680000000000000000e+03 3.470000000000000000e+03
5.013387900000000000e+07 4.880000000000000000e+03 2.670000000000000000e+03 4.670000000000000000e+03 3.480000000000000000e+03
5.013408600000000000e+07 4.870000000000000000e+03 2.670000000000000000e+03 4.660000000000000000e+03 3.490000000000000000e+03
5.013429400000000000e+07 4.870000000000000000e+03 2.670000000000000000e+03 4.670000000000000000e+03 3.500000000000000000e+03
5.013450100000000000e+07 4.860000000000000000e+03 2.670000000000000000e+03 4.660000000000000000e+03 3.510000000000000000e+03
5.013471000000000000e+07 4.870000000000000000e+03 2.680000000000000000e+03 4.660000000000000000e+03 3.520000000000000000e+03
5.013492000000000000e+07 4.870000000000000000e+03 2.690000000000000000e+03 4.660000000000000000e+03 3.340000000000000000e+03
5.014573200000000000e+07 4.870000000000000000e+03 3.320000000000000000e+03 4.660000000000000000e+03 2.670000000000000000e+03
5.014593900000000000e+07 4.870000000000000000e+03 3.250000000000000000e+03 4.660000000000000000e+03 2.670000000000000000e+03
5.014614800000000000e+07 4.860000000000000000e+03 3.180000000000000000e+03 4.660000000000000000e+03 2.670000000000000000e+03
5.014641100000000000e+07 4.860000000000000000e+03 3.270000000000000000e+03 4.660000000000000000e+03 2.680000000000000000e+03
5.014656300000000000e+07 4.870000000000000000e+03 3.340000000000000000e+03 4.670000000000000000e+03 2.680000000000000000e+03
5.014676700000000000e+07 4.870000000000000000e+03 3.380000000000000000e+03 4.670000000000000000e+03 2.670000000000000000e+03
5.014696200000000000e+07 4.870000000000000000e+03 3.370000000000000000e+03 4.660000000000000000e+03 2.660000000000000000e+03
5.014717100000000000e+07 4.860000000000000000e+03 3.210000000000000000e+03 4.660000000000000000e+03 2.660000000000000000e+03
5.014737200000000000e+07 4.860000000000000000e+03 3.110000000000000000e+03 4.660000000000000000e+03 2.660000000000000000e+03
5.014758700000000000e+07 4.860000000000000000e+03 3.020000000000000000e+03 4.650000000000000000e+03 2.650000000000000000e+03
5.014779400000000000e+07 4.870000000000000000e+03 2.990000000000000000e+03 4.650000000000000000e+03 2.650000000000000000e+03
5.014799900000000000e+07 4.870000000000000000e+03 2.940000000000000000e+03 4.650000000000000000e+03 2.650000000000000000e+03
5.014820600000000000e+07 4.870000000000000000e+03 3.060000000000000000e+03 4.650000000000000000e+03 2.650000000000000000e+03
5.014841900000000000e+07 4.870000000000000000e+03 3.190000000000000000e+03 4.650000000000000000e+03 2.650000000000000000e+03
5.014862500000000000e+07 4.870000000000000000e+03 3.270000000000000000e+03 4.650000000000000000e+03 2.650000000000000000e+03
5.014882200000000000e+07 4.870000000000000000e+03 3.160000000000000000e+03 4.650000000000000000e+03 2.650000000000000000e+03
5.014904000000000000e+07 4.870000000000000000e+03 3.190000000000000000e+03 4.650000000000000000e+03 2.670000000000000000e+03
5.014924400000000000e+07 4.870000000000000000e+03 3.160000000000000000e+03 4.650000000000000000e+03 2.670000000000000000e+03
5.014945800000000000e+07 4.880000000000000000e+03 3.190000000000000000e+03 4.650000000000000000e+03 2.660000000000000000e+03
5.014966700000000000e+07 4.880000000000000000e+03 3.190000000000000000e+03 4.650000000000000000e+03 2.660000000000000000e+03
5.014987400000000000e+07 4.880000000000000000e+03 3.180000000000000000e+03 4.660000000000000000e+03 2.650000000000000000e+03
5.015008400000000000e+07 4.880000000000000000e+03 3.130000000000000000e+03 4.650000000000000000e+03 2.650000000000000000e+03
5.015028500000000000e+07 4.880000000000000000e+03 3.110000000000000000e+03 4.650000000000000000e+03 2.670000000000000000e+03
5.015048200000000000e+07 4.880000000000000000e+03 3.090000000000000000e+03 4.660000000000000000e+03 2.650000000000000000e+03
5.015068200000000000e+07 4.880000000000000000e+03 3.070000000000000000e+03 4.650000000000000000e+03 2.650000000000000000e+03
5.015088600000000000e+07 4.880000000000000000e+03 3.050000000000000000e+03 4.650000000000000000e+03 2.650000000000000000e+03
5.015109800000000000e+07 4.880000000000000000e+03 3.010000000000000000e+03 4.650000000000000000e+03 2.650000000000000000e+03
5.015130000000000000e+07 4.880000000000000000e+03 3.010000000000000000e+03 4.650000000000000000e+03 2.660000000000000000e+03
5.015151900000000000e+07 4.880000000000000000e+03 2.980000000000000000e+03 4.650000000000000000e+03 2.650000000000000000e+03
5.015173000000000000e+07 4.880000000000000000e+03 3.090000000000000000e+03 4.660000000000000000e+03 2.660000000000000000e+03
5.015193800000000000e+07 4.880000000000000000e+03 3.020000000000000000e+03 4.660000000000000000e+03 2.660000000000000000e+03
5.015214000000000000e+07 4.880000000000000000e+03 2.990000000000000000e+03 4.660000000000000000e+03 2.660000000000000000e+03
5.015235200000000000e+07 4.880000000000000000e+03 3.000000000000000000e+03 4.670000000000000000e+03 2.650000000000000000e+03
5.015255600000000000e+07 4.880000000000000000e+03 3.030000000000000000e+03 4.660000000000000000e+03 2.650000000000000000e+03
5.015276700000000000e+07 4.880000000000000000e+03 3.080000000000000000e+03 4.660000000000000000e+03 2.650000000000000000e+03
5.015297000000000000e+07 4.870000000000000000e+03 3.120000000000000000e+03 4.660000000000000000e+03 2.660000000000000000e+03
5.015318200000000000e+07 4.870000000000000000e+03 3.090000000000000000e+03 4.660000000000000000e+03 2.660000000000000000e+03
5.015338800000000000e+07 4.870000000000000000e+03 3.060000000000000000e+03 4.660000000000000000e+03 2.650000000000000000e+03
5.015360200000000000e+07 4.860000000000000000e+03 3.050000000000000000e+03 4.660000000000000000e+03 2.670000000000000000e+03
5.015378100000000000e+07 4.870000000000000000e+03 3.020000000000000000e+03 4.660000000000000000e+03 2.660000000000000000e+03
5.015400100000000000e+07 4.870000000000000000e+03 2.990000000000000000e+03 4.670000000000000000e+03 2.660000000000000000e+03
5.015419900000000000e+07 4.880000000000000000e+03 2.970000000000000000e+03 4.680000000000000000e+03 2.660000000000000000e+03
5.015441700000000000e+07 4.880000000000000000e+03 2.950000000000000000e+03 4.680000000000000000e+03 2.660000000000000000e+03
5.015461300000000000e+07 4.880000000000000000e+03 2.920000000000000000e+03 4.670000000000000000e+03 2.660000000000000000e+03
5.015482100000000000e+07 4.870000000000000000e+03 2.940000000000000000e+03 4.660000000000000000e+03 2.670000000000000000e+03
5.015504100000000000e+07 4.860000000000000000e+03 3.010000000000000000e+03 4.650000000000000000e+03 2.670000000000000000e+03
5.015524900000000000e+07 4.860000000000000000e+03 3.080000000000000000e+03 4.650000000000000000e+03 2.670000000000000000e+03
5.015545700000000000e+07 4.860000000000000000e+03 3.120000000000000000e+03 4.640000000000000000e+03 2.660000000000000000e+03
5.015565100000000000e+07 4.870000000000000000e+03 3.140000000000000000e+03 4.640000000000000000e+03 2.660000000000000000e+03
5.015587200000000000e+07 4.880000000000000000e+03 3.140000000000000000e+03 4.650000000000000000e+03 2.660000000000000000e+03
5.015608100000000000e+07 4.880000000000000000e+03 3.150000000000000000e+03 4.650000000000000000e+03 2.650000000000000000e+03
5.015628600000000000e+07 4.880000000000000000e+03 3.140000000000000000e+03 4.640000000000000000e+03 2.670000000000000000e+03
5.015649600000000000e+07 4.890000000000000000e+03 3.130000000000000000e+03 4.640000000000000000e+03 2.660000000000000000e+03
5.015670500000000000e+07 4.880000000000000000e+03 3.090000000000000000e+03 4.640000000000000000e+03 2.650000000000000000e+03
5.015691200000000000e+07 4.880000000000000000e+03 3.050000000000000000e+03 4.650000000000000000e+03 2.650000000000000000e+03
5.015712100000000000e+07 4.880000000000000000e+03 3.000000000000000000e+03 4.650000000000000000e+03 2.650000000000000000e+03
5.015731300000000000e+07 4.880000000000000000e+03 3.000000000000000000e+03 4.650000000000000000e+03 2.650000000000000000e+03
5.015751400000000000e+07 4.880000000000000000e+03 2.990000000000000000e+03 4.660000000000000000e+03 2.650000000000000000e+03
5.015772900000000000e+07 4.880000000000000000e+03 2.960000000000000000e+03 4.670000000000000000e+03 2.660000000000000000e+03
5.015793100000000000e+07 4.880000000000000000e+03 2.950000000000000000e+03 4.670000000000000000e+03 2.670000000000000000e+03
5.015814400000000000e+07 4.880000000000000000e+03 2.950000000000000000e+03 4.670000000000000000e+03 2.660000000000000000e+03
5.015835200000000000e+07 4.880000000000000000e+03 2.950000000000000000e+03 4.670000000000000000e+03 2.660000000000000000e+03
5.015855500000000000e+07 4.880000000000000000e+03 2.970000000000000000e+03 4.670000000000000000e+03 2.670000000000000000e+03
5.015876600000000000e+07 4.880000000000000000e+03 3.080000000000000000e+03 4.670000000000000000e+03 2.660000000000000000e+03
5.015896500000000000e+07 4.870000000000000000e+03 3.160000000000000000e+03 4.670000000000000000e+03 2.660000000000000000e+03
5.015918500000000000e+07 4.870000000000000000e+03 3.250000000000000000e+03 4.670000000000000000e+03 2.670000000000000000e+03
5.015938000000000000e+07 4.870000000000000000e+03 3.190000000000000000e+03 4.660000000000000000e+03 2.660000000000000000e+03
5.015959000000000000e+07 4.870000000000000000e+03 3.110000000000000000e+03 4.660000000000000000e+03 2.660000000000000000e+03
5.015980600000000000e+07 4.870000000000000000e+03 3.030000000000000000e+03 4.660000000000000000e+03 2.660000000000000000e+03
5.020001600000000000e+07 4.870000000000000000e+03 2.980000000000000000e+03 4.660000000000000000e+03 2.670000000000000000e+03
5.020021100000000000e+07 4.880000000000000000e+03 2.950000000000000000e+03 4.660000000000000000e+03 2.670000000000000000e+03
5.020043200000000000e+07 4.870000000000000000e+03 2.930000000000000000e+03 4.660000000000000000e+03 2.660000000000000000e+03
5.020061300000000000e+07 4.860000000000000000e+03 2.930000000000000000e+03 4.660000000000000000e+03 2.660000000000000000e+03
5.020082900000000000e+07 4.870000000000000000e+03 2.920000000000000000e+03 4.660000000000000000e+03 2.650000000000000000e+03
5.020103400000000000e+07 4.870000000000000000e+03 2.910000000000000000e+03 4.650000000000000000e+03 2.650000000000000000e+03
5.020124700000000000e+07 4.870000000000000000e+03 2.920000000000000000e+03 4.640000000000000000e+03 2.670000000000000000e+03
5.020144600000000000e+07 4.870000000000000000e+03 3.050000000000000000e+03 4.650000000000000000e+03 2.670000000000000000e+03
5.020166200000000000e+07 4.870000000000000000e+03 3.130000000000000000e+03 4.650000000000000000e+03 2.670000000000000000e+03
5.020186600000000000e+07 4.870000000000000000e+03 3.240000000000000000e+03 4.650000000000000000e+03 2.670000000000000000e+03
5.020206800000000000e+07 4.870000000000000000e+03 3.390000000000000000e+03 4.650000000000000000e+03 2.670000000000000000e+03
5.020227900000000000e+07 4.870000000000000000e+03 3.480000000000000000e+03 4.650000000000000000e+03 2.670000000000000000e+03
5.020248600000000000e+07 4.870000000000000000e+03 3.540000000000000000e+03 4.660000000000000000e+03 2.670000000000000000e+03
5.020269000000000000e+07 4.870000000000000000e+03 3.520000000000000000e+03 4.660000000000000000e+03 2.660000000000000000e+03
5.020289700000000000e+07 4.870000000000000000e+03 3.400000000000000000e+03 4.660000000000000000e+03 2.670000000000000000e+03
5.020310600000000000e+07 4.870000000000000000e+03 3.260000000000000000e+03 4.670000000000000000e+03 2.660000000000000000e+03
5.020332000000000000e+07 4.880000000000000000e+03 3.170000000000000000e+03 4.660000000000000000e+03 2.660000000000000000e+03
5.020353500000000000e+07 4.880000000000000000e+03 3.100000000000000000e+03 4.660000000000000000e+03 2.660000000000000000e+03
5.020374400000000000e+07 4.880000000000000000e+03 3.060000000000000000e+03 4.660000000000000000e+03 2.660000000000000000e+03
5.020395200000000000e+07 4.880000000000000000e+03 3.010000000000000000e+03 4.670000000000000000e+03 2.660000000000000000e+03
5.020416000000000000e+07 4.880000000000000000e+03 2.990000000000000000e+03 4.660000000000000000e+03 2.660000000000000000e+03
5.020436700000000000e+07 4.880000000000000000e+03 2.960000000000000000e+03 4.660000000000000000e+03 2.660000000000000000e+03
5.020455900000000000e+07 4.880000000000000000e+03 2.960000000000000000e+03 4.650000000000000000e+03 2.660000000000000000e+03
5.020476500000000000e+07 4.880000000000000000e+03 3.030000000000000000e+03 4.660000000000000000e+03 2.650000000000000000e+03
5.020504000000000000e+07 4.880000000000000000e+03 3.000000000000000000e+03 4.650000000000000000e+03 2.650000000000000000e+03
5.020517900000000000e+07 4.880000000000000000e+03 2.990000000000000000e+03 4.670000000000000000e+03 2.650000000000000000e+03
5.020539100000000000e+07 4.870000000000000000e+03 2.990000000000000000e+03 4.660000000000000000e+03 2.670000000000000000e+03
5.020559900000000000e+07 4.870000000000000000e+03 2.970000000000000000e+03 4.660000000000000000e+03 2.660000000000000000e+03
5.020580600000000000e+07 4.870000000000000000e+03 2.950000000000000000e+03 4.660000000000000000e+03 2.660000000000000000e+03
5.020601300000000000e+07 4.870000000000000000e+03 3.090000000000000000e+03 4.660000000000000000e+03 2.660000000000000000e+03
5.020622200000000000e+07 4.880000000000000000e+03 3.180000000000000000e+03 4.660000000000000000e+03 2.650000000000000000e+03
5.020643100000000000e+07 4.870000000000000000e+03 3.250000000000000000e+03 4.660000000000000000e+03 2.660000000000000000e+03
5.020663500000000000e+07 4.870000000000000000e+03 3.200000000000000000e+03 4.670000000000000000e+03 2.660000000000000000e+03
5.020684700000000000e+07 4.870000000000000000e+03 3.120000000000000000e+03 4.670000000000000000e+03 2.650000000000000000e+03
5.020705400000000000e+07 4.860000000000000000e+03 3.050000000000000000e+03 4.670000000000000000e+03 2.650000000000000000e+03
5.020726200000000000e+07 4.860000000000000000e+03 2.990000000000000000e+03 4.680000000000000000e+03 2.660000000000000000e+03
5.020746100000000000e+07 4.860000000000000000e+03 2.970000000000000000e+03 4.660000000000000000e+03 2.650000000000000000e+03
5.020771000000000000e+07 4.860000000000000000e+03 2.970000000000000000e+03 4.660000000000000000e+03 2.650000000000000000e+03
5.020787100000000000e+07 4.860000000000000000e+03 2.970000000000000000e+03 4.660000000000000000e+03 2.650000000000000000e+03
5.020807900000000000e+07 4.860000000000000000e+03 2.970000000000000000e+03 4.660000000000000000e+03 2.650000000000000000e+03
5.020828700000000000e+07 4.860000000000000000e+03 2.960000000000000000e+03 4.660000000000000000e+03 2.650000000000000000e+03
