5.051589500000000000e+07 4.430000000000000000e+03 1.870000000000000000e+03 5.320000000000000000e+03 3.680000000000000000e+03
5.051609200000000000e+07 4.440000000000000000e+03 1.900000000000000000e+03 5.320000000000000000e+03 3.690000000000000000e+03
5.051631200000000000e+07 4.440000000000000000e+03 1.910000000000000000e+03 5.320000000000000000e+03 3.680000000000000000e+03
5.051651900000000000e+07 4.430000000000000000e+03 1.900000000000000000e+03 5.320000000000000000e+03 3.680000000000000000e+03
5.051672700000000000e+07 4.430000000000000000e+03 1.890000000000000000e+03 5.320000000000000000e+03 3.690000000000000000e+03
5.051693400000000000e+07 4.420000000000000000e+03 1.950000000000000000e+03 5.320000000000000000e+03 3.690000000000000000e+03
5.051716400000000000e+07 4.420000000000000000e+03 1.990000000000000000e+03 5.320000000000000000e+03 3.690000000000000000e+03
5.051734300000000000e+07 4.420000000000000000e+03 2.000000000000000000e+03 5.310000000000000000e+03 3.690000000000000000e+03
5.051755800000000000e+07 4.430000000000000000e+03 2.040000000000000000e+03 5.310000000000000000e+03 3.690000000000000000e+03
5.051776500000000000e+07 4.430000000000000000e+03 2.010000000000000000e+03 5.310000000000000000e+03 3.690000000000000000e+03
5.051797100000000000e+07 4.420000000000000000e+03 2.040000000000000000e+03 5.310000000000000000e+03 3.690000000000000000e+03
5.051817700000000000e+07 4.420000000000000000e+03 2.050000000000000000e+03 5.320000000000000000e+03 3.680000000000000000e+03
5.051838300000000000e+07 4.420000000000000000e+03 2.110000000000000000e+03 5.320000000000000000e+03 3.680000000000000000e+03
5.051859800000000000e+07 4.430000000000000000e+03 2.120000000000000000e+03 5.320000000000000000e+03 3.680000000000000000e+03
5.051880600000000000e+07 4.420000000000000000e+03 2.140000000000000000e+03 5.320000000000000000e+03 3.680000000000000000e+03
5.051901300000000000e+07 4.420000000000000000e+03 2.190000000000000000e+03 5.310000000000000000e+03 3.680000000000000000e+03
5.051920800000000000e+07 4.430000000000000000e+03 2.160000000000000000e+03 5.320000000000000000e+03 3.690000000000000000e+03
5.051943000000000000e+07 4.430000000000000000e+03 2.120000000000000000e+03 5.300000000000000000e+03 3.690000000000000000e+03
5.051961700000000000e+07 4.430000000000000000e+03 2.070000000000000000e+03 5.300000000000000000e+03 3.690000000000000000e+03
5.051981700000000000e+07 4.440000000000000000e+03 2.200000000000000000e+03 5.300000000000000000e+03 3.690000000000000000e+03
5.052002500000000000e+07 4.440000000000000000e+03 2.260000000000000000e+03 5.300000000000000000e+03 3.680000000000000000e+03
5.052024000000000000e+07 4.440000000000000000e+03 2.200000000000000000e+03 5.300000000000000000e+03 3.690000000000000000e+03
5.052044500000000000e+07 4.440000000000000000e+03 2.160000000000000000e+03 5.300000000000000000e+03 3.690000000000000000e+03
5.052065800000000000e+07 4.440000000000000000e+03 2.090000000000000000e+03 5.300000000000000000e+03 3.700000000000000000e+03
5.052086700000000000e+07 4.440000000000000000e+03 2.030000000000000000e+03 5.300000000000000000e+03 3.700000000000000000e+03
5.052107500000000000e+07 4.420000000000000000e+03 1.990000000000000000e+03 5.300000000000000000e+03 3.690000000000000000e+03
5.052127200000000000e+07 4.410000000000000000e+03 1.970000000000000000e+03 5.310000000000000000e+03 3.690000000000000000e+03
5.052148200000000000e+07 4.410000000000000000e+03 1.990000000000000000e+03 5.300000000000000000e+03 3.690000000000000000e+03
5.052169100000000000e+07 4.410000000000000000e+03 2.020000000000000000e+03 5.310000000000000000e+03 3.680000000000000000e+03
5.052189800000000000e+07 4.420000000000000000e+03 2.070000000000000000e+03 5.300000000000000000e+03 3.680000000000000000e+03
5.052211500000000000e+07 4.420000000000000000e+03 2.070000000000000000e+03 5.310000000000000000e+03 3.680000000000000000e+03
5.052232400000000000e+07 4.410000000000000000e+03 2.090000000000000000e+03 5.310000000000000000e+03 3.680000000000000000e+03
5.052252300000000000e+07 4.420000000000000000e+03 2.120000000000000000e+03 5.300000000000000000e+03 3.690000000000000000e+03
5.052272800000000000e+07 4.420000000000000000e+03 2.110000000000000000e+03 5.300000000000000000e+03 3.690000000000000000e+03
5.052293400000000000e+07 4.430000000000000000e+03 2.080000000000000000e+03 5.300000000000000000e+03 3.690000000000000000e+03
5.052312900000000000e+07 4.430000000000000000e+03 2.060000000000000000e+03 5.310000000000000000e+03 3.690000000000000000e+03
5.052333500000000000e+07 4.430000000000000000e+03 2.020000000000000000e+03 5.310000000000000000e+03 3.690000000000000000e+03
5.052355500000000000e+07 4.430000000000000000e+03 2.000000000000000000e+03 5.320000000000000000e+03 3.690000000000000000e+03
5.052376200000000000e+07 4.420000000000000000e+03 1.980000000000000000e+03 5.330000000000000000e+03 3.690000000000000000e+03
5.052396400000000000e+07 4.420000000000000000e+03 1.980000000000000000e+03 5.320000000000000000e+03 3.680000000000000000e+03
5.052417300000000000e+07 4.420000000000000000e+03 1.970000000000000000e+03 5.320000000000000000e+03 3.680000000000000000e+03
5.052437900000000000e+07 4.420000000000000000e+03 1.960000000000000000e+03 5.300000000000000000e+03 3.680000000000000000e+03
5.052459500000000000e+07 4.420000000000000000e+03 1.970000000000000000e+03 5.300000000000000000e+03 3.680000000000000000e+03
5.052479900000000000e+07 4.410000000000000000e+03 1.970000000000000000e+03 5.300000000000000000e+03 3.690000000000000000e+03
5.052500200000000000e+07 4.420000000000000000e+03 1.950000000000000000e+03 5.300000000000000000e+03 3.690000000000000000e+03
5.052522100000000000e+07 4.420000000000000000e+03 1.930000000000000000e+03 5.300000000000000000e+03 3.690000000000000000e+03
5.052542900000000000e+07 4.420000000000000000e+03 2.220000000000000000e+03 5.310000000000000000e+03 3.680000000000000000e+03
5.052562500000000000e+07 4.420000000000000000e+03 2.330000000000000000e+03 5.300000000000000000e+03 3.680000000000000000e+03
5.052583100000000000e+07 4.420000000000000000e+03 2.390000000000000000e+03 5.300000000000000000e+03 3.680000000000000000e+03
5.052605300000000000e+07 4.420000000000000000e+03 2.520000000000000000e+03 5.290000000000000000e+03 3.690000000000000000e+03
5.052625400000000000e+07 4.420000000000000000e+03 2.560000000000000000e+03 5.290000000000000000e+03 3.690000000000000000e+03
5.052645700000000000e+07 4.430000000000000000e+03 2.530000000000000000e+03 5.290000000000000000e+03 3.690000000000000000e+03
5.052665700000000000e+07 4.430000000000000000e+03 2.610000000000000000e+03 5.290000000000000000e+03 3.690000000000000000e+03
5.052686900000000000e+07 4.430000000000000000e+03 2.580000000000000000e+03 5.290000000000000000e+03 3.690000000000000000e+03
5.052707800000000000e+07 4.420000000000000000e+03 2.480000000000000000e+03 5.280000000000000000e+03 3.690000000000000000e+03
5.052728400000000000e+07 4.420000000000000000e+03 2.390000000000000000e+03 5.280000000000000000e+03 3.690000000000000000e+03
5.052748000000000000e+07 4.420000000000000000e+03 2.350000000000000000e+03 5.290000000000000000e+03 3.690000000000000000e+03
5.052769300000000000e+07 4.420000000000000000e+03 2.360000000000000000e+03 5.290000000000000000e+03 3.680000000000000000e+03
5.052790900000000000e+07 4.420000000000000000e+03 2.340000000000000000e+03 5.300000000000000000e+03 3.680000000000000000e+03
5.052810900000000000e+07 4.420000000000000000e+03 2.320000000000000000e+03 5.310000000000000000e+03 3.680000000000000000e+03
5.052831200000000000e+07 4.430000000000000000e+03 2.360000000000000000e+03 5.310000000000000000e+03 3.680000000000000000e+03
5.052852100000000000e+07 4.430000000000000000e+03 2.390000000000000000e+03 5.310000000000000000e+03 3.680000000000000000e+03
5.052874100000000000e+07 4.430000000000000000e+03 2.300000000000000000e+03 5.310000000000000000e+03 3.680000000000000000e+03
5.052893800000000000e+07 4.430000000000000000e+03 2.250000000000000000e+03 5.320000000000000000e+03 3.680000000000000000e+03
5.052915700000000000e+07 4.430000000000000000e+03 2.190000000000000000e+03 5.320000000000000000e+03 3.680000000000000000e+03
5.052935200000000000e+07 4.430000000000000000e+03 2.150000000000000000e+03 5.320000000000000000e+03 3.680000000000000000e+03
5.052957000000000000e+07 4.420000000000000000e+03 2.120000000000000000e+03 5.330000000000000000e+03 3.680000000000000000e+03
5.052978100000000000e+07 4.430000000000000000e+03 2.110000000000000000e+03 5.320000000000000000e+03 3.680000000000000000e+03
5.052996700000000000e+07 4.420000000000000000e+03 2.130000000000000000e+03 5.320000000000000000e+03 3.680000000000000000e+03
5.053017000000000000e+07 4.420000000000000000e+03 2.260000000000000000e+03 5.320000000000000000e+03 3.680000000000000000e+03
5.053038500000000000e+07 4.420000000000000000e+03 2.310000000000000000e+03 5.310000000000000000e+03 3.680000000000000000e+03
5.053059000000000000e+07 4.410000000000000000e+03 2.250000000000000000e+03 5.310000000000000000e+03 3.680000000000000000e+03
5.053080100000000000e+07 4.400000000000000000e+03 2.320000000000000000e+03 5.310000000000000000e+03 3.680000000000000000e+03
5.053101100000000000e+07 4.400000000000000000e+03 2.350000000000000000e+03 5.310000000000000000e+03 3.680000000000000000e+03
5.053122000000000000e+07 4.410000000000000000e+03 2.430000000000000000e+03 5.310000000000000000e+03 3.680000000000000000e+03
5.053142600000000000e+07 4.420000000000000000e+03 2.470000000000000000e+03 5.310000000000000000e+03 3.680000000000000000e+03
5.053162600000000000e+07 4.420000000000000000e+03 2.500000000000000000e+03 5.300000000000000000e+03 3.680000000000000000e+03
5.053183100000000000e+07 4.420000000000000000e+03 2.520000000000000000e+03 5.300000000000000000e+03 3.670000000000000000e+03
5.053204600000000000e+07 4.420000000000000000e+03 2.570000000000000000e+03 5.310000000000000000e+03 3.680000000000000000e+03
5.053225900000000000e+07 4.420000000000000000e+03 2.440000000000000000e+03 5.310000000000000000e+03 3.680000000000000000e+03
5.053245800000000000e+07 4.420000000000000000e+03 2.440000000000000000e+03 5.310000000000000000e+03 3.680000000000000000e+03
5.053267400000000000e+07 4.420000000000000000e+03 2.320000000000000000e+03 5.310000000000000000e+03 3.680000000000000000e+03
5.053287500000000000e+07 4.410000000000000000e+03 2.230000000000000000e+03 5.300000000000000000e+03 3.690000000000000000e+03
5.053309100000000000e+07 4.420000000000000000e+03 2.190000000000000000e+03 5.310000000000000000e+03 3.690000000000000000e+03
5.053329700000000000e+07 4.420000000000000000e+03 2.150000000000000000e+03 5.310000000000000000e+03 3.690000000000000000e+03
5.053348400000000000e+07 4.420000000000000000e+03 2.120000000000000000e+03 5.310000000000000000e+03 3.690000000000000000e+03
5.053368500000000000e+07 4.420000000000000000e+03 2.070000000000000000e+03 5.310000000000000000e+03 3.690000000000000000e+03
5.053389300000000000e+07 4.420000000000000000e+03 2.040000000000000000e+03 5.310000000000000000e+03 3.690000000000000000e+03
5.053410800000000000e+07 4.420000000000000000e+03 2.280000000000000000e+03 5.320000000000000000e+03 3.690000000000000000e+03
5.053432300000000000e+07 4.420000000000000000e+03 2.480000000000000000e+03 5.310000000000000000e+03 3.690000000000000000e+03
5.053452300000000000e+07 4.430000000000000000e+03 2.610000000000000000e+03 5.320000000000000000e+03 3.690000000000000000e+03
5.053473600000000000e+07 4.430000000000000000e+03 2.690000000000000000e+03 5.310000000000000000e+03 3.680000000000000000e+03
5.053493600000000000e+07 4.430000000000000000e+03 2.690000000000000000e+03 5.310000000000000000e+03 3.690000000000000000e+03
5.053515100000000000e+07 4.430000000000000000e+03 2.600000000000000000e+03 5.300000000000000000e+03 3.690000000000000000e+03
5.053535100000000000e+07 4.430000000000000000e+03 2.710000000000000000e+03 5.300000000000000000e+03 3.690000000000000000e+03
5.053557100000000000e+07 4.430000000000000000e+03 2.470000000000000000e+03 5.300000000000000000e+03 3.680000000000000000e+03
5.053577200000000000e+07 4.430000000000000000e+03 2.330000000000000000e+03 5.290000000000000000e+03 3.680000000000000000e+03
5.053598300000000000e+07 4.430000000000000000e+03 2.350000000000000000e+03 5.290000000000000000e+03 3.680000000000000000e+03
5.053619500000000000e+07 4.420000000000000000e+03 2.480000000000000000e+03 5.310000000000000000e+03 3.690000000000000000e+03
5.053640300000000000e+07 4.420000000000000000e+03 2.550000000000000000e+03 5.300000000000000000e+03 3.700000000000000000e+03
5.053660000000000000e+07 4.420000000000000000e+03 2.560000000000000000e+03 5.300000000000000000e+03 3.690000000000000000e+03
5.053679500000000000e+07 4.420000000000000000e+03 2.530000000000000000e+03 5.300000000000000000e+03 3.690000000000000000e+03
5.053701100000000000e+07 4.420000000000000000e+03 2.490000000000000000e+03 5.310000000000000000e+03 3.690000000000000000e+03
5.053721900000000000e+07 4.420000000000000000e+03 2.460000000000000000e+03 5.310000000000000000e+03 3.690000000000000000e+03
5.053742700000000000e+07 4.420000000000000000e+03 2.490000000000000000e+03 5.300000000000000000e+03 3.680000000000000000e+03
5.053762100000000000e+07 4.420000000000000000e+03 2.520000000000000000e+03 5.290000000000000000e+03 3.680000000000000000e+03
5.053784200000000000e+07 4.420000000000000000e+03 2.580000000000000000e+03 5.290000000000000000e+03 3.690000000000000000e+03
5.053805000000000000e+07 4.420000000000000000e+03 2.630000000000000000e+03 5.300000000000000000e+03 3.690000000000000000e+03
5.053825500000000000e+07 4.420000000000000000e+03 2.700000000000000000e+03 5.300000000000000000e+03 3.690000000000000000e+03
5.053845300000000000e+07 4.420000000000000000e+03 2.680000000000000000e+03 5.300000000000000000e+03 3.690000000000000000e+03
5.053867400000000000e+07 4.420000000000000000e+03 2.530000000000000000e+03 5.300000000000000000e+03 3.680000000000000000e+03
5.053887900000000000e+07 4.420000000000000000e+03 2.370000000000000000e+03 5.310000000000000000e+03 3.680000000000000000e+03
5.053908600000000000e+07 4.410000000000000000e+03 2.310000000000000000e+03 5.310000000000000000e+03 3.680000000000000000e+03
5.053929900000000000e+07 4.420000000000000000e+03 2.370000000000000000e+03 5.300000000000000000e+03 3.680000000000000000e+03
5.053950700000000000e+07 4.420000000000000000e+03 2.380000000000000000e+03 5.300000000000000000e+03 3.680000000000000000e+03
5.053971400000000000e+07 4.420000000000000000e+03 2.430000000000000000e+03 5.300000000000000000e+03 3.680000000000000000e+03
5.053992000000000000e+07 4.430000000000000000e+03 2.530000000000000000e+03 5.300000000000000000e+03 3.680000000000000000e+03
5.054012200000000000e+07 4.430000000000000000e+03 2.600000000000000000e+03 5.310000000000000000e+03 3.680000000000000000e+03
5.054032200000000000e+07 4.440000000000000000e+03 2.640000000000000000e+03 5.320000000000000000e+03 3.690000000000000000e+03
5.054053000000000000e+07 4.450000000000000000e+03 2.680000000000000000e+03 5.310000000000000000e+03 3.690000000000000000e+03
5.054072900000000000e+07 4.440000000000000000e+03 2.680000000000000000e+03 5.310000000000000000e+03 3.690000000000000000e+03
5.054093900000000000e+07 4.440000000000000000e+03 2.670000000000000000e+03 5.320000000000000000e+03 3.690000000000000000e+03
5.054114100000000000e+07 4.430000000000000000e+03 2.680000000000000000e+03 5.320000000000000000e+03 3.690000000000000000e+03
5.054136200000000000e+07 4.420000000000000000e+03 2.700000000000000000e+03 5.320000000000000000e+03 3.690000000000000000e+03
5.054156400000000000e+07 4.430000000000000000e+03 2.710000000000000000e+03 5.320000000000000000e+03 3.690000000000000000e+03
5.054177200000000000e+07 4.430000000000000000e+03 2.720000000000000000e+03 5.320000000000000000e+03 3.690000000000000000e+03
5.054198500000000000e+07 4.430000000000000000e+03 2.750000000000000000e+03 5.320000000000000000e+03 3.690000000000000000e+03
5.054219300000000000e+07 4.440000000000000000e+03 2.760000000000000000e+03 5.320000000000000000e+03 3.680000000000000000e+03
5.054240100000000000e+07 4.440000000000000000e+03 2.790000000000000000e+03 5.330000000000000000e+03 3.680000000000000000e+03
5.054261000000000000e+07 4.430000000000000000e+03 2.690000000000000000e+03 5.330000000000000000e+03 3.680000000000000000e+03
5.054280600000000000e+07 4.420000000000000000e+03 2.750000000000000000e+03 5.330000000000000000e+03 3.670000000000000000e+03
5.054302500000000000e+07 4.420000000000000000e+03 2.750000000000000000e+03 5.330000000000000000e+03 3.680000000000000000e+03
5.054323400000000000e+07 4.420000000000000000e+03 2.760000000000000000e+03 5.330000000000000000e+03 3.680000000000000000e+03
5.054343600000000000e+07 4.420000000000000000e+03 2.780000000000000000e+03 5.330000000000000000e+03 3.680000000000000000e+03
5.054363300000000000e+07 4.420000000000000000e+03 2.780000000000000000e+03 5.310000000000000000e+03 3.680000000000000000e+03
5.054384100000000000e+07 4.430000000000000000e+03 2.800000000000000000e+03 5.320000000000000000e+03 3.690000000000000000e+03
5.054405100000000000e+07 4.430000000000000000e+03 2.810000000000000000e+03 5.310000000000000000e+03 3.690000000000000000e+03
5.054425700000000000e+07 4.430000000000000000e+03 2.620000000000000000e+03 5.310000000000000000e+03 3.690000000000000000e+03
5.054446600000000000e+07 4.440000000000000000e+03 2.490000000000000000e+03 5.310000000000000000e+03 3.690000000000000000e+03
5.054467200000000000e+07 4.440000000000000000e+03 2.530000000000000000e+03 5.310000000000000000e+03 3.690000000000000000e+03
5.054488100000000000e+07 4.440000000000000000e+03 2.550000000000000000e+03 5.310000000000000000e+03 3.690000000000000000e+03
5.054508900000000000e+07 4.440000000000000000e+03 2.440000000000000000e+03 5.310000000000000000e+03 3.690000000000000000e+03
5.060334200000000000e+07 4.430000000000000000e+03 1.710000000000000000e+03 5.730000000000000000e+03 3.700000000000000000e+03
5.060355000000000000e+07 4.430000000000000000e+03 1.710000000000000000e+03 5.730000000000000000e+03 3.700000000000000000e+03
5.060375200000000000e+07 4.440000000000000000e+03 1.700000000000000000e+03 5.750000000000000000e+03 3.700000000000000000e+03
5.060396600000000000e+07 4.440000000000000000e+03 1.720000000000000000e+03 5.760000000000000000e+03 3.700000000000000000e+03
5.060417400000000000e+07 4.440000000000000000e+03 1.700000000000000000e+03 5.730000000000000000e+03 3.690000000000000000e+03
5.060438200000000000e+07 4.440000000000000000e+03 1.690000000000000000e+03 5.730000000000000000e+03 3.690000000000000000e+03
5.060456600000000000e+07 4.430000000000000000e+03 1.700000000000000000e+03 5.740000000000000000e+03 3.690000000000000000e+03
5.060478200000000000e+07 4.430000000000000000e+03 1.690000000000000000e+03 5.720000000000000000e+03 3.690000000000000000e+03
5.060498300000000000e+07 4.430000000000000000e+03 1.700000000000000000e+03 5.710000000000000000e+03 3.690000000000000000e+03
5.060518900000000000e+07 4.430000000000000000e+03 1.700000000000000000e+03 5.690000000000000000e+03 3.690000000000000000e+03
5.060539200000000000e+07 4.440000000000000000e+03 1.700000000000000000e+03 5.680000000000000000e+03 3.690000000000000000e+03
5.060560300000000000e+07 4.440000000000000000e+03 1.710000000000000000e+03 5.680000000000000000e+03 3.690000000000000000e+03
5.060580800000000000e+07 4.440000000000000000e+03 1.710000000000000000e+03 5.690000000000000000e+03 3.690000000000000000e+03
5.060602700000000000e+07 4.440000000000000000e+03 1.700000000000000000e+03 5.710000000000000000e+03 3.690000000000000000e+03
5.060622400000000000e+07 4.440000000000000000e+03 1.700000000000000000e+03 5.720000000000000000e+03 3.690000000000000000e+03
5.060644300000000000e+07 4.440000000000000000e+03 1.690000000000000000e+03 5.750000000000000000e+03 3.690000000000000000e+03
5.060664300000000000e+07 4.440000000000000000e+03 1.700000000000000000e+03 5.750000000000000000e+03 3.690000000000000000e+03
5.060685300000000000e+07 4.440000000000000000e+03 1.680000000000000000e+03 5.750000000000000000e+03 3.680000000000000000e+03
5.060705700000000000e+07 4.420000000000000000e+03 1.690000000000000000e+03 5.760000000000000000e+03 3.680000000000000000e+03
5.060726500000000000e+07 4.420000000000000000e+03 1.680000000000000000e+03 5.770000000000000000e+03 3.680000000000000000e+03
5.060747000000000000e+07 4.420000000000000000e+03 1.680000000000000000e+03 5.770000000000000000e+03 3.690000000000000000e+03
5.060768900000000000e+07 4.420000000000000000e+03 1.680000000000000000e+03 5.780000000000000000e+03 3.690000000000000000e+03
5.060789200000000000e+07 4.430000000000000000e+03 1.690000000000000000e+03 5.790000000000000000e+03 3.690000000000000000e+03
5.060809900000000000e+07 4.430000000000000000e+03 1.680000000000000000e+03 5.790000000000000000e+03 3.690000000000000000e+03
5.060830000000000000e+07 4.440000000000000000e+03 1.670000000000000000e+03 5.810000000000000000e+03 3.690000000000000000e+03
5.060850800000000000e+07 4.430000000000000000e+03 1.670000000000000000e+03 5.810000000000000000e+03 3.690000000000000000e+03
5.060871600000000000e+07 4.430000000000000000e+03 1.680000000000000000e+03 5.810000000000000000e+03 3.690000000000000000e+03
5.060892400000000000e+07 4.430000000000000000e+03 1.680000000000000000e+03 5.830000000000000000e+03 3.690000000000000000e+03
5.060912500000000000e+07 4.430000000000000000e+03 1.690000000000000000e+03 5.820000000000000000e+03 3.690000000000000000e+03
5.060932400000000000e+07 4.430000000000000000e+03 1.700000000000000000e+03 5.860000000000000000e+03 3.690000000000000000e+03
5.060953800000000000e+07 4.430000000000000000e+03 1.710000000000000000e+03 5.860000000000000000e+03 3.690000000000000000e+03
5.060974500000000000e+07 4.430000000000000000e+03 1.710000000000000000e+03 5.850000000000000000e+03 3.680000000000000000e+03
5.060995200000000000e+07 4.430000000000000000e+03 1.710000000000000000e+03 5.850000000000000000e+03 3.680000000000000000e+03
5.061016400000000000e+07 4.440000000000000000e+03 1.690000000000000000e+03 5.850000000000000000e+03 3.680000000000000000e+03
5.061037200000000000e+07 4.430000000000000000e+03 1.690000000000000000e+03 5.860000000000000000e+03 3.680000000000000000e+03
5.061058700000000000e+07 4.430000000000000000e+03 1.690000000000000000e+03 5.850000000000000000e+03 3.680000000000000000e+03
5.061078900000000000e+07 4.430000000000000000e+03 1.680000000000000000e+03 5.820000000000000000e+03 3.690000000000000000e+03
5.061100100000000000e+07 4.430000000000000000e+03 1.670000000000000000e+03 5.800000000000000000e+03 3.690000000000000000e+03
5.061120700000000000e+07 4.430000000000000000e+03 1.670000000000000000e+03 5.790000000000000000e+03 3.690000000000000000e+03
5.061138900000000000e+07 4.430000000000000000e+03 1.690000000000000000e+03 5.790000000000000000e+03 3.690000000000000000e+03
5.061160800000000000e+07 4.420000000000000000e+03 1.690000000000000000e+03 5.830000000000000000e+03 3.690000000000000000e+03
5.061181500000000000e+07 4.410000000000000000e+03 1.680000000000000000e+03 5.870000000000000000e+03 3.690000000000000000e+03
5.061201600000000000e+07 4.410000000000000000e+03 1.690000000000000000e+03 5.900000000000000000e+03 3.690000000000000000e+03
5.061222200000000000e+07 4.420000000000000000e+03 1.690000000000000000e+03 5.900000000000000000e+03 3.680000000000000000e+03
5.061244200000000000e+07 4.430000000000000000e+03 1.690000000000000000e+03 5.900000000000000000e+03 3.680000000000000000e+03
5.061265100000000000e+07 4.430000000000000000e+03 1.690000000000000000e+03 5.880000000000000000e+03 3.680000000000000000e+03
5.061284700000000000e+07 4.420000000000000000e+03 1.700000000000000000e+03 5.860000000000000000e+03 3.680000000000000000e+03
5.061306300000000000e+07 4.420000000000000000e+03 1.690000000000000000e+03 5.830000000000000000e+03 3.680000000000000000e+03
5.061326500000000000e+07 4.430000000000000000e+03 1.680000000000000000e+03 5.790000000000000000e+03 3.680000000000000000e+03
5.061347800000000000e+07 4.430000000000000000e+03 1.690000000000000000e+03 5.790000000000000000e+03 3.690000000000000000e+03
5.061367700000000000e+07 4.430000000000000000e+03 1.690000000000000000e+03 5.760000000000000000e+03 3.690000000000000000e+03
5.061389600000000000e+07 4.430000000000000000e+03 1.700000000000000000e+03 5.760000000000000000e+03 3.690000000000000000e+03
5.061410000000000000e+07 4.430000000000000000e+03 1.700000000000000000e+03 5.760000000000000000e+03 3.680000000000000000e+03
5.061431500000000000e+07 4.430000000000000000e+03 1.710000000000000000e+03 5.780000000000000000e+03 3.680000000000000000e+03
5.061452300000000000e+07 4.430000000000000000e+03 1.710000000000000000e+03 5.800000000000000000e+03 3.680000000000000000e+03
5.061473200000000000e+07 4.430000000000000000e+03 1.710000000000000000e+03 5.810000000000000000e+03 3.680000000000000000e+03
5.061491600000000000e+07 4.440000000000000000e+03 1.690000000000000000e+03 5.820000000000000000e+03 3.680000000000000000e+03
5.061511700000000000e+07 4.440000000000000000e+03 1.680000000000000000e+03 5.850000000000000000e+03 3.680000000000000000e+03
5.061532400000000000e+07 4.430000000000000000e+03 1.700000000000000000e+03 5.850000000000000000e+03 3.690000000000000000e+03
5.061554400000000000e+07 4.440000000000000000e+03 1.700000000000000000e+03 5.860000000000000000e+03 3.690000000000000000e+03
5.061574800000000000e+07 4.440000000000000000e+03 1.690000000000000000e+03 5.870000000000000000e+03 3.690000000000000000e+03
5.061596200000000000e+07 4.440000000000000000e+03 1.680000000000000000e+03 5.870000000000000000e+03 3.700000000000000000e+03
5.061617000000000000e+07 4.440000000000000000e+03 1.680000000000000000e+03 5.850000000000000000e+03 3.690000000000000000e+03
5.061637600000000000e+07 4.440000000000000000e+03 1.700000000000000000e+03 5.850000000000000000e+03 3.690000000000000000e+03
5.061658600000000000e+07 4.440000000000000000e+03 1.690000000000000000e+03 5.830000000000000000e+03 3.690000000000000000e+03
5.061679000000000000e+07 4.440000000000000000e+03 1.680000000000000000e+03 5.820000000000000000e+03 3.680000000000000000e+03
5.061699000000000000e+07 4.440000000000000000e+03 1.690000000000000000e+03 5.810000000000000000e+03 3.680000000000000000e+03
5.061720800000000000e+07 4.440000000000000000e+03 1.680000000000000000e+03 5.790000000000000000e+03 3.680000000000000000e+03
5.061741400000000000e+07 4.440000000000000000e+03 1.680000000000000000e+03 5.760000000000000000e+03 3.680000000000000000e+03
5.061761800000000000e+07 4.440000000000000000e+03 1.680000000000000000e+03 5.740000000000000000e+03 3.680000000000000000e+03
5.061783400000000000e+07 4.430000000000000000e+03 1.690000000000000000e+03 5.750000000000000000e+03 3.680000000000000000e+03
5.061804200000000000e+07 4.430000000000000000e+03 1.680000000000000000e+03 5.760000000000000000e+03 3.680000000000000000e+03
5.061823400000000000e+07 4.430000000000000000e+03 1.680000000000000000e+03 5.810000000000000000e+03 3.680000000000000000e+03
5.061843800000000000e+07 4.420000000000000000e+03 1.670000000000000000e+03 5.860000000000000000e+03 3.690000000000000000e+03
5.061865000000000000e+07 4.420000000000000000e+03 1.670000000000000000e+03 5.880000000000000000e+03 3.690000000000000000e+03
5.061885400000000000e+07 4.420000000000000000e+03 1.670000000000000000e+03 5.910000000000000000e+03 3.690000000000000000e+03
5.061906600000000000e+07 4.430000000000000000e+03 1.680000000000000000e+03 5.910000000000000000e+03 3.690000000000000000e+03
5.061927400000000000e+07 4.430000000000000000e+03 1.690000000000000000e+03 5.900000000000000000e+03 3.700000000000000000e+03
5.061947200000000000e+07 4.420000000000000000e+03 1.680000000000000000e+03 5.890000000000000000e+03 3.700000000000000000e+03
5.061969000000000000e+07 4.420000000000000000e+03 1.680000000000000000e+03 5.880000000000000000e+03 3.690000000000000000e+03
5.061988200000000000e+07 4.420000000000000000e+03 1.680000000000000000e+03 5.870000000000000000e+03 3.700000000000000000e+03
5.062010400000000000e+07 4.420000000000000000e+03 1.690000000000000000e+03 5.830000000000000000e+03 3.700000000000000000e+03
5.062031200000000000e+07 4.420000000000000000e+03 1.690000000000000000e+03 5.790000000000000000e+03 3.700000000000000000e+03
5.062052200000000000e+07 4.430000000000000000e+03 1.680000000000000000e+03 5.760000000000000000e+03 3.700000000000000000e+03
5.062071800000000000e+07 4.440000000000000000e+03 1.680000000000000000e+03 5.740000000000000000e+03 3.690000000000000000e+03
5.062092900000000000e+07 4.440000000000000000e+03 1.690000000000000000e+03 5.720000000000000000e+03 3.700000000000000000e+03
5.062113300000000000e+07 4.440000000000000000e+03 1.700000000000000000e+03 5.710000000000000000e+03 3.690000000000000000e+03
5.062134300000000000e+07 4.430000000000000000e+03 1.690000000000000000e+03 5.720000000000000000e+03 3.690000000000000000e+03
5.062155800000000000e+07 4.430000000000000000e+03 1.680000000000000000e+03 5.730000000000000000e+03 3.690000000000000000e+03
5.062174000000000000e+07 4.430000000000000000e+03 1.680000000000000000e+03 5.750000000000000000e+03 3.690000000000000000e+03
5.062196100000000000e+07 4.430000000000000000e+03 1.680000000000000000e+03 5.780000000000000000e+03 3.690000000000000000e+03
5.062215500000000000e+07 4.430000000000000000e+03 1.680000000000000000e+03 5.810000000000000000e+03 3.680000000000000000e+03
5.062237200000000000e+07 4.420000000000000000e+03 1.690000000000000000e+03 5.810000000000000000e+03 3.690000000000000000e+03
5.062258100000000000e+07 4.420000000000000000e+03 1.690000000000000000e+03 5.800000000000000000e+03 3.680000000000000000e+03
5.062279400000000000e+07 4.420000000000000000e+03 1.700000000000000000e+03 5.800000000000000000e+03 3.680000000000000000e+03
5.062299200000000000e+07 4.420000000000000000e+03 1.690000000000000000e+03 5.790000000000000000e+03 3.690000000000000000e+03
5.062341300000000000e+07 4.420000000000000000e+03 1.690000000000000000e+03 5.790000000000000000e+03 3.690000000000000000e+03
5.062362600000000000e+07 4.420000000000000000e+03 1.690000000000000000e+03 5.800000000000000000e+03 3.690000000000000000e+03
5.062383000000000000e+07 4.420000000000000000e+03 1.710000000000000000e+03 5.810000000000000000e+03 3.690000000000000000e+03
5.062403100000000000e+07 4.420000000000000000e+03 1.700000000000000000e+03 5.810000000000000000e+03 3.700000000000000000e+03
5.062423200000000000e+07 4.430000000000000000e+03 1.710000000000000000e+03 5.810000000000000000e+03 3.700000000000000000e+03
5.062444000000000000e+07 4.430000000000000000e+03 1.700000000000000000e+03 5.810000000000000000e+03 3.700000000000000000e+03
5.062485400000000000e+07 4.430000000000000000e+03 1.700000000000000000e+03 5.800000000000000000e+03 3.690000000000000000e+03
5.062506200000000000e+07 4.430000000000000000e+03 1.720000000000000000e+03 5.790000000000000000e+03 3.690000000000000000e+03
5.062527200000000000e+07 4.430000000000000000e+03 1.710000000000000000e+03 5.770000000000000000e+03 3.700000000000000000e+03
5.062548100000000000e+07 4.440000000000000000e+03 1.690000000000000000e+03 5.770000000000000000e+03 3.700000000000000000e+03
5.062568100000000000e+07 4.440000000000000000e+03 1.690000000000000000e+03 5.760000000000000000e+03 3.700000000000000000e+03
5.062589600000000000e+07 4.440000000000000000e+03 1.700000000000000000e+03 5.730000000000000000e+03 3.700000000000000000e+03
5.062610400000000000e+07 4.430000000000000000e+03 1.690000000000000000e+03 5.720000000000000000e+03 3.700000000000000000e+03
5.062631400000000000e+07 4.430000000000000000e+03 1.690000000000000000e+03 5.720000000000000000e+03 3.690000000000000000e+03
5.062652100000000000e+07 4.430000000000000000e+03 1.700000000000000000e+03 5.720000000000000000e+03 3.690000000000000000e+03
5.062672800000000000e+07 4.430000000000000000e+03 1.710000000000000000e+03 5.710000000000000000e+03 3.690000000000000000e+03
5.062692000000000000e+07 4.430000000000000000e+03 1.700000000000000000e+03 5.720000000000000000e+03 3.690000000000000000e+03
5.062712800000000000e+07 4.430000000000000000e+03 1.710000000000000000e+03 5.710000000000000000e+03 3.690000000000000000e+03
