5.100092400000000000e+07 4.140000000000000000e+03 1.350000000000000000e+03 6.020000000000000000e+03 4.650000000000000000e+03
5.100113100000000000e+07 4.140000000000000000e+03 1.320000000000000000e+03 6.020000000000000000e+03 4.650000000000000000e+03
5.100133900000000000e+07 4.140000000000000000e+03 1.290000000000000000e+03 6.010000000000000000e+03 4.660000000000000000e+03
5.100154400000000000e+07 4.150000000000000000e+03 1.290000000000000000e+03 6.020000000000000000e+03 4.660000000000000000e+03
5.100175200000000000e+07 4.150000000000000000e+03 1.470000000000000000e+03 6.020000000000000000e+03 4.660000000000000000e+03
5.100196300000000000e+07 4.140000000000000000e+03 1.600000000000000000e+03 6.030000000000000000e+03 4.660000000000000000e+03
5.100217100000000000e+07 4.140000000000000000e+03 1.600000000000000000e+03 6.030000000000000000e+03 4.660000000000000000e+03
5.100237800000000000e+07 4.140000000000000000e+03 1.470000000000000000e+03 6.030000000000000000e+03 4.670000000000000000e+03
5.100258600000000000e+07 4.140000000000000000e+03 1.430000000000000000e+03 6.030000000000000000e+03 4.660000000000000000e+03
5.100279500000000000e+07 4.140000000000000000e+03 1.410000000000000000e+03 6.030000000000000000e+03 4.670000000000000000e+03
5.100299700000000000e+07 4.140000000000000000e+03 1.400000000000000000e+03 6.030000000000000000e+03 4.660000000000000000e+03
5.100321200000000000e+07 4.140000000000000000e+03 1.500000000000000000e+03 6.020000000000000000e+03 4.660000000000000000e+03
5.100340800000000000e+07 4.140000000000000000e+03 1.500000000000000000e+03 6.020000000000000000e+03 4.660000000000000000e+03
5.100360200000000000e+07 4.130000000000000000e+03 1.450000000000000000e+03 6.020000000000000000e+03 4.660000000000000000e+03
5.100381900000000000e+07 4.120000000000000000e+03 1.420000000000000000e+03 6.020000000000000000e+03 4.660000000000000000e+03
5.100402000000000000e+07 4.130000000000000000e+03 1.390000000000000000e+03 6.020000000000000000e+03 4.670000000000000000e+03
5.100423500000000000e+07 4.130000000000000000e+03 1.420000000000000000e+03 6.020000000000000000e+03 4.660000000000000000e+03
5.100444200000000000e+07 4.130000000000000000e+03 1.610000000000000000e+03 6.010000000000000000e+03 4.660000000000000000e+03
5.100463600000000000e+07 4.130000000000000000e+03 1.680000000000000000e+03 6.030000000000000000e+03 4.660000000000000000e+03
5.100484700000000000e+07 4.130000000000000000e+03 1.760000000000000000e+03 6.040000000000000000e+03 4.650000000000000000e+03
5.100505300000000000e+07 4.140000000000000000e+03 1.610000000000000000e+03 6.040000000000000000e+03 4.650000000000000000e+03
5.100526400000000000e+07 4.140000000000000000e+03 1.520000000000000000e+03 6.040000000000000000e+03 4.650000000000000000e+03
5.100547700000000000e+07 4.140000000000000000e+03 1.440000000000000000e+03 6.030000000000000000e+03 4.650000000000000000e+03
5.100568500000000000e+07 4.140000000000000000e+03 1.410000000000000000e+03 6.030000000000000000e+03 4.650000000000000000e+03
5.100588800000000000e+07 4.130000000000000000e+03 1.640000000000000000e+03 6.030000000000000000e+03 4.660000000000000000e+03
5.100609800000000000e+07 4.130000000000000000e+03 1.540000000000000000e+03 6.030000000000000000e+03 4.660000000000000000e+03
5.100630000000000000e+07 4.130000000000000000e+03 1.450000000000000000e+03 6.030000000000000000e+03 4.660000000000000000e+03
5.100651400000000000e+07 4.140000000000000000e+03 1.630000000000000000e+03 6.020000000000000000e+03 4.660000000000000000e+03
5.100672300000000000e+07 4.130000000000000000e+03 1.730000000000000000e+03 6.030000000000000000e+03 4.660000000000000000e+03
5.100691500000000000e+07 4.130000000000000000e+03 1.830000000000000000e+03 6.040000000000000000e+03 4.660000000000000000e+03
5.100711700000000000e+07 4.140000000000000000e+03 1.890000000000000000e+03 6.040000000000000000e+03 4.660000000000000000e+03
5.100733500000000000e+07 4.130000000000000000e+03 1.950000000000000000e+03 6.030000000000000000e+03 4.660000000000000000e+03
5.100754300000000000e+07 4.130000000000000000e+03 1.960000000000000000e+03 6.020000000000000000e+03 4.660000000000000000e+03
5.100774800000000000e+07 4.130000000000000000e+03 1.930000000000000000e+03 6.020000000000000000e+03 4.650000000000000000e+03
5.100796100000000000e+07 4.140000000000000000e+03 1.940000000000000000e+03 6.030000000000000000e+03 4.650000000000000000e+03
5.100817000000000000e+07 4.140000000000000000e+03 1.890000000000000000e+03 6.030000000000000000e+03 4.650000000000000000e+03
5.100836900000000000e+07 4.140000000000000000e+03 1.800000000000000000e+03 6.030000000000000000e+03 4.650000000000000000e+03
5.100858600000000000e+07 4.140000000000000000e+03 1.800000000000000000e+03 6.040000000000000000e+03 4.650000000000000000e+03
5.100879400000000000e+07 4.140000000000000000e+03 1.770000000000000000e+03 6.040000000000000000e+03 4.650000000000000000e+03
5.100900100000000000e+07 4.140000000000000000e+03 1.740000000000000000e+03 6.040000000000000000e+03 4.650000000000000000e+03
5.100920900000000000e+07 4.140000000000000000e+03 1.720000000000000000e+03 6.030000000000000000e+03 4.650000000000000000e+03
5.100941800000000000e+07 4.140000000000000000e+03 1.690000000000000000e+03 6.030000000000000000e+03 4.640000000000000000e+03
5.100980800000000000e+07 4.140000000000000000e+03 1.660000000000000000e+03 6.040000000000000000e+03 4.650000000000000000e+03
5.101001600000000000e+07 4.150000000000000000e+03 1.640000000000000000e+03 6.030000000000000000e+03 4.650000000000000000e+03
5.101023300000000000e+07 4.150000000000000000e+03 1.590000000000000000e+03 6.020000000000000000e+03 4.650000000000000000e+03
5.101043300000000000e+07 4.150000000000000000e+03 1.560000000000000000e+03 6.010000000000000000e+03 4.660000000000000000e+03
5.101064200000000000e+07 4.150000000000000000e+03 1.530000000000000000e+03 6.000000000000000000e+03 4.660000000000000000e+03
5.101085500000000000e+07 4.150000000000000000e+03 1.420000000000000000e+03 6.000000000000000000e+03 4.650000000000000000e+03
5.101106500000000000e+07 4.150000000000000000e+03 1.360000000000000000e+03 6.000000000000000000e+03 4.660000000000000000e+03
5.101127300000000000e+07 4.140000000000000000e+03 1.360000000000000000e+03 6.000000000000000000e+03 4.660000000000000000e+03
5.101147000000000000e+07 4.140000000000000000e+03 1.350000000000000000e+03 6.000000000000000000e+03 4.650000000000000000e+03
5.101167600000000000e+07 4.140000000000000000e+03 1.340000000000000000e+03 6.010000000000000000e+03 4.650000000000000000e+03
5.101188300000000000e+07 4.140000000000000000e+03 1.330000000000000000e+03 6.010000000000000000e+03 4.640000000000000000e+03
5.101210000000000000e+07 4.140000000000000000e+03 1.340000000000000000e+03 6.020000000000000000e+03 4.650000000000000000e+03
5.101231300000000000e+07 4.130000000000000000e+03 1.350000000000000000e+03 6.020000000000000000e+03 4.650000000000000000e+03
5.101252100000000000e+07 4.140000000000000000e+03 1.390000000000000000e+03 6.010000000000000000e+03 4.660000000000000000e+03
5.101272900000000000e+07 4.130000000000000000e+03 1.430000000000000000e+03 6.010000000000000000e+03 4.650000000000000000e+03
5.101292100000000000e+07 4.130000000000000000e+03 1.450000000000000000e+03 6.030000000000000000e+03 4.650000000000000000e+03
5.101312900000000000e+07 4.140000000000000000e+03 1.450000000000000000e+03 6.030000000000000000e+03 4.660000000000000000e+03
5.101333700000000000e+07 4.130000000000000000e+03 1.420000000000000000e+03 6.030000000000000000e+03 4.660000000000000000e+03
5.101354300000000000e+07 4.130000000000000000e+03 1.390000000000000000e+03 6.030000000000000000e+03 4.660000000000000000e+03
5.101375300000000000e+07 4.130000000000000000e+03 1.490000000000000000e+03 6.030000000000000000e+03 4.650000000000000000e+03
5.101395400000000000e+07 4.140000000000000000e+03 1.440000000000000000e+03 6.030000000000000000e+03 4.650000000000000000e+03
5.101416700000000000e+07 4.140000000000000000e+03 1.600000000000000000e+03 6.030000000000000000e+03 4.650000000000000000e+03
5.101437300000000000e+07 4.140000000000000000e+03 1.670000000000000000e+03 6.030000000000000000e+03 4.660000000000000000e+03
5.101457400000000000e+07 4.130000000000000000e+03 1.690000000000000000e+03 6.020000000000000000e+03 4.650000000000000000e+03
5.101478200000000000e+07 4.130000000000000000e+03 1.700000000000000000e+03 6.020000000000000000e+03 4.670000000000000000e+03
5.101498700000000000e+07 4.120000000000000000e+03 1.710000000000000000e+03 6.010000000000000000e+03 4.660000000000000000e+03
5.101520800000000000e+07 4.120000000000000000e+03 1.730000000000000000e+03 6.010000000000000000e+03 4.660000000000000000e+03
5.101541600000000000e+07 4.130000000000000000e+03 1.720000000000000000e+03 6.030000000000000000e+03 4.670000000000000000e+03
5.101562400000000000e+07 4.120000000000000000e+03 1.740000000000000000e+03 6.030000000000000000e+03 4.660000000000000000e+03
5.101581900000000000e+07 4.130000000000000000e+03 1.780000000000000000e+03 6.030000000000000000e+03 4.660000000000000000e+03
5.101604000000000000e+07 4.120000000000000000e+03 1.690000000000000000e+03 6.020000000000000000e+03 4.660000000000000000e+03
5.101624700000000000e+07 4.130000000000000000e+03 1.760000000000000000e+03 6.020000000000000000e+03 4.650000000000000000e+03
5.101644000000000000e+07 4.130000000000000000e+03 1.640000000000000000e+03 6.020000000000000000e+03 4.640000000000000000e+03
5.101664800000000000e+07 4.140000000000000000e+03 1.610000000000000000e+03 6.020000000000000000e+03 4.650000000000000000e+03
5.101685600000000000e+07 4.130000000000000000e+03 1.660000000000000000e+03 6.020000000000000000e+03 4.650000000000000000e+03
5.101705300000000000e+07 4.140000000000000000e+03 1.530000000000000000e+03 6.020000000000000000e+03 4.650000000000000000e+03
5.101726900000000000e+07 4.130000000000000000e+03 1.450000000000000000e+03 6.010000000000000000e+03 4.650000000000000000e+03
5.101747300000000000e+07 4.130000000000000000e+03 1.490000000000000000e+03 6.010000000000000000e+03 4.650000000000000000e+03
5.101768100000000000e+07 4.130000000000000000e+03 1.440000000000000000e+03 6.020000000000000000e+03 4.650000000000000000e+03
5.101789500000000000e+07 4.130000000000000000e+03 1.380000000000000000e+03 6.010000000000000000e+03 4.650000000000000000e+03
5.101810400000000000e+07 4.140000000000000000e+03 1.410000000000000000e+03 6.010000000000000000e+03 4.640000000000000000e+03
5.101831200000000000e+07 4.130000000000000000e+03 1.500000000000000000e+03 6.020000000000000000e+03 4.640000000000000000e+03
5.101851700000000000e+07 4.130000000000000000e+03 1.520000000000000000e+03 6.020000000000000000e+03 4.640000000000000000e+03
5.101871700000000000e+07 4.130000000000000000e+03 1.550000000000000000e+03 6.020000000000000000e+03 4.640000000000000000e+03
5.101893500000000000e+07 4.130000000000000000e+03 1.570000000000000000e+03 6.020000000000000000e+03 4.650000000000000000e+03
5.101913700000000000e+07 4.130000000000000000e+03 1.560000000000000000e+03 6.020000000000000000e+03 4.650000000000000000e+03
5.101933900000000000e+07 4.130000000000000000e+03 1.580000000000000000e+03 6.020000000000000000e+03 4.660000000000000000e+03
5.101955000000000000e+07 4.130000000000000000e+03 1.590000000000000000e+03 6.020000000000000000e+03 4.660000000000000000e+03
5.101974300000000000e+07 4.130000000000000000e+03 1.580000000000000000e+03 6.040000000000000000e+03 4.660000000000000000e+03
5.101994800000000000e+07 4.130000000000000000e+03 1.580000000000000000e+03 6.040000000000000000e+03 4.650000000000000000e+03
5.102015200000000000e+07 4.120000000000000000e+03 1.640000000000000000e+03 6.030000000000000000e+03 4.650000000000000000e+03
5.102036100000000000e+07 4.120000000000000000e+03 1.660000000000000000e+03 6.030000000000000000e+03 4.650000000000000000e+03
5.102058300000000000e+07 4.130000000000000000e+03 1.640000000000000000e+03 6.020000000000000000e+03 4.650000000000000000e+03
5.102078600000000000e+07 4.130000000000000000e+03 1.620000000000000000e+03 6.020000000000000000e+03 4.650000000000000000e+03
5.102099400000000000e+07 4.130000000000000000e+03 1.620000000000000000e+03 6.010000000000000000e+03 4.650000000000000000e+03
5.102119400000000000e+07 4.140000000000000000e+03 1.630000000000000000e+03 6.020000000000000000e+03 4.660000000000000000e+03
5.102141500000000000e+07 4.130000000000000000e+03 1.640000000000000000e+03 6.020000000000000000e+03 4.660000000000000000e+03
5.102162300000000000e+07 4.130000000000000000e+03 1.640000000000000000e+03 6.010000000000000000e+03 4.660000000000000000e+03
5.102183100000000000e+07 4.130000000000000000e+03 1.620000000000000000e+03 6.010000000000000000e+03 4.660000000000000000e+03
5.102203600000000000e+07 4.130000000000000000e+03 1.620000000000000000e+03 6.020000000000000000e+03 4.650000000000000000e+03
5.102223200000000000e+07 4.140000000000000000e+03 1.610000000000000000e+03 6.030000000000000000e+03 4.660000000000000000e+03
5.102245100000000000e+07 4.140000000000000000e+03 1.600000000000000000e+03 6.020000000000000000e+03 4.660000000000000000e+03
5.102265100000000000e+07 4.140000000000000000e+03 1.470000000000000000e+03 6.020000000000000000e+03 4.660000000000000000e+03
5.102286500000000000e+07 4.140000000000000000e+03 1.580000000000000000e+03 6.020000000000000000e+03 4.660000000000000000e+03
5.102307600000000000e+07 4.130000000000000000e+03 1.490000000000000000e+03 6.010000000000000000e+03 4.660000000000000000e+03
5.102325600000000000e+07 4.130000000000000000e+03 1.440000000000000000e+03 6.010000000000000000e+03 4.660000000000000000e+03
5.102353900000000000e+07 4.140000000000000000e+03 1.540000000000000000e+03 6.010000000000000000e+03 4.660000000000000000e+03
5.102367600000000000e+07 4.150000000000000000e+03 1.580000000000000000e+03 6.010000000000000000e+03 4.650000000000000000e+03
5.102389500000000000e+07 4.140000000000000000e+03 1.770000000000000000e+03 6.010000000000000000e+03 4.660000000000000000e+03
5.102410100000000000e+07 4.130000000000000000e+03 1.650000000000000000e+03 6.010000000000000000e+03 4.650000000000000000e+03
5.102430800000000000e+07 4.130000000000000000e+03 1.630000000000000000e+03 6.010000000000000000e+03 4.650000000000000000e+03
5.102451800000000000e+07 4.130000000000000000e+03 1.600000000000000000e+03 6.010000000000000000e+03 4.650000000000000000e+03
5.102472600000000000e+07 4.140000000000000000e+03 1.520000000000000000e+03 6.010000000000000000e+03 4.650000000000000000e+03
5.102493400000000000e+07 4.140000000000000000e+03 1.600000000000000000e+03 6.010000000000000000e+03 4.650000000000000000e+03
5.102512900000000000e+07 4.140000000000000000e+03 1.730000000000000000e+03 6.010000000000000000e+03 4.650000000000000000e+03
5.102533600000000000e+07 4.130000000000000000e+03 1.680000000000000000e+03 6.000000000000000000e+03 4.640000000000000000e+03
5.102555800000000000e+07 4.130000000000000000e+03 1.640000000000000000e+03 6.010000000000000000e+03 4.640000000000000000e+03
5.102576600000000000e+07 4.120000000000000000e+03 1.580000000000000000e+03 6.020000000000000000e+03 4.650000000000000000e+03
5.102597400000000000e+07 4.130000000000000000e+03 1.540000000000000000e+03 6.030000000000000000e+03 4.660000000000000000e+03
5.102621400000000000e+07 4.140000000000000000e+03 1.550000000000000000e+03 6.030000000000000000e+03 4.660000000000000000e+03
5.102639100000000000e+07 4.140000000000000000e+03 1.540000000000000000e+03 6.020000000000000000e+03 4.660000000000000000e+03
5.102658200000000000e+07 4.130000000000000000e+03 1.520000000000000000e+03 6.030000000000000000e+03 4.650000000000000000e+03
5.102679000000000000e+07 4.130000000000000000e+03 1.540000000000000000e+03 6.020000000000000000e+03 4.650000000000000000e+03
5.103365300000000000e+07 4.200000000000000000e+03 1.050000000000000000e+03 6.020000000000000000e+03 4.650000000000000000e+03
5.103386100000000000e+07 4.190000000000000000e+03 1.050000000000000000e+03 6.010000000000000000e+03 4.650000000000000000e+03
5.103406900000000000e+07 4.180000000000000000e+03 1.050000000000000000e+03 6.010000000000000000e+03 4.650000000000000000e+03
5.103426300000000000e+07 4.180000000000000000e+03 1.050000000000000000e+03 6.000000000000000000e+03 4.660000000000000000e+03
5.103447700000000000e+07 4.180000000000000000e+03 1.050000000000000000e+03 6.000000000000000000e+03 4.660000000000000000e+03
5.103470800000000000e+07 4.180000000000000000e+03 1.050000000000000000e+03 6.000000000000000000e+03 4.660000000000000000e+03
5.103489600000000000e+07 4.180000000000000000e+03 1.050000000000000000e+03 6.000000000000000000e+03 4.660000000000000000e+03
5.103510700000000000e+07 4.200000000000000000e+03 1.050000000000000000e+03 6.010000000000000000e+03 4.650000000000000000e+03
5.103531600000000000e+07 4.170000000000000000e+03 1.050000000000000000e+03 6.010000000000000000e+03 4.650000000000000000e+03
5.103551100000000000e+07 4.190000000000000000e+03 1.040000000000000000e+03 6.010000000000000000e+03 4.650000000000000000e+03
5.103572200000000000e+07 4.200000000000000000e+03 1.040000000000000000e+03 6.010000000000000000e+03 4.650000000000000000e+03
5.103593300000000000e+07 4.220000000000000000e+03 1.050000000000000000e+03 6.010000000000000000e+03 4.650000000000000000e+03
5.103614800000000000e+07 4.250000000000000000e+03 1.060000000000000000e+03 6.010000000000000000e+03 4.650000000000000000e+03
5.103635500000000000e+07 4.270000000000000000e+03 1.060000000000000000e+03 6.020000000000000000e+03 4.650000000000000000e+03
5.103656400000000000e+07 4.290000000000000000e+03 1.060000000000000000e+03 6.020000000000000000e+03 4.650000000000000000e+03
5.103676500000000000e+07 4.250000000000000000e+03 1.060000000000000000e+03 6.020000000000000000e+03 4.650000000000000000e+03
5.103696600000000000e+07 4.240000000000000000e+03 1.050000000000000000e+03 6.010000000000000000e+03 4.650000000000000000e+03
5.103718000000000000e+07 4.240000000000000000e+03 1.060000000000000000e+03 6.000000000000000000e+03 4.650000000000000000e+03
5.103739400000000000e+07 4.250000000000000000e+03 1.060000000000000000e+03 6.010000000000000000e+03 4.650000000000000000e+03
5.103759900000000000e+07 4.300000000000000000e+03 1.060000000000000000e+03 6.000000000000000000e+03 4.650000000000000000e+03
5.103780400000000000e+07 4.310000000000000000e+03 1.060000000000000000e+03 6.000000000000000000e+03 4.650000000000000000e+03
5.103800700000000000e+07 4.250000000000000000e+03 1.070000000000000000e+03 6.000000000000000000e+03 4.650000000000000000e+03
5.103821400000000000e+07 4.240000000000000000e+03 1.060000000000000000e+03 6.000000000000000000e+03 4.650000000000000000e+03
5.103842900000000000e+07 4.230000000000000000e+03 1.060000000000000000e+03 6.000000000000000000e+03 4.650000000000000000e+03
5.103864300000000000e+07 4.240000000000000000e+03 1.060000000000000000e+03 6.000000000000000000e+03 4.650000000000000000e+03
5.103885100000000000e+07 4.240000000000000000e+03 1.050000000000000000e+03 6.020000000000000000e+03 4.650000000000000000e+03
5.103905100000000000e+07 4.270000000000000000e+03 1.050000000000000000e+03 6.020000000000000000e+03 4.650000000000000000e+03
5.103926100000000000e+07 4.310000000000000000e+03 1.050000000000000000e+03 6.020000000000000000e+03 4.660000000000000000e+03
5.103946900000000000e+07 4.370000000000000000e+03 1.050000000000000000e+03 6.030000000000000000e+03 4.660000000000000000e+03
5.103968300000000000e+07 4.390000000000000000e+03 1.050000000000000000e+03 6.020000000000000000e+03 4.660000000000000000e+03
5.103988600000000000e+07 4.370000000000000000e+03 1.050000000000000000e+03 6.020000000000000000e+03 4.660000000000000000e+03
5.104009900000000000e+07 4.370000000000000000e+03 1.050000000000000000e+03 6.030000000000000000e+03 4.660000000000000000e+03
5.104029300000000000e+07 4.330000000000000000e+03 1.050000000000000000e+03 6.020000000000000000e+03 4.650000000000000000e+03
5.104051200000000000e+07 4.310000000000000000e+03 1.060000000000000000e+03 6.020000000000000000e+03 4.650000000000000000e+03
5.104071000000000000e+07 4.300000000000000000e+03 1.060000000000000000e+03 6.020000000000000000e+03 4.650000000000000000e+03
5.104092800000000000e+07 4.260000000000000000e+03 1.060000000000000000e+03 6.020000000000000000e+03 4.650000000000000000e+03
5.104113900000000000e+07 4.240000000000000000e+03 1.060000000000000000e+03 6.020000000000000000e+03 4.640000000000000000e+03
5.104134200000000000e+07 4.270000000000000000e+03 1.060000000000000000e+03 6.010000000000000000e+03 4.640000000000000000e+03
5.104154100000000000e+07 4.290000000000000000e+03 1.060000000000000000e+03 6.020000000000000000e+03 4.640000000000000000e+03
5.104176200000000000e+07 4.310000000000000000e+03 1.060000000000000000e+03 6.010000000000000000e+03 4.650000000000000000e+03
5.104197100000000000e+07 4.360000000000000000e+03 1.050000000000000000e+03 6.020000000000000000e+03 4.650000000000000000e+03
5.104217200000000000e+07 4.380000000000000000e+03 1.050000000000000000e+03 6.020000000000000000e+03 4.650000000000000000e+03
5.104238600000000000e+07 4.370000000000000000e+03 1.050000000000000000e+03 6.010000000000000000e+03 4.640000000000000000e+03
5.104259400000000000e+07 4.360000000000000000e+03 1.050000000000000000e+03 6.010000000000000000e+03 4.640000000000000000e+03
5.104280300000000000e+07 4.350000000000000000e+03 1.050000000000000000e+03 6.010000000000000000e+03 4.640000000000000000e+03
5.104301000000000000e+07 4.350000000000000000e+03 1.050000000000000000e+03 6.010000000000000000e+03 4.650000000000000000e+03
5.104321000000000000e+07 4.370000000000000000e+03 1.050000000000000000e+03 6.010000000000000000e+03 4.650000000000000000e+03
5.104342700000000000e+07 4.370000000000000000e+03 1.050000000000000000e+03 6.010000000000000000e+03 4.650000000000000000e+03
5.104363200000000000e+07 4.360000000000000000e+03 1.050000000000000000e+03 6.020000000000000000e+03 4.650000000000000000e+03
5.104383300000000000e+07 4.370000000000000000e+03 1.050000000000000000e+03 6.020000000000000000e+03 4.650000000000000000e+03
5.104404700000000000e+07 4.360000000000000000e+03 1.060000000000000000e+03 6.010000000000000000e+03 4.650000000000000000e+03
5.104425000000000000e+07 4.350000000000000000e+03 1.070000000000000000e+03 6.010000000000000000e+03 4.650000000000000000e+03
5.104445600000000000e+07 4.330000000000000000e+03 1.060000000000000000e+03 6.010000000000000000e+03 4.650000000000000000e+03
5.104467400000000000e+07 4.310000000000000000e+03 1.060000000000000000e+03 6.010000000000000000e+03 4.650000000000000000e+03
5.104487400000000000e+07 4.300000000000000000e+03 1.060000000000000000e+03 6.020000000000000000e+03 4.650000000000000000e+03
5.104507500000000000e+07 4.320000000000000000e+03 1.060000000000000000e+03 6.020000000000000000e+03 4.650000000000000000e+03
5.104528600000000000e+07 4.320000000000000000e+03 1.060000000000000000e+03 6.020000000000000000e+03 4.650000000000000000e+03
5.104550700000000000e+07 4.290000000000000000e+03 1.060000000000000000e+03 6.020000000000000000e+03 4.650000000000000000e+03
5.104570500000000000e+07 4.250000000000000000e+03 1.070000000000000000e+03 6.020000000000000000e+03 4.650000000000000000e+03
5.104592300000000000e+07 4.240000000000000000e+03 1.060000000000000000e+03 6.020000000000000000e+03 4.650000000000000000e+03
5.104611700000000000e+07 4.220000000000000000e+03 1.060000000000000000e+03 6.030000000000000000e+03 4.650000000000000000e+03
5.104633800000000000e+07 4.200000000000000000e+03 1.060000000000000000e+03 6.030000000000000000e+03 4.650000000000000000e+03
5.104654500000000000e+07 4.210000000000000000e+03 1.060000000000000000e+03 6.030000000000000000e+03 4.650000000000000000e+03
5.104674100000000000e+07 4.320000000000000000e+03 1.070000000000000000e+03 6.020000000000000000e+03 4.650000000000000000e+03
5.104695700000000000e+07 4.270000000000000000e+03 1.070000000000000000e+03 6.010000000000000000e+03 4.650000000000000000e+03
5.104716400000000000e+07 4.390000000000000000e+03 1.060000000000000000e+03 6.020000000000000000e+03 4.650000000000000000e+03
5.104737700000000000e+07 4.340000000000000000e+03 1.060000000000000000e+03 6.030000000000000000e+03 4.650000000000000000e+03
5.104757200000000000e+07 4.290000000000000000e+03 1.060000000000000000e+03 6.020000000000000000e+03 4.650000000000000000e+03
5.104778900000000000e+07 4.260000000000000000e+03 1.060000000000000000e+03 6.020000000000000000e+03 4.650000000000000000e+03
5.104799100000000000e+07 4.270000000000000000e+03 1.060000000000000000e+03 6.010000000000000000e+03 4.650000000000000000e+03
5.104820800000000000e+07 4.270000000000000000e+03 1.060000000000000000e+03 6.010000000000000000e+03 4.650000000000000000e+03
5.104841100000000000e+07 4.270000000000000000e+03 1.060000000000000000e+03 6.010000000000000000e+03 4.650000000000000000e+03
5.104862100000000000e+07 4.290000000000000000e+03 1.060000000000000000e+03 6.010000000000000000e+03 4.650000000000000000e+03
5.104882500000000000e+07 4.300000000000000000e+03 1.060000000000000000e+03 6.010000000000000000e+03 4.650000000000000000e+03
5.104904100000000000e+07 4.310000000000000000e+03 1.060000000000000000e+03 6.010000000000000000e+03 4.650000000000000000e+03
5.104925000000000000e+07 4.310000000000000000e+03 1.050000000000000000e+03 6.010000000000000000e+03 4.650000000000000000e+03
5.104945700000000000e+07 4.300000000000000000e+03 1.050000000000000000e+03 6.020000000000000000e+03 4.650000000000000000e+03
5.104965300000000000e+07 4.310000000000000000e+03 1.040000000000000000e+03 6.020000000000000000e+03 4.650000000000000000e+03
5.104987100000000000e+07 4.320000000000000000e+03 1.050000000000000000e+03 6.020000000000000000e+03 4.650000000000000000e+03
5.105006900000000000e+07 4.340000000000000000e+03 1.050000000000000000e+03 6.020000000000000000e+03 4.650000000000000000e+03
5.105027700000000000e+07 4.350000000000000000e+03 1.050000000000000000e+03 6.030000000000000000e+03 4.650000000000000000e+03
5.105048300000000000e+07 4.340000000000000000e+03 1.050000000000000000e+03 6.030000000000000000e+03 4.650000000000000000e+03
5.105070600000000000e+07 4.360000000000000000e+03 1.050000000000000000e+03 6.020000000000000000e+03 4.650000000000000000e+03
5.105090400000000000e+07 4.380000000000000000e+03 1.050000000000000000e+03 6.010000000000000000e+03 4.650000000000000000e+03
5.105112100000000000e+07 4.390000000000000000e+03 1.060000000000000000e+03 6.010000000000000000e+03 4.650000000000000000e+03
5.105132700000000000e+07 4.400000000000000000e+03 1.060000000000000000e+03 6.010000000000000000e+03 4.660000000000000000e+03
5.105152400000000000e+07 4.410000000000000000e+03 1.050000000000000000e+03 6.000000000000000000e+03 4.660000000000000000e+03
5.105174500000000000e+07 4.430000000000000000e+03 1.050000000000000000e+03 6.020000000000000000e+03 4.660000000000000000e+03
5.105195100000000000e+07 4.430000000000000000e+03 1.050000000000000000e+03 6.020000000000000000e+03 4.660000000000000000e+03
5.105216100000000000e+07 4.430000000000000000e+03 1.050000000000000000e+03 6.020000000000000000e+03 4.660000000000000000e+03
5.105235600000000000e+07 4.420000000000000000e+03 1.050000000000000000e+03 6.020000000000000000e+03 4.660000000000000000e+03
5.105257500000000000e+07 4.410000000000000000e+03 1.050000000000000000e+03 6.020000000000000000e+03 4.650000000000000000e+03
5.105278300000000000e+07 4.400000000000000000e+03 1.050000000000000000e+03 6.010000000000000000e+03 4.650000000000000000e+03
5.105297900000000000e+07 4.400000000000000000e+03 1.050000000000000000e+03 6.010000000000000000e+03 4.650000000000000000e+03
5.105319900000000000e+07 4.390000000000000000e+03 1.050000000000000000e+03 6.010000000000000000e+03 4.650000000000000000e+03
5.105339800000000000e+07 4.390000000000000000e+03 1.050000000000000000e+03 6.010000000000000000e+03 4.650000000000000000e+03
5.105361600000000000e+07 4.400000000000000000e+03 1.050000000000000000e+03 6.000000000000000000e+03 4.650000000000000000e+03
5.105382400000000000e+07 4.400000000000000000e+03 1.040000000000000000e+03 6.020000000000000000e+03 4.650000000000000000e+03
5.105402500000000000e+07 4.400000000000000000e+03 1.040000000000000000e+03 6.010000000000000000e+03 4.650000000000000000e+03
5.105423800000000000e+07 4.410000000000000000e+03 1.040000000000000000e+03 6.010000000000000000e+03 4.650000000000000000e+03
5.105443500000000000e+07 4.390000000000000000e+03 1.050000000000000000e+03 6.010000000000000000e+03 4.640000000000000000e+03
5.105465600000000000e+07 4.370000000000000000e+03 1.050000000000000000e+03 6.000000000000000000e+03 4.640000000000000000e+03
5.105485500000000000e+07 4.350000000000000000e+03 1.060000000000000000e+03 6.000000000000000000e+03 4.650000000000000000e+03
5.105507400000000000e+07 4.340000000000000000e+03 1.040000000000000000e+03 6.010000000000000000e+03 4.650000000000000000e+03
5.105526700000000000e+07 4.330000000000000000e+03 1.050000000000000000e+03 6.010000000000000000e+03 4.660000000000000000e+03
5.105548600000000000e+07 4.320000000000000000e+03 1.050000000000000000e+03 6.020000000000000000e+03 4.660000000000000000e+03
5.105568800000000000e+07 4.320000000000000000e+03 1.050000000000000000e+03 6.010000000000000000e+03 4.660000000000000000e+03
5.105589300000000000e+07 4.340000000000000000e+03 1.050000000000000000e+03 6.010000000000000000e+03 4.660000000000000000e+03
5.105610500000000000e+07 4.340000000000000000e+03 1.050000000000000000e+03 6.020000000000000000e+03 4.670000000000000000e+03
5.105630700000000000e+07 4.320000000000000000e+03 1.050000000000000000e+03 6.010000000000000000e+03 4.660000000000000000e+03
5.105652200000000000e+07 4.290000000000000000e+03 1.050000000000000000e+03 6.010000000000000000e+03 4.660000000000000000e+03
5.105672300000000000e+07 4.270000000000000000e+03 1.050000000000000000e+03 6.020000000000000000e+03 4.660000000000000000e+03
5.105693600000000000e+07 4.290000000000000000e+03 1.050000000000000000e+03 6.020000000000000000e+03 4.670000000000000000e+03
5.105713900000000000e+07 4.300000000000000000e+03 1.050000000000000000e+03 6.030000000000000000e+03 4.670000000000000000e+03
5.105734600000000000e+07 4.310000000000000000e+03 1.050000000000000000e+03 6.030000000000000000e+03 4.660000000000000000e+03
5.105755200000000000e+07 4.310000000000000000e+03 1.050000000000000000e+03 6.020000000000000000e+03 4.660000000000000000e+03
5.105777300000000000e+07 4.320000000000000000e+03 1.050000000000000000e+03 6.020000000000000000e+03 4.650000000000000000e+03
5.105798000000000000e+07 4.320000000000000000e+03 1.050000000000000000e+03 6.020000000000000000e+03 4.650000000000000000e+03
5.105818900000000000e+07 4.330000000000000000e+03 1.050000000000000000e+03 6.030000000000000000e+03 4.650000000000000000e+03
5.105838800000000000e+07 4.350000000000000000e+03 1.050000000000000000e+03 6.030000000000000000e+03 4.650000000000000000e+03
5.105860700000000000e+07 4.350000000000000000e+03 1.050000000000000000e+03 6.030000000000000000e+03 4.650000000000000000e+03
5.105881200000000000e+07 4.350000000000000000e+03 1.050000000000000000e+03 6.030000000000000000e+03 4.650000000000000000e+03
5.105902300000000000e+07 4.350000000000000000e+03 1.050000000000000000e+03 6.030000000000000000e+03 4.650000000000000000e+03
5.105922500000000000e+07 4.340000000000000000e+03 1.050000000000000000e+03 6.030000000000000000e+03 4.650000000000000000e+03
5.105942400000000000e+07 4.340000000000000000e+03 1.050000000000000000e+03 6.040000000000000000e+03 4.650000000000000000e+03
5.105964400000000000e+07 4.340000000000000000e+03 1.060000000000000000e+03 6.040000000000000000e+03 4.650000000000000000e+03
5.105985500000000000e+07 4.330000000000000000e+03 1.060000000000000000e+03 6.030000000000000000e+03 4.650000000000000000e+03
5.110006100000000000e+07 4.330000000000000000e+03 1.060000000000000000e+03 6.020000000000000000e+03 4.650000000000000000e+03
5.110025600000000000e+07 4.340000000000000000e+03 1.060000000000000000e+03 6.020000000000000000e+03 4.650000000000000000e+03
5.110047300000000000e+07 4.350000000000000000e+03 1.060000000000000000e+03 6.020000000000000000e+03 4.650000000000000000e+03
5.110068700000000000e+07 4.360000000000000000e+03 1.060000000000000000e+03 6.010000000000000000e+03 4.650000000000000000e+03
5.110088600000000000e+07 4.370000000000000000e+03 1.060000000000000000e+03 6.000000000000000000e+03 4.650000000000000000e+03
5.110110300000000000e+07 4.360000000000000000e+03 1.070000000000000000e+03 6.010000000000000000e+03 4.650000000000000000e+03
5.110131100000000000e+07 4.340000000000000000e+03 1.060000000000000000e+03 6.010000000000000000e+03 4.650000000000000000e+03
5.110152200000000000e+07 4.340000000000000000e+03 1.060000000000000000e+03 6.010000000000000000e+03 4.650000000000000000e+03
5.110172600000000000e+07 4.330000000000000000e+03 1.060000000000000000e+03 6.010000000000000000e+03 4.650000000000000000e+03
5.110193500000000000e+07 4.330000000000000000e+03 1.060000000000000000e+03 6.000000000000000000e+03 4.650000000000000000e+03
5.110214300000000000e+07 4.330000000000000000e+03 1.060000000000000000e+03 6.000000000000000000e+03 4.650000000000000000e+03
5.110235300000000000e+07 4.330000000000000000e+03 1.070000000000000000e+03 6.010000000000000000e+03 4.650000000000000000e+03
5.110255900000000000e+07 4.330000000000000000e+03 1.060000000000000000e+03 6.010000000000000000e+03 4.650000000000000000e+03
5.110276600000000000e+07 4.340000000000000000e+03 1.060000000000000000e+03 6.020000000000000000e+03 4.650000000000000000e+03
