5.150196400000000000e+07 4.720000000000000000e+03 1.080000000000000000e+03 5.980000000000000000e+03 4.130000000000000000e+03
5.150216200000000000e+07 4.720000000000000000e+03 1.090000000000000000e+03 5.980000000000000000e+03 4.170000000000000000e+03
5.150236900000000000e+07 4.720000000000000000e+03 1.100000000000000000e+03 5.980000000000000000e+03 4.210000000000000000e+03
5.150258900000000000e+07 4.720000000000000000e+03 1.100000000000000000e+03 5.980000000000000000e+03 4.240000000000000000e+03
5.150279600000000000e+07 4.720000000000000000e+03 1.100000000000000000e+03 5.980000000000000000e+03 4.260000000000000000e+03
5.150300400000000000e+07 4.720000000000000000e+03 1.100000000000000000e+03 5.980000000000000000e+03 4.390000000000000000e+03
5.150321200000000000e+07 4.720000000000000000e+03 1.070000000000000000e+03 5.980000000000000000e+03 4.400000000000000000e+03
5.150341900000000000e+07 4.730000000000000000e+03 1.070000000000000000e+03 5.970000000000000000e+03 4.370000000000000000e+03
5.150361700000000000e+07 4.730000000000000000e+03 1.070000000000000000e+03 5.970000000000000000e+03 4.360000000000000000e+03
5.150383100000000000e+07 4.730000000000000000e+03 1.080000000000000000e+03 5.980000000000000000e+03 4.460000000000000000e+03
5.150404400000000000e+07 4.730000000000000000e+03 1.070000000000000000e+03 5.980000000000000000e+03 4.310000000000000000e+03
5.150424500000000000e+07 4.730000000000000000e+03 1.080000000000000000e+03 5.980000000000000000e+03 4.210000000000000000e+03
5.150445900000000000e+07 4.720000000000000000e+03 1.070000000000000000e+03 5.990000000000000000e+03 4.170000000000000000e+03
5.150466700000000000e+07 4.730000000000000000e+03 1.080000000000000000e+03 5.990000000000000000e+03 4.120000000000000000e+03
5.150486200000000000e+07 4.730000000000000000e+03 1.070000000000000000e+03 5.990000000000000000e+03 4.060000000000000000e+03
5.150508400000000000e+07 4.730000000000000000e+03 1.070000000000000000e+03 5.990000000000000000e+03 4.020000000000000000e+03
5.150528200000000000e+07 4.730000000000000000e+03 1.060000000000000000e+03 5.980000000000000000e+03 4.020000000000000000e+03
5.150549300000000000e+07 4.730000000000000000e+03 1.060000000000000000e+03 5.970000000000000000e+03 4.200000000000000000e+03
5.150569700000000000e+07 4.730000000000000000e+03 1.060000000000000000e+03 5.970000000000000000e+03 4.290000000000000000e+03
5.150591000000000000e+07 4.730000000000000000e+03 1.070000000000000000e+03 5.980000000000000000e+03 4.340000000000000000e+03
5.150611800000000000e+07 4.730000000000000000e+03 1.060000000000000000e+03 5.980000000000000000e+03 4.400000000000000000e+03
5.150633100000000000e+07 4.720000000000000000e+03 1.060000000000000000e+03 5.980000000000000000e+03 4.330000000000000000e+03
5.150653300000000000e+07 4.710000000000000000e+03 1.070000000000000000e+03 5.980000000000000000e+03 4.320000000000000000e+03
5.150674700000000000e+07 4.720000000000000000e+03 1.060000000000000000e+03 5.980000000000000000e+03 4.320000000000000000e+03
5.150694200000000000e+07 4.720000000000000000e+03 1.060000000000000000e+03 5.990000000000000000e+03 4.340000000000000000e+03
5.150715700000000000e+07 4.720000000000000000e+03 1.060000000000000000e+03 5.990000000000000000e+03 4.390000000000000000e+03
5.150735800000000000e+07 4.720000000000000000e+03 1.070000000000000000e+03 5.980000000000000000e+03 4.370000000000000000e+03
5.150757900000000000e+07 4.710000000000000000e+03 1.080000000000000000e+03 5.980000000000000000e+03 4.460000000000000000e+03
5.150777500000000000e+07 4.730000000000000000e+03 1.080000000000000000e+03 5.980000000000000000e+03 4.510000000000000000e+03
5.150799500000000000e+07 4.730000000000000000e+03 1.070000000000000000e+03 5.980000000000000000e+03 4.530000000000000000e+03
5.150819200000000000e+07 4.720000000000000000e+03 1.060000000000000000e+03 5.980000000000000000e+03 4.530000000000000000e+03
5.150840800000000000e+07 4.720000000000000000e+03 1.060000000000000000e+03 5.980000000000000000e+03 4.540000000000000000e+03
5.150860500000000000e+07 4.720000000000000000e+03 1.070000000000000000e+03 5.990000000000000000e+03 4.520000000000000000e+03
5.150882200000000000e+07 4.720000000000000000e+03 1.080000000000000000e+03 6.000000000000000000e+03 4.500000000000000000e+03
5.150902500000000000e+07 4.710000000000000000e+03 1.080000000000000000e+03 5.980000000000000000e+03 4.480000000000000000e+03
5.150923700000000000e+07 4.710000000000000000e+03 1.080000000000000000e+03 5.980000000000000000e+03 4.480000000000000000e+03
5.150944000000000000e+07 4.720000000000000000e+03 1.080000000000000000e+03 5.980000000000000000e+03 4.500000000000000000e+03
5.150965600000000000e+07 4.710000000000000000e+03 1.080000000000000000e+03 5.980000000000000000e+03 4.530000000000000000e+03
5.150985900000000000e+07 4.700000000000000000e+03 1.080000000000000000e+03 5.980000000000000000e+03 4.560000000000000000e+03
5.151006000000000000e+07 4.700000000000000000e+03 1.060000000000000000e+03 5.980000000000000000e+03 4.580000000000000000e+03
5.151027500000000000e+07 4.710000000000000000e+03 1.070000000000000000e+03 5.990000000000000000e+03 4.570000000000000000e+03
5.151049000000000000e+07 4.710000000000000000e+03 1.080000000000000000e+03 6.000000000000000000e+03 4.570000000000000000e+03
5.151069300000000000e+07 4.710000000000000000e+03 1.080000000000000000e+03 6.000000000000000000e+03 4.460000000000000000e+03
5.151090300000000000e+07 4.710000000000000000e+03 1.090000000000000000e+03 6.000000000000000000e+03 4.370000000000000000e+03
5.151111000000000000e+07 4.710000000000000000e+03 1.080000000000000000e+03 6.000000000000000000e+03 4.310000000000000000e+03
5.151132300000000000e+07 4.710000000000000000e+03 1.080000000000000000e+03 5.990000000000000000e+03 4.310000000000000000e+03
5.151151700000000000e+07 4.710000000000000000e+03 1.080000000000000000e+03 5.990000000000000000e+03 4.290000000000000000e+03
5.151172500000000000e+07 4.720000000000000000e+03 1.070000000000000000e+03 5.980000000000000000e+03 4.260000000000000000e+03
5.151193700000000000e+07 4.710000000000000000e+03 1.070000000000000000e+03 5.990000000000000000e+03 4.250000000000000000e+03
5.151214900000000000e+07 4.710000000000000000e+03 1.080000000000000000e+03 5.990000000000000000e+03 4.220000000000000000e+03
5.151236300000000000e+07 4.700000000000000000e+03 1.070000000000000000e+03 5.990000000000000000e+03 4.230000000000000000e+03
5.151257000000000000e+07 4.700000000000000000e+03 1.070000000000000000e+03 5.990000000000000000e+03 4.250000000000000000e+03
5.151277500000000000e+07 4.720000000000000000e+03 1.080000000000000000e+03 5.990000000000000000e+03 4.260000000000000000e+03
5.151298300000000000e+07 4.730000000000000000e+03 1.080000000000000000e+03 5.980000000000000000e+03 4.270000000000000000e+03
5.151319400000000000e+07 4.730000000000000000e+03 1.070000000000000000e+03 5.980000000000000000e+03 4.300000000000000000e+03
5.151339900000000000e+07 4.720000000000000000e+03 1.070000000000000000e+03 5.980000000000000000e+03 4.290000000000000000e+03
5.151360900000000000e+07 4.710000000000000000e+03 1.060000000000000000e+03 5.970000000000000000e+03 4.290000000000000000e+03
5.151381800000000000e+07 4.720000000000000000e+03 1.070000000000000000e+03 5.970000000000000000e+03 4.310000000000000000e+03
5.151402600000000000e+07 4.710000000000000000e+03 1.080000000000000000e+03 5.970000000000000000e+03 4.330000000000000000e+03
5.151423400000000000e+07 4.720000000000000000e+03 1.070000000000000000e+03 5.970000000000000000e+03 4.360000000000000000e+03
5.151444100000000000e+07 4.720000000000000000e+03 1.080000000000000000e+03 5.970000000000000000e+03 4.390000000000000000e+03
5.151464800000000000e+07 4.730000000000000000e+03 1.090000000000000000e+03 5.980000000000000000e+03 4.430000000000000000e+03
5.151485700000000000e+07 4.720000000000000000e+03 1.090000000000000000e+03 5.980000000000000000e+03 4.470000000000000000e+03
5.151506700000000000e+07 4.710000000000000000e+03 1.080000000000000000e+03 5.970000000000000000e+03 4.510000000000000000e+03
5.151527300000000000e+07 4.700000000000000000e+03 1.080000000000000000e+03 5.970000000000000000e+03 4.540000000000000000e+03
5.151547300000000000e+07 4.710000000000000000e+03 1.080000000000000000e+03 5.980000000000000000e+03 4.510000000000000000e+03
5.151569000000000000e+07 4.720000000000000000e+03 1.080000000000000000e+03 5.980000000000000000e+03 4.470000000000000000e+03
5.151589700000000000e+07 4.710000000000000000e+03 1.080000000000000000e+03 5.980000000000000000e+03 4.440000000000000000e+03
5.151610500000000000e+07 4.710000000000000000e+03 1.080000000000000000e+03 5.970000000000000000e+03 4.410000000000000000e+03
5.151630300000000000e+07 4.720000000000000000e+03 1.080000000000000000e+03 5.970000000000000000e+03 4.400000000000000000e+03
5.151652100000000000e+07 4.730000000000000000e+03 1.080000000000000000e+03 5.970000000000000000e+03 4.390000000000000000e+03
5.151672800000000000e+07 4.730000000000000000e+03 1.070000000000000000e+03 5.970000000000000000e+03 4.370000000000000000e+03
5.151693300000000000e+07 4.730000000000000000e+03 1.080000000000000000e+03 5.970000000000000000e+03 4.360000000000000000e+03
5.151714600000000000e+07 4.720000000000000000e+03 1.070000000000000000e+03 5.970000000000000000e+03 4.370000000000000000e+03
5.151735100000000000e+07 4.730000000000000000e+03 1.080000000000000000e+03 5.970000000000000000e+03 4.400000000000000000e+03
5.151755200000000000e+07 4.720000000000000000e+03 1.080000000000000000e+03 5.980000000000000000e+03 4.430000000000000000e+03
5.151776800000000000e+07 4.710000000000000000e+03 1.070000000000000000e+03 5.980000000000000000e+03 4.450000000000000000e+03
5.151797300000000000e+07 4.700000000000000000e+03 1.060000000000000000e+03 5.980000000000000000e+03 4.450000000000000000e+03
5.151817500000000000e+07 4.720000000000000000e+03 1.070000000000000000e+03 5.980000000000000000e+03 4.450000000000000000e+03
5.151839300000000000e+07 4.720000000000000000e+03 1.060000000000000000e+03 5.980000000000000000e+03 4.440000000000000000e+03
5.151859500000000000e+07 4.710000000000000000e+03 1.060000000000000000e+03 5.980000000000000000e+03 4.430000000000000000e+03
5.151880600000000000e+07 4.730000000000000000e+03 1.060000000000000000e+03 5.970000000000000000e+03 4.430000000000000000e+03
5.151922500000000000e+07 4.750000000000000000e+03 1.060000000000000000e+03 5.980000000000000000e+03 4.440000000000000000e+03
5.151943300000000000e+07 4.740000000000000000e+03 1.060000000000000000e+03 5.970000000000000000e+03 4.470000000000000000e+03
5.151963600000000000e+07 4.740000000000000000e+03 1.060000000000000000e+03 5.970000000000000000e+03 4.480000000000000000e+03
5.151984800000000000e+07 4.750000000000000000e+03 1.060000000000000000e+03 5.980000000000000000e+03 4.460000000000000000e+03
5.152005600000000000e+07 4.730000000000000000e+03 1.050000000000000000e+03 5.980000000000000000e+03 4.450000000000000000e+03
5.152026400000000000e+07 4.720000000000000000e+03 1.050000000000000000e+03 5.980000000000000000e+03 4.450000000000000000e+03
5.152047200000000000e+07 4.740000000000000000e+03 1.060000000000000000e+03 5.980000000000000000e+03 4.450000000000000000e+03
5.152067500000000000e+07 4.740000000000000000e+03 1.070000000000000000e+03 5.980000000000000000e+03 4.430000000000000000e+03
5.152088800000000000e+07 4.730000000000000000e+03 1.050000000000000000e+03 5.980000000000000000e+03 4.420000000000000000e+03
5.152108900000000000e+07 4.710000000000000000e+03 1.050000000000000000e+03 5.980000000000000000e+03 4.420000000000000000e+03
5.152130400000000000e+07 4.710000000000000000e+03 1.050000000000000000e+03 5.980000000000000000e+03 4.410000000000000000e+03
5.152150300000000000e+07 4.720000000000000000e+03 1.050000000000000000e+03 5.980000000000000000e+03 4.390000000000000000e+03
5.152171200000000000e+07 4.720000000000000000e+03 1.060000000000000000e+03 5.990000000000000000e+03 4.390000000000000000e+03
5.152192500000000000e+07 4.730000000000000000e+03 1.070000000000000000e+03 6.000000000000000000e+03 4.390000000000000000e+03
5.152212800000000000e+07 4.720000000000000000e+03 1.080000000000000000e+03 6.000000000000000000e+03 4.390000000000000000e+03
5.152234200000000000e+07 4.710000000000000000e+03 1.090000000000000000e+03 5.990000000000000000e+03 4.400000000000000000e+03
5.152253900000000000e+07 4.710000000000000000e+03 1.090000000000000000e+03 5.990000000000000000e+03 4.410000000000000000e+03
5.152276000000000000e+07 4.710000000000000000e+03 1.090000000000000000e+03 5.990000000000000000e+03 4.430000000000000000e+03
5.152296000000000000e+07 4.710000000000000000e+03 1.070000000000000000e+03 5.980000000000000000e+03 4.430000000000000000e+03
5.152317600000000000e+07 4.710000000000000000e+03 1.070000000000000000e+03 5.980000000000000000e+03 4.440000000000000000e+03
5.152337600000000000e+07 4.720000000000000000e+03 1.060000000000000000e+03 5.980000000000000000e+03 4.450000000000000000e+03
5.152358700000000000e+07 4.710000000000000000e+03 1.070000000000000000e+03 5.980000000000000000e+03 4.450000000000000000e+03
5.152378500000000000e+07 4.700000000000000000e+03 1.060000000000000000e+03 5.980000000000000000e+03 4.450000000000000000e+03
5.152400800000000000e+07 4.710000000000000000e+03 1.060000000000000000e+03 5.980000000000000000e+03 4.450000000000000000e+03
5.152420300000000000e+07 4.710000000000000000e+03 1.080000000000000000e+03 5.980000000000000000e+03 4.440000000000000000e+03
5.152442300000000000e+07 4.710000000000000000e+03 1.070000000000000000e+03 5.980000000000000000e+03 4.440000000000000000e+03
5.152463100000000000e+07 4.720000000000000000e+03 1.060000000000000000e+03 5.980000000000000000e+03 4.420000000000000000e+03
5.152483900000000000e+07 4.730000000000000000e+03 1.080000000000000000e+03 5.980000000000000000e+03 4.400000000000000000e+03
5.152504400000000000e+07 4.730000000000000000e+03 1.100000000000000000e+03 5.980000000000000000e+03 4.380000000000000000e+03
5.152524800000000000e+07 4.730000000000000000e+03 1.100000000000000000e+03 5.980000000000000000e+03 4.370000000000000000e+03
5.152546300000000000e+07 4.720000000000000000e+03 1.090000000000000000e+03 5.980000000000000000e+03 4.380000000000000000e+03
5.152567200000000000e+07 4.720000000000000000e+03 1.080000000000000000e+03 5.980000000000000000e+03 4.390000000000000000e+03
5.152587900000000000e+07 4.710000000000000000e+03 1.080000000000000000e+03 5.980000000000000000e+03 4.420000000000000000e+03
5.152608700000000000e+07 4.730000000000000000e+03 1.090000000000000000e+03 5.970000000000000000e+03 4.440000000000000000e+03
5.152629500000000000e+07 4.730000000000000000e+03 1.080000000000000000e+03 5.970000000000000000e+03 4.440000000000000000e+03
5.152650300000000000e+07 4.720000000000000000e+03 1.080000000000000000e+03 5.970000000000000000e+03 4.420000000000000000e+03
5.152671100000000000e+07 4.710000000000000000e+03 1.070000000000000000e+03 5.970000000000000000e+03 4.420000000000000000e+03
5.152691600000000000e+07 4.730000000000000000e+03 1.060000000000000000e+03 5.980000000000000000e+03 4.420000000000000000e+03
5.152712700000000000e+07 4.740000000000000000e+03 1.060000000000000000e+03 5.980000000000000000e+03 4.420000000000000000e+03
5.152733500000000000e+07 4.730000000000000000e+03 1.060000000000000000e+03 5.970000000000000000e+03 4.420000000000000000e+03
5.152754300000000000e+07 4.740000000000000000e+03 1.060000000000000000e+03 5.960000000000000000e+03 4.420000000000000000e+03
5.152775100000000000e+07 4.740000000000000000e+03 1.060000000000000000e+03 5.960000000000000000e+03 4.430000000000000000e+03
5.153896400000000000e+07 4.730000000000000000e+03 1.060000000000000000e+03 6.180000000000000000e+03 4.070000000000000000e+03
5.153917200000000000e+07 4.730000000000000000e+03 1.060000000000000000e+03 6.290000000000000000e+03 4.070000000000000000e+03
5.153938000000000000e+07 4.740000000000000000e+03 1.070000000000000000e+03 6.360000000000000000e+03 4.070000000000000000e+03
5.153958400000000000e+07 4.740000000000000000e+03 1.080000000000000000e+03 6.410000000000000000e+03 4.070000000000000000e+03
5.153979600000000000e+07 4.740000000000000000e+03 1.060000000000000000e+03 6.410000000000000000e+03 4.070000000000000000e+03
5.154000500000000000e+07 4.730000000000000000e+03 1.050000000000000000e+03 6.340000000000000000e+03 4.080000000000000000e+03
5.154020300000000000e+07 4.740000000000000000e+03 1.050000000000000000e+03 6.300000000000000000e+03 4.080000000000000000e+03
5.154041800000000000e+07 4.730000000000000000e+03 1.050000000000000000e+03 6.300000000000000000e+03 4.080000000000000000e+03
5.154062000000000000e+07 4.740000000000000000e+03 1.070000000000000000e+03 6.340000000000000000e+03 4.080000000000000000e+03
5.154082500000000000e+07 4.740000000000000000e+03 1.060000000000000000e+03 6.270000000000000000e+03 4.080000000000000000e+03
5.154102900000000000e+07 4.740000000000000000e+03 1.070000000000000000e+03 6.240000000000000000e+03 4.080000000000000000e+03
5.154125100000000000e+07 4.740000000000000000e+03 1.070000000000000000e+03 6.240000000000000000e+03 4.080000000000000000e+03
5.154144500000000000e+07 4.730000000000000000e+03 1.070000000000000000e+03 6.250000000000000000e+03 4.080000000000000000e+03
5.154165200000000000e+07 4.730000000000000000e+03 1.070000000000000000e+03 6.260000000000000000e+03 4.070000000000000000e+03
5.154186000000000000e+07 4.730000000000000000e+03 1.070000000000000000e+03 6.230000000000000000e+03 4.070000000000000000e+03
5.154206600000000000e+07 4.730000000000000000e+03 1.080000000000000000e+03 6.230000000000000000e+03 4.070000000000000000e+03
5.154227500000000000e+07 4.720000000000000000e+03 1.080000000000000000e+03 6.210000000000000000e+03 4.070000000000000000e+03
5.154248300000000000e+07 4.710000000000000000e+03 1.070000000000000000e+03 6.200000000000000000e+03 4.070000000000000000e+03
5.154269200000000000e+07 4.710000000000000000e+03 1.080000000000000000e+03 6.210000000000000000e+03 4.070000000000000000e+03
5.154290000000000000e+07 4.730000000000000000e+03 1.080000000000000000e+03 6.200000000000000000e+03 4.070000000000000000e+03
5.154310800000000000e+07 4.730000000000000000e+03 1.070000000000000000e+03 6.210000000000000000e+03 4.060000000000000000e+03
5.154330600000000000e+07 4.730000000000000000e+03 1.060000000000000000e+03 6.220000000000000000e+03 4.070000000000000000e+03
5.154352200000000000e+07 4.730000000000000000e+03 1.070000000000000000e+03 6.260000000000000000e+03 4.070000000000000000e+03
5.154372200000000000e+07 4.740000000000000000e+03 1.050000000000000000e+03 6.300000000000000000e+03 4.070000000000000000e+03
5.154393900000000000e+07 4.740000000000000000e+03 1.050000000000000000e+03 6.300000000000000000e+03 4.070000000000000000e+03
5.154414000000000000e+07 4.740000000000000000e+03 1.070000000000000000e+03 6.290000000000000000e+03 4.070000000000000000e+03
5.154435500000000000e+07 4.750000000000000000e+03 1.080000000000000000e+03 6.230000000000000000e+03 4.060000000000000000e+03
5.154455000000000000e+07 4.750000000000000000e+03 1.080000000000000000e+03 6.230000000000000000e+03 4.060000000000000000e+03
5.154476900000000000e+07 4.740000000000000000e+03 1.070000000000000000e+03 6.320000000000000000e+03 4.060000000000000000e+03
5.154496900000000000e+07 4.720000000000000000e+03 1.070000000000000000e+03 6.330000000000000000e+03 4.060000000000000000e+03
5.154517200000000000e+07 4.730000000000000000e+03 1.070000000000000000e+03 6.330000000000000000e+03 4.060000000000000000e+03
5.154537300000000000e+07 4.730000000000000000e+03 1.060000000000000000e+03 6.360000000000000000e+03 4.060000000000000000e+03
5.154557900000000000e+07 4.730000000000000000e+03 1.060000000000000000e+03 6.390000000000000000e+03 4.070000000000000000e+03
5.154579500000000000e+07 4.730000000000000000e+03 1.080000000000000000e+03 6.400000000000000000e+03 4.070000000000000000e+03
5.154600000000000000e+07 4.730000000000000000e+03 1.080000000000000000e+03 6.390000000000000000e+03 4.080000000000000000e+03
5.154621200000000000e+07 4.720000000000000000e+03 1.080000000000000000e+03 6.400000000000000000e+03 4.070000000000000000e+03
5.154640500000000000e+07 4.710000000000000000e+03 1.070000000000000000e+03 6.390000000000000000e+03 4.070000000000000000e+03
5.154662300000000000e+07 4.710000000000000000e+03 1.040000000000000000e+03 6.390000000000000000e+03 4.070000000000000000e+03
5.154683500000000000e+07 4.730000000000000000e+03 1.060000000000000000e+03 6.390000000000000000e+03 4.070000000000000000e+03
5.154703200000000000e+07 4.720000000000000000e+03 1.060000000000000000e+03 6.370000000000000000e+03 4.070000000000000000e+03
5.154724700000000000e+07 4.710000000000000000e+03 1.070000000000000000e+03 6.370000000000000000e+03 4.080000000000000000e+03
5.154744400000000000e+07 4.710000000000000000e+03 1.070000000000000000e+03 6.370000000000000000e+03 4.080000000000000000e+03
5.154766300000000000e+07 4.710000000000000000e+03 1.070000000000000000e+03 6.340000000000000000e+03 4.070000000000000000e+03
5.154787000000000000e+07 4.710000000000000000e+03 1.080000000000000000e+03 6.290000000000000000e+03 4.070000000000000000e+03
5.154807000000000000e+07 4.710000000000000000e+03 1.070000000000000000e+03 6.260000000000000000e+03 4.070000000000000000e+03
5.154829100000000000e+07 4.720000000000000000e+03 1.070000000000000000e+03 6.240000000000000000e+03 4.070000000000000000e+03
5.154847700000000000e+07 4.710000000000000000e+03 1.070000000000000000e+03 6.230000000000000000e+03 4.060000000000000000e+03
5.154869000000000000e+07 4.710000000000000000e+03 1.080000000000000000e+03 6.210000000000000000e+03 4.060000000000000000e+03
5.154889000000000000e+07 4.710000000000000000e+03 1.070000000000000000e+03 6.210000000000000000e+03 4.070000000000000000e+03
5.154910700000000000e+07 4.720000000000000000e+03 1.070000000000000000e+03 6.220000000000000000e+03 4.070000000000000000e+03
5.154930200000000000e+07 4.720000000000000000e+03 1.070000000000000000e+03 6.220000000000000000e+03 4.070000000000000000e+03
5.154951200000000000e+07 4.710000000000000000e+03 1.060000000000000000e+03 6.180000000000000000e+03 4.070000000000000000e+03
5.154972100000000000e+07 4.710000000000000000e+03 1.060000000000000000e+03 6.180000000000000000e+03 4.070000000000000000e+03
5.154993800000000000e+07 4.720000000000000000e+03 1.080000000000000000e+03 6.190000000000000000e+03 4.070000000000000000e+03
5.155014600000000000e+07 4.710000000000000000e+03 1.060000000000000000e+03 6.240000000000000000e+03 4.070000000000000000e+03
5.155035400000000000e+07 4.710000000000000000e+03 1.060000000000000000e+03 6.270000000000000000e+03 4.070000000000000000e+03
5.155056200000000000e+07 4.710000000000000000e+03 1.080000000000000000e+03 6.310000000000000000e+03 4.070000000000000000e+03
5.155077000000000000e+07 4.720000000000000000e+03 1.080000000000000000e+03 6.340000000000000000e+03 4.070000000000000000e+03
5.155097800000000000e+07 4.720000000000000000e+03 1.080000000000000000e+03 6.350000000000000000e+03 4.070000000000000000e+03
5.155118600000000000e+07 4.720000000000000000e+03 1.080000000000000000e+03 6.350000000000000000e+03 4.070000000000000000e+03
5.155138100000000000e+07 4.730000000000000000e+03 1.060000000000000000e+03 6.350000000000000000e+03 4.070000000000000000e+03
5.155160100000000000e+07 4.740000000000000000e+03 1.060000000000000000e+03 6.340000000000000000e+03 4.070000000000000000e+03
5.155181000000000000e+07 4.740000000000000000e+03 1.040000000000000000e+03 6.340000000000000000e+03 4.070000000000000000e+03
5.155200100000000000e+07 4.740000000000000000e+03 1.050000000000000000e+03 6.340000000000000000e+03 4.070000000000000000e+03
5.155220900000000000e+07 4.740000000000000000e+03 1.050000000000000000e+03 6.340000000000000000e+03 4.070000000000000000e+03
5.155241800000000000e+07 4.730000000000000000e+03 1.050000000000000000e+03 6.330000000000000000e+03 4.070000000000000000e+03
5.155262600000000000e+07 4.720000000000000000e+03 1.060000000000000000e+03 6.330000000000000000e+03 4.070000000000000000e+03
5.155283300000000000e+07 4.710000000000000000e+03 1.060000000000000000e+03 6.330000000000000000e+03 4.070000000000000000e+03
5.155304000000000000e+07 4.700000000000000000e+03 1.060000000000000000e+03 6.330000000000000000e+03 4.070000000000000000e+03
5.155324600000000000e+07 4.710000000000000000e+03 1.050000000000000000e+03 6.330000000000000000e+03 4.070000000000000000e+03
5.155345200000000000e+07 4.710000000000000000e+03 1.070000000000000000e+03 6.330000000000000000e+03 4.070000000000000000e+03
5.155366500000000000e+07 4.700000000000000000e+03 1.080000000000000000e+03 6.320000000000000000e+03 4.070000000000000000e+03
5.155387300000000000e+07 4.700000000000000000e+03 1.080000000000000000e+03 6.320000000000000000e+03 4.070000000000000000e+03
5.155408200000000000e+07 4.700000000000000000e+03 1.070000000000000000e+03 6.320000000000000000e+03 4.060000000000000000e+03
5.155427500000000000e+07 4.700000000000000000e+03 1.070000000000000000e+03 6.320000000000000000e+03 4.060000000000000000e+03
5.155448700000000000e+07 4.710000000000000000e+03 1.070000000000000000e+03 6.310000000000000000e+03 4.070000000000000000e+03
5.155470400000000000e+07 4.700000000000000000e+03 1.060000000000000000e+03 6.310000000000000000e+03 4.070000000000000000e+03
5.155491000000000000e+07 4.700000000000000000e+03 1.070000000000000000e+03 6.290000000000000000e+03 4.070000000000000000e+03
5.155511300000000000e+07 4.710000000000000000e+03 1.060000000000000000e+03 6.290000000000000000e+03 4.070000000000000000e+03
5.155530500000000000e+07 4.700000000000000000e+03 1.070000000000000000e+03 6.280000000000000000e+03 4.070000000000000000e+03
5.155552100000000000e+07 4.700000000000000000e+03 1.070000000000000000e+03 6.270000000000000000e+03 4.070000000000000000e+03
5.155572700000000000e+07 4.700000000000000000e+03 1.060000000000000000e+03 6.270000000000000000e+03 4.070000000000000000e+03
5.155592400000000000e+07 4.710000000000000000e+03 1.070000000000000000e+03 6.270000000000000000e+03 4.070000000000000000e+03
5.155614500000000000e+07 4.720000000000000000e+03 1.060000000000000000e+03 6.250000000000000000e+03 4.070000000000000000e+03
5.155634600000000000e+07 4.730000000000000000e+03 1.060000000000000000e+03 6.220000000000000000e+03 4.070000000000000000e+03
5.155656100000000000e+07 4.730000000000000000e+03 1.060000000000000000e+03 6.180000000000000000e+03 4.070000000000000000e+03
5.155676200000000000e+07 4.730000000000000000e+03 1.060000000000000000e+03 6.160000000000000000e+03 4.070000000000000000e+03
5.155697700000000000e+07 4.710000000000000000e+03 1.070000000000000000e+03 6.130000000000000000e+03 4.070000000000000000e+03
5.155718000000000000e+07 4.700000000000000000e+03 1.050000000000000000e+03 6.120000000000000000e+03 4.070000000000000000e+03
5.155739200000000000e+07 4.710000000000000000e+03 1.050000000000000000e+03 6.110000000000000000e+03 4.080000000000000000e+03
5.155759500000000000e+07 4.710000000000000000e+03 1.060000000000000000e+03 6.100000000000000000e+03 4.080000000000000000e+03
5.155779900000000000e+07 4.710000000000000000e+03 1.060000000000000000e+03 6.100000000000000000e+03 4.080000000000000000e+03
5.155801200000000000e+07 4.720000000000000000e+03 1.050000000000000000e+03 6.100000000000000000e+03 4.080000000000000000e+03
5.155821800000000000e+07 4.730000000000000000e+03 1.060000000000000000e+03 6.120000000000000000e+03 4.080000000000000000e+03
5.155843200000000000e+07 4.730000000000000000e+03 1.060000000000000000e+03 6.130000000000000000e+03 4.080000000000000000e+03
5.155862700000000000e+07 4.720000000000000000e+03 1.060000000000000000e+03 6.170000000000000000e+03 4.080000000000000000e+03
5.155884700000000000e+07 4.710000000000000000e+03 1.070000000000000000e+03 6.200000000000000000e+03 4.080000000000000000e+03
5.155904500000000000e+07 4.720000000000000000e+03 1.080000000000000000e+03 6.230000000000000000e+03 4.080000000000000000e+03
5.155926200000000000e+07 4.720000000000000000e+03 1.060000000000000000e+03 6.250000000000000000e+03 4.070000000000000000e+03
5.155947200000000000e+07 4.720000000000000000e+03 1.080000000000000000e+03 6.270000000000000000e+03 4.070000000000000000e+03
5.155967400000000000e+07 4.730000000000000000e+03 1.080000000000000000e+03 6.280000000000000000e+03 4.070000000000000000e+03
5.155988300000000000e+07 4.720000000000000000e+03 1.070000000000000000e+03 6.280000000000000000e+03 4.070000000000000000e+03
5.160009600000000000e+07 4.710000000000000000e+03 1.080000000000000000e+03 6.280000000000000000e+03 4.070000000000000000e+03
5.160030100000000000e+07 4.710000000000000000e+03 1.070000000000000000e+03 6.290000000000000000e+03 4.070000000000000000e+03
5.160051000000000000e+07 4.710000000000000000e+03 1.080000000000000000e+03 6.300000000000000000e+03 4.070000000000000000e+03
5.160071500000000000e+07 4.710000000000000000e+03 1.060000000000000000e+03 6.300000000000000000e+03 4.080000000000000000e+03
5.160097000000000000e+07 4.720000000000000000e+03 1.060000000000000000e+03 6.300000000000000000e+03 4.080000000000000000e+03
5.160112000000000000e+07 4.720000000000000000e+03 1.060000000000000000e+03 6.300000000000000000e+03 4.080000000000000000e+03
5.160132800000000000e+07 4.720000000000000000e+03 1.070000000000000000e+03 6.300000000000000000e+03 4.080000000000000000e+03
5.160153600000000000e+07 4.720000000000000000e+03 1.060000000000000000e+03 6.300000000000000000e+03 4.070000000000000000e+03
5.160174400000000000e+07 4.730000000000000000e+03 1.050000000000000000e+03 6.300000000000000000e+03 4.060000000000000000e+03
5.160194900000000000e+07 4.720000000000000000e+03 1.070000000000000000e+03 6.310000000000000000e+03 4.060000000000000000e+03
5.160215600000000000e+07 4.720000000000000000e+03 1.050000000000000000e+03 6.310000000000000000e+03 4.060000000000000000e+03
5.160236400000000000e+07 4.710000000000000000e+03 1.060000000000000000e+03 6.290000000000000000e+03 4.060000000000000000e+03
5.160256600000000000e+07 4.720000000000000000e+03 1.080000000000000000e+03 6.280000000000000000e+03 4.060000000000000000e+03
5.160277200000000000e+07 4.710000000000000000e+03 1.070000000000000000e+03 6.280000000000000000e+03 4.060000000000000000e+03
5.160297800000000000e+07 4.710000000000000000e+03 1.060000000000000000e+03 6.280000000000000000e+03 4.070000000000000000e+03
5.160319800000000000e+07 4.690000000000000000e+03 1.080000000000000000e+03 6.280000000000000000e+03 4.070000000000000000e+03
5.160339400000000000e+07 4.700000000000000000e+03 1.080000000000000000e+03 6.280000000000000000e+03 4.070000000000000000e+03
5.160361200000000000e+07 4.690000000000000000e+03 1.060000000000000000e+03 6.280000000000000000e+03 4.070000000000000000e+03
5.160381800000000000e+07 4.700000000000000000e+03 1.070000000000000000e+03 6.280000000000000000e+03 4.070000000000000000e+03
5.160403100000000000e+07 4.680000000000000000e+03 1.050000000000000000e+03 6.280000000000000000e+03 4.060000000000000000e+03
