5.235151700000000000e+07 5.540000000000000000e+03 3.060000000000000000e+03 5.140000000000000000e+03 2.030000000000000000e+03
5.235172300000000000e+07 5.550000000000000000e+03 3.060000000000000000e+03 5.140000000000000000e+03 2.020000000000000000e+03
5.235193100000000000e+07 5.550000000000000000e+03 3.030000000000000000e+03 5.130000000000000000e+03 2.020000000000000000e+03
5.235212600000000000e+07 5.550000000000000000e+03 3.030000000000000000e+03 5.130000000000000000e+03 2.030000000000000000e+03
5.235234800000000000e+07 5.550000000000000000e+03 3.050000000000000000e+03 5.130000000000000000e+03 2.030000000000000000e+03
5.235255600000000000e+07 5.550000000000000000e+03 3.060000000000000000e+03 5.160000000000000000e+03 2.040000000000000000e+03
5.235276500000000000e+07 5.550000000000000000e+03 3.060000000000000000e+03 5.150000000000000000e+03 2.040000000000000000e+03
5.235296100000000000e+07 5.550000000000000000e+03 3.070000000000000000e+03 5.120000000000000000e+03 2.040000000000000000e+03
5.235317200000000000e+07 5.550000000000000000e+03 3.060000000000000000e+03 5.090000000000000000e+03 2.040000000000000000e+03
5.235338800000000000e+07 5.550000000000000000e+03 3.050000000000000000e+03 5.120000000000000000e+03 2.040000000000000000e+03
5.235356700000000000e+07 5.540000000000000000e+03 3.050000000000000000e+03 5.150000000000000000e+03 2.040000000000000000e+03
5.235377800000000000e+07 5.540000000000000000e+03 3.050000000000000000e+03 5.170000000000000000e+03 2.030000000000000000e+03
5.235399600000000000e+07 5.540000000000000000e+03 3.050000000000000000e+03 5.150000000000000000e+03 2.020000000000000000e+03
5.235420400000000000e+07 5.540000000000000000e+03 3.050000000000000000e+03 5.160000000000000000e+03 2.020000000000000000e+03
5.235441200000000000e+07 5.540000000000000000e+03 3.050000000000000000e+03 5.140000000000000000e+03 2.020000000000000000e+03
5.235461300000000000e+07 5.520000000000000000e+03 3.030000000000000000e+03 5.170000000000000000e+03 2.020000000000000000e+03
5.235482800000000000e+07 5.520000000000000000e+03 3.030000000000000000e+03 5.190000000000000000e+03 2.020000000000000000e+03
5.235503600000000000e+07 5.520000000000000000e+03 3.030000000000000000e+03 5.210000000000000000e+03 2.020000000000000000e+03
5.235523900000000000e+07 5.510000000000000000e+03 3.050000000000000000e+03 5.200000000000000000e+03 2.030000000000000000e+03
5.235545200000000000e+07 5.510000000000000000e+03 3.060000000000000000e+03 5.210000000000000000e+03 2.030000000000000000e+03
5.235565800000000000e+07 5.520000000000000000e+03 3.050000000000000000e+03 5.200000000000000000e+03 2.030000000000000000e+03
5.235586400000000000e+07 5.540000000000000000e+03 3.050000000000000000e+03 5.110000000000000000e+03 2.030000000000000000e+03
5.235607000000000000e+07 5.540000000000000000e+03 3.050000000000000000e+03 5.110000000000000000e+03 2.020000000000000000e+03
5.235627500000000000e+07 5.540000000000000000e+03 3.050000000000000000e+03 5.130000000000000000e+03 2.020000000000000000e+03
5.235649000000000000e+07 5.540000000000000000e+03 3.030000000000000000e+03 5.150000000000000000e+03 2.030000000000000000e+03
5.235669600000000000e+07 5.540000000000000000e+03 3.050000000000000000e+03 5.180000000000000000e+03 2.030000000000000000e+03
5.235690700000000000e+07 5.540000000000000000e+03 3.050000000000000000e+03 5.180000000000000000e+03 2.030000000000000000e+03
5.235709700000000000e+07 5.540000000000000000e+03 3.050000000000000000e+03 5.180000000000000000e+03 2.030000000000000000e+03
5.235730700000000000e+07 5.550000000000000000e+03 3.050000000000000000e+03 5.180000000000000000e+03 2.030000000000000000e+03
5.235751400000000000e+07 5.550000000000000000e+03 3.050000000000000000e+03 5.180000000000000000e+03 2.030000000000000000e+03
5.235771500000000000e+07 5.550000000000000000e+03 3.050000000000000000e+03 5.170000000000000000e+03 2.030000000000000000e+03
5.235791800000000000e+07 5.550000000000000000e+03 3.030000000000000000e+03 5.180000000000000000e+03 2.030000000000000000e+03
5.235812500000000000e+07 5.550000000000000000e+03 3.030000000000000000e+03 5.180000000000000000e+03 2.030000000000000000e+03
5.235833400000000000e+07 5.540000000000000000e+03 3.030000000000000000e+03 5.170000000000000000e+03 2.030000000000000000e+03
5.235855000000000000e+07 5.540000000000000000e+03 3.030000000000000000e+03 5.170000000000000000e+03 2.030000000000000000e+03
5.235874900000000000e+07 5.540000000000000000e+03 3.030000000000000000e+03 5.170000000000000000e+03 2.030000000000000000e+03
5.235896000000000000e+07 5.540000000000000000e+03 3.030000000000000000e+03 5.200000000000000000e+03 2.030000000000000000e+03
5.235917900000000000e+07 5.540000000000000000e+03 3.050000000000000000e+03 5.200000000000000000e+03 2.040000000000000000e+03
5.235937400000000000e+07 5.540000000000000000e+03 3.050000000000000000e+03 5.180000000000000000e+03 2.040000000000000000e+03
5.235958700000000000e+07 5.540000000000000000e+03 3.050000000000000000e+03 5.130000000000000000e+03 2.040000000000000000e+03
5.235979500000000000e+07 5.540000000000000000e+03 3.030000000000000000e+03 5.090000000000000000e+03 2.040000000000000000e+03
5.235999800000000000e+07 5.520000000000000000e+03 3.030000000000000000e+03 5.060000000000000000e+03 2.050000000000000000e+03
5.240021800000000000e+07 5.550000000000000000e+03 3.050000000000000000e+03 5.050000000000000000e+03 2.050000000000000000e+03
5.240042600000000000e+07 5.550000000000000000e+03 3.050000000000000000e+03 5.020000000000000000e+03 2.040000000000000000e+03
5.240082700000000000e+07 5.550000000000000000e+03 3.050000000000000000e+03 4.980000000000000000e+03 2.040000000000000000e+03
5.240103600000000000e+07 5.550000000000000000e+03 3.060000000000000000e+03 5.080000000000000000e+03 2.040000000000000000e+03
5.240124400000000000e+07 5.550000000000000000e+03 3.050000000000000000e+03 5.010000000000000000e+03 2.040000000000000000e+03
5.240144200000000000e+07 5.550000000000000000e+03 3.030000000000000000e+03 5.200000000000000000e+03 2.040000000000000000e+03
5.240165200000000000e+07 5.560000000000000000e+03 3.030000000000000000e+03 5.340000000000000000e+03 2.040000000000000000e+03
5.240186700000000000e+07 5.560000000000000000e+03 3.030000000000000000e+03 5.420000000000000000e+03 2.040000000000000000e+03
5.240207400000000000e+07 5.560000000000000000e+03 3.020000000000000000e+03 5.450000000000000000e+03 2.040000000000000000e+03
5.240227100000000000e+07 5.560000000000000000e+03 3.030000000000000000e+03 5.440000000000000000e+03 2.040000000000000000e+03
5.240249100000000000e+07 5.560000000000000000e+03 3.030000000000000000e+03 5.440000000000000000e+03 2.040000000000000000e+03
5.240268600000000000e+07 5.560000000000000000e+03 3.030000000000000000e+03 5.450000000000000000e+03 2.040000000000000000e+03
5.240289600000000000e+07 5.570000000000000000e+03 3.050000000000000000e+03 5.450000000000000000e+03 2.040000000000000000e+03
5.240310500000000000e+07 5.570000000000000000e+03 3.050000000000000000e+03 5.450000000000000000e+03 2.040000000000000000e+03
5.240332300000000000e+07 5.570000000000000000e+03 3.060000000000000000e+03 5.450000000000000000e+03 2.040000000000000000e+03
5.240353000000000000e+07 5.560000000000000000e+03 3.050000000000000000e+03 5.420000000000000000e+03 2.030000000000000000e+03
5.240373200000000000e+07 5.560000000000000000e+03 3.050000000000000000e+03 5.380000000000000000e+03 2.030000000000000000e+03
5.240392400000000000e+07 5.560000000000000000e+03 3.050000000000000000e+03 5.360000000000000000e+03 2.030000000000000000e+03
5.240413700000000000e+07 5.560000000000000000e+03 3.060000000000000000e+03 5.330000000000000000e+03 2.040000000000000000e+03
5.240433700000000000e+07 5.570000000000000000e+03 3.070000000000000000e+03 5.330000000000000000e+03 2.040000000000000000e+03
5.240455400000000000e+07 5.570000000000000000e+03 3.060000000000000000e+03 5.390000000000000000e+03 2.040000000000000000e+03
5.240476200000000000e+07 5.560000000000000000e+03 3.060000000000000000e+03 5.460000000000000000e+03 2.040000000000000000e+03
5.240496800000000000e+07 5.560000000000000000e+03 3.060000000000000000e+03 5.500000000000000000e+03 2.040000000000000000e+03
5.240516800000000000e+07 5.560000000000000000e+03 3.050000000000000000e+03 5.550000000000000000e+03 2.040000000000000000e+03
5.240537300000000000e+07 5.570000000000000000e+03 3.060000000000000000e+03 5.580000000000000000e+03 2.040000000000000000e+03
5.240559400000000000e+07 5.570000000000000000e+03 3.070000000000000000e+03 5.600000000000000000e+03 2.040000000000000000e+03
5.240579800000000000e+07 5.560000000000000000e+03 3.070000000000000000e+03 5.620000000000000000e+03 2.040000000000000000e+03
5.240601000000000000e+07 5.570000000000000000e+03 3.070000000000000000e+03 5.590000000000000000e+03 2.040000000000000000e+03
5.240620600000000000e+07 5.560000000000000000e+03 3.060000000000000000e+03 5.610000000000000000e+03 2.040000000000000000e+03
5.240642100000000000e+07 5.560000000000000000e+03 3.050000000000000000e+03 5.610000000000000000e+03 2.040000000000000000e+03
5.240662300000000000e+07 5.560000000000000000e+03 3.050000000000000000e+03 5.620000000000000000e+03 2.040000000000000000e+03
5.240682700000000000e+07 5.560000000000000000e+03 3.030000000000000000e+03 5.640000000000000000e+03 2.030000000000000000e+03
5.240705000000000000e+07 5.560000000000000000e+03 3.050000000000000000e+03 5.590000000000000000e+03 2.030000000000000000e+03
5.240723800000000000e+07 5.550000000000000000e+03 3.060000000000000000e+03 5.620000000000000000e+03 2.020000000000000000e+03
5.240745000000000000e+07 5.550000000000000000e+03 3.060000000000000000e+03 5.640000000000000000e+03 2.020000000000000000e+03
5.240764600000000000e+07 5.550000000000000000e+03 3.050000000000000000e+03 5.550000000000000000e+03 2.030000000000000000e+03
5.240786500000000000e+07 5.540000000000000000e+03 3.060000000000000000e+03 5.360000000000000000e+03 2.030000000000000000e+03
5.240807300000000000e+07 5.540000000000000000e+03 3.060000000000000000e+03 5.210000000000000000e+03 2.020000000000000000e+03
5.240827900000000000e+07 5.540000000000000000e+03 3.050000000000000000e+03 5.100000000000000000e+03 2.030000000000000000e+03
5.240848900000000000e+07 5.540000000000000000e+03 3.030000000000000000e+03 5.040000000000000000e+03 2.030000000000000000e+03
5.240869700000000000e+07 5.540000000000000000e+03 3.030000000000000000e+03 5.000000000000000000e+03 2.030000000000000000e+03
5.240890500000000000e+07 5.550000000000000000e+03 3.030000000000000000e+03 5.110000000000000000e+03 2.020000000000000000e+03
5.240910200000000000e+07 5.550000000000000000e+03 3.050000000000000000e+03 5.300000000000000000e+03 2.020000000000000000e+03
5.240932100000000000e+07 5.550000000000000000e+03 3.050000000000000000e+03 5.400000000000000000e+03 2.020000000000000000e+03
5.240952900000000000e+07 5.550000000000000000e+03 3.030000000000000000e+03 5.460000000000000000e+03 2.020000000000000000e+03
5.240973700000000000e+07 5.540000000000000000e+03 3.030000000000000000e+03 5.510000000000000000e+03 2.020000000000000000e+03
5.240993600000000000e+07 5.540000000000000000e+03 3.030000000000000000e+03 5.550000000000000000e+03 2.020000000000000000e+03
5.241015300000000000e+07 5.550000000000000000e+03 3.030000000000000000e+03 5.570000000000000000e+03 2.020000000000000000e+03
5.241035700000000000e+07 5.560000000000000000e+03 3.030000000000000000e+03 5.580000000000000000e+03 2.030000000000000000e+03
5.241056700000000000e+07 5.560000000000000000e+03 3.050000000000000000e+03 5.570000000000000000e+03 2.030000000000000000e+03
5.241077600000000000e+07 5.550000000000000000e+03 3.050000000000000000e+03 5.540000000000000000e+03 2.020000000000000000e+03
5.241098100000000000e+07 5.550000000000000000e+03 3.050000000000000000e+03 5.520000000000000000e+03 2.030000000000000000e+03
5.241116700000000000e+07 5.550000000000000000e+03 3.050000000000000000e+03 5.520000000000000000e+03 2.030000000000000000e+03
5.241137900000000000e+07 5.540000000000000000e+03 3.050000000000000000e+03 5.460000000000000000e+03 2.030000000000000000e+03
5.241159100000000000e+07 5.540000000000000000e+03 3.060000000000000000e+03 5.440000000000000000e+03 2.030000000000000000e+03
5.241179500000000000e+07 5.540000000000000000e+03 3.060000000000000000e+03 5.450000000000000000e+03 2.030000000000000000e+03
5.241200900000000000e+07 5.550000000000000000e+03 3.030000000000000000e+03 5.430000000000000000e+03 2.020000000000000000e+03
5.241221600000000000e+07 5.550000000000000000e+03 3.030000000000000000e+03 5.400000000000000000e+03 2.020000000000000000e+03
5.241242600000000000e+07 5.540000000000000000e+03 3.030000000000000000e+03 5.370000000000000000e+03 2.030000000000000000e+03
5.241262100000000000e+07 5.540000000000000000e+03 3.050000000000000000e+03 5.350000000000000000e+03 2.030000000000000000e+03
5.241283500000000000e+07 5.550000000000000000e+03 3.030000000000000000e+03 5.330000000000000000e+03 2.030000000000000000e+03
5.241303500000000000e+07 5.550000000000000000e+03 3.030000000000000000e+03 5.310000000000000000e+03 2.040000000000000000e+03
5.241324800000000000e+07 5.540000000000000000e+03 3.020000000000000000e+03 5.300000000000000000e+03 2.040000000000000000e+03
5.241346400000000000e+07 5.550000000000000000e+03 3.020000000000000000e+03 5.300000000000000000e+03 2.040000000000000000e+03
5.241367200000000000e+07 5.560000000000000000e+03 3.020000000000000000e+03 5.310000000000000000e+03 2.040000000000000000e+03
5.241388000000000000e+07 5.560000000000000000e+03 3.030000000000000000e+03 5.330000000000000000e+03 2.040000000000000000e+03
5.241410000000000000e+07 5.560000000000000000e+03 3.050000000000000000e+03 5.340000000000000000e+03 2.030000000000000000e+03
5.241430000000000000e+07 5.550000000000000000e+03 3.050000000000000000e+03 5.330000000000000000e+03 2.030000000000000000e+03
5.241449100000000000e+07 5.540000000000000000e+03 3.030000000000000000e+03 5.280000000000000000e+03 2.030000000000000000e+03
5.241469600000000000e+07 5.520000000000000000e+03 3.030000000000000000e+03 5.180000000000000000e+03 2.030000000000000000e+03
5.242637400000000000e+07 5.760000000000000000e+03 3.060000000000000000e+03 4.890000000000000000e+03 2.040000000000000000e+03
5.242658100000000000e+07 5.770000000000000000e+03 3.050000000000000000e+03 4.890000000000000000e+03 2.040000000000000000e+03
5.242679000000000000e+07 5.770000000000000000e+03 3.030000000000000000e+03 4.890000000000000000e+03 2.030000000000000000e+03
5.242699700000000000e+07 5.750000000000000000e+03 3.030000000000000000e+03 4.890000000000000000e+03 2.030000000000000000e+03
5.242720400000000000e+07 5.700000000000000000e+03 3.020000000000000000e+03 4.890000000000000000e+03 2.020000000000000000e+03
5.242746100000000000e+07 5.670000000000000000e+03 3.020000000000000000e+03 4.890000000000000000e+03 2.020000000000000000e+03
5.242763700000000000e+07 5.680000000000000000e+03 3.020000000000000000e+03 4.870000000000000000e+03 2.020000000000000000e+03
5.242783200000000000e+07 5.670000000000000000e+03 3.030000000000000000e+03 4.870000000000000000e+03 2.030000000000000000e+03
5.242804300000000000e+07 5.670000000000000000e+03 3.030000000000000000e+03 4.880000000000000000e+03 2.040000000000000000e+03
5.242824600000000000e+07 5.700000000000000000e+03 3.030000000000000000e+03 4.880000000000000000e+03 2.040000000000000000e+03
5.242846800000000000e+07 5.700000000000000000e+03 3.030000000000000000e+03 4.890000000000000000e+03 2.030000000000000000e+03
5.242867400000000000e+07 5.700000000000000000e+03 3.030000000000000000e+03 4.890000000000000000e+03 2.030000000000000000e+03
5.242887200000000000e+07 5.700000000000000000e+03 3.050000000000000000e+03 4.890000000000000000e+03 2.030000000000000000e+03
5.242908700000000000e+07 5.690000000000000000e+03 3.050000000000000000e+03 4.880000000000000000e+03 2.030000000000000000e+03
5.242930000000000000e+07 5.660000000000000000e+03 3.030000000000000000e+03 4.880000000000000000e+03 2.040000000000000000e+03
5.242950400000000000e+07 5.640000000000000000e+03 3.030000000000000000e+03 4.880000000000000000e+03 2.030000000000000000e+03
5.242971600000000000e+07 5.620000000000000000e+03 3.030000000000000000e+03 4.880000000000000000e+03 2.030000000000000000e+03
5.242992300000000000e+07 5.630000000000000000e+03 3.050000000000000000e+03 4.880000000000000000e+03 2.040000000000000000e+03
5.243013200000000000e+07 5.630000000000000000e+03 3.050000000000000000e+03 4.880000000000000000e+03 2.040000000000000000e+03
5.243034000000000000e+07 5.630000000000000000e+03 3.050000000000000000e+03 4.880000000000000000e+03 2.040000000000000000e+03
5.243054900000000000e+07 5.620000000000000000e+03 3.060000000000000000e+03 4.880000000000000000e+03 2.040000000000000000e+03
5.243074900000000000e+07 5.620000000000000000e+03 3.060000000000000000e+03 4.880000000000000000e+03 2.040000000000000000e+03
5.243098100000000000e+07 5.640000000000000000e+03 3.050000000000000000e+03 4.880000000000000000e+03 2.040000000000000000e+03
5.243118800000000000e+07 5.610000000000000000e+03 3.050000000000000000e+03 4.880000000000000000e+03 2.040000000000000000e+03
5.243139600000000000e+07 5.620000000000000000e+03 3.060000000000000000e+03 4.880000000000000000e+03 2.040000000000000000e+03
5.243160400000000000e+07 5.650000000000000000e+03 3.050000000000000000e+03 4.880000000000000000e+03 2.040000000000000000e+03
5.243181300000000000e+07 5.670000000000000000e+03 3.060000000000000000e+03 4.880000000000000000e+03 2.040000000000000000e+03
5.243201500000000000e+07 5.670000000000000000e+03 3.060000000000000000e+03 4.880000000000000000e+03 2.040000000000000000e+03
5.243221400000000000e+07 5.690000000000000000e+03 3.050000000000000000e+03 4.880000000000000000e+03 2.040000000000000000e+03
5.243242500000000000e+07 5.700000000000000000e+03 3.030000000000000000e+03 4.870000000000000000e+03 2.040000000000000000e+03
5.243263000000000000e+07 5.700000000000000000e+03 3.050000000000000000e+03 4.860000000000000000e+03 2.040000000000000000e+03
5.243285100000000000e+07 5.700000000000000000e+03 3.050000000000000000e+03 4.860000000000000000e+03 2.040000000000000000e+03
5.243305300000000000e+07 5.700000000000000000e+03 3.030000000000000000e+03 4.870000000000000000e+03 2.040000000000000000e+03
5.243326400000000000e+07 5.720000000000000000e+03 3.050000000000000000e+03 4.870000000000000000e+03 2.040000000000000000e+03
5.243347600000000000e+07 5.720000000000000000e+03 3.050000000000000000e+03 4.880000000000000000e+03 2.040000000000000000e+03
5.243367700000000000e+07 5.740000000000000000e+03 3.060000000000000000e+03 4.880000000000000000e+03 2.040000000000000000e+03
5.243390700000000000e+07 5.750000000000000000e+03 3.060000000000000000e+03 4.880000000000000000e+03 2.040000000000000000e+03
5.243411600000000000e+07 5.760000000000000000e+03 3.070000000000000000e+03 4.870000000000000000e+03 2.040000000000000000e+03
5.243431200000000000e+07 5.770000000000000000e+03 3.060000000000000000e+03 4.860000000000000000e+03 2.040000000000000000e+03
5.243453000000000000e+07 5.770000000000000000e+03 3.050000000000000000e+03 4.880000000000000000e+03 2.040000000000000000e+03
5.243474000000000000e+07 5.770000000000000000e+03 3.060000000000000000e+03 4.880000000000000000e+03 2.040000000000000000e+03
5.243494500000000000e+07 5.760000000000000000e+03 3.060000000000000000e+03 4.880000000000000000e+03 2.040000000000000000e+03
5.243515500000000000e+07 5.750000000000000000e+03 3.050000000000000000e+03 4.880000000000000000e+03 2.040000000000000000e+03
5.243536000000000000e+07 5.870000000000000000e+03 3.050000000000000000e+03 4.880000000000000000e+03 2.040000000000000000e+03
5.243557200000000000e+07 5.870000000000000000e+03 3.030000000000000000e+03 4.880000000000000000e+03 2.040000000000000000e+03
5.243579500000000000e+07 5.900000000000000000e+03 3.050000000000000000e+03 4.880000000000000000e+03 2.050000000000000000e+03
5.243600100000000000e+07 5.870000000000000000e+03 3.060000000000000000e+03 4.910000000000000000e+03 2.050000000000000000e+03
5.243621100000000000e+07 5.910000000000000000e+03 3.060000000000000000e+03 4.890000000000000000e+03 2.040000000000000000e+03
5.243642000000000000e+07 5.910000000000000000e+03 3.060000000000000000e+03 4.890000000000000000e+03 2.040000000000000000e+03
5.243661900000000000e+07 5.870000000000000000e+03 3.060000000000000000e+03 4.890000000000000000e+03 2.040000000000000000e+03
5.243683100000000000e+07 5.890000000000000000e+03 3.050000000000000000e+03 4.880000000000000000e+03 2.040000000000000000e+03
5.243703400000000000e+07 5.890000000000000000e+03 3.050000000000000000e+03 4.880000000000000000e+03 2.040000000000000000e+03
5.243724600000000000e+07 5.890000000000000000e+03 3.030000000000000000e+03 4.880000000000000000e+03 2.030000000000000000e+03
5.243744600000000000e+07 5.880000000000000000e+03 3.050000000000000000e+03 4.880000000000000000e+03 2.020000000000000000e+03
5.243766600000000000e+07 5.880000000000000000e+03 3.030000000000000000e+03 4.880000000000000000e+03 2.020000000000000000e+03
5.243786400000000000e+07 5.890000000000000000e+03 3.020000000000000000e+03 4.880000000000000000e+03 2.030000000000000000e+03
5.243808300000000000e+07 5.890000000000000000e+03 3.020000000000000000e+03 4.880000000000000000e+03 2.030000000000000000e+03
5.243828500000000000e+07 5.830000000000000000e+03 3.030000000000000000e+03 4.870000000000000000e+03 2.030000000000000000e+03
5.243849500000000000e+07 5.850000000000000000e+03 3.030000000000000000e+03 4.880000000000000000e+03 2.030000000000000000e+03
5.243870500000000000e+07 5.940000000000000000e+03 3.020000000000000000e+03 4.880000000000000000e+03 2.040000000000000000e+03
5.243892600000000000e+07 5.990000000000000000e+03 3.020000000000000000e+03 4.880000000000000000e+03 2.040000000000000000e+03
5.243912800000000000e+07 6.020000000000000000e+03 3.030000000000000000e+03 4.880000000000000000e+03 2.040000000000000000e+03
5.243934700000000000e+07 6.010000000000000000e+03 3.030000000000000000e+03 4.880000000000000000e+03 2.040000000000000000e+03
5.243955100000000000e+07 6.010000000000000000e+03 3.030000000000000000e+03 4.880000000000000000e+03 2.030000000000000000e+03
5.243976300000000000e+07 6.010000000000000000e+03 3.030000000000000000e+03 4.880000000000000000e+03 2.040000000000000000e+03
5.243996800000000000e+07 6.010000000000000000e+03 3.050000000000000000e+03 4.880000000000000000e+03 2.050000000000000000e+03
5.244017900000000000e+07 6.020000000000000000e+03 3.060000000000000000e+03 4.880000000000000000e+03 2.050000000000000000e+03
5.244038700000000000e+07 6.030000000000000000e+03 3.070000000000000000e+03 4.870000000000000000e+03 2.050000000000000000e+03
5.244059200000000000e+07 6.020000000000000000e+03 3.050000000000000000e+03 4.880000000000000000e+03 2.050000000000000000e+03
5.244080300000000000e+07 6.040000000000000000e+03 3.060000000000000000e+03 4.890000000000000000e+03 2.040000000000000000e+03
5.244100100000000000e+07 6.090000000000000000e+03 3.060000000000000000e+03 4.890000000000000000e+03 2.040000000000000000e+03
5.244120700000000000e+07 5.980000000000000000e+03 3.060000000000000000e+03 4.890000000000000000e+03 2.040000000000000000e+03
5.244142600000000000e+07 5.930000000000000000e+03 3.060000000000000000e+03 4.890000000000000000e+03 2.040000000000000000e+03
5.244162500000000000e+07 6.080000000000000000e+03 3.060000000000000000e+03 4.890000000000000000e+03 2.040000000000000000e+03
5.244184200000000000e+07 6.180000000000000000e+03 3.060000000000000000e+03 4.880000000000000000e+03 2.040000000000000000e+03
5.244204700000000000e+07 6.180000000000000000e+03 3.050000000000000000e+03 4.870000000000000000e+03 2.040000000000000000e+03
5.244226000000000000e+07 6.230000000000000000e+03 3.060000000000000000e+03 4.880000000000000000e+03 2.030000000000000000e+03
5.244246800000000000e+07 6.300000000000000000e+03 3.060000000000000000e+03 4.880000000000000000e+03 2.020000000000000000e+03
5.244267600000000000e+07 6.270000000000000000e+03 3.060000000000000000e+03 4.880000000000000000e+03 2.020000000000000000e+03
5.244289100000000000e+07 6.250000000000000000e+03 3.050000000000000000e+03 4.870000000000000000e+03 2.020000000000000000e+03
5.244310500000000000e+07 6.190000000000000000e+03 3.050000000000000000e+03 4.880000000000000000e+03 2.030000000000000000e+03
5.244330700000000000e+07 6.170000000000000000e+03 3.050000000000000000e+03 4.870000000000000000e+03 2.030000000000000000e+03
5.244350900000000000e+07 6.160000000000000000e+03 3.030000000000000000e+03 4.870000000000000000e+03 2.040000000000000000e+03
5.244372600000000000e+07 6.280000000000000000e+03 3.030000000000000000e+03 4.880000000000000000e+03 2.040000000000000000e+03
5.244392700000000000e+07 6.160000000000000000e+03 3.050000000000000000e+03 4.880000000000000000e+03 2.040000000000000000e+03
5.244414100000000000e+07 6.060000000000000000e+03 3.030000000000000000e+03 4.880000000000000000e+03 2.040000000000000000e+03
5.244434900000000000e+07 6.030000000000000000e+03 3.050000000000000000e+03 4.880000000000000000e+03 2.030000000000000000e+03
5.244456100000000000e+07 6.090000000000000000e+03 3.060000000000000000e+03 4.880000000000000000e+03 2.020000000000000000e+03
5.244477000000000000e+07 6.120000000000000000e+03 3.060000000000000000e+03 4.880000000000000000e+03 2.020000000000000000e+03
5.244497800000000000e+07 6.050000000000000000e+03 3.050000000000000000e+03 4.880000000000000000e+03 2.020000000000000000e+03
5.244518500000000000e+07 6.160000000000000000e+03 3.050000000000000000e+03 4.880000000000000000e+03 2.020000000000000000e+03
5.244541000000000000e+07 6.030000000000000000e+03 3.050000000000000000e+03 4.870000000000000000e+03 2.020000000000000000e+03
5.244560900000000000e+07 6.050000000000000000e+03 3.030000000000000000e+03 4.870000000000000000e+03 2.030000000000000000e+03
5.244582200000000000e+07 6.050000000000000000e+03 3.050000000000000000e+03 4.880000000000000000e+03 2.030000000000000000e+03
5.244603200000000000e+07 6.030000000000000000e+03 3.030000000000000000e+03 4.880000000000000000e+03 2.040000000000000000e+03
5.244624200000000000e+07 6.040000000000000000e+03 3.030000000000000000e+03 4.880000000000000000e+03 2.040000000000000000e+03
5.244644900000000000e+07 6.070000000000000000e+03 3.050000000000000000e+03 4.880000000000000000e+03 2.040000000000000000e+03
5.244665800000000000e+07 6.100000000000000000e+03 3.050000000000000000e+03 4.880000000000000000e+03 2.040000000000000000e+03
5.244686500000000000e+07 6.130000000000000000e+03 3.050000000000000000e+03 4.870000000000000000e+03 2.040000000000000000e+03
5.244706800000000000e+07 6.110000000000000000e+03 3.030000000000000000e+03 4.880000000000000000e+03 2.040000000000000000e+03
5.244728000000000000e+07 6.100000000000000000e+03 3.030000000000000000e+03 4.890000000000000000e+03 2.040000000000000000e+03
5.244748900000000000e+07 6.070000000000000000e+03 3.030000000000000000e+03 4.890000000000000000e+03 2.030000000000000000e+03
5.244769600000000000e+07 6.030000000000000000e+03 3.050000000000000000e+03 4.890000000000000000e+03 2.030000000000000000e+03
5.244789900000000000e+07 6.000000000000000000e+03 3.060000000000000000e+03 4.890000000000000000e+03 2.030000000000000000e+03
5.244810900000000000e+07 6.020000000000000000e+03 3.050000000000000000e+03 4.890000000000000000e+03 2.040000000000000000e+03
5.244832100000000000e+07 6.040000000000000000e+03 3.030000000000000000e+03 4.880000000000000000e+03 2.040000000000000000e+03
5.244852200000000000e+07 6.050000000000000000e+03 3.030000000000000000e+03 4.890000000000000000e+03 2.040000000000000000e+03
5.244874000000000000e+07 6.100000000000000000e+03 3.050000000000000000e+03 4.890000000000000000e+03 2.040000000000000000e+03
5.244895600000000000e+07 6.190000000000000000e+03 3.050000000000000000e+03 4.880000000000000000e+03 2.050000000000000000e+03
5.244915600000000000e+07 6.220000000000000000e+03 3.030000000000000000e+03 4.880000000000000000e+03 2.050000000000000000e+03
5.244937700000000000e+07 6.230000000000000000e+03 3.030000000000000000e+03 4.880000000000000000e+03 2.050000000000000000e+03
5.244958500000000000e+07 6.230000000000000000e+03 3.030000000000000000e+03 4.880000000000000000e+03 2.050000000000000000e+03
5.244978100000000000e+07 6.230000000000000000e+03 3.030000000000000000e+03 4.880000000000000000e+03 2.050000000000000000e+03
5.245000000000000000e+07 6.230000000000000000e+03 3.050000000000000000e+03 4.880000000000000000e+03 2.050000000000000000e+03
5.245020800000000000e+07 6.210000000000000000e+03 3.030000000000000000e+03 4.880000000000000000e+03 2.050000000000000000e+03
5.245041600000000000e+07 6.190000000000000000e+03 3.030000000000000000e+03 4.870000000000000000e+03 2.050000000000000000e+03
5.245062500000000000e+07 6.210000000000000000e+03 3.030000000000000000e+03 4.870000000000000000e+03 2.040000000000000000e+03
5.245083200000000000e+07 6.240000000000000000e+03 3.050000000000000000e+03 4.860000000000000000e+03 2.030000000000000000e+03
5.245104100000000000e+07 6.270000000000000000e+03 3.060000000000000000e+03 4.870000000000000000e+03 2.030000000000000000e+03
5.245124900000000000e+07 6.260000000000000000e+03 3.060000000000000000e+03 4.880000000000000000e+03 2.030000000000000000e+03
5.245148500000000000e+07 6.240000000000000000e+03 3.060000000000000000e+03 4.880000000000000000e+03 2.030000000000000000e+03
5.245166400000000000e+07 6.220000000000000000e+03 3.050000000000000000e+03 4.880000000000000000e+03 2.040000000000000000e+03
5.245186600000000000e+07 6.220000000000000000e+03 3.030000000000000000e+03 4.890000000000000000e+03 2.040000000000000000e+03
5.245209500000000000e+07 6.230000000000000000e+03 3.030000000000000000e+03 4.890000000000000000e+03 2.040000000000000000e+03
