5.303664800000000000e+07 6.550000000000000000e+03 4.740000000000000000e+03 4.500000000000000000e+03 8.300000000000000000e+02
5.303685600000000000e+07 6.550000000000000000e+03 4.750000000000000000e+03 4.500000000000000000e+03 8.200000000000000000e+02
5.303706400000000000e+07 6.550000000000000000e+03 4.780000000000000000e+03 4.500000000000000000e+03 8.100000000000000000e+02
5.303724400000000000e+07 6.550000000000000000e+03 4.810000000000000000e+03 4.490000000000000000e+03 8.100000000000000000e+02
5.303745800000000000e+07 6.550000000000000000e+03 4.760000000000000000e+03 4.490000000000000000e+03 8.200000000000000000e+02
5.303766300000000000e+07 6.550000000000000000e+03 4.830000000000000000e+03 4.500000000000000000e+03 8.200000000000000000e+02
5.303787900000000000e+07 6.550000000000000000e+03 4.910000000000000000e+03 4.500000000000000000e+03 8.200000000000000000e+02
5.303807900000000000e+07 6.560000000000000000e+03 4.950000000000000000e+03 4.490000000000000000e+03 8.200000000000000000e+02
5.303829500000000000e+07 6.550000000000000000e+03 5.010000000000000000e+03 4.480000000000000000e+03 8.200000000000000000e+02
5.303849200000000000e+07 6.560000000000000000e+03 5.050000000000000000e+03 4.500000000000000000e+03 8.200000000000000000e+02
5.303870000000000000e+07 6.560000000000000000e+03 5.080000000000000000e+03 4.500000000000000000e+03 8.300000000000000000e+02
5.303891600000000000e+07 6.570000000000000000e+03 5.080000000000000000e+03 4.490000000000000000e+03 8.300000000000000000e+02
5.303933200000000000e+07 6.570000000000000000e+03 5.100000000000000000e+03 4.480000000000000000e+03 8.300000000000000000e+02
5.303954300000000000e+07 6.570000000000000000e+03 5.120000000000000000e+03 4.500000000000000000e+03 8.300000000000000000e+02
5.303974400000000000e+07 6.570000000000000000e+03 5.190000000000000000e+03 4.490000000000000000e+03 8.400000000000000000e+02
5.303993200000000000e+07 6.570000000000000000e+03 5.070000000000000000e+03 4.500000000000000000e+03 8.400000000000000000e+02
5.304014200000000000e+07 6.570000000000000000e+03 4.980000000000000000e+03 4.490000000000000000e+03 8.300000000000000000e+02
5.304034400000000000e+07 6.570000000000000000e+03 4.890000000000000000e+03 4.480000000000000000e+03 8.400000000000000000e+02
5.304055900000000000e+07 6.570000000000000000e+03 4.840000000000000000e+03 4.480000000000000000e+03 8.400000000000000000e+02
5.304077600000000000e+07 6.570000000000000000e+03 4.810000000000000000e+03 4.490000000000000000e+03 8.400000000000000000e+02
5.304098200000000000e+07 6.560000000000000000e+03 4.880000000000000000e+03 4.490000000000000000e+03 8.300000000000000000e+02
5.304119100000000000e+07 6.550000000000000000e+03 4.940000000000000000e+03 4.490000000000000000e+03 8.400000000000000000e+02
5.304138800000000000e+07 6.550000000000000000e+03 4.970000000000000000e+03 4.500000000000000000e+03 8.400000000000000000e+02
5.304160600000000000e+07 6.550000000000000000e+03 4.990000000000000000e+03 4.510000000000000000e+03 8.300000000000000000e+02
5.304181000000000000e+07 6.550000000000000000e+03 4.960000000000000000e+03 4.500000000000000000e+03 8.200000000000000000e+02
5.304200800000000000e+07 6.550000000000000000e+03 4.930000000000000000e+03 4.490000000000000000e+03 8.200000000000000000e+02
5.304222000000000000e+07 6.550000000000000000e+03 4.890000000000000000e+03 4.500000000000000000e+03 8.200000000000000000e+02
5.304243600000000000e+07 6.550000000000000000e+03 4.870000000000000000e+03 4.500000000000000000e+03 8.300000000000000000e+02
5.304264000000000000e+07 6.550000000000000000e+03 4.850000000000000000e+03 4.500000000000000000e+03 8.300000000000000000e+02
5.304285500000000000e+07 6.550000000000000000e+03 4.820000000000000000e+03 4.500000000000000000e+03 8.400000000000000000e+02
5.304306300000000000e+07 6.560000000000000000e+03 4.840000000000000000e+03 4.500000000000000000e+03 8.400000000000000000e+02
5.304326100000000000e+07 6.570000000000000000e+03 4.850000000000000000e+03 4.490000000000000000e+03 8.500000000000000000e+02
5.304344800000000000e+07 6.560000000000000000e+03 4.890000000000000000e+03 4.500000000000000000e+03 8.400000000000000000e+02
5.304366200000000000e+07 6.560000000000000000e+03 4.920000000000000000e+03 4.490000000000000000e+03 8.300000000000000000e+02
5.304387700000000000e+07 6.550000000000000000e+03 4.950000000000000000e+03 4.510000000000000000e+03 8.300000000000000000e+02
5.304408600000000000e+07 6.550000000000000000e+03 4.950000000000000000e+03 4.500000000000000000e+03 8.300000000000000000e+02
5.304429300000000000e+07 6.560000000000000000e+03 4.950000000000000000e+03 4.490000000000000000e+03 8.300000000000000000e+02
5.304450000000000000e+07 6.560000000000000000e+03 4.920000000000000000e+03 4.500000000000000000e+03 8.300000000000000000e+02
5.304470700000000000e+07 6.560000000000000000e+03 4.880000000000000000e+03 4.490000000000000000e+03 8.300000000000000000e+02
5.304491000000000000e+07 6.560000000000000000e+03 4.880000000000000000e+03 4.490000000000000000e+03 8.300000000000000000e+02
5.304512200000000000e+07 6.560000000000000000e+03 4.860000000000000000e+03 4.510000000000000000e+03 8.300000000000000000e+02
5.304533400000000000e+07 6.550000000000000000e+03 4.860000000000000000e+03 4.500000000000000000e+03 8.300000000000000000e+02
5.304554200000000000e+07 6.550000000000000000e+03 4.840000000000000000e+03 4.480000000000000000e+03 8.300000000000000000e+02
5.304575100000000000e+07 6.550000000000000000e+03 4.830000000000000000e+03 4.480000000000000000e+03 8.300000000000000000e+02
5.304595700000000000e+07 6.540000000000000000e+03 4.810000000000000000e+03 4.490000000000000000e+03 8.300000000000000000e+02
5.304616300000000000e+07 6.540000000000000000e+03 4.790000000000000000e+03 4.500000000000000000e+03 8.400000000000000000e+02
5.304637400000000000e+07 6.540000000000000000e+03 4.790000000000000000e+03 4.520000000000000000e+03 8.300000000000000000e+02
5.304657400000000000e+07 6.550000000000000000e+03 4.780000000000000000e+03 4.510000000000000000e+03 8.400000000000000000e+02
5.304677400000000000e+07 6.550000000000000000e+03 4.770000000000000000e+03 4.500000000000000000e+03 8.400000000000000000e+02
5.304698200000000000e+07 6.550000000000000000e+03 4.760000000000000000e+03 4.490000000000000000e+03 8.300000000000000000e+02
5.304718200000000000e+07 6.550000000000000000e+03 4.740000000000000000e+03 4.500000000000000000e+03 8.300000000000000000e+02
5.304739000000000000e+07 6.550000000000000000e+03 4.740000000000000000e+03 4.490000000000000000e+03 8.200000000000000000e+02
5.304760500000000000e+07 6.550000000000000000e+03 4.730000000000000000e+03 4.490000000000000000e+03 8.200000000000000000e+02
5.304780100000000000e+07 6.560000000000000000e+03 4.720000000000000000e+03 4.510000000000000000e+03 8.200000000000000000e+02
5.304802100000000000e+07 6.560000000000000000e+03 4.740000000000000000e+03 4.500000000000000000e+03 8.200000000000000000e+02
5.304822900000000000e+07 6.570000000000000000e+03 4.780000000000000000e+03 4.500000000000000000e+03 8.200000000000000000e+02
5.304843800000000000e+07 6.570000000000000000e+03 4.870000000000000000e+03 4.490000000000000000e+03 8.200000000000000000e+02
5.304864300000000000e+07 6.570000000000000000e+03 4.970000000000000000e+03 4.500000000000000000e+03 8.300000000000000000e+02
5.304885300000000000e+07 6.560000000000000000e+03 4.940000000000000000e+03 4.510000000000000000e+03 8.300000000000000000e+02
5.304906100000000000e+07 6.550000000000000000e+03 4.920000000000000000e+03 4.490000000000000000e+03 8.200000000000000000e+02
5.304925700000000000e+07 6.560000000000000000e+03 4.870000000000000000e+03 4.490000000000000000e+03 8.200000000000000000e+02
5.304947300000000000e+07 6.550000000000000000e+03 4.830000000000000000e+03 4.490000000000000000e+03 8.300000000000000000e+02
5.304967200000000000e+07 6.550000000000000000e+03 4.800000000000000000e+03 4.490000000000000000e+03 8.300000000000000000e+02
5.304988900000000000e+07 6.550000000000000000e+03 4.770000000000000000e+03 4.510000000000000000e+03 8.300000000000000000e+02
5.305010100000000000e+07 6.560000000000000000e+03 4.750000000000000000e+03 4.500000000000000000e+03 8.300000000000000000e+02
5.305030500000000000e+07 6.570000000000000000e+03 4.730000000000000000e+03 4.490000000000000000e+03 8.300000000000000000e+02
5.305051700000000000e+07 6.570000000000000000e+03 4.710000000000000000e+03 4.500000000000000000e+03 8.300000000000000000e+02
5.305072500000000000e+07 6.570000000000000000e+03 4.700000000000000000e+03 4.500000000000000000e+03 8.400000000000000000e+02
5.305093300000000000e+07 6.560000000000000000e+03 4.690000000000000000e+03 4.500000000000000000e+03 8.400000000000000000e+02
5.305114000000000000e+07 6.560000000000000000e+03 4.690000000000000000e+03 4.490000000000000000e+03 8.400000000000000000e+02
5.305134800000000000e+07 6.560000000000000000e+03 4.670000000000000000e+03 4.480000000000000000e+03 8.400000000000000000e+02
5.305154800000000000e+07 6.560000000000000000e+03 4.660000000000000000e+03 4.480000000000000000e+03 8.500000000000000000e+02
5.305176500000000000e+07 6.570000000000000000e+03 4.650000000000000000e+03 4.480000000000000000e+03 8.400000000000000000e+02
5.305197300000000000e+07 6.570000000000000000e+03 4.650000000000000000e+03 4.470000000000000000e+03 8.300000000000000000e+02
5.305218100000000000e+07 6.580000000000000000e+03 4.650000000000000000e+03 4.480000000000000000e+03 8.300000000000000000e+02
5.305238800000000000e+07 6.570000000000000000e+03 4.670000000000000000e+03 4.480000000000000000e+03 8.300000000000000000e+02
5.305259700000000000e+07 6.570000000000000000e+03 4.690000000000000000e+03 4.480000000000000000e+03 8.300000000000000000e+02
5.305280400000000000e+07 6.560000000000000000e+03 4.690000000000000000e+03 4.490000000000000000e+03 8.200000000000000000e+02
5.305301200000000000e+07 6.560000000000000000e+03 4.700000000000000000e+03 4.480000000000000000e+03 8.200000000000000000e+02
5.305320700000000000e+07 6.560000000000000000e+03 4.700000000000000000e+03 4.480000000000000000e+03 8.300000000000000000e+02
5.305342800000000000e+07 6.560000000000000000e+03 4.700000000000000000e+03 4.480000000000000000e+03 8.300000000000000000e+02
5.305362800000000000e+07 6.560000000000000000e+03 4.710000000000000000e+03 4.490000000000000000e+03 8.300000000000000000e+02
5.305384200000000000e+07 6.570000000000000000e+03 4.720000000000000000e+03 4.500000000000000000e+03 8.300000000000000000e+02
5.305405100000000000e+07 6.580000000000000000e+03 4.760000000000000000e+03 4.500000000000000000e+03 8.400000000000000000e+02
5.305425600000000000e+07 6.580000000000000000e+03 4.780000000000000000e+03 4.500000000000000000e+03 8.500000000000000000e+02
5.305446600000000000e+07 6.570000000000000000e+03 4.870000000000000000e+03 4.490000000000000000e+03 8.400000000000000000e+02
5.305467300000000000e+07 6.570000000000000000e+03 4.840000000000000000e+03 4.490000000000000000e+03 8.500000000000000000e+02
5.305488400000000000e+07 6.560000000000000000e+03 4.890000000000000000e+03 4.500000000000000000e+03 8.500000000000000000e+02
5.305509100000000000e+07 6.560000000000000000e+03 4.950000000000000000e+03 4.490000000000000000e+03 8.400000000000000000e+02
5.305528800000000000e+07 6.560000000000000000e+03 4.880000000000000000e+03 4.490000000000000000e+03 8.400000000000000000e+02
5.305550400000000000e+07 6.560000000000000000e+03 4.830000000000000000e+03 4.500000000000000000e+03 8.400000000000000000e+02
5.305570700000000000e+07 6.560000000000000000e+03 4.800000000000000000e+03 4.490000000000000000e+03 8.300000000000000000e+02
5.305592300000000000e+07 6.560000000000000000e+03 4.760000000000000000e+03 4.480000000000000000e+03 8.300000000000000000e+02
5.305611900000000000e+07 6.560000000000000000e+03 4.740000000000000000e+03 4.480000000000000000e+03 8.300000000000000000e+02
5.305633900000000000e+07 6.560000000000000000e+03 4.720000000000000000e+03 4.480000000000000000e+03 8.300000000000000000e+02
5.305654500000000000e+07 6.560000000000000000e+03 4.700000000000000000e+03 4.490000000000000000e+03 8.400000000000000000e+02
5.305675600000000000e+07 6.570000000000000000e+03 4.690000000000000000e+03 4.490000000000000000e+03 8.300000000000000000e+02
5.305695100000000000e+07 6.560000000000000000e+03 4.680000000000000000e+03 4.480000000000000000e+03 8.300000000000000000e+02
5.305717100000000000e+07 6.560000000000000000e+03 4.680000000000000000e+03 4.500000000000000000e+03 8.300000000000000000e+02
5.305737700000000000e+07 6.560000000000000000e+03 4.660000000000000000e+03 4.490000000000000000e+03 8.300000000000000000e+02
5.305758800000000000e+07 6.570000000000000000e+03 4.650000000000000000e+03 4.480000000000000000e+03 8.400000000000000000e+02
5.305779500000000000e+07 6.570000000000000000e+03 4.640000000000000000e+03 4.480000000000000000e+03 8.300000000000000000e+02
5.305800300000000000e+07 6.570000000000000000e+03 4.700000000000000000e+03 4.480000000000000000e+03 8.400000000000000000e+02
5.305821100000000000e+07 6.560000000000000000e+03 4.920000000000000000e+03 4.500000000000000000e+03 8.400000000000000000e+02
5.305840800000000000e+07 6.560000000000000000e+03 5.070000000000000000e+03 4.510000000000000000e+03 8.500000000000000000e+02
5.305882800000000000e+07 6.560000000000000000e+03 5.010000000000000000e+03 4.520000000000000000e+03 8.400000000000000000e+02
5.305904300000000000e+07 6.550000000000000000e+03 4.890000000000000000e+03 4.510000000000000000e+03 8.300000000000000000e+02
5.305925100000000000e+07 6.550000000000000000e+03 4.950000000000000000e+03 4.510000000000000000e+03 8.200000000000000000e+02
5.305945900000000000e+07 6.560000000000000000e+03 4.910000000000000000e+03 4.500000000000000000e+03 8.300000000000000000e+02
5.305965100000000000e+07 6.550000000000000000e+03 4.960000000000000000e+03 4.500000000000000000e+03 8.300000000000000000e+02
5.305984400000000000e+07 6.550000000000000000e+03 5.050000000000000000e+03 4.500000000000000000e+03 8.400000000000000000e+02
5.310005700000000000e+07 6.550000000000000000e+03 5.120000000000000000e+03 4.500000000000000000e+03 8.300000000000000000e+02
5.310026100000000000e+07 6.550000000000000000e+03 5.170000000000000000e+03 4.490000000000000000e+03 8.300000000000000000e+02
5.310048300000000000e+07 6.550000000000000000e+03 5.230000000000000000e+03 4.480000000000000000e+03 8.300000000000000000e+02
5.310068800000000000e+07 6.550000000000000000e+03 5.080000000000000000e+03 4.480000000000000000e+03 8.300000000000000000e+02
5.310088700000000000e+07 6.550000000000000000e+03 4.970000000000000000e+03 4.480000000000000000e+03 8.200000000000000000e+02
5.310109400000000000e+07 6.550000000000000000e+03 4.920000000000000000e+03 4.470000000000000000e+03 8.200000000000000000e+02
5.310130000000000000e+07 6.560000000000000000e+03 4.970000000000000000e+03 4.500000000000000000e+03 8.200000000000000000e+02
5.310151300000000000e+07 6.570000000000000000e+03 4.980000000000000000e+03 4.490000000000000000e+03 8.200000000000000000e+02
5.310172300000000000e+07 6.570000000000000000e+03 4.930000000000000000e+03 4.480000000000000000e+03 8.200000000000000000e+02
5.310192500000000000e+07 6.560000000000000000e+03 4.980000000000000000e+03 4.500000000000000000e+03 8.200000000000000000e+02
5.310232700000000000e+07 6.560000000000000000e+03 4.940000000000000000e+03 4.500000000000000000e+03 8.300000000000000000e+02
5.310253700000000000e+07 6.560000000000000000e+03 4.880000000000000000e+03 4.500000000000000000e+03 8.300000000000000000e+02
5.310275100000000000e+07 6.560000000000000000e+03 4.830000000000000000e+03 4.500000000000000000e+03 8.300000000000000000e+02
5.310296200000000000e+07 6.570000000000000000e+03 4.810000000000000000e+03 4.520000000000000000e+03 8.300000000000000000e+02
5.310316000000000000e+07 6.580000000000000000e+03 4.790000000000000000e+03 4.520000000000000000e+03 8.200000000000000000e+02
5.310337400000000000e+07 6.570000000000000000e+03 4.770000000000000000e+03 4.520000000000000000e+03 8.200000000000000000e+02
5.310358500000000000e+07 6.560000000000000000e+03 4.750000000000000000e+03 4.510000000000000000e+03 8.200000000000000000e+02
5.310379000000000000e+07 6.560000000000000000e+03 4.730000000000000000e+03 4.500000000000000000e+03 8.200000000000000000e+02
5.310400300000000000e+07 6.560000000000000000e+03 4.720000000000000000e+03 4.500000000000000000e+03 8.200000000000000000e+02
5.310420200000000000e+07 6.560000000000000000e+03 4.710000000000000000e+03 4.510000000000000000e+03 8.300000000000000000e+02
5.310441100000000000e+07 6.560000000000000000e+03 4.710000000000000000e+03 4.500000000000000000e+03 8.300000000000000000e+02
5.310462500000000000e+07 6.560000000000000000e+03 4.700000000000000000e+03 4.490000000000000000e+03 8.300000000000000000e+02
5.310482800000000000e+07 6.570000000000000000e+03 4.720000000000000000e+03 4.490000000000000000e+03 8.300000000000000000e+02
5.310504200000000000e+07 6.580000000000000000e+03 4.730000000000000000e+03 4.510000000000000000e+03 8.300000000000000000e+02
5.311172900000000000e+07 6.740000000000000000e+03 4.540000000000000000e+03 4.480000000000000000e+03 8.500000000000000000e+02
5.311194500000000000e+07 6.710000000000000000e+03 4.540000000000000000e+03 4.480000000000000000e+03 8.400000000000000000e+02
5.311214500000000000e+07 6.680000000000000000e+03 4.540000000000000000e+03 4.470000000000000000e+03 8.300000000000000000e+02
5.311235200000000000e+07 6.630000000000000000e+03 4.530000000000000000e+03 4.460000000000000000e+03 8.400000000000000000e+02
5.311255200000000000e+07 6.680000000000000000e+03 4.530000000000000000e+03 4.470000000000000000e+03 8.400000000000000000e+02
5.311276800000000000e+07 6.660000000000000000e+03 4.520000000000000000e+03 4.500000000000000000e+03 8.500000000000000000e+02
5.311302400000000000e+07 6.750000000000000000e+03 4.530000000000000000e+03 4.500000000000000000e+03 8.500000000000000000e+02
5.311318300000000000e+07 6.720000000000000000e+03 4.530000000000000000e+03 4.480000000000000000e+03 8.400000000000000000e+02
5.311339100000000000e+07 6.790000000000000000e+03 4.530000000000000000e+03 4.480000000000000000e+03 8.400000000000000000e+02
5.311360000000000000e+07 6.780000000000000000e+03 4.510000000000000000e+03 4.490000000000000000e+03 8.400000000000000000e+02
5.311380100000000000e+07 6.750000000000000000e+03 4.520000000000000000e+03 4.480000000000000000e+03 8.300000000000000000e+02
5.311403200000000000e+07 6.740000000000000000e+03 4.520000000000000000e+03 4.480000000000000000e+03 8.300000000000000000e+02
5.311424000000000000e+07 6.740000000000000000e+03 4.510000000000000000e+03 4.480000000000000000e+03 8.400000000000000000e+02
5.311444800000000000e+07 6.760000000000000000e+03 4.520000000000000000e+03 4.470000000000000000e+03 8.400000000000000000e+02
5.311464900000000000e+07 6.790000000000000000e+03 4.520000000000000000e+03 4.480000000000000000e+03 8.300000000000000000e+02
5.311485900000000000e+07 6.790000000000000000e+03 4.520000000000000000e+03 4.490000000000000000e+03 8.200000000000000000e+02
5.311506800000000000e+07 6.800000000000000000e+03 4.510000000000000000e+03 4.510000000000000000e+03 8.200000000000000000e+02
5.311526600000000000e+07 6.800000000000000000e+03 4.510000000000000000e+03 4.520000000000000000e+03 8.300000000000000000e+02
5.311548000000000000e+07 6.800000000000000000e+03 4.510000000000000000e+03 4.520000000000000000e+03 8.300000000000000000e+02
5.311569500000000000e+07 6.790000000000000000e+03 4.520000000000000000e+03 4.510000000000000000e+03 8.300000000000000000e+02
5.311590300000000000e+07 6.800000000000000000e+03 4.520000000000000000e+03 4.500000000000000000e+03 8.200000000000000000e+02
5.311609700000000000e+07 6.760000000000000000e+03 4.530000000000000000e+03 4.510000000000000000e+03 8.200000000000000000e+02
5.311632000000000000e+07 6.750000000000000000e+03 4.530000000000000000e+03 4.490000000000000000e+03 8.300000000000000000e+02
5.311651300000000000e+07 6.760000000000000000e+03 4.530000000000000000e+03 4.490000000000000000e+03 8.300000000000000000e+02
5.311672100000000000e+07 6.750000000000000000e+03 4.530000000000000000e+03 4.510000000000000000e+03 8.300000000000000000e+02
5.311693600000000000e+07 6.750000000000000000e+03 4.530000000000000000e+03 4.500000000000000000e+03 8.300000000000000000e+02
5.311716800000000000e+07 6.750000000000000000e+03 4.520000000000000000e+03 4.500000000000000000e+03 8.400000000000000000e+02
5.311736800000000000e+07 6.740000000000000000e+03 4.520000000000000000e+03 4.500000000000000000e+03 8.400000000000000000e+02
5.311758300000000000e+07 6.750000000000000000e+03 4.530000000000000000e+03 4.520000000000000000e+03 8.400000000000000000e+02
5.311778400000000000e+07 6.750000000000000000e+03 4.540000000000000000e+03 4.500000000000000000e+03 8.300000000000000000e+02
5.311798800000000000e+07 6.740000000000000000e+03 4.530000000000000000e+03 4.500000000000000000e+03 8.400000000000000000e+02
5.311819600000000000e+07 6.740000000000000000e+03 4.520000000000000000e+03 4.500000000000000000e+03 8.300000000000000000e+02
5.311840300000000000e+07 6.740000000000000000e+03 4.520000000000000000e+03 4.510000000000000000e+03 8.300000000000000000e+02
5.311861400000000000e+07 6.740000000000000000e+03 4.510000000000000000e+03 4.500000000000000000e+03 8.300000000000000000e+02
5.311881800000000000e+07 6.730000000000000000e+03 4.520000000000000000e+03 4.490000000000000000e+03 8.300000000000000000e+02
5.311903900000000000e+07 6.720000000000000000e+03 4.520000000000000000e+03 4.490000000000000000e+03 8.300000000000000000e+02
5.311923200000000000e+07 6.710000000000000000e+03 4.520000000000000000e+03 4.490000000000000000e+03 8.300000000000000000e+02
5.311945200000000000e+07 6.700000000000000000e+03 4.520000000000000000e+03 4.480000000000000000e+03 8.300000000000000000e+02
5.311966300000000000e+07 6.690000000000000000e+03 4.520000000000000000e+03 4.480000000000000000e+03 8.300000000000000000e+02
5.311985700000000000e+07 6.680000000000000000e+03 4.520000000000000000e+03 4.490000000000000000e+03 8.300000000000000000e+02
5.312007900000000000e+07 6.710000000000000000e+03 4.520000000000000000e+03 4.500000000000000000e+03 8.300000000000000000e+02
5.312027900000000000e+07 6.710000000000000000e+03 4.510000000000000000e+03 4.490000000000000000e+03 8.300000000000000000e+02
5.312050900000000000e+07 6.740000000000000000e+03 4.520000000000000000e+03 4.500000000000000000e+03 8.300000000000000000e+02
5.312071800000000000e+07 6.780000000000000000e+03 4.520000000000000000e+03 4.490000000000000000e+03 8.300000000000000000e+02
5.312092700000000000e+07 6.810000000000000000e+03 4.520000000000000000e+03 4.490000000000000000e+03 8.300000000000000000e+02
5.312112200000000000e+07 6.820000000000000000e+03 4.510000000000000000e+03 4.490000000000000000e+03 8.400000000000000000e+02
5.312133000000000000e+07 6.840000000000000000e+03 4.500000000000000000e+03 4.480000000000000000e+03 8.300000000000000000e+02
5.312154600000000000e+07 6.840000000000000000e+03 4.510000000000000000e+03 4.480000000000000000e+03 8.400000000000000000e+02
5.312174500000000000e+07 6.860000000000000000e+03 4.500000000000000000e+03 4.510000000000000000e+03 8.300000000000000000e+02
5.312196400000000000e+07 6.870000000000000000e+03 4.510000000000000000e+03 4.500000000000000000e+03 8.400000000000000000e+02
5.312217300000000000e+07 6.880000000000000000e+03 4.510000000000000000e+03 4.500000000000000000e+03 8.400000000000000000e+02
5.312237700000000000e+07 6.870000000000000000e+03 4.520000000000000000e+03 4.490000000000000000e+03 8.300000000000000000e+02
5.312258500000000000e+07 6.870000000000000000e+03 4.520000000000000000e+03 4.490000000000000000e+03 8.300000000000000000e+02
5.312279300000000000e+07 6.870000000000000000e+03 4.520000000000000000e+03 4.490000000000000000e+03 8.300000000000000000e+02
5.312299800000000000e+07 6.880000000000000000e+03 4.520000000000000000e+03 4.480000000000000000e+03 8.200000000000000000e+02
5.312320400000000000e+07 6.880000000000000000e+03 4.520000000000000000e+03 4.490000000000000000e+03 8.200000000000000000e+02
5.312340700000000000e+07 6.880000000000000000e+03 4.520000000000000000e+03 4.490000000000000000e+03 8.300000000000000000e+02
5.312363700000000000e+07 6.880000000000000000e+03 4.520000000000000000e+03 4.480000000000000000e+03 8.300000000000000000e+02
5.312385300000000000e+07 6.880000000000000000e+03 4.510000000000000000e+03 4.480000000000000000e+03 8.300000000000000000e+02
5.312406000000000000e+07 6.890000000000000000e+03 4.520000000000000000e+03 4.500000000000000000e+03 8.300000000000000000e+02
5.312425500000000000e+07 6.830000000000000000e+03 4.520000000000000000e+03 4.490000000000000000e+03 8.200000000000000000e+02
5.312447800000000000e+07 6.760000000000000000e+03 4.530000000000000000e+03 4.500000000000000000e+03 8.300000000000000000e+02
5.312467900000000000e+07 6.700000000000000000e+03 4.530000000000000000e+03 4.500000000000000000e+03 8.400000000000000000e+02
5.312488200000000000e+07 6.670000000000000000e+03 4.530000000000000000e+03 4.510000000000000000e+03 8.400000000000000000e+02
5.312509800000000000e+07 6.650000000000000000e+03 4.540000000000000000e+03 4.500000000000000000e+03 8.300000000000000000e+02
5.312529600000000000e+07 6.620000000000000000e+03 4.540000000000000000e+03 4.490000000000000000e+03 8.300000000000000000e+02
5.312550600000000000e+07 6.630000000000000000e+03 4.530000000000000000e+03 4.490000000000000000e+03 8.300000000000000000e+02
5.312571200000000000e+07 6.670000000000000000e+03 4.530000000000000000e+03 4.490000000000000000e+03 8.400000000000000000e+02
5.312592600000000000e+07 6.740000000000000000e+03 4.530000000000000000e+03 4.490000000000000000e+03 8.400000000000000000e+02
5.312614000000000000e+07 6.790000000000000000e+03 4.530000000000000000e+03 4.510000000000000000e+03 8.400000000000000000e+02
5.312634900000000000e+07 6.820000000000000000e+03 4.530000000000000000e+03 4.510000000000000000e+03 8.500000000000000000e+02
5.312654300000000000e+07 6.830000000000000000e+03 4.530000000000000000e+03 4.500000000000000000e+03 8.500000000000000000e+02
5.312678100000000000e+07 6.840000000000000000e+03 4.530000000000000000e+03 4.500000000000000000e+03 8.400000000000000000e+02
5.312698200000000000e+07 6.840000000000000000e+03 4.520000000000000000e+03 4.490000000000000000e+03 8.400000000000000000e+02
5.312719700000000000e+07 6.790000000000000000e+03 4.510000000000000000e+03 4.490000000000000000e+03 8.300000000000000000e+02
5.312740500000000000e+07 6.840000000000000000e+03 4.510000000000000000e+03 4.490000000000000000e+03 8.400000000000000000e+02
5.312761200000000000e+07 6.890000000000000000e+03 4.510000000000000000e+03 4.490000000000000000e+03 8.400000000000000000e+02
5.312782100000000000e+07 6.940000000000000000e+03 4.510000000000000000e+03 4.490000000000000000e+03 8.400000000000000000e+02
5.312802700000000000e+07 6.980000000000000000e+03 4.510000000000000000e+03 4.500000000000000000e+03 8.300000000000000000e+02
5.312823600000000000e+07 7.010000000000000000e+03 4.510000000000000000e+03 4.490000000000000000e+03 8.400000000000000000e+02
5.312843400000000000e+07 7.020000000000000000e+03 4.530000000000000000e+03 4.490000000000000000e+03 8.400000000000000000e+02
5.312864800000000000e+07 7.040000000000000000e+03 4.530000000000000000e+03 4.500000000000000000e+03 8.400000000000000000e+02
5.312885100000000000e+07 7.040000000000000000e+03 4.530000000000000000e+03 4.490000000000000000e+03 8.400000000000000000e+02
5.312906100000000000e+07 7.070000000000000000e+03 4.530000000000000000e+03 4.480000000000000000e+03 8.400000000000000000e+02
5.312927600000000000e+07 7.060000000000000000e+03 4.530000000000000000e+03 4.510000000000000000e+03 8.300000000000000000e+02
5.312948400000000000e+07 7.050000000000000000e+03 4.530000000000000000e+03 4.490000000000000000e+03 8.300000000000000000e+02
5.312969600000000000e+07 7.050000000000000000e+03 4.530000000000000000e+03 4.480000000000000000e+03 8.200000000000000000e+02
5.312991300000000000e+07 7.050000000000000000e+03 4.530000000000000000e+03 4.500000000000000000e+03 8.300000000000000000e+02
5.313011300000000000e+07 7.050000000000000000e+03 4.520000000000000000e+03 4.490000000000000000e+03 8.400000000000000000e+02
5.313035800000000000e+07 7.040000000000000000e+03 4.530000000000000000e+03 4.500000000000000000e+03 8.300000000000000000e+02
5.313053800000000000e+07 7.050000000000000000e+03 4.530000000000000000e+03 4.520000000000000000e+03 8.400000000000000000e+02
5.313074900000000000e+07 7.050000000000000000e+03 4.530000000000000000e+03 4.510000000000000000e+03 8.400000000000000000e+02
5.313095600000000000e+07 7.050000000000000000e+03 4.530000000000000000e+03 4.490000000000000000e+03 8.300000000000000000e+02
5.313116500000000000e+07 7.040000000000000000e+03 4.530000000000000000e+03 4.480000000000000000e+03 8.300000000000000000e+02
5.313136600000000000e+07 7.030000000000000000e+03 4.520000000000000000e+03 4.480000000000000000e+03 8.300000000000000000e+02
5.313156700000000000e+07 7.020000000000000000e+03 4.520000000000000000e+03 4.490000000000000000e+03 8.300000000000000000e+02
5.313177500000000000e+07 7.020000000000000000e+03 4.520000000000000000e+03 4.490000000000000000e+03 8.300000000000000000e+02
5.313199400000000000e+07 7.020000000000000000e+03 4.520000000000000000e+03 4.500000000000000000e+03 8.200000000000000000e+02
5.313220100000000000e+07 7.020000000000000000e+03 4.510000000000000000e+03 4.510000000000000000e+03 8.300000000000000000e+02
5.313240000000000000e+07 7.030000000000000000e+03 4.510000000000000000e+03 4.500000000000000000e+03 8.400000000000000000e+02
5.313260500000000000e+07 7.060000000000000000e+03 4.510000000000000000e+03 4.490000000000000000e+03 8.300000000000000000e+02
5.313281800000000000e+07 6.960000000000000000e+03 4.500000000000000000e+03 4.510000000000000000e+03 8.300000000000000000e+02
5.313302300000000000e+07 6.850000000000000000e+03 4.500000000000000000e+03 4.500000000000000000e+03 8.400000000000000000e+02
5.313324500000000000e+07 6.750000000000000000e+03 4.510000000000000000e+03 4.500000000000000000e+03 8.400000000000000000e+02
5.313346500000000000e+07 6.680000000000000000e+03 4.510000000000000000e+03 4.510000000000000000e+03 8.300000000000000000e+02
5.313367400000000000e+07 6.640000000000000000e+03 4.510000000000000000e+03 4.500000000000000000e+03 8.300000000000000000e+02
5.313387300000000000e+07 6.820000000000000000e+03 4.530000000000000000e+03 4.490000000000000000e+03 8.400000000000000000e+02
5.313409100000000000e+07 6.900000000000000000e+03 4.530000000000000000e+03 4.490000000000000000e+03 8.400000000000000000e+02
5.313429500000000000e+07 6.940000000000000000e+03 4.520000000000000000e+03 4.490000000000000000e+03 8.400000000000000000e+02
5.313450800000000000e+07 6.960000000000000000e+03 4.510000000000000000e+03 4.490000000000000000e+03 8.300000000000000000e+02
5.313470700000000000e+07 6.970000000000000000e+03 4.510000000000000000e+03 4.510000000000000000e+03 8.200000000000000000e+02
5.313491700000000000e+07 6.990000000000000000e+03 4.520000000000000000e+03 4.500000000000000000e+03 8.300000000000000000e+02
5.313512500000000000e+07 6.990000000000000000e+03 4.510000000000000000e+03 4.510000000000000000e+03 8.400000000000000000e+02
5.313533400000000000e+07 7.010000000000000000e+03 4.500000000000000000e+03 4.490000000000000000e+03 8.400000000000000000e+02
5.313553300000000000e+07 7.020000000000000000e+03 4.510000000000000000e+03 4.510000000000000000e+03 8.400000000000000000e+02
5.313575400000000000e+07 7.020000000000000000e+03 4.520000000000000000e+03 4.490000000000000000e+03 8.400000000000000000e+02
5.313596200000000000e+07 7.020000000000000000e+03 4.520000000000000000e+03 4.500000000000000000e+03 8.300000000000000000e+02
5.313615900000000000e+07 7.030000000000000000e+03 4.520000000000000000e+03 4.490000000000000000e+03 8.300000000000000000e+02
5.313638300000000000e+07 7.060000000000000000e+03 4.520000000000000000e+03 4.480000000000000000e+03 8.300000000000000000e+02
5.313660000000000000e+07 7.070000000000000000e+03 4.520000000000000000e+03 4.480000000000000000e+03 8.300000000000000000e+02
5.313680000000000000e+07 7.050000000000000000e+03 4.510000000000000000e+03 4.490000000000000000e+03 8.200000000000000000e+02
5.313701400000000000e+07 7.040000000000000000e+03 4.520000000000000000e+03 4.500000000000000000e+03 8.300000000000000000e+02
5.313722100000000000e+07 7.030000000000000000e+03 4.520000000000000000e+03 4.490000000000000000e+03 8.300000000000000000e+02
5.313742100000000000e+07 7.020000000000000000e+03 4.520000000000000000e+03 4.480000000000000000e+03 8.200000000000000000e+02
5.313763500000000000e+07 7.010000000000000000e+03 4.520000000000000000e+03 4.490000000000000000e+03 8.300000000000000000e+02
5.313783900000000000e+07 7.000000000000000000e+03 4.510000000000000000e+03 4.510000000000000000e+03 8.300000000000000000e+02
5.313805700000000000e+07 7.000000000000000000e+03 4.520000000000000000e+03 4.500000000000000000e+03 8.300000000000000000e+02
5.313826400000000000e+07 7.000000000000000000e+03 4.520000000000000000e+03 4.490000000000000000e+03 8.300000000000000000e+02
5.313846500000000000e+07 7.020000000000000000e+03 4.520000000000000000e+03 4.500000000000000000e+03 8.400000000000000000e+02
5.313868300000000000e+07 7.020000000000000000e+03 4.520000000000000000e+03 4.510000000000000000e+03 8.400000000000000000e+02
5.313888500000000000e+07 7.010000000000000000e+03 4.530000000000000000e+03 4.500000000000000000e+03 8.400000000000000000e+02
5.313909100000000000e+07 7.020000000000000000e+03 4.530000000000000000e+03 4.490000000000000000e+03 8.400000000000000000e+02
5.313930000000000000e+07 7.020000000000000000e+03 4.530000000000000000e+03 4.510000000000000000e+03 8.400000000000000000e+02
5.313951500000000000e+07 7.020000000000000000e+03 4.530000000000000000e+03 4.500000000000000000e+03 8.300000000000000000e+02
