1.018496630000000000e+08 5.620000000000000000e+03 5.210000000000000000e+03 2.650000000000000000e+03 2.480000000000000000e+03
1.018498710000000000e+08 5.600000000000000000e+03 5.210000000000000000e+03 2.640000000000000000e+03 2.480000000000000000e+03
1.018500790000000000e+08 5.600000000000000000e+03 5.230000000000000000e+03 2.640000000000000000e+03 2.480000000000000000e+03
1.018502710000000000e+08 5.620000000000000000e+03 5.230000000000000000e+03 2.640000000000000000e+03 2.470000000000000000e+03
1.018504790000000000e+08 5.640000000000000000e+03 5.210000000000000000e+03 2.640000000000000000e+03 2.470000000000000000e+03
1.018506870000000000e+08 5.660000000000000000e+03 5.230000000000000000e+03 2.640000000000000000e+03 2.480000000000000000e+03
1.018508950000000000e+08 5.660000000000000000e+03 5.230000000000000000e+03 2.640000000000000000e+03 2.480000000000000000e+03
1.018511030000000000e+08 5.600000000000000000e+03 5.230000000000000000e+03 2.640000000000000000e+03 2.480000000000000000e+03
1.018513110000000000e+08 5.640000000000000000e+03 5.230000000000000000e+03 2.640000000000000000e+03 2.480000000000000000e+03
1.018515190000000000e+08 5.620000000000000000e+03 5.230000000000000000e+03 2.640000000000000000e+03 2.480000000000000000e+03
1.018517260000000000e+08 5.590000000000000000e+03 5.230000000000000000e+03 2.640000000000000000e+03 2.480000000000000000e+03
1.018519350000000000e+08 5.620000000000000000e+03 5.230000000000000000e+03 2.640000000000000000e+03 2.470000000000000000e+03
1.018521420000000000e+08 5.630000000000000000e+03 5.230000000000000000e+03 2.640000000000000000e+03 2.470000000000000000e+03
1.018523510000000000e+08 5.650000000000000000e+03 5.230000000000000000e+03 2.630000000000000000e+03 2.470000000000000000e+03
1.018525580000000000e+08 5.590000000000000000e+03 5.230000000000000000e+03 2.630000000000000000e+03 2.470000000000000000e+03
1.018527670000000000e+08 5.630000000000000000e+03 5.240000000000000000e+03 2.630000000000000000e+03 2.470000000000000000e+03
1.018529740000000000e+08 5.580000000000000000e+03 5.240000000000000000e+03 2.630000000000000000e+03 2.470000000000000000e+03
1.018531830000000000e+08 5.640000000000000000e+03 5.240000000000000000e+03 2.640000000000000000e+03 2.480000000000000000e+03
1.018533900000000000e+08 5.650000000000000000e+03 5.240000000000000000e+03 2.640000000000000000e+03 2.470000000000000000e+03
1.018535820000000000e+08 5.620000000000000000e+03 5.240000000000000000e+03 2.640000000000000000e+03 2.470000000000000000e+03
1.018537900000000000e+08 5.630000000000000000e+03 5.240000000000000000e+03 2.640000000000000000e+03 2.450000000000000000e+03
1.018539980000000000e+08 5.630000000000000000e+03 5.230000000000000000e+03 2.640000000000000000e+03 2.460000000000000000e+03
1.018542060000000000e+08 5.610000000000000000e+03 5.200000000000000000e+03 2.640000000000000000e+03 2.450000000000000000e+03
1.018544140000000000e+08 5.650000000000000000e+03 5.200000000000000000e+03 2.640000000000000000e+03 2.450000000000000000e+03
1.018546220000000000e+08 5.590000000000000000e+03 5.210000000000000000e+03 2.640000000000000000e+03 2.450000000000000000e+03
1.018548300000000000e+08 5.630000000000000000e+03 5.230000000000000000e+03 2.650000000000000000e+03 2.460000000000000000e+03
1.018550380000000000e+08 5.590000000000000000e+03 5.230000000000000000e+03 2.650000000000000000e+03 2.460000000000000000e+03
1.018552460000000000e+08 5.580000000000000000e+03 5.200000000000000000e+03 2.650000000000000000e+03 2.460000000000000000e+03
1.018554530000000000e+08 5.590000000000000000e+03 5.200000000000000000e+03 2.650000000000000000e+03 2.460000000000000000e+03
1.018556620000000000e+08 5.590000000000000000e+03 5.210000000000000000e+03 2.640000000000000000e+03 2.470000000000000000e+03
1.018558700000000000e+08 5.580000000000000000e+03 5.230000000000000000e+03 2.640000000000000000e+03 2.470000000000000000e+03
1.018560780000000000e+08 5.600000000000000000e+03 5.230000000000000000e+03 2.630000000000000000e+03 2.470000000000000000e+03
1.018562860000000000e+08 5.650000000000000000e+03 5.230000000000000000e+03 2.630000000000000000e+03 2.480000000000000000e+03
1.018564940000000000e+08 5.660000000000000000e+03 5.230000000000000000e+03 2.650000000000000000e+03 2.480000000000000000e+03
1.018567020000000000e+08 5.620000000000000000e+03 5.240000000000000000e+03 2.650000000000000000e+03 2.460000000000000000e+03
1.018569100000000000e+08 5.620000000000000000e+03 5.240000000000000000e+03 2.650000000000000000e+03 2.470000000000000000e+03
1.018571010000000000e+08 5.670000000000000000e+03 5.240000000000000000e+03 2.660000000000000000e+03 2.460000000000000000e+03
1.018573090000000000e+08 5.630000000000000000e+03 5.240000000000000000e+03 2.660000000000000000e+03 2.460000000000000000e+03
1.018575170000000000e+08 5.610000000000000000e+03 5.230000000000000000e+03 2.650000000000000000e+03 2.450000000000000000e+03
1.018577250000000000e+08 5.650000000000000000e+03 5.230000000000000000e+03 2.650000000000000000e+03 2.460000000000000000e+03
1.018579330000000000e+08 5.670000000000000000e+03 5.230000000000000000e+03 2.640000000000000000e+03 2.470000000000000000e+03
1.018581410000000000e+08 5.620000000000000000e+03 5.230000000000000000e+03 2.640000000000000000e+03 2.480000000000000000e+03
1.018583490000000000e+08 5.640000000000000000e+03 5.230000000000000000e+03 2.640000000000000000e+03 2.480000000000000000e+03
1.018585570000000000e+08 5.670000000000000000e+03 5.210000000000000000e+03 2.650000000000000000e+03 2.480000000000000000e+03
1.018587650000000000e+08 5.660000000000000000e+03 5.210000000000000000e+03 2.650000000000000000e+03 2.480000000000000000e+03
1.018589730000000000e+08 5.620000000000000000e+03 5.210000000000000000e+03 2.650000000000000000e+03 2.460000000000000000e+03
1.018591810000000000e+08 5.640000000000000000e+03 5.210000000000000000e+03 2.650000000000000000e+03 2.460000000000000000e+03
1.018593890000000000e+08 5.640000000000000000e+03 5.210000000000000000e+03 2.650000000000000000e+03 2.470000000000000000e+03
1.018595970000000000e+08 5.600000000000000000e+03 5.210000000000000000e+03 2.640000000000000000e+03 2.470000000000000000e+03
1.018598050000000000e+08 5.620000000000000000e+03 5.210000000000000000e+03 2.640000000000000000e+03 2.480000000000000000e+03
1.019000120000000000e+08 5.660000000000000000e+03 5.210000000000000000e+03 2.630000000000000000e+03 2.470000000000000000e+03
1.019002210000000000e+08 5.620000000000000000e+03 5.210000000000000000e+03 2.630000000000000000e+03 2.470000000000000000e+03
1.019004130000000000e+08 5.650000000000000000e+03 5.230000000000000000e+03 2.630000000000000000e+03 2.490000000000000000e+03
1.019006200000000000e+08 5.650000000000000000e+03 5.250000000000000000e+03 2.630000000000000000e+03 2.490000000000000000e+03
1.019008290000000000e+08 5.590000000000000000e+03 5.260000000000000000e+03 2.630000000000000000e+03 2.490000000000000000e+03
1.019010370000000000e+08 5.590000000000000000e+03 5.250000000000000000e+03 2.630000000000000000e+03 2.490000000000000000e+03
1.019012450000000000e+08 5.650000000000000000e+03 5.250000000000000000e+03 2.630000000000000000e+03 2.490000000000000000e+03
1.019014530000000000e+08 5.590000000000000000e+03 5.240000000000000000e+03 2.620000000000000000e+03 2.480000000000000000e+03
1.019016610000000000e+08 5.590000000000000000e+03 5.240000000000000000e+03 2.620000000000000000e+03 2.480000000000000000e+03
1.019018680000000000e+08 5.630000000000000000e+03 5.230000000000000000e+03 2.620000000000000000e+03 2.480000000000000000e+03
1.019020760000000000e+08 5.610000000000000000e+03 5.230000000000000000e+03 2.620000000000000000e+03 2.470000000000000000e+03
1.019022830000000000e+08 5.600000000000000000e+03 5.230000000000000000e+03 2.630000000000000000e+03 2.470000000000000000e+03
1.019024930000000000e+08 5.600000000000000000e+03 5.230000000000000000e+03 2.630000000000000000e+03 2.480000000000000000e+03
1.019027000000000000e+08 5.620000000000000000e+03 5.240000000000000000e+03 2.630000000000000000e+03 2.470000000000000000e+03
1.019029080000000000e+08 5.660000000000000000e+03 5.240000000000000000e+03 2.630000000000000000e+03 2.470000000000000000e+03
1.019031160000000000e+08 5.640000000000000000e+03 5.250000000000000000e+03 2.640000000000000000e+03 2.480000000000000000e+03
1.019033240000000000e+08 5.630000000000000000e+03 5.260000000000000000e+03 2.640000000000000000e+03 2.480000000000000000e+03
1.019035320000000000e+08 5.610000000000000000e+03 5.260000000000000000e+03 2.640000000000000000e+03 2.480000000000000000e+03
1.019037400000000000e+08 5.610000000000000000e+03 5.260000000000000000e+03 2.640000000000000000e+03 2.480000000000000000e+03
1.019039320000000000e+08 5.650000000000000000e+03 5.250000000000000000e+03 2.640000000000000000e+03 2.470000000000000000e+03
1.019041400000000000e+08 5.640000000000000000e+03 5.250000000000000000e+03 2.650000000000000000e+03 2.470000000000000000e+03
1.019043480000000000e+08 5.600000000000000000e+03 5.240000000000000000e+03 2.650000000000000000e+03 2.470000000000000000e+03
1.019045560000000000e+08 5.660000000000000000e+03 5.240000000000000000e+03 2.650000000000000000e+03 2.470000000000000000e+03
1.019047640000000000e+08 5.640000000000000000e+03 5.250000000000000000e+03 2.650000000000000000e+03 2.470000000000000000e+03
1.019049720000000000e+08 5.620000000000000000e+03 5.250000000000000000e+03 2.650000000000000000e+03 2.460000000000000000e+03
1.019051800000000000e+08 5.140000000000000000e+03 5.250000000000000000e+03 3.130000000000000000e+03 2.460000000000000000e+03
1.019053880000000000e+08 5.140000000000000000e+03 5.250000000000000000e+03 3.140000000000000000e+03 2.460000000000000000e+03
1.019055960000000000e+08 5.140000000000000000e+03 5.230000000000000000e+03 3.140000000000000000e+03 2.480000000000000000e+03
1.019058040000000000e+08 5.150000000000000000e+03 5.210000000000000000e+03 3.180000000000000000e+03 2.480000000000000000e+03
1.019060120000000000e+08 5.150000000000000000e+03 5.210000000000000000e+03 3.110000000000000000e+03 2.480000000000000000e+03
1.019062190000000000e+08 5.140000000000000000e+03 5.210000000000000000e+03 3.160000000000000000e+03 2.460000000000000000e+03
1.019064280000000000e+08 5.140000000000000000e+03 5.210000000000000000e+03 3.110000000000000000e+03 2.470000000000000000e+03
1.019066350000000000e+08 5.140000000000000000e+03 5.240000000000000000e+03 3.100000000000000000e+03 2.470000000000000000e+03
1.019068430000000000e+08 5.130000000000000000e+03 5.260000000000000000e+03 3.100000000000000000e+03 2.470000000000000000e+03
1.019070510000000000e+08 5.130000000000000000e+03 5.270000000000000000e+03 3.160000000000000000e+03 2.460000000000000000e+03
1.019072590000000000e+08 5.120000000000000000e+03 5.270000000000000000e+03 3.100000000000000000e+03 2.470000000000000000e+03
1.019074510000000000e+08 5.120000000000000000e+03 5.260000000000000000e+03 3.100000000000000000e+03 2.470000000000000000e+03
1.019076590000000000e+08 5.130000000000000000e+03 5.250000000000000000e+03 3.160000000000000000e+03 2.480000000000000000e+03
1.019078660000000000e+08 5.140000000000000000e+03 5.250000000000000000e+03 3.160000000000000000e+03 2.470000000000000000e+03
1.019080750000000000e+08 5.150000000000000000e+03 5.260000000000000000e+03 3.160000000000000000e+03 2.460000000000000000e+03
1.019082830000000000e+08 5.150000000000000000e+03 5.260000000000000000e+03 3.140000000000000000e+03 2.460000000000000000e+03
1.019084910000000000e+08 5.150000000000000000e+03 5.260000000000000000e+03 3.130000000000000000e+03 2.470000000000000000e+03
1.019086980000000000e+08 5.150000000000000000e+03 5.250000000000000000e+03 3.140000000000000000e+03 2.470000000000000000e+03
1.019089070000000000e+08 5.150000000000000000e+03 5.250000000000000000e+03 3.160000000000000000e+03 2.480000000000000000e+03
1.019091150000000000e+08 5.150000000000000000e+03 5.260000000000000000e+03 3.120000000000000000e+03 2.490000000000000000e+03
1.019093230000000000e+08 5.150000000000000000e+03 5.260000000000000000e+03 3.160000000000000000e+03 2.490000000000000000e+03
1.019095310000000000e+08 5.150000000000000000e+03 5.260000000000000000e+03 3.180000000000000000e+03 2.470000000000000000e+03
1.019097380000000000e+08 5.150000000000000000e+03 5.250000000000000000e+03 3.140000000000000000e+03 2.480000000000000000e+03
1.019099470000000000e+08 5.150000000000000000e+03 5.250000000000000000e+03 3.170000000000000000e+03 2.480000000000000000e+03
1.019101550000000000e+08 5.150000000000000000e+03 5.250000000000000000e+03 3.110000000000000000e+03 2.470000000000000000e+03
1.019103630000000000e+08 5.150000000000000000e+03 5.250000000000000000e+03 3.100000000000000000e+03 2.480000000000000000e+03
1.019105700000000000e+08 5.150000000000000000e+03 5.250000000000000000e+03 3.160000000000000000e+03 2.470000000000000000e+03
1.019107620000000000e+08 5.150000000000000000e+03 5.240000000000000000e+03 3.090000000000000000e+03 2.460000000000000000e+03
1.019109700000000000e+08 5.150000000000000000e+03 5.230000000000000000e+03 3.130000000000000000e+03 2.460000000000000000e+03
1.019111780000000000e+08 5.150000000000000000e+03 5.240000000000000000e+03 3.110000000000000000e+03 2.470000000000000000e+03
1.019113860000000000e+08 5.150000000000000000e+03 5.250000000000000000e+03 3.160000000000000000e+03 2.470000000000000000e+03
1.019115940000000000e+08 5.150000000000000000e+03 5.240000000000000000e+03 3.120000000000000000e+03 2.480000000000000000e+03
1.019118020000000000e+08 5.150000000000000000e+03 5.240000000000000000e+03 3.110000000000000000e+03 2.480000000000000000e+03
1.019120100000000000e+08 5.150000000000000000e+03 5.240000000000000000e+03 3.140000000000000000e+03 2.470000000000000000e+03
1.019122180000000000e+08 5.150000000000000000e+03 5.230000000000000000e+03 3.180000000000000000e+03 2.480000000000000000e+03
1.019124260000000000e+08 5.150000000000000000e+03 5.210000000000000000e+03 3.110000000000000000e+03 2.470000000000000000e+03
1.019126340000000000e+08 5.150000000000000000e+03 5.210000000000000000e+03 3.170000000000000000e+03 2.480000000000000000e+03
1.019128420000000000e+08 5.140000000000000000e+03 5.210000000000000000e+03 3.170000000000000000e+03 2.470000000000000000e+03
1.019130500000000000e+08 5.140000000000000000e+03 5.240000000000000000e+03 3.130000000000000000e+03 2.470000000000000000e+03
1.019132580000000000e+08 5.140000000000000000e+03 5.240000000000000000e+03 3.130000000000000000e+03 2.480000000000000000e+03
1.019134650000000000e+08 5.140000000000000000e+03 5.240000000000000000e+03 3.130000000000000000e+03 2.470000000000000000e+03
1.019136730000000000e+08 5.140000000000000000e+03 5.240000000000000000e+03 3.110000000000000000e+03 2.480000000000000000e+03
1.019138820000000000e+08 5.140000000000000000e+03 5.240000000000000000e+03 3.120000000000000000e+03 2.470000000000000000e+03
1.019140900000000000e+08 5.150000000000000000e+03 5.260000000000000000e+03 3.160000000000000000e+03 2.480000000000000000e+03
1.019142810000000000e+08 5.150000000000000000e+03 5.250000000000000000e+03 3.150000000000000000e+03 2.470000000000000000e+03
1.019144900000000000e+08 5.150000000000000000e+03 5.250000000000000000e+03 3.120000000000000000e+03 2.490000000000000000e+03
1.019146970000000000e+08 5.150000000000000000e+03 5.250000000000000000e+03 3.140000000000000000e+03 2.490000000000000000e+03
1.019149060000000000e+08 5.150000000000000000e+03 5.240000000000000000e+03 3.090000000000000000e+03 2.480000000000000000e+03
1.019151130000000000e+08 5.160000000000000000e+03 5.230000000000000000e+03 3.090000000000000000e+03 2.470000000000000000e+03
1.019153210000000000e+08 5.160000000000000000e+03 5.230000000000000000e+03 3.130000000000000000e+03 2.460000000000000000e+03
1.019155290000000000e+08 5.150000000000000000e+03 5.230000000000000000e+03 3.120000000000000000e+03 2.460000000000000000e+03
1.019157370000000000e+08 5.150000000000000000e+03 5.230000000000000000e+03 3.150000000000000000e+03 2.470000000000000000e+03
1.019159450000000000e+08 5.150000000000000000e+03 5.230000000000000000e+03 3.090000000000000000e+03 2.480000000000000000e+03
1.019161530000000000e+08 5.150000000000000000e+03 5.210000000000000000e+03 3.110000000000000000e+03 2.480000000000000000e+03
1.019163610000000000e+08 5.150000000000000000e+03 5.230000000000000000e+03 3.110000000000000000e+03 2.500000000000000000e+03
1.019165690000000000e+08 5.150000000000000000e+03 5.210000000000000000e+03 3.150000000000000000e+03 2.500000000000000000e+03
1.019167770000000000e+08 5.150000000000000000e+03 5.210000000000000000e+03 3.150000000000000000e+03 2.520000000000000000e+03
1.019169850000000000e+08 5.150000000000000000e+03 5.210000000000000000e+03 3.090000000000000000e+03 2.500000000000000000e+03
1.019171930000000000e+08 5.150000000000000000e+03 5.210000000000000000e+03 3.130000000000000000e+03 2.510000000000000000e+03
1.019174010000000000e+08 5.150000000000000000e+03 5.210000000000000000e+03 3.150000000000000000e+03 2.500000000000000000e+03
1.019175930000000000e+08 5.130000000000000000e+03 5.210000000000000000e+03 3.130000000000000000e+03 2.520000000000000000e+03
1.019178010000000000e+08 5.120000000000000000e+03 5.210000000000000000e+03 3.080000000000000000e+03 2.510000000000000000e+03
1.019180090000000000e+08 5.120000000000000000e+03 5.210000000000000000e+03 3.140000000000000000e+03 2.510000000000000000e+03
1.019182170000000000e+08 5.120000000000000000e+03 5.210000000000000000e+03 3.150000000000000000e+03 2.520000000000000000e+03
1.019184240000000000e+08 5.120000000000000000e+03 5.210000000000000000e+03 3.090000000000000000e+03 2.530000000000000000e+03
1.019192560000000000e+08 5.120000000000000000e+03 5.230000000000000000e+03 3.150000000000000000e+03 2.530000000000000000e+03
1.019194650000000000e+08 5.130000000000000000e+03 5.230000000000000000e+03 3.150000000000000000e+03 2.520000000000000000e+03
1.019196720000000000e+08 5.120000000000000000e+03 5.230000000000000000e+03 3.130000000000000000e+03 2.510000000000000000e+03
1.019198800000000000e+08 5.130000000000000000e+03 5.230000000000000000e+03 3.110000000000000000e+03 2.530000000000000000e+03
1.019200880000000000e+08 5.130000000000000000e+03 5.210000000000000000e+03 3.110000000000000000e+03 2.510000000000000000e+03
1.019203090000000000e+08 5.140000000000000000e+03 5.210000000000000000e+03 3.150000000000000000e+03 2.510000000000000000e+03
1.019205040000000000e+08 5.140000000000000000e+03 5.210000000000000000e+03 3.130000000000000000e+03 2.500000000000000000e+03
1.019207120000000000e+08 5.140000000000000000e+03 5.210000000000000000e+03 3.090000000000000000e+03 2.510000000000000000e+03
1.019209200000000000e+08 5.130000000000000000e+03 5.210000000000000000e+03 3.110000000000000000e+03 2.520000000000000000e+03
