1.026216690000000000e+08 3.530000000000000000e+03 2.360000000000000000e+03 5.030000000000000000e+03 4.480000000000000000e+03
1.026218780000000000e+08 3.540000000000000000e+03 2.360000000000000000e+03 5.030000000000000000e+03 4.480000000000000000e+03
1.026220860000000000e+08 3.590000000000000000e+03 2.360000000000000000e+03 5.020000000000000000e+03 4.480000000000000000e+03
1.026222940000000000e+08 3.540000000000000000e+03 2.350000000000000000e+03 5.030000000000000000e+03 4.480000000000000000e+03
1.026225020000000000e+08 3.540000000000000000e+03 2.360000000000000000e+03 5.030000000000000000e+03 4.480000000000000000e+03
1.026227100000000000e+08 3.580000000000000000e+03 2.370000000000000000e+03 5.030000000000000000e+03 4.470000000000000000e+03
1.026229180000000000e+08 3.550000000000000000e+03 2.370000000000000000e+03 5.030000000000000000e+03 4.470000000000000000e+03
1.026231260000000000e+08 3.550000000000000000e+03 2.380000000000000000e+03 5.020000000000000000e+03 4.470000000000000000e+03
1.026233340000000000e+08 3.590000000000000000e+03 2.390000000000000000e+03 5.020000000000000000e+03 4.470000000000000000e+03
1.026237490000000000e+08 3.550000000000000000e+03 2.380000000000000000e+03 5.030000000000000000e+03 4.470000000000000000e+03
1.026239420000000000e+08 3.590000000000000000e+03 2.370000000000000000e+03 5.030000000000000000e+03 4.480000000000000000e+03
1.026241490000000000e+08 3.510000000000000000e+03 2.380000000000000000e+03 5.020000000000000000e+03 4.480000000000000000e+03
1.026243580000000000e+08 3.540000000000000000e+03 2.380000000000000000e+03 5.030000000000000000e+03 4.470000000000000000e+03
1.026245660000000000e+08 3.530000000000000000e+03 2.380000000000000000e+03 5.030000000000000000e+03 4.470000000000000000e+03
1.026247740000000000e+08 3.550000000000000000e+03 2.380000000000000000e+03 5.030000000000000000e+03 4.460000000000000000e+03
1.026249810000000000e+08 3.570000000000000000e+03 2.370000000000000000e+03 5.030000000000000000e+03 4.450000000000000000e+03
1.026251900000000000e+08 3.570000000000000000e+03 2.370000000000000000e+03 5.030000000000000000e+03 4.450000000000000000e+03
1.026253980000000000e+08 3.550000000000000000e+03 2.360000000000000000e+03 5.020000000000000000e+03 4.450000000000000000e+03
1.026256050000000000e+08 3.550000000000000000e+03 2.360000000000000000e+03 5.020000000000000000e+03 4.450000000000000000e+03
1.026258130000000000e+08 3.590000000000000000e+03 2.380000000000000000e+03 5.030000000000000000e+03 4.460000000000000000e+03
1.026260210000000000e+08 3.560000000000000000e+03 2.380000000000000000e+03 5.040000000000000000e+03 4.460000000000000000e+03
1.026262290000000000e+08 3.550000000000000000e+03 2.380000000000000000e+03 5.040000000000000000e+03 4.460000000000000000e+03
1.026264370000000000e+08 3.590000000000000000e+03 2.370000000000000000e+03 5.040000000000000000e+03 4.460000000000000000e+03
1.026266450000000000e+08 3.590000000000000000e+03 2.370000000000000000e+03 5.040000000000000000e+03 4.460000000000000000e+03
1.026268530000000000e+08 3.580000000000000000e+03 2.370000000000000000e+03 5.040000000000000000e+03 4.460000000000000000e+03
1.026270610000000000e+08 3.600000000000000000e+03 2.370000000000000000e+03 5.030000000000000000e+03 4.450000000000000000e+03
1.026272550000000000e+08 3.540000000000000000e+03 2.370000000000000000e+03 5.020000000000000000e+03 4.450000000000000000e+03
1.026274610000000000e+08 3.590000000000000000e+03 2.380000000000000000e+03 5.020000000000000000e+03 4.460000000000000000e+03
1.026276690000000000e+08 3.530000000000000000e+03 2.370000000000000000e+03 5.020000000000000000e+03 4.450000000000000000e+03
1.026278770000000000e+08 3.570000000000000000e+03 2.370000000000000000e+03 5.020000000000000000e+03 4.450000000000000000e+03
1.026280850000000000e+08 3.560000000000000000e+03 2.360000000000000000e+03 5.030000000000000000e+03 4.450000000000000000e+03
1.026282930000000000e+08 3.590000000000000000e+03 2.360000000000000000e+03 5.030000000000000000e+03 4.450000000000000000e+03
1.026285010000000000e+08 3.540000000000000000e+03 2.360000000000000000e+03 5.030000000000000000e+03 4.450000000000000000e+03
1.026287090000000000e+08 3.520000000000000000e+03 2.360000000000000000e+03 5.020000000000000000e+03 4.450000000000000000e+03
1.026289160000000000e+08 3.530000000000000000e+03 2.360000000000000000e+03 5.010000000000000000e+03 4.460000000000000000e+03
1.026293330000000000e+08 3.520000000000000000e+03 2.360000000000000000e+03 5.010000000000000000e+03 4.450000000000000000e+03
1.026295400000000000e+08 3.590000000000000000e+03 2.360000000000000000e+03 5.020000000000000000e+03 4.450000000000000000e+03
1.026297320000000000e+08 3.550000000000000000e+03 2.350000000000000000e+03 5.030000000000000000e+03 4.450000000000000000e+03
1.026299410000000000e+08 3.580000000000000000e+03 2.350000000000000000e+03 5.030000000000000000e+03 4.450000000000000000e+03
1.026301490000000000e+08 3.590000000000000000e+03 2.360000000000000000e+03 5.030000000000000000e+03 4.450000000000000000e+03
1.026303560000000000e+08 3.580000000000000000e+03 2.360000000000000000e+03 5.030000000000000000e+03 4.450000000000000000e+03
1.026305640000000000e+08 3.530000000000000000e+03 2.360000000000000000e+03 5.030000000000000000e+03 4.440000000000000000e+03
1.026307720000000000e+08 3.540000000000000000e+03 2.360000000000000000e+03 5.020000000000000000e+03 4.450000000000000000e+03
1.026309800000000000e+08 3.550000000000000000e+03 2.360000000000000000e+03 5.020000000000000000e+03 4.450000000000000000e+03
1.026311880000000000e+08 3.600000000000000000e+03 2.360000000000000000e+03 5.020000000000000000e+03 4.450000000000000000e+03
1.026313960000000000e+08 3.600000000000000000e+03 2.370000000000000000e+03 5.020000000000000000e+03 4.450000000000000000e+03
1.026316040000000000e+08 3.540000000000000000e+03 2.360000000000000000e+03 5.020000000000000000e+03 4.450000000000000000e+03
1.026318120000000000e+08 3.570000000000000000e+03 2.350000000000000000e+03 5.020000000000000000e+03 4.460000000000000000e+03
1.026320200000000000e+08 3.550000000000000000e+03 2.350000000000000000e+03 5.020000000000000000e+03 4.460000000000000000e+03
1.026322280000000000e+08 3.570000000000000000e+03 2.350000000000000000e+03 5.020000000000000000e+03 4.450000000000000000e+03
1.026324360000000000e+08 3.550000000000000000e+03 2.350000000000000000e+03 5.020000000000000000e+03 4.450000000000000000e+03
1.026326440000000000e+08 3.580000000000000000e+03 2.340000000000000000e+03 5.020000000000000000e+03 4.450000000000000000e+03
1.026328520000000000e+08 3.590000000000000000e+03 2.350000000000000000e+03 5.020000000000000000e+03 4.450000000000000000e+03
1.026330610000000000e+08 3.560000000000000000e+03 2.360000000000000000e+03 5.020000000000000000e+03 4.450000000000000000e+03
1.026332680000000000e+08 3.550000000000000000e+03 2.360000000000000000e+03 5.020000000000000000e+03 4.450000000000000000e+03
1.026334590000000000e+08 3.550000000000000000e+03 2.360000000000000000e+03 5.020000000000000000e+03 4.450000000000000000e+03
1.026336670000000000e+08 3.530000000000000000e+03 2.360000000000000000e+03 5.020000000000000000e+03 4.450000000000000000e+03
1.026338750000000000e+08 3.540000000000000000e+03 2.360000000000000000e+03 5.020000000000000000e+03 4.450000000000000000e+03
1.026340830000000000e+08 3.580000000000000000e+03 2.360000000000000000e+03 5.020000000000000000e+03 4.450000000000000000e+03
1.026342910000000000e+08 3.530000000000000000e+03 2.370000000000000000e+03 5.020000000000000000e+03 4.450000000000000000e+03
1.026345000000000000e+08 3.550000000000000000e+03 2.370000000000000000e+03 5.010000000000000000e+03 4.450000000000000000e+03
1.026347070000000000e+08 3.550000000000000000e+03 2.370000000000000000e+03 5.020000000000000000e+03 4.450000000000000000e+03
1.026349150000000000e+08 3.530000000000000000e+03 2.370000000000000000e+03 5.020000000000000000e+03 4.450000000000000000e+03
1.026351220000000000e+08 3.540000000000000000e+03 2.360000000000000000e+03 5.010000000000000000e+03 4.450000000000000000e+03
1.026353310000000000e+08 3.510000000000000000e+03 2.370000000000000000e+03 5.020000000000000000e+03 4.450000000000000000e+03
1.026355390000000000e+08 3.570000000000000000e+03 2.380000000000000000e+03 5.020000000000000000e+03 4.450000000000000000e+03
1.026357470000000000e+08 3.490000000000000000e+03 2.380000000000000000e+03 5.010000000000000000e+03 4.460000000000000000e+03
1.026359550000000000e+08 3.520000000000000000e+03 2.370000000000000000e+03 5.010000000000000000e+03 4.460000000000000000e+03
1.026361630000000000e+08 3.550000000000000000e+03 2.360000000000000000e+03 5.010000000000000000e+03 4.460000000000000000e+03
1.026363710000000000e+08 3.520000000000000000e+03 2.350000000000000000e+03 5.020000000000000000e+03 4.460000000000000000e+03
1.026365790000000000e+08 3.590000000000000000e+03 2.350000000000000000e+03 5.020000000000000000e+03 4.460000000000000000e+03
1.026367870000000000e+08 3.540000000000000000e+03 2.350000000000000000e+03 5.020000000000000000e+03 4.460000000000000000e+03
1.026369940000000000e+08 3.580000000000000000e+03 2.360000000000000000e+03 5.020000000000000000e+03 4.460000000000000000e+03
1.026372030000000000e+08 3.510000000000000000e+03 2.360000000000000000e+03 5.020000000000000000e+03 4.460000000000000000e+03
1.026373950000000000e+08 3.580000000000000000e+03 2.370000000000000000e+03 5.020000000000000000e+03 4.460000000000000000e+03
1.026376030000000000e+08 3.050000000000000000e+03 2.370000000000000000e+03 5.500000000000000000e+03 4.460000000000000000e+03
1.026378110000000000e+08 3.060000000000000000e+03 2.370000000000000000e+03 5.480000000000000000e+03 4.460000000000000000e+03
1.026380180000000000e+08 3.050000000000000000e+03 2.360000000000000000e+03 5.480000000000000000e+03 4.450000000000000000e+03
1.026382270000000000e+08 3.070000000000000000e+03 2.360000000000000000e+03 5.500000000000000000e+03 4.460000000000000000e+03
1.026384350000000000e+08 3.070000000000000000e+03 2.360000000000000000e+03 5.520000000000000000e+03 4.460000000000000000e+03
1.026386420000000000e+08 3.070000000000000000e+03 2.370000000000000000e+03 5.530000000000000000e+03 4.460000000000000000e+03
1.026388500000000000e+08 3.070000000000000000e+03 2.380000000000000000e+03 5.480000000000000000e+03 4.460000000000000000e+03
1.026390580000000000e+08 3.070000000000000000e+03 2.370000000000000000e+03 5.540000000000000000e+03 4.460000000000000000e+03
1.026392660000000000e+08 3.060000000000000000e+03 2.350000000000000000e+03 5.500000000000000000e+03 4.460000000000000000e+03
1.026394740000000000e+08 3.070000000000000000e+03 2.360000000000000000e+03 5.510000000000000000e+03 4.460000000000000000e+03
1.026396820000000000e+08 3.070000000000000000e+03 2.350000000000000000e+03 5.490000000000000000e+03 4.460000000000000000e+03
1.026398900000000000e+08 3.060000000000000000e+03 2.350000000000000000e+03 5.480000000000000000e+03 4.460000000000000000e+03
1.026400980000000000e+08 3.060000000000000000e+03 2.350000000000000000e+03 5.520000000000000000e+03 4.460000000000000000e+03
1.026403060000000000e+08 3.060000000000000000e+03 2.360000000000000000e+03 5.530000000000000000e+03 4.460000000000000000e+03
1.026405140000000000e+08 3.070000000000000000e+03 2.350000000000000000e+03 5.510000000000000000e+03 4.460000000000000000e+03
1.026407220000000000e+08 3.070000000000000000e+03 2.350000000000000000e+03 5.530000000000000000e+03 4.450000000000000000e+03
1.026409300000000000e+08 3.070000000000000000e+03 2.360000000000000000e+03 5.470000000000000000e+03 4.450000000000000000e+03
1.026411380000000000e+08 3.070000000000000000e+03 2.350000000000000000e+03 5.510000000000000000e+03 4.450000000000000000e+03
1.026413460000000000e+08 3.050000000000000000e+03 2.350000000000000000e+03 5.540000000000000000e+03 4.450000000000000000e+03
1.026415540000000000e+08 3.050000000000000000e+03 2.360000000000000000e+03 5.540000000000000000e+03 4.450000000000000000e+03
1.026417620000000000e+08 3.050000000000000000e+03 2.360000000000000000e+03 5.500000000000000000e+03 4.450000000000000000e+03
1.026419700000000000e+08 3.050000000000000000e+03 2.350000000000000000e+03 5.550000000000000000e+03 4.460000000000000000e+03
1.026421780000000000e+08 3.050000000000000000e+03 2.350000000000000000e+03 5.490000000000000000e+03 4.460000000000000000e+03
1.026423860000000000e+08 3.070000000000000000e+03 2.350000000000000000e+03 5.520000000000000000e+03 4.450000000000000000e+03
1.026425940000000000e+08 3.080000000000000000e+03 2.350000000000000000e+03 5.540000000000000000e+03 4.460000000000000000e+03
1.026427860000000000e+08 3.080000000000000000e+03 2.350000000000000000e+03 5.520000000000000000e+03 4.460000000000000000e+03
1.026429930000000000e+08 3.070000000000000000e+03 2.350000000000000000e+03 5.540000000000000000e+03 4.460000000000000000e+03
1.026432010000000000e+08 3.080000000000000000e+03 2.360000000000000000e+03 5.520000000000000000e+03 4.460000000000000000e+03
1.026434090000000000e+08 3.080000000000000000e+03 2.350000000000000000e+03 5.540000000000000000e+03 4.470000000000000000e+03
1.026436170000000000e+08 3.080000000000000000e+03 2.360000000000000000e+03 5.500000000000000000e+03 4.460000000000000000e+03
1.026438250000000000e+08 3.080000000000000000e+03 2.360000000000000000e+03 5.500000000000000000e+03 4.460000000000000000e+03
1.026440320000000000e+08 3.080000000000000000e+03 2.360000000000000000e+03 5.500000000000000000e+03 4.460000000000000000e+03
1.026442410000000000e+08 3.090000000000000000e+03 2.360000000000000000e+03 5.520000000000000000e+03 4.460000000000000000e+03
1.026444490000000000e+08 3.090000000000000000e+03 2.370000000000000000e+03 5.520000000000000000e+03 4.450000000000000000e+03
1.026446570000000000e+08 3.090000000000000000e+03 2.360000000000000000e+03 5.490000000000000000e+03 4.440000000000000000e+03
1.026448640000000000e+08 3.080000000000000000e+03 2.370000000000000000e+03 5.470000000000000000e+03 4.440000000000000000e+03
1.026450730000000000e+08 3.080000000000000000e+03 2.360000000000000000e+03 5.470000000000000000e+03 4.440000000000000000e+03
1.026452810000000000e+08 3.080000000000000000e+03 2.350000000000000000e+03 5.470000000000000000e+03 4.440000000000000000e+03
1.026454890000000000e+08 3.080000000000000000e+03 2.350000000000000000e+03 5.480000000000000000e+03 4.440000000000000000e+03
1.026456970000000000e+08 3.070000000000000000e+03 2.360000000000000000e+03 5.540000000000000000e+03 4.440000000000000000e+03
1.026459050000000000e+08 3.070000000000000000e+03 2.360000000000000000e+03 5.480000000000000000e+03 4.450000000000000000e+03
1.026460960000000000e+08 3.080000000000000000e+03 2.370000000000000000e+03 5.540000000000000000e+03 4.450000000000000000e+03
1.026463050000000000e+08 3.070000000000000000e+03 2.380000000000000000e+03 5.480000000000000000e+03 4.460000000000000000e+03
1.026465130000000000e+08 3.070000000000000000e+03 2.360000000000000000e+03 5.480000000000000000e+03 4.460000000000000000e+03
1.026467210000000000e+08 3.060000000000000000e+03 2.350000000000000000e+03 5.500000000000000000e+03 4.460000000000000000e+03
1.026469280000000000e+08 3.060000000000000000e+03 2.340000000000000000e+03 5.480000000000000000e+03 4.450000000000000000e+03
1.026471360000000000e+08 3.060000000000000000e+03 2.340000000000000000e+03 5.480000000000000000e+03 4.450000000000000000e+03
1.026473440000000000e+08 3.060000000000000000e+03 2.350000000000000000e+03 5.480000000000000000e+03 4.460000000000000000e+03
1.026475510000000000e+08 3.060000000000000000e+03 2.360000000000000000e+03 5.510000000000000000e+03 4.460000000000000000e+03
1.026477600000000000e+08 3.070000000000000000e+03 2.360000000000000000e+03 5.510000000000000000e+03 4.450000000000000000e+03
1.026479680000000000e+08 3.060000000000000000e+03 2.360000000000000000e+03 5.510000000000000000e+03 4.450000000000000000e+03
1.026481760000000000e+08 3.070000000000000000e+03 2.370000000000000000e+03 5.550000000000000000e+03 4.450000000000000000e+03
1.026483830000000000e+08 3.070000000000000000e+03 2.360000000000000000e+03 5.530000000000000000e+03 4.450000000000000000e+03
1.026485920000000000e+08 3.070000000000000000e+03 2.370000000000000000e+03 5.480000000000000000e+03 4.450000000000000000e+03
1.026487990000000000e+08 3.060000000000000000e+03 2.370000000000000000e+03 5.500000000000000000e+03 4.450000000000000000e+03
1.026490080000000000e+08 3.060000000000000000e+03 2.370000000000000000e+03 5.540000000000000000e+03 4.450000000000000000e+03
1.026492160000000000e+08 3.070000000000000000e+03 2.380000000000000000e+03 5.480000000000000000e+03 4.450000000000000000e+03
1.026494240000000000e+08 3.070000000000000000e+03 2.370000000000000000e+03 5.480000000000000000e+03 4.450000000000000000e+03
1.026496320000000000e+08 3.070000000000000000e+03 2.380000000000000000e+03 5.540000000000000000e+03 4.450000000000000000e+03
1.026498390000000000e+08 3.080000000000000000e+03 2.380000000000000000e+03 5.500000000000000000e+03 4.460000000000000000e+03
1.026500480000000000e+08 3.070000000000000000e+03 2.390000000000000000e+03 5.480000000000000000e+03 4.460000000000000000e+03
1.026502560000000000e+08 3.070000000000000000e+03 2.390000000000000000e+03 5.480000000000000000e+03 4.460000000000000000e+03
1.026504470000000000e+08 3.060000000000000000e+03 2.390000000000000000e+03 5.480000000000000000e+03 4.470000000000000000e+03
1.026506550000000000e+08 3.060000000000000000e+03 2.370000000000000000e+03 5.540000000000000000e+03 4.470000000000000000e+03
1.026508640000000000e+08 3.050000000000000000e+03 2.370000000000000000e+03 5.480000000000000000e+03 4.470000000000000000e+03
1.026510710000000000e+08 3.050000000000000000e+03 2.380000000000000000e+03 5.480000000000000000e+03 4.470000000000000000e+03
1.026512790000000000e+08 3.060000000000000000e+03 2.370000000000000000e+03 5.520000000000000000e+03 4.470000000000000000e+03
1.026514870000000000e+08 3.060000000000000000e+03 2.370000000000000000e+03 5.490000000000000000e+03 4.470000000000000000e+03
1.026516950000000000e+08 3.060000000000000000e+03 2.370000000000000000e+03 5.510000000000000000e+03 4.470000000000000000e+03
1.026519030000000000e+08 3.060000000000000000e+03 2.360000000000000000e+03 5.500000000000000000e+03 4.470000000000000000e+03
1.026521110000000000e+08 3.060000000000000000e+03 2.360000000000000000e+03 5.490000000000000000e+03 4.470000000000000000e+03
1.026523190000000000e+08 3.070000000000000000e+03 2.360000000000000000e+03 5.550000000000000000e+03 4.470000000000000000e+03
1.026525270000000000e+08 3.070000000000000000e+03 2.370000000000000000e+03 5.510000000000000000e+03 4.470000000000000000e+03
1.026527350000000000e+08 3.070000000000000000e+03 2.360000000000000000e+03 5.530000000000000000e+03 4.470000000000000000e+03
1.026529430000000000e+08 3.060000000000000000e+03 2.370000000000000000e+03 5.540000000000000000e+03 4.470000000000000000e+03
1.026531500000000000e+08 3.060000000000000000e+03 2.370000000000000000e+03 5.500000000000000000e+03 4.470000000000000000e+03
1.026533580000000000e+08 3.070000000000000000e+03 2.370000000000000000e+03 5.510000000000000000e+03 4.470000000000000000e+03
