1.033013690000000000e+08 5.360000000000000000e+03 3.910000000000000000e+03 3.770000000000000000e+03 2.060000000000000000e+03
1.033015770000000000e+08 5.360000000000000000e+03 3.910000000000000000e+03 3.780000000000000000e+03 2.040000000000000000e+03
1.033017860000000000e+08 5.360000000000000000e+03 3.910000000000000000e+03 3.770000000000000000e+03 2.060000000000000000e+03
1.033019930000000000e+08 5.360000000000000000e+03 3.900000000000000000e+03 3.770000000000000000e+03 2.060000000000000000e+03
1.033022010000000000e+08 5.400000000000000000e+03 3.920000000000000000e+03 3.770000000000000000e+03 2.060000000000000000e+03
1.033024090000000000e+08 5.400000000000000000e+03 3.930000000000000000e+03 3.770000000000000000e+03 2.050000000000000000e+03
1.033026170000000000e+08 5.370000000000000000e+03 3.940000000000000000e+03 3.770000000000000000e+03 2.050000000000000000e+03
1.033028250000000000e+08 5.370000000000000000e+03 3.950000000000000000e+03 3.770000000000000000e+03 2.060000000000000000e+03
1.033030330000000000e+08 5.350000000000000000e+03 3.940000000000000000e+03 3.770000000000000000e+03 2.060000000000000000e+03
1.033032410000000000e+08 5.350000000000000000e+03 3.930000000000000000e+03 3.770000000000000000e+03 2.080000000000000000e+03
1.033034490000000000e+08 5.390000000000000000e+03 3.930000000000000000e+03 3.770000000000000000e+03 2.070000000000000000e+03
1.033036570000000000e+08 5.390000000000000000e+03 3.930000000000000000e+03 3.770000000000000000e+03 2.060000000000000000e+03
1.033038650000000000e+08 5.390000000000000000e+03 3.920000000000000000e+03 3.770000000000000000e+03 2.070000000000000000e+03
1.033040730000000000e+08 5.370000000000000000e+03 3.930000000000000000e+03 3.770000000000000000e+03 2.060000000000000000e+03
1.033042810000000000e+08 5.360000000000000000e+03 3.930000000000000000e+03 3.770000000000000000e+03 2.050000000000000000e+03
1.033044890000000000e+08 5.350000000000000000e+03 3.930000000000000000e+03 3.770000000000000000e+03 2.060000000000000000e+03
1.033046800000000000e+08 5.360000000000000000e+03 3.920000000000000000e+03 3.770000000000000000e+03 2.050000000000000000e+03
1.033048880000000000e+08 5.390000000000000000e+03 3.920000000000000000e+03 3.770000000000000000e+03 2.050000000000000000e+03
1.033050970000000000e+08 5.390000000000000000e+03 3.900000000000000000e+03 3.770000000000000000e+03 2.050000000000000000e+03
1.033053040000000000e+08 5.370000000000000000e+03 3.910000000000000000e+03 3.770000000000000000e+03 2.050000000000000000e+03
1.033055120000000000e+08 5.370000000000000000e+03 3.900000000000000000e+03 3.770000000000000000e+03 2.060000000000000000e+03
1.033057200000000000e+08 5.370000000000000000e+03 3.890000000000000000e+03 3.770000000000000000e+03 2.070000000000000000e+03
1.033059280000000000e+08 5.340000000000000000e+03 3.900000000000000000e+03 3.770000000000000000e+03 2.080000000000000000e+03
1.033061360000000000e+08 5.350000000000000000e+03 3.890000000000000000e+03 3.770000000000000000e+03 2.090000000000000000e+03
1.033063440000000000e+08 5.340000000000000000e+03 3.890000000000000000e+03 3.770000000000000000e+03 2.090000000000000000e+03
1.033065520000000000e+08 5.350000000000000000e+03 3.890000000000000000e+03 3.770000000000000000e+03 2.080000000000000000e+03
1.033067600000000000e+08 5.410000000000000000e+03 3.880000000000000000e+03 3.770000000000000000e+03 2.110000000000000000e+03
1.033069680000000000e+08 5.340000000000000000e+03 3.870000000000000000e+03 3.770000000000000000e+03 2.110000000000000000e+03
1.033071760000000000e+08 5.340000000000000000e+03 3.900000000000000000e+03 3.770000000000000000e+03 2.080000000000000000e+03
1.033073840000000000e+08 5.360000000000000000e+03 3.910000000000000000e+03 3.770000000000000000e+03 2.070000000000000000e+03
1.033075920000000000e+08 5.360000000000000000e+03 3.900000000000000000e+03 3.770000000000000000e+03 2.070000000000000000e+03
1.033078000000000000e+08 5.340000000000000000e+03 3.910000000000000000e+03 3.770000000000000000e+03 2.060000000000000000e+03
1.033079920000000000e+08 5.370000000000000000e+03 3.920000000000000000e+03 3.770000000000000000e+03 2.050000000000000000e+03
1.033082000000000000e+08 5.370000000000000000e+03 3.930000000000000000e+03 3.770000000000000000e+03 2.050000000000000000e+03
1.033084070000000000e+08 5.390000000000000000e+03 3.920000000000000000e+03 3.770000000000000000e+03 2.050000000000000000e+03
1.033086150000000000e+08 5.390000000000000000e+03 3.910000000000000000e+03 3.780000000000000000e+03 2.050000000000000000e+03
1.033088230000000000e+08 5.390000000000000000e+03 3.900000000000000000e+03 3.780000000000000000e+03 2.060000000000000000e+03
1.033090320000000000e+08 5.350000000000000000e+03 3.910000000000000000e+03 3.780000000000000000e+03 2.060000000000000000e+03
1.033092400000000000e+08 5.410000000000000000e+03 3.900000000000000000e+03 3.780000000000000000e+03 2.060000000000000000e+03
1.033094470000000000e+08 5.380000000000000000e+03 3.900000000000000000e+03 3.780000000000000000e+03 2.060000000000000000e+03
1.033096550000000000e+08 5.410000000000000000e+03 3.920000000000000000e+03 3.780000000000000000e+03 2.060000000000000000e+03
1.033098630000000000e+08 5.350000000000000000e+03 3.920000000000000000e+03 3.780000000000000000e+03 2.070000000000000000e+03
1.033100710000000000e+08 5.400000000000000000e+03 3.910000000000000000e+03 3.780000000000000000e+03 2.070000000000000000e+03
1.033102790000000000e+08 5.390000000000000000e+03 3.910000000000000000e+03 3.780000000000000000e+03 2.070000000000000000e+03
1.033104870000000000e+08 5.390000000000000000e+03 3.920000000000000000e+03 3.780000000000000000e+03 2.070000000000000000e+03
1.033106950000000000e+08 5.370000000000000000e+03 3.910000000000000000e+03 3.780000000000000000e+03 2.070000000000000000e+03
1.033109030000000000e+08 5.380000000000000000e+03 3.910000000000000000e+03 3.780000000000000000e+03 2.070000000000000000e+03
1.033111110000000000e+08 5.430000000000000000e+03 3.910000000000000000e+03 3.780000000000000000e+03 2.080000000000000000e+03
1.033113190000000000e+08 5.380000000000000000e+03 3.920000000000000000e+03 3.770000000000000000e+03 2.060000000000000000e+03
1.033115110000000000e+08 5.410000000000000000e+03 3.910000000000000000e+03 3.770000000000000000e+03 2.070000000000000000e+03
1.033117190000000000e+08 5.370000000000000000e+03 3.920000000000000000e+03 3.780000000000000000e+03 2.070000000000000000e+03
1.033119270000000000e+08 5.410000000000000000e+03 3.920000000000000000e+03 3.780000000000000000e+03 2.070000000000000000e+03
1.033121350000000000e+08 5.340000000000000000e+03 3.920000000000000000e+03 3.780000000000000000e+03 2.070000000000000000e+03
1.033123430000000000e+08 5.410000000000000000e+03 3.920000000000000000e+03 3.770000000000000000e+03 2.080000000000000000e+03
1.033125510000000000e+08 5.410000000000000000e+03 3.920000000000000000e+03 3.770000000000000000e+03 2.070000000000000000e+03
1.033127590000000000e+08 5.430000000000000000e+03 3.920000000000000000e+03 3.770000000000000000e+03 2.080000000000000000e+03
1.033129670000000000e+08 5.390000000000000000e+03 3.920000000000000000e+03 3.760000000000000000e+03 2.060000000000000000e+03
1.033131750000000000e+08 5.430000000000000000e+03 3.920000000000000000e+03 3.770000000000000000e+03 2.070000000000000000e+03
1.033133830000000000e+08 5.410000000000000000e+03 3.900000000000000000e+03 3.770000000000000000e+03 2.060000000000000000e+03
1.033135910000000000e+08 5.350000000000000000e+03 3.910000000000000000e+03 3.770000000000000000e+03 2.060000000000000000e+03
1.033137990000000000e+08 5.390000000000000000e+03 3.910000000000000000e+03 3.770000000000000000e+03 2.060000000000000000e+03
1.033140060000000000e+08 5.340000000000000000e+03 3.910000000000000000e+03 3.770000000000000000e+03 2.070000000000000000e+03
1.033142140000000000e+08 5.350000000000000000e+03 3.930000000000000000e+03 3.770000000000000000e+03 2.070000000000000000e+03
1.033144220000000000e+08 5.390000000000000000e+03 3.930000000000000000e+03 3.770000000000000000e+03 2.070000000000000000e+03
1.033146300000000000e+08 5.350000000000000000e+03 3.920000000000000000e+03 3.760000000000000000e+03 2.070000000000000000e+03
1.033148380000000000e+08 5.340000000000000000e+03 3.920000000000000000e+03 3.760000000000000000e+03 2.070000000000000000e+03
1.033150300000000000e+08 5.400000000000000000e+03 3.920000000000000000e+03 3.770000000000000000e+03 2.070000000000000000e+03
1.033152380000000000e+08 5.380000000000000000e+03 3.910000000000000000e+03 3.760000000000000000e+03 2.060000000000000000e+03
1.033154460000000000e+08 5.390000000000000000e+03 3.900000000000000000e+03 3.760000000000000000e+03 2.060000000000000000e+03
1.033156540000000000e+08 5.380000000000000000e+03 3.910000000000000000e+03 3.770000000000000000e+03 2.070000000000000000e+03
1.033158610000000000e+08 5.340000000000000000e+03 3.930000000000000000e+03 3.770000000000000000e+03 2.060000000000000000e+03
1.033160700000000000e+08 5.340000000000000000e+03 3.940000000000000000e+03 3.770000000000000000e+03 2.070000000000000000e+03
1.033162780000000000e+08 5.340000000000000000e+03 3.930000000000000000e+03 3.770000000000000000e+03 2.070000000000000000e+03
1.033164860000000000e+08 5.390000000000000000e+03 3.930000000000000000e+03 3.770000000000000000e+03 2.070000000000000000e+03
1.033166940000000000e+08 5.380000000000000000e+03 3.920000000000000000e+03 3.770000000000000000e+03 2.060000000000000000e+03
1.033169020000000000e+08 5.330000000000000000e+03 3.900000000000000000e+03 3.770000000000000000e+03 2.050000000000000000e+03
1.033171090000000000e+08 5.330000000000000000e+03 3.910000000000000000e+03 3.770000000000000000e+03 2.050000000000000000e+03
1.033173180000000000e+08 5.360000000000000000e+03 3.920000000000000000e+03 3.780000000000000000e+03 2.050000000000000000e+03
1.033175260000000000e+08 5.370000000000000000e+03 3.920000000000000000e+03 3.780000000000000000e+03 2.040000000000000000e+03
1.033177340000000000e+08 5.410000000000000000e+03 3.920000000000000000e+03 3.770000000000000000e+03 2.050000000000000000e+03
1.033179410000000000e+08 4.910000000000000000e+03 3.930000000000000000e+03 3.770000000000000000e+03 2.560000000000000000e+03
1.033181490000000000e+08 4.910000000000000000e+03 3.920000000000000000e+03 3.770000000000000000e+03 2.570000000000000000e+03
1.033183410000000000e+08 4.890000000000000000e+03 3.930000000000000000e+03 3.770000000000000000e+03 2.550000000000000000e+03
1.033185490000000000e+08 4.880000000000000000e+03 3.930000000000000000e+03 3.770000000000000000e+03 2.540000000000000000e+03
1.033187570000000000e+08 4.880000000000000000e+03 3.910000000000000000e+03 3.770000000000000000e+03 2.540000000000000000e+03
1.033189650000000000e+08 4.890000000000000000e+03 3.900000000000000000e+03 3.770000000000000000e+03 2.520000000000000000e+03
1.033191730000000000e+08 4.890000000000000000e+03 3.910000000000000000e+03 3.760000000000000000e+03 2.570000000000000000e+03
1.033193810000000000e+08 4.890000000000000000e+03 3.910000000000000000e+03 3.760000000000000000e+03 2.550000000000000000e+03
1.033195890000000000e+08 4.880000000000000000e+03 3.920000000000000000e+03 3.760000000000000000e+03 2.510000000000000000e+03
1.033197970000000000e+08 4.880000000000000000e+03 3.900000000000000000e+03 3.760000000000000000e+03 2.560000000000000000e+03
1.033200050000000000e+08 4.880000000000000000e+03 3.910000000000000000e+03 3.770000000000000000e+03 2.530000000000000000e+03
1.033202130000000000e+08 4.880000000000000000e+03 3.910000000000000000e+03 3.770000000000000000e+03 2.540000000000000000e+03
1.033204210000000000e+08 4.880000000000000000e+03 3.910000000000000000e+03 3.770000000000000000e+03 2.510000000000000000e+03
1.033206280000000000e+08 4.890000000000000000e+03 3.920000000000000000e+03 3.770000000000000000e+03 2.530000000000000000e+03
1.033208370000000000e+08 4.910000000000000000e+03 3.910000000000000000e+03 3.770000000000000000e+03 2.510000000000000000e+03
1.033210450000000000e+08 4.910000000000000000e+03 3.910000000000000000e+03 3.780000000000000000e+03 2.570000000000000000e+03
1.033212520000000000e+08 4.890000000000000000e+03 3.910000000000000000e+03 3.770000000000000000e+03 2.510000000000000000e+03
1.033214610000000000e+08 4.910000000000000000e+03 3.920000000000000000e+03 3.780000000000000000e+03 2.510000000000000000e+03
1.033216680000000000e+08 4.890000000000000000e+03 3.910000000000000000e+03 3.780000000000000000e+03 2.500000000000000000e+03
1.033218600000000000e+08 4.890000000000000000e+03 3.920000000000000000e+03 3.770000000000000000e+03 2.510000000000000000e+03
1.033220680000000000e+08 4.890000000000000000e+03 3.900000000000000000e+03 3.780000000000000000e+03 2.500000000000000000e+03
1.033222760000000000e+08 4.890000000000000000e+03 3.890000000000000000e+03 3.770000000000000000e+03 2.490000000000000000e+03
1.033224840000000000e+08 4.910000000000000000e+03 3.890000000000000000e+03 3.770000000000000000e+03 2.570000000000000000e+03
1.033226920000000000e+08 4.910000000000000000e+03 3.900000000000000000e+03 3.770000000000000000e+03 2.570000000000000000e+03
1.033229000000000000e+08 4.910000000000000000e+03 3.900000000000000000e+03 3.770000000000000000e+03 2.520000000000000000e+03
1.033231080000000000e+08 4.910000000000000000e+03 3.910000000000000000e+03 3.770000000000000000e+03 2.590000000000000000e+03
1.033233160000000000e+08 4.910000000000000000e+03 3.920000000000000000e+03 3.770000000000000000e+03 2.520000000000000000e+03
1.033235240000000000e+08 4.890000000000000000e+03 3.910000000000000000e+03 3.770000000000000000e+03 2.570000000000000000e+03
1.033237310000000000e+08 4.890000000000000000e+03 3.920000000000000000e+03 3.770000000000000000e+03 2.510000000000000000e+03
1.033239390000000000e+08 4.890000000000000000e+03 3.920000000000000000e+03 3.770000000000000000e+03 2.530000000000000000e+03
1.033241480000000000e+08 4.890000000000000000e+03 3.920000000000000000e+03 3.770000000000000000e+03 2.550000000000000000e+03
1.033243560000000000e+08 4.890000000000000000e+03 3.920000000000000000e+03 3.770000000000000000e+03 2.580000000000000000e+03
1.033245640000000000e+08 4.890000000000000000e+03 3.920000000000000000e+03 3.770000000000000000e+03 2.570000000000000000e+03
1.033247720000000000e+08 4.890000000000000000e+03 3.910000000000000000e+03 3.770000000000000000e+03 2.570000000000000000e+03
1.033249790000000000e+08 4.910000000000000000e+03 3.900000000000000000e+03 3.770000000000000000e+03 5.900000000000000000e+02
1.033251880000000000e+08 4.890000000000000000e+03 3.900000000000000000e+03 3.770000000000000000e+03 2.530000000000000000e+03
1.033253800000000000e+08 4.890000000000000000e+03 3.890000000000000000e+03 3.770000000000000000e+03 2.520000000000000000e+03
1.033255880000000000e+08 4.890000000000000000e+03 3.890000000000000000e+03 3.770000000000000000e+03 2.550000000000000000e+03
1.033257960000000000e+08 4.910000000000000000e+03 3.900000000000000000e+03 3.770000000000000000e+03 2.550000000000000000e+03
1.033260040000000000e+08 4.890000000000000000e+03 3.900000000000000000e+03 3.770000000000000000e+03 2.520000000000000000e+03
1.033262110000000000e+08 4.890000000000000000e+03 3.900000000000000000e+03 3.780000000000000000e+03 2.530000000000000000e+03
1.033264190000000000e+08 4.910000000000000000e+03 3.900000000000000000e+03 3.780000000000000000e+03 2.520000000000000000e+03
1.033266280000000000e+08 4.890000000000000000e+03 3.910000000000000000e+03 3.780000000000000000e+03 2.570000000000000000e+03
1.033268350000000000e+08 4.890000000000000000e+03 3.920000000000000000e+03 3.780000000000000000e+03 2.500000000000000000e+03
1.033270430000000000e+08 4.890000000000000000e+03 3.920000000000000000e+03 3.780000000000000000e+03 2.520000000000000000e+03
1.033272510000000000e+08 4.880000000000000000e+03 3.920000000000000000e+03 3.780000000000000000e+03 2.520000000000000000e+03
1.033274590000000000e+08 4.890000000000000000e+03 3.920000000000000000e+03 3.780000000000000000e+03 2.520000000000000000e+03
1.033276670000000000e+08 4.890000000000000000e+03 3.920000000000000000e+03 3.780000000000000000e+03 2.500000000000000000e+03
1.033278750000000000e+08 4.890000000000000000e+03 3.930000000000000000e+03 3.780000000000000000e+03 2.530000000000000000e+03
1.033280830000000000e+08 4.890000000000000000e+03 3.940000000000000000e+03 3.780000000000000000e+03 2.580000000000000000e+03
1.033282910000000000e+08 4.890000000000000000e+03 3.930000000000000000e+03 3.780000000000000000e+03 2.520000000000000000e+03
1.033284980000000000e+08 4.910000000000000000e+03 3.930000000000000000e+03 3.780000000000000000e+03 2.580000000000000000e+03
1.033287070000000000e+08 4.910000000000000000e+03 3.930000000000000000e+03 3.780000000000000000e+03 2.560000000000000000e+03
1.033288990000000000e+08 4.910000000000000000e+03 3.930000000000000000e+03 3.780000000000000000e+03 2.540000000000000000e+03
1.033291070000000000e+08 4.910000000000000000e+03 3.920000000000000000e+03 3.770000000000000000e+03 2.530000000000000000e+03
1.033293150000000000e+08 4.910000000000000000e+03 3.920000000000000000e+03 3.770000000000000000e+03 2.540000000000000000e+03
1.033295230000000000e+08 4.910000000000000000e+03 3.930000000000000000e+03 3.770000000000000000e+03 2.510000000000000000e+03
1.033297300000000000e+08 4.910000000000000000e+03 3.930000000000000000e+03 3.770000000000000000e+03 2.510000000000000000e+03
1.033299380000000000e+08 4.890000000000000000e+03 3.940000000000000000e+03 3.770000000000000000e+03 2.510000000000000000e+03
1.033301470000000000e+08 4.890000000000000000e+03 3.940000000000000000e+03 3.770000000000000000e+03 2.510000000000000000e+03
1.033303550000000000e+08 4.880000000000000000e+03 3.930000000000000000e+03 3.770000000000000000e+03 2.500000000000000000e+03
1.033305630000000000e+08 4.880000000000000000e+03 3.920000000000000000e+03 3.770000000000000000e+03 2.500000000000000000e+03
1.033307700000000000e+08 4.880000000000000000e+03 3.920000000000000000e+03 3.770000000000000000e+03 2.510000000000000000e+03
1.033309780000000000e+08 4.880000000000000000e+03 3.920000000000000000e+03 3.780000000000000000e+03 2.540000000000000000e+03
1.033311860000000000e+08 4.880000000000000000e+03 3.930000000000000000e+03 3.780000000000000000e+03 2.540000000000000000e+03
1.033313950000000000e+08 4.890000000000000000e+03 3.910000000000000000e+03 3.770000000000000000e+03 2.520000000000000000e+03
1.033316020000000000e+08 4.890000000000000000e+03 3.930000000000000000e+03 3.770000000000000000e+03 2.520000000000000000e+03
1.033318100000000000e+08 4.890000000000000000e+03 3.920000000000000000e+03 3.770000000000000000e+03 2.580000000000000000e+03
1.033320180000000000e+08 4.910000000000000000e+03 3.910000000000000000e+03 3.770000000000000000e+03 2.520000000000000000e+03
1.033322100000000000e+08 4.910000000000000000e+03 3.910000000000000000e+03 3.780000000000000000e+03 2.580000000000000000e+03
1.033324180000000000e+08 4.890000000000000000e+03 3.920000000000000000e+03 3.780000000000000000e+03 2.520000000000000000e+03
1.033326250000000000e+08 4.910000000000000000e+03 3.930000000000000000e+03 3.780000000000000000e+03 2.540000000000000000e+03
1.033328340000000000e+08 4.910000000000000000e+03 3.940000000000000000e+03 3.780000000000000000e+03 2.540000000000000000e+03
1.033330420000000000e+08 4.890000000000000000e+03 3.950000000000000000e+03 3.780000000000000000e+03 2.510000000000000000e+03
1.033332500000000000e+08 4.890000000000000000e+03 3.940000000000000000e+03 3.780000000000000000e+03 2.570000000000000000e+03
1.033334580000000000e+08 4.890000000000000000e+03 3.940000000000000000e+03 3.780000000000000000e+03 2.540000000000000000e+03
1.033336660000000000e+08 4.910000000000000000e+03 3.930000000000000000e+03 3.780000000000000000e+03 2.550000000000000000e+03
1.033338740000000000e+08 4.910000000000000000e+03 3.940000000000000000e+03 3.780000000000000000e+03 2.560000000000000000e+03
1.033340820000000000e+08 4.890000000000000000e+03 3.940000000000000000e+03 3.780000000000000000e+03 2.540000000000000000e+03
1.033342890000000000e+08 4.910000000000000000e+03 3.940000000000000000e+03 3.780000000000000000e+03 2.510000000000000000e+03
1.033344980000000000e+08 4.910000000000000000e+03 3.930000000000000000e+03 3.780000000000000000e+03 2.580000000000000000e+03
1.033347060000000000e+08 4.910000000000000000e+03 3.910000000000000000e+03 3.780000000000000000e+03 2.520000000000000000e+03
