1.038133440000000000e+08 5.490000000000000000e+03 3.190000000000000000e+03 4.520000000000000000e+03 2.200000000000000000e+03
1.038135520000000000e+08 5.470000000000000000e+03 3.200000000000000000e+03 4.520000000000000000e+03 2.200000000000000000e+03
1.038137610000000000e+08 5.500000000000000000e+03 3.230000000000000000e+03 4.520000000000000000e+03 2.200000000000000000e+03
1.038139680000000000e+08 5.470000000000000000e+03 3.230000000000000000e+03 4.510000000000000000e+03 2.210000000000000000e+03
1.038141770000000000e+08 5.460000000000000000e+03 3.230000000000000000e+03 4.520000000000000000e+03 2.220000000000000000e+03
1.038143680000000000e+08 5.480000000000000000e+03 3.220000000000000000e+03 4.520000000000000000e+03 2.210000000000000000e+03
1.038145760000000000e+08 5.480000000000000000e+03 3.220000000000000000e+03 4.520000000000000000e+03 2.210000000000000000e+03
1.038147840000000000e+08 5.460000000000000000e+03 3.230000000000000000e+03 4.520000000000000000e+03 2.210000000000000000e+03
1.038149920000000000e+08 5.520000000000000000e+03 3.230000000000000000e+03 4.520000000000000000e+03 2.210000000000000000e+03
1.038152000000000000e+08 5.460000000000000000e+03 3.230000000000000000e+03 4.530000000000000000e+03 2.210000000000000000e+03
1.038154080000000000e+08 5.470000000000000000e+03 3.230000000000000000e+03 4.530000000000000000e+03 2.220000000000000000e+03
1.038156160000000000e+08 5.510000000000000000e+03 3.240000000000000000e+03 4.520000000000000000e+03 2.210000000000000000e+03
1.038158240000000000e+08 5.490000000000000000e+03 3.220000000000000000e+03 4.520000000000000000e+03 2.200000000000000000e+03
1.038160320000000000e+08 5.500000000000000000e+03 3.210000000000000000e+03 4.520000000000000000e+03 2.200000000000000000e+03
1.038162400000000000e+08 5.540000000000000000e+03 3.210000000000000000e+03 4.520000000000000000e+03 2.200000000000000000e+03
1.038164480000000000e+08 5.470000000000000000e+03 3.200000000000000000e+03 4.530000000000000000e+03 2.200000000000000000e+03
1.038166560000000000e+08 5.490000000000000000e+03 3.210000000000000000e+03 4.530000000000000000e+03 2.210000000000000000e+03
1.038168640000000000e+08 5.520000000000000000e+03 3.210000000000000000e+03 4.530000000000000000e+03 2.230000000000000000e+03
1.038170710000000000e+08 5.510000000000000000e+03 3.210000000000000000e+03 4.530000000000000000e+03 2.220000000000000000e+03
1.038172790000000000e+08 5.530000000000000000e+03 3.230000000000000000e+03 4.530000000000000000e+03 2.210000000000000000e+03
1.038174880000000000e+08 5.510000000000000000e+03 3.240000000000000000e+03 4.520000000000000000e+03 2.200000000000000000e+03
1.038176790000000000e+08 5.480000000000000000e+03 3.240000000000000000e+03 4.530000000000000000e+03 2.210000000000000000e+03
1.038178880000000000e+08 5.450000000000000000e+03 3.240000000000000000e+03 4.530000000000000000e+03 2.210000000000000000e+03
1.038180960000000000e+08 5.450000000000000000e+03 3.230000000000000000e+03 4.520000000000000000e+03 2.220000000000000000e+03
1.038183040000000000e+08 5.450000000000000000e+03 3.210000000000000000e+03 4.520000000000000000e+03 2.200000000000000000e+03
1.038185110000000000e+08 5.500000000000000000e+03 3.220000000000000000e+03 4.520000000000000000e+03 2.200000000000000000e+03
1.038187190000000000e+08 5.500000000000000000e+03 3.230000000000000000e+03 4.510000000000000000e+03 2.190000000000000000e+03
1.038189270000000000e+08 5.460000000000000000e+03 3.230000000000000000e+03 4.510000000000000000e+03 2.190000000000000000e+03
1.038191350000000000e+08 5.460000000000000000e+03 3.220000000000000000e+03 4.520000000000000000e+03 2.190000000000000000e+03
1.038193440000000000e+08 5.460000000000000000e+03 3.210000000000000000e+03 4.510000000000000000e+03 2.200000000000000000e+03
1.038195510000000000e+08 5.500000000000000000e+03 3.220000000000000000e+03 4.500000000000000000e+03 2.200000000000000000e+03
1.038197590000000000e+08 5.520000000000000000e+03 3.220000000000000000e+03 4.500000000000000000e+03 2.200000000000000000e+03
1.038199670000000000e+08 5.500000000000000000e+03 3.210000000000000000e+03 4.500000000000000000e+03 2.200000000000000000e+03
1.038201750000000000e+08 5.520000000000000000e+03 3.210000000000000000e+03 4.510000000000000000e+03 2.200000000000000000e+03
1.038203830000000000e+08 5.460000000000000000e+03 3.220000000000000000e+03 4.520000000000000000e+03 2.210000000000000000e+03
1.038205910000000000e+08 5.520000000000000000e+03 3.220000000000000000e+03 4.520000000000000000e+03 2.210000000000000000e+03
1.038207990000000000e+08 5.460000000000000000e+03 3.230000000000000000e+03 4.520000000000000000e+03 2.210000000000000000e+03
1.038210070000000000e+08 5.510000000000000000e+03 3.240000000000000000e+03 4.520000000000000000e+03 2.220000000000000000e+03
1.038211980000000000e+08 5.470000000000000000e+03 3.240000000000000000e+03 4.520000000000000000e+03 2.210000000000000000e+03
1.038214070000000000e+08 5.520000000000000000e+03 3.240000000000000000e+03 4.530000000000000000e+03 2.210000000000000000e+03
1.038216140000000000e+08 5.500000000000000000e+03 3.240000000000000000e+03 4.530000000000000000e+03 2.210000000000000000e+03
1.038218230000000000e+08 5.480000000000000000e+03 3.230000000000000000e+03 4.530000000000000000e+03 2.210000000000000000e+03
1.038220300000000000e+08 5.460000000000000000e+03 3.240000000000000000e+03 4.530000000000000000e+03 2.220000000000000000e+03
1.038222390000000000e+08 5.480000000000000000e+03 3.220000000000000000e+03 4.530000000000000000e+03 2.220000000000000000e+03
1.038224470000000000e+08 5.470000000000000000e+03 3.210000000000000000e+03 4.530000000000000000e+03 2.210000000000000000e+03
1.038226540000000000e+08 5.450000000000000000e+03 3.210000000000000000e+03 4.520000000000000000e+03 2.200000000000000000e+03
1.038228620000000000e+08 5.450000000000000000e+03 3.210000000000000000e+03 4.520000000000000000e+03 2.190000000000000000e+03
1.038230700000000000e+08 5.500000000000000000e+03 3.200000000000000000e+03 4.530000000000000000e+03 2.190000000000000000e+03
1.038232800000000000e+08 5.520000000000000000e+03 3.220000000000000000e+03 4.530000000000000000e+03 2.180000000000000000e+03
1.038234860000000000e+08 5.480000000000000000e+03 3.220000000000000000e+03 4.530000000000000000e+03 2.180000000000000000e+03
1.038236940000000000e+08 5.520000000000000000e+03 3.210000000000000000e+03 4.530000000000000000e+03 2.200000000000000000e+03
1.038239020000000000e+08 5.520000000000000000e+03 3.200000000000000000e+03 4.530000000000000000e+03 2.200000000000000000e+03
1.038241100000000000e+08 5.490000000000000000e+03 3.210000000000000000e+03 4.530000000000000000e+03 2.200000000000000000e+03
1.038243180000000000e+08 5.490000000000000000e+03 3.210000000000000000e+03 4.520000000000000000e+03 2.200000000000000000e+03
1.038245260000000000e+08 5.460000000000000000e+03 3.210000000000000000e+03 4.530000000000000000e+03 2.200000000000000000e+03
1.038247180000000000e+08 5.520000000000000000e+03 3.210000000000000000e+03 4.530000000000000000e+03 2.190000000000000000e+03
1.038249260000000000e+08 5.480000000000000000e+03 3.200000000000000000e+03 4.530000000000000000e+03 2.190000000000000000e+03
1.038251340000000000e+08 5.510000000000000000e+03 3.200000000000000000e+03 4.530000000000000000e+03 2.180000000000000000e+03
1.038253420000000000e+08 5.520000000000000000e+03 3.210000000000000000e+03 4.540000000000000000e+03 2.180000000000000000e+03
1.038255500000000000e+08 5.490000000000000000e+03 3.210000000000000000e+03 4.530000000000000000e+03 2.180000000000000000e+03
1.038257580000000000e+08 4.980000000000000000e+03 3.220000000000000000e+03 4.530000000000000000e+03 2.670000000000000000e+03
1.038259650000000000e+08 4.980000000000000000e+03 3.210000000000000000e+03 4.530000000000000000e+03 2.710000000000000000e+03
1.038261740000000000e+08 4.970000000000000000e+03 3.200000000000000000e+03 4.520000000000000000e+03 2.710000000000000000e+03
1.038263820000000000e+08 4.970000000000000000e+03 3.210000000000000000e+03 4.520000000000000000e+03 2.690000000000000000e+03
1.038265890000000000e+08 4.990000000000000000e+03 3.220000000000000000e+03 4.520000000000000000e+03 2.710000000000000000e+03
1.038267980000000000e+08 4.990000000000000000e+03 3.220000000000000000e+03 4.520000000000000000e+03 2.700000000000000000e+03
1.038270060000000000e+08 4.990000000000000000e+03 3.220000000000000000e+03 4.520000000000000000e+03 2.650000000000000000e+03
1.038272130000000000e+08 4.990000000000000000e+03 3.220000000000000000e+03 4.520000000000000000e+03 2.690000000000000000e+03
1.038274210000000000e+08 5.000000000000000000e+03 3.220000000000000000e+03 4.510000000000000000e+03 2.660000000000000000e+03
1.038276290000000000e+08 5.000000000000000000e+03 3.210000000000000000e+03 4.510000000000000000e+03 2.670000000000000000e+03
1.038278370000000000e+08 5.000000000000000000e+03 3.210000000000000000e+03 4.520000000000000000e+03 2.680000000000000000e+03
1.038280290000000000e+08 5.010000000000000000e+03 3.210000000000000000e+03 4.530000000000000000e+03 2.690000000000000000e+03
1.038282370000000000e+08 5.010000000000000000e+03 3.210000000000000000e+03 4.530000000000000000e+03 2.670000000000000000e+03
1.038284450000000000e+08 5.010000000000000000e+03 3.220000000000000000e+03 4.530000000000000000e+03 2.730000000000000000e+03
1.038286520000000000e+08 5.010000000000000000e+03 3.210000000000000000e+03 4.530000000000000000e+03 2.730000000000000000e+03
1.038288610000000000e+08 5.020000000000000000e+03 3.200000000000000000e+03 4.530000000000000000e+03 2.740000000000000000e+03
1.038290690000000000e+08 5.010000000000000000e+03 3.200000000000000000e+03 4.530000000000000000e+03 2.730000000000000000e+03
1.038292770000000000e+08 5.010000000000000000e+03 3.200000000000000000e+03 4.530000000000000000e+03 2.730000000000000000e+03
1.038294850000000000e+08 5.020000000000000000e+03 3.200000000000000000e+03 4.520000000000000000e+03 2.670000000000000000e+03
1.038296930000000000e+08 5.010000000000000000e+03 3.220000000000000000e+03 4.520000000000000000e+03 2.670000000000000000e+03
1.038299010000000000e+08 5.010000000000000000e+03 3.220000000000000000e+03 4.530000000000000000e+03 2.720000000000000000e+03
1.038301090000000000e+08 5.010000000000000000e+03 3.230000000000000000e+03 4.530000000000000000e+03 2.660000000000000000e+03
1.038303170000000000e+08 5.020000000000000000e+03 3.230000000000000000e+03 4.530000000000000000e+03 2.660000000000000000e+03
1.038305240000000000e+08 5.030000000000000000e+03 3.220000000000000000e+03 4.530000000000000000e+03 2.680000000000000000e+03
1.038307330000000000e+08 5.020000000000000000e+03 3.230000000000000000e+03 4.530000000000000000e+03 2.660000000000000000e+03
1.038309410000000000e+08 5.020000000000000000e+03 3.220000000000000000e+03 4.530000000000000000e+03 2.720000000000000000e+03
1.038311480000000000e+08 5.030000000000000000e+03 3.210000000000000000e+03 4.530000000000000000e+03 2.690000000000000000e+03
1.038313560000000000e+08 5.030000000000000000e+03 3.210000000000000000e+03 4.530000000000000000e+03 2.690000000000000000e+03
1.038315480000000000e+08 5.030000000000000000e+03 3.210000000000000000e+03 4.530000000000000000e+03 2.710000000000000000e+03
1.038317560000000000e+08 5.030000000000000000e+03 3.210000000000000000e+03 4.530000000000000000e+03 2.690000000000000000e+03
1.038319640000000000e+08 5.020000000000000000e+03 3.210000000000000000e+03 4.530000000000000000e+03 2.670000000000000000e+03
1.038321720000000000e+08 5.010000000000000000e+03 3.200000000000000000e+03 4.530000000000000000e+03 2.710000000000000000e+03
1.038323790000000000e+08 5.010000000000000000e+03 3.210000000000000000e+03 4.530000000000000000e+03 2.670000000000000000e+03
1.038325880000000000e+08 5.020000000000000000e+03 3.210000000000000000e+03 4.530000000000000000e+03 2.680000000000000000e+03
1.038327960000000000e+08 5.010000000000000000e+03 3.220000000000000000e+03 4.530000000000000000e+03 2.700000000000000000e+03
1.038330050000000000e+08 5.000000000000000000e+03 3.220000000000000000e+03 4.530000000000000000e+03 2.660000000000000000e+03
1.038332120000000000e+08 5.010000000000000000e+03 3.220000000000000000e+03 4.540000000000000000e+03 2.710000000000000000e+03
1.038334200000000000e+08 5.010000000000000000e+03 3.220000000000000000e+03 4.540000000000000000e+03 2.650000000000000000e+03
1.038336280000000000e+08 5.010000000000000000e+03 3.210000000000000000e+03 4.540000000000000000e+03 2.650000000000000000e+03
1.038338360000000000e+08 5.010000000000000000e+03 3.220000000000000000e+03 4.540000000000000000e+03 2.700000000000000000e+03
1.038340440000000000e+08 5.000000000000000000e+03 3.210000000000000000e+03 4.540000000000000000e+03 2.730000000000000000e+03
1.038342520000000000e+08 5.010000000000000000e+03 3.210000000000000000e+03 4.530000000000000000e+03 2.700000000000000000e+03
1.038344600000000000e+08 5.010000000000000000e+03 3.220000000000000000e+03 4.530000000000000000e+03 2.660000000000000000e+03
1.038346680000000000e+08 5.010000000000000000e+03 3.230000000000000000e+03 4.530000000000000000e+03 2.680000000000000000e+03
1.038348600000000000e+08 5.010000000000000000e+03 3.230000000000000000e+03 4.530000000000000000e+03 2.660000000000000000e+03
1.038350670000000000e+08 5.020000000000000000e+03 3.210000000000000000e+03 4.540000000000000000e+03 2.660000000000000000e+03
1.038352760000000000e+08 5.030000000000000000e+03 3.190000000000000000e+03 4.540000000000000000e+03 2.710000000000000000e+03
1.038354840000000000e+08 5.020000000000000000e+03 3.200000000000000000e+03 4.550000000000000000e+03 2.700000000000000000e+03
1.038356910000000000e+08 5.010000000000000000e+03 3.200000000000000000e+03 4.540000000000000000e+03 2.720000000000000000e+03
1.038358990000000000e+08 4.990000000000000000e+03 3.200000000000000000e+03 4.540000000000000000e+03 2.690000000000000000e+03
1.038361080000000000e+08 4.990000000000000000e+03 3.210000000000000000e+03 4.540000000000000000e+03 2.670000000000000000e+03
1.038363160000000000e+08 4.990000000000000000e+03 3.220000000000000000e+03 4.540000000000000000e+03 2.650000000000000000e+03
1.038365230000000000e+08 5.000000000000000000e+03 3.230000000000000000e+03 4.540000000000000000e+03 2.680000000000000000e+03
1.038367310000000000e+08 5.000000000000000000e+03 3.230000000000000000e+03 4.520000000000000000e+03 2.690000000000000000e+03
1.038369390000000000e+08 5.000000000000000000e+03 3.230000000000000000e+03 4.520000000000000000e+03 2.660000000000000000e+03
1.038371470000000000e+08 5.000000000000000000e+03 3.210000000000000000e+03 4.520000000000000000e+03 2.680000000000000000e+03
1.038373540000000000e+08 4.990000000000000000e+03 3.200000000000000000e+03 4.520000000000000000e+03 2.660000000000000000e+03
1.038375620000000000e+08 4.990000000000000000e+03 3.220000000000000000e+03 4.520000000000000000e+03 2.660000000000000000e+03
1.038377710000000000e+08 4.990000000000000000e+03 3.210000000000000000e+03 4.530000000000000000e+03 2.710000000000000000e+03
1.038379790000000000e+08 4.990000000000000000e+03 3.200000000000000000e+03 4.530000000000000000e+03 2.690000000000000000e+03
1.038381870000000000e+08 5.010000000000000000e+03 3.200000000000000000e+03 4.530000000000000000e+03 2.710000000000000000e+03
