9.494182100000000000e+07 3.060000000000000000e+03 5.440000000000000000e+03 1.970000000000000000e+03 5.080000000000000000e+03
9.494202900000000000e+07 3.060000000000000000e+03 5.450000000000000000e+03 1.970000000000000000e+03 5.120000000000000000e+03
9.494223700000000000e+07 3.060000000000000000e+03 5.450000000000000000e+03 1.970000000000000000e+03 5.200000000000000000e+03
9.494244500000000000e+07 3.060000000000000000e+03 5.440000000000000000e+03 1.970000000000000000e+03 5.350000000000000000e+03
9.494265300000000000e+07 3.060000000000000000e+03 5.450000000000000000e+03 1.970000000000000000e+03 5.250000000000000000e+03
9.494286100000000000e+07 3.060000000000000000e+03 5.440000000000000000e+03 1.980000000000000000e+03 5.170000000000000000e+03
9.494306900000000000e+07 3.060000000000000000e+03 5.460000000000000000e+03 1.970000000000000000e+03 5.170000000000000000e+03
9.494327700000000000e+07 3.060000000000000000e+03 5.460000000000000000e+03 1.960000000000000000e+03 5.200000000000000000e+03
9.494348500000000000e+07 3.050000000000000000e+03 5.470000000000000000e+03 1.950000000000000000e+03 5.210000000000000000e+03
9.494369300000000000e+07 3.060000000000000000e+03 5.470000000000000000e+03 1.950000000000000000e+03 5.200000000000000000e+03
9.494390100000000000e+07 3.060000000000000000e+03 5.460000000000000000e+03 1.950000000000000000e+03 5.210000000000000000e+03
9.494410900000000000e+07 3.070000000000000000e+03 5.460000000000000000e+03 1.950000000000000000e+03 5.230000000000000000e+03
9.494431700000000000e+07 3.060000000000000000e+03 5.460000000000000000e+03 1.960000000000000000e+03 5.230000000000000000e+03
9.494452500000000000e+07 3.060000000000000000e+03 5.460000000000000000e+03 1.960000000000000000e+03 5.240000000000000000e+03
9.494473300000000000e+07 3.060000000000000000e+03 5.460000000000000000e+03 1.960000000000000000e+03 5.240000000000000000e+03
9.494494100000000000e+07 3.060000000000000000e+03 5.470000000000000000e+03 1.960000000000000000e+03 5.250000000000000000e+03
9.494514900000000000e+07 3.070000000000000000e+03 5.470000000000000000e+03 1.960000000000000000e+03 5.240000000000000000e+03
9.494535700000000000e+07 3.060000000000000000e+03 5.470000000000000000e+03 1.970000000000000000e+03 5.240000000000000000e+03
9.494556500000000000e+07 3.060000000000000000e+03 5.480000000000000000e+03 1.970000000000000000e+03 5.230000000000000000e+03
9.494577300000000000e+07 3.060000000000000000e+03 5.480000000000000000e+03 1.970000000000000000e+03 5.230000000000000000e+03
9.494598000000000000e+07 3.060000000000000000e+03 5.480000000000000000e+03 1.960000000000000000e+03 5.210000000000000000e+03
9.494618900000000000e+07 3.060000000000000000e+03 5.480000000000000000e+03 1.970000000000000000e+03 5.210000000000000000e+03
9.494639700000000000e+07 3.070000000000000000e+03 5.480000000000000000e+03 1.970000000000000000e+03 5.180000000000000000e+03
9.494660500000000000e+07 3.070000000000000000e+03 5.480000000000000000e+03 1.970000000000000000e+03 5.170000000000000000e+03
9.494681300000000000e+07 3.080000000000000000e+03 5.480000000000000000e+03 1.970000000000000000e+03 5.140000000000000000e+03
9.494702100000000000e+07 3.080000000000000000e+03 5.460000000000000000e+03 1.970000000000000000e+03 5.120000000000000000e+03
9.494722900000000000e+07 3.080000000000000000e+03 5.460000000000000000e+03 1.970000000000000000e+03 5.090000000000000000e+03
9.494743600000000000e+07 3.070000000000000000e+03 5.460000000000000000e+03 1.970000000000000000e+03 5.070000000000000000e+03
9.494764400000000000e+07 3.070000000000000000e+03 5.460000000000000000e+03 1.970000000000000000e+03 5.070000000000000000e+03
9.494785300000000000e+07 3.070000000000000000e+03 5.460000000000000000e+03 1.970000000000000000e+03 5.090000000000000000e+03
9.494806100000000000e+07 3.080000000000000000e+03 5.460000000000000000e+03 1.970000000000000000e+03 5.090000000000000000e+03
9.494826800000000000e+07 3.080000000000000000e+03 5.470000000000000000e+03 1.970000000000000000e+03 5.110000000000000000e+03
9.494847600000000000e+07 3.080000000000000000e+03 5.470000000000000000e+03 1.970000000000000000e+03 5.130000000000000000e+03
9.494868400000000000e+07 3.080000000000000000e+03 5.480000000000000000e+03 1.960000000000000000e+03 5.150000000000000000e+03
9.494889200000000000e+07 3.090000000000000000e+03 5.480000000000000000e+03 1.960000000000000000e+03 5.160000000000000000e+03
9.494910000000000000e+07 3.080000000000000000e+03 5.470000000000000000e+03 1.960000000000000000e+03 5.150000000000000000e+03
9.494930800000000000e+07 3.080000000000000000e+03 5.470000000000000000e+03 1.960000000000000000e+03 5.160000000000000000e+03
9.494951600000000000e+07 3.070000000000000000e+03 5.470000000000000000e+03 1.960000000000000000e+03 5.180000000000000000e+03
9.494972400000000000e+07 3.080000000000000000e+03 5.470000000000000000e+03 1.950000000000000000e+03 5.210000000000000000e+03
9.494993200000000000e+07 3.070000000000000000e+03 5.470000000000000000e+03 1.960000000000000000e+03 5.410000000000000000e+03
9.495014000000000000e+07 3.070000000000000000e+03 5.470000000000000000e+03 1.960000000000000000e+03 5.490000000000000000e+03
9.495034800000000000e+07 3.070000000000000000e+03 5.470000000000000000e+03 1.950000000000000000e+03 5.390000000000000000e+03
9.495055600000000000e+07 3.070000000000000000e+03 5.450000000000000000e+03 1.950000000000000000e+03 5.270000000000000000e+03
9.495076400000000000e+07 3.070000000000000000e+03 5.440000000000000000e+03 1.960000000000000000e+03 5.170000000000000000e+03
9.495097200000000000e+07 3.070000000000000000e+03 5.450000000000000000e+03 1.960000000000000000e+03 5.120000000000000000e+03
9.495118000000000000e+07 3.070000000000000000e+03 5.440000000000000000e+03 1.960000000000000000e+03 5.150000000000000000e+03
9.495138800000000000e+07 3.060000000000000000e+03 5.450000000000000000e+03 1.960000000000000000e+03 5.130000000000000000e+03
9.495159600000000000e+07 3.060000000000000000e+03 5.450000000000000000e+03 1.970000000000000000e+03 5.070000000000000000e+03
9.495180400000000000e+07 3.060000000000000000e+03 5.440000000000000000e+03 1.970000000000000000e+03 5.100000000000000000e+03
9.495201200000000000e+07 3.070000000000000000e+03 5.440000000000000000e+03 1.960000000000000000e+03 5.140000000000000000e+03
9.495222000000000000e+07 3.070000000000000000e+03 5.440000000000000000e+03 1.970000000000000000e+03 5.140000000000000000e+03
9.495242800000000000e+07 3.060000000000000000e+03 5.440000000000000000e+03 1.970000000000000000e+03 5.120000000000000000e+03
9.495263600000000000e+07 3.060000000000000000e+03 5.460000000000000000e+03 1.970000000000000000e+03 5.090000000000000000e+03
9.495284400000000000e+07 3.060000000000000000e+03 5.460000000000000000e+03 1.970000000000000000e+03 5.170000000000000000e+03
9.495305200000000000e+07 3.060000000000000000e+03 5.470000000000000000e+03 1.970000000000000000e+03 5.170000000000000000e+03
9.495326000000000000e+07 3.080000000000000000e+03 5.470000000000000000e+03 1.960000000000000000e+03 5.160000000000000000e+03
9.495346800000000000e+07 3.070000000000000000e+03 5.470000000000000000e+03 1.960000000000000000e+03 5.150000000000000000e+03
9.495367600000000000e+07 3.080000000000000000e+03 5.470000000000000000e+03 1.960000000000000000e+03 5.120000000000000000e+03
9.495388300000000000e+07 3.080000000000000000e+03 5.470000000000000000e+03 1.960000000000000000e+03 5.120000000000000000e+03
9.495409100000000000e+07 3.080000000000000000e+03 5.480000000000000000e+03 1.970000000000000000e+03 5.070000000000000000e+03
9.495429900000000000e+07 3.080000000000000000e+03 5.480000000000000000e+03 1.970000000000000000e+03 5.130000000000000000e+03
9.495450700000000000e+07 3.070000000000000000e+03 5.460000000000000000e+03 1.970000000000000000e+03 5.120000000000000000e+03
9.495471500000000000e+07 3.080000000000000000e+03 5.470000000000000000e+03 1.970000000000000000e+03 5.150000000000000000e+03
9.495492300000000000e+07 3.080000000000000000e+03 5.460000000000000000e+03 1.970000000000000000e+03 5.200000000000000000e+03
9.495513100000000000e+07 3.080000000000000000e+03 5.460000000000000000e+03 1.970000000000000000e+03 5.240000000000000000e+03
9.495533900000000000e+07 3.080000000000000000e+03 5.450000000000000000e+03 1.970000000000000000e+03 5.240000000000000000e+03
9.495554700000000000e+07 3.080000000000000000e+03 5.460000000000000000e+03 1.970000000000000000e+03 5.230000000000000000e+03
9.495575500000000000e+07 3.080000000000000000e+03 5.460000000000000000e+03 1.970000000000000000e+03 5.230000000000000000e+03
9.495596200000000000e+07 3.080000000000000000e+03 5.460000000000000000e+03 1.970000000000000000e+03 5.230000000000000000e+03
9.495617100000000000e+07 3.080000000000000000e+03 5.450000000000000000e+03 1.970000000000000000e+03 5.210000000000000000e+03
9.495637900000000000e+07 3.070000000000000000e+03 5.450000000000000000e+03 1.970000000000000000e+03 5.210000000000000000e+03
9.495658700000000000e+07 3.070000000000000000e+03 5.450000000000000000e+03 1.980000000000000000e+03 5.210000000000000000e+03
9.495679500000000000e+07 3.070000000000000000e+03 5.460000000000000000e+03 1.970000000000000000e+03 5.210000000000000000e+03
9.495700300000000000e+07 3.070000000000000000e+03 5.460000000000000000e+03 1.960000000000000000e+03 5.250000000000000000e+03
9.495721100000000000e+07 3.070000000000000000e+03 5.450000000000000000e+03 1.960000000000000000e+03 5.310000000000000000e+03
9.495741900000000000e+07 3.060000000000000000e+03 5.450000000000000000e+03 1.960000000000000000e+03 5.340000000000000000e+03
9.495762600000000000e+07 3.060000000000000000e+03 5.460000000000000000e+03 1.960000000000000000e+03 5.350000000000000000e+03
9.495783500000000000e+07 3.060000000000000000e+03 5.470000000000000000e+03 1.960000000000000000e+03 5.350000000000000000e+03
9.495804300000000000e+07 3.060000000000000000e+03 5.470000000000000000e+03 1.960000000000000000e+03 5.380000000000000000e+03
9.495825100000000000e+07 3.060000000000000000e+03 5.460000000000000000e+03 1.970000000000000000e+03 5.370000000000000000e+03
9.495845900000000000e+07 3.060000000000000000e+03 5.460000000000000000e+03 1.970000000000000000e+03 5.400000000000000000e+03
9.495866600000000000e+07 3.070000000000000000e+03 5.460000000000000000e+03 1.970000000000000000e+03 5.460000000000000000e+03
9.495887500000000000e+07 3.070000000000000000e+03 5.450000000000000000e+03 1.970000000000000000e+03 5.520000000000000000e+03
9.495908300000000000e+07 3.060000000000000000e+03 5.450000000000000000e+03 1.970000000000000000e+03 5.550000000000000000e+03
9.495929000000000000e+07 3.060000000000000000e+03 5.460000000000000000e+03 1.970000000000000000e+03 5.560000000000000000e+03
9.495949900000000000e+07 3.060000000000000000e+03 5.450000000000000000e+03 1.970000000000000000e+03 5.560000000000000000e+03
9.495991400000000000e+07 3.060000000000000000e+03 5.450000000000000000e+03 1.970000000000000000e+03 5.540000000000000000e+03
9.500012200000000000e+07 3.050000000000000000e+03 5.450000000000000000e+03 1.970000000000000000e+03 5.500000000000000000e+03
9.500033000000000000e+07 3.060000000000000000e+03 5.450000000000000000e+03 1.970000000000000000e+03 5.440000000000000000e+03
9.500053900000000000e+07 3.070000000000000000e+03 5.450000000000000000e+03 1.970000000000000000e+03 5.500000000000000000e+03
9.500074600000000000e+07 3.070000000000000000e+03 5.450000000000000000e+03 1.970000000000000000e+03 5.500000000000000000e+03
9.500095400000000000e+07 3.070000000000000000e+03 5.440000000000000000e+03 1.970000000000000000e+03 5.500000000000000000e+03
9.500116200000000000e+07 3.060000000000000000e+03 5.450000000000000000e+03 1.970000000000000000e+03 5.490000000000000000e+03
9.500137000000000000e+07 3.060000000000000000e+03 5.450000000000000000e+03 1.970000000000000000e+03 5.490000000000000000e+03
9.500157800000000000e+07 3.060000000000000000e+03 5.460000000000000000e+03 1.970000000000000000e+03 5.500000000000000000e+03
9.500178600000000000e+07 3.060000000000000000e+03 5.460000000000000000e+03 1.970000000000000000e+03 5.510000000000000000e+03
9.500199400000000000e+07 3.060000000000000000e+03 5.460000000000000000e+03 1.980000000000000000e+03 5.540000000000000000e+03
9.500220200000000000e+07 3.060000000000000000e+03 5.460000000000000000e+03 1.970000000000000000e+03 5.550000000000000000e+03
9.500241000000000000e+07 3.060000000000000000e+03 5.460000000000000000e+03 1.970000000000000000e+03 5.560000000000000000e+03
9.500261800000000000e+07 3.070000000000000000e+03 5.470000000000000000e+03 1.970000000000000000e+03 5.540000000000000000e+03
9.500282600000000000e+07 3.070000000000000000e+03 5.470000000000000000e+03 1.970000000000000000e+03 5.550000000000000000e+03
9.500303400000000000e+07 3.070000000000000000e+03 5.470000000000000000e+03 1.970000000000000000e+03 5.590000000000000000e+03
9.500324200000000000e+07 3.060000000000000000e+03 5.470000000000000000e+03 1.970000000000000000e+03 5.470000000000000000e+03
9.500345000000000000e+07 3.080000000000000000e+03 5.470000000000000000e+03 1.980000000000000000e+03 5.380000000000000000e+03
9.500365800000000000e+07 3.080000000000000000e+03 5.460000000000000000e+03 1.970000000000000000e+03 5.310000000000000000e+03
9.500386600000000000e+07 3.070000000000000000e+03 5.460000000000000000e+03 1.970000000000000000e+03 5.250000000000000000e+03
9.500407400000000000e+07 3.060000000000000000e+03 5.460000000000000000e+03 1.980000000000000000e+03 5.440000000000000000e+03
9.500428100000000000e+07 3.060000000000000000e+03 5.460000000000000000e+03 1.970000000000000000e+03 5.370000000000000000e+03
9.500449000000000000e+07 3.050000000000000000e+03 5.470000000000000000e+03 1.970000000000000000e+03 5.340000000000000000e+03
9.500469800000000000e+07 3.060000000000000000e+03 5.480000000000000000e+03 1.970000000000000000e+03 5.330000000000000000e+03
9.500490600000000000e+07 3.060000000000000000e+03 5.480000000000000000e+03 1.970000000000000000e+03 5.250000000000000000e+03
9.500511300000000000e+07 3.060000000000000000e+03 5.470000000000000000e+03 1.970000000000000000e+03 5.300000000000000000e+03
9.500532100000000000e+07 3.060000000000000000e+03 5.470000000000000000e+03 1.970000000000000000e+03 5.210000000000000000e+03
9.500552900000000000e+07 3.060000000000000000e+03 5.470000000000000000e+03 1.980000000000000000e+03 5.160000000000000000e+03
9.500573700000000000e+07 3.060000000000000000e+03 5.460000000000000000e+03 1.970000000000000000e+03 5.100000000000000000e+03
9.500594500000000000e+07 3.070000000000000000e+03 5.470000000000000000e+03 1.970000000000000000e+03 5.340000000000000000e+03
9.500615300000000000e+07 3.070000000000000000e+03 5.460000000000000000e+03 1.970000000000000000e+03 5.340000000000000000e+03
9.500636200000000000e+07 3.080000000000000000e+03 5.470000000000000000e+03 1.970000000000000000e+03 5.450000000000000000e+03
9.500656900000000000e+07 3.080000000000000000e+03 5.460000000000000000e+03 1.970000000000000000e+03 5.550000000000000000e+03
9.500677700000000000e+07 3.080000000000000000e+03 5.470000000000000000e+03 1.970000000000000000e+03 5.350000000000000000e+03
9.500698500000000000e+07 3.080000000000000000e+03 5.480000000000000000e+03 1.970000000000000000e+03 5.480000000000000000e+03
9.500719300000000000e+07 3.070000000000000000e+03 5.480000000000000000e+03 1.970000000000000000e+03 5.510000000000000000e+03
9.500740100000000000e+07 3.070000000000000000e+03 5.470000000000000000e+03 1.960000000000000000e+03 5.540000000000000000e+03
9.500760900000000000e+07 3.070000000000000000e+03 5.470000000000000000e+03 1.970000000000000000e+03 5.370000000000000000e+03
9.500781700000000000e+07 3.060000000000000000e+03 5.470000000000000000e+03 1.970000000000000000e+03 5.370000000000000000e+03
9.500802500000000000e+07 3.060000000000000000e+03 5.470000000000000000e+03 1.970000000000000000e+03 5.440000000000000000e+03
9.500823300000000000e+07 3.060000000000000000e+03 5.460000000000000000e+03 1.970000000000000000e+03 5.290000000000000000e+03
9.500844100000000000e+07 3.060000000000000000e+03 5.460000000000000000e+03 1.970000000000000000e+03 5.200000000000000000e+03
9.500864900000000000e+07 3.060000000000000000e+03 5.460000000000000000e+03 1.970000000000000000e+03 5.130000000000000000e+03
9.500885700000000000e+07 3.060000000000000000e+03 5.470000000000000000e+03 1.970000000000000000e+03 5.100000000000000000e+03
9.500906500000000000e+07 3.050000000000000000e+03 5.470000000000000000e+03 1.970000000000000000e+03 5.240000000000000000e+03
9.500927300000000000e+07 3.050000000000000000e+03 5.480000000000000000e+03 1.970000000000000000e+03 5.370000000000000000e+03
9.500948100000000000e+07 3.060000000000000000e+03 5.480000000000000000e+03 1.970000000000000000e+03 5.460000000000000000e+03
9.500968900000000000e+07 3.060000000000000000e+03 5.480000000000000000e+03 1.970000000000000000e+03 5.500000000000000000e+03
9.500989600000000000e+07 3.060000000000000000e+03 5.470000000000000000e+03 1.960000000000000000e+03 5.400000000000000000e+03
9.501010400000000000e+07 3.070000000000000000e+03 5.460000000000000000e+03 1.960000000000000000e+03 5.350000000000000000e+03
9.501031200000000000e+07 3.060000000000000000e+03 5.460000000000000000e+03 1.980000000000000000e+03 5.350000000000000000e+03
9.501052000000000000e+07 3.050000000000000000e+03 5.460000000000000000e+03 1.970000000000000000e+03 5.350000000000000000e+03
9.501072900000000000e+07 3.060000000000000000e+03 5.460000000000000000e+03 1.970000000000000000e+03 5.370000000000000000e+03
9.501093600000000000e+07 3.060000000000000000e+03 5.460000000000000000e+03 1.970000000000000000e+03 5.390000000000000000e+03
9.501114400000000000e+07 3.060000000000000000e+03 5.460000000000000000e+03 1.970000000000000000e+03 5.390000000000000000e+03
9.501135200000000000e+07 3.070000000000000000e+03 5.460000000000000000e+03 1.970000000000000000e+03 5.400000000000000000e+03
9.501156000000000000e+07 3.080000000000000000e+03 5.450000000000000000e+03 1.970000000000000000e+03 5.400000000000000000e+03
9.501176800000000000e+07 3.080000000000000000e+03 5.440000000000000000e+03 1.960000000000000000e+03 5.370000000000000000e+03
9.501197600000000000e+07 3.070000000000000000e+03 5.430000000000000000e+03 1.960000000000000000e+03 5.360000000000000000e+03
9.501218400000000000e+07 3.070000000000000000e+03 5.440000000000000000e+03 1.960000000000000000e+03 5.330000000000000000e+03
9.501245400000000000e+07 3.070000000000000000e+03 5.440000000000000000e+03 1.960000000000000000e+03 5.310000000000000000e+03
9.501884100000000000e+07 3.060000000000000000e+03 5.790000000000000000e+03 1.960000000000000000e+03 4.910000000000000000e+03
9.501904600000000000e+07 3.060000000000000000e+03 5.730000000000000000e+03 1.970000000000000000e+03 4.890000000000000000e+03
9.501925500000000000e+07 3.060000000000000000e+03 5.740000000000000000e+03 1.970000000000000000e+03 4.890000000000000000e+03
9.501946300000000000e+07 3.060000000000000000e+03 5.720000000000000000e+03 1.970000000000000000e+03 4.890000000000000000e+03
9.501967100000000000e+07 3.060000000000000000e+03 5.730000000000000000e+03 1.970000000000000000e+03 4.890000000000000000e+03
9.501987800000000000e+07 3.070000000000000000e+03 5.670000000000000000e+03 1.970000000000000000e+03 4.880000000000000000e+03
9.502008700000000000e+07 3.060000000000000000e+03 5.700000000000000000e+03 1.970000000000000000e+03 4.890000000000000000e+03
9.502029500000000000e+07 3.070000000000000000e+03 5.740000000000000000e+03 1.970000000000000000e+03 4.910000000000000000e+03
9.502050200000000000e+07 3.070000000000000000e+03 5.880000000000000000e+03 1.970000000000000000e+03 4.890000000000000000e+03
9.502071100000000000e+07 3.070000000000000000e+03 5.930000000000000000e+03 1.970000000000000000e+03 4.890000000000000000e+03
9.502091900000000000e+07 3.080000000000000000e+03 5.930000000000000000e+03 1.970000000000000000e+03 4.890000000000000000e+03
9.502112700000000000e+07 3.080000000000000000e+03 5.930000000000000000e+03 1.970000000000000000e+03 4.890000000000000000e+03
9.502133500000000000e+07 3.070000000000000000e+03 5.920000000000000000e+03 1.970000000000000000e+03 4.890000000000000000e+03
9.502154300000000000e+07 3.070000000000000000e+03 5.890000000000000000e+03 1.970000000000000000e+03 4.890000000000000000e+03
9.502175100000000000e+07 3.080000000000000000e+03 5.790000000000000000e+03 1.970000000000000000e+03 4.890000000000000000e+03
9.502194300000000000e+07 3.080000000000000000e+03 5.850000000000000000e+03 1.970000000000000000e+03 4.910000000000000000e+03
9.502215100000000000e+07 3.080000000000000000e+03 5.950000000000000000e+03 1.970000000000000000e+03 4.910000000000000000e+03
9.502235800000000000e+07 3.080000000000000000e+03 6.010000000000000000e+03 1.970000000000000000e+03 4.910000000000000000e+03
9.502256600000000000e+07 3.070000000000000000e+03 6.030000000000000000e+03 1.970000000000000000e+03 4.910000000000000000e+03
9.502277400000000000e+07 3.070000000000000000e+03 6.020000000000000000e+03 1.970000000000000000e+03 4.920000000000000000e+03
9.502298200000000000e+07 3.070000000000000000e+03 5.900000000000000000e+03 1.970000000000000000e+03 4.910000000000000000e+03
9.502318900000000000e+07 3.070000000000000000e+03 5.790000000000000000e+03 1.970000000000000000e+03 4.890000000000000000e+03
9.502339800000000000e+07 3.070000000000000000e+03 5.730000000000000000e+03 1.970000000000000000e+03 4.910000000000000000e+03
9.502360600000000000e+07 3.070000000000000000e+03 5.710000000000000000e+03 1.970000000000000000e+03 4.910000000000000000e+03
9.502381400000000000e+07 3.060000000000000000e+03 5.680000000000000000e+03 1.960000000000000000e+03 4.910000000000000000e+03
9.502402200000000000e+07 3.060000000000000000e+03 5.680000000000000000e+03 1.960000000000000000e+03 4.890000000000000000e+03
9.502423000000000000e+07 3.070000000000000000e+03 5.680000000000000000e+03 1.970000000000000000e+03 4.890000000000000000e+03
9.502443800000000000e+07 3.060000000000000000e+03 5.670000000000000000e+03 1.970000000000000000e+03 4.880000000000000000e+03
9.502464600000000000e+07 3.070000000000000000e+03 5.670000000000000000e+03 1.960000000000000000e+03 4.890000000000000000e+03
9.502485400000000000e+07 3.070000000000000000e+03 5.670000000000000000e+03 1.960000000000000000e+03 4.890000000000000000e+03
9.502506200000000000e+07 3.060000000000000000e+03 5.670000000000000000e+03 1.960000000000000000e+03 4.890000000000000000e+03
9.502526900000000000e+07 3.060000000000000000e+03 5.690000000000000000e+03 1.960000000000000000e+03 4.880000000000000000e+03
9.502547800000000000e+07 3.060000000000000000e+03 5.690000000000000000e+03 1.960000000000000000e+03 4.890000000000000000e+03
9.502568600000000000e+07 3.060000000000000000e+03 5.680000000000000000e+03 1.960000000000000000e+03 4.880000000000000000e+03
9.502589400000000000e+07 3.060000000000000000e+03 5.680000000000000000e+03 1.960000000000000000e+03 4.870000000000000000e+03
9.502610200000000000e+07 3.070000000000000000e+03 5.690000000000000000e+03 1.960000000000000000e+03 4.880000000000000000e+03
9.502631000000000000e+07 3.070000000000000000e+03 5.670000000000000000e+03 1.970000000000000000e+03 4.890000000000000000e+03
9.502651800000000000e+07 3.070000000000000000e+03 5.680000000000000000e+03 1.970000000000000000e+03 4.890000000000000000e+03
9.502672600000000000e+07 3.070000000000000000e+03 5.710000000000000000e+03 1.970000000000000000e+03 4.890000000000000000e+03
9.502693400000000000e+07 3.060000000000000000e+03 5.730000000000000000e+03 1.970000000000000000e+03 4.890000000000000000e+03
9.502714200000000000e+07 3.060000000000000000e+03 5.780000000000000000e+03 1.960000000000000000e+03 4.890000000000000000e+03
9.502735000000000000e+07 3.060000000000000000e+03 5.800000000000000000e+03 1.960000000000000000e+03 4.910000000000000000e+03
9.502755800000000000e+07 3.060000000000000000e+03 5.790000000000000000e+03 1.970000000000000000e+03 4.890000000000000000e+03
9.502776500000000000e+07 3.060000000000000000e+03 5.780000000000000000e+03 1.980000000000000000e+03 4.910000000000000000e+03
9.502797300000000000e+07 3.070000000000000000e+03 5.790000000000000000e+03 1.970000000000000000e+03 4.890000000000000000e+03
9.502818100000000000e+07 3.060000000000000000e+03 5.790000000000000000e+03 1.970000000000000000e+03 4.890000000000000000e+03
9.502838900000000000e+07 3.060000000000000000e+03 5.780000000000000000e+03 1.980000000000000000e+03 4.910000000000000000e+03
9.502859700000000000e+07 3.060000000000000000e+03 5.780000000000000000e+03 1.980000000000000000e+03 4.910000000000000000e+03
9.502880500000000000e+07 3.070000000000000000e+03 5.780000000000000000e+03 1.970000000000000000e+03 4.890000000000000000e+03
9.502901300000000000e+07 3.060000000000000000e+03 5.750000000000000000e+03 1.970000000000000000e+03 4.890000000000000000e+03
9.502922100000000000e+07 3.060000000000000000e+03 5.730000000000000000e+03 1.970000000000000000e+03 4.880000000000000000e+03
9.502942900000000000e+07 3.070000000000000000e+03 5.710000000000000000e+03 1.970000000000000000e+03 4.880000000000000000e+03
9.502963700000000000e+07 3.060000000000000000e+03 5.670000000000000000e+03 1.970000000000000000e+03 4.890000000000000000e+03
9.502984500000000000e+07 3.060000000000000000e+03 5.660000000000000000e+03 1.970000000000000000e+03 4.890000000000000000e+03
9.503005300000000000e+07 3.050000000000000000e+03 5.670000000000000000e+03 1.970000000000000000e+03 4.890000000000000000e+03
9.503026100000000000e+07 3.060000000000000000e+03 5.700000000000000000e+03 1.970000000000000000e+03 4.880000000000000000e+03
9.503046900000000000e+07 3.060000000000000000e+03 5.750000000000000000e+03 1.970000000000000000e+03 4.880000000000000000e+03
9.503067700000000000e+07 3.060000000000000000e+03 5.770000000000000000e+03 1.970000000000000000e+03 4.880000000000000000e+03
9.503088500000000000e+07 3.070000000000000000e+03 5.800000000000000000e+03 1.970000000000000000e+03 4.880000000000000000e+03
9.503109300000000000e+07 3.060000000000000000e+03 5.810000000000000000e+03 1.960000000000000000e+03 4.890000000000000000e+03
9.503130000000000000e+07 3.060000000000000000e+03 5.810000000000000000e+03 1.960000000000000000e+03 4.910000000000000000e+03
9.503150900000000000e+07 3.070000000000000000e+03 5.800000000000000000e+03 1.960000000000000000e+03 4.910000000000000000e+03
9.503171700000000000e+07 3.070000000000000000e+03 5.790000000000000000e+03 1.960000000000000000e+03 4.910000000000000000e+03
9.503192500000000000e+07 3.060000000000000000e+03 5.760000000000000000e+03 1.960000000000000000e+03 4.910000000000000000e+03
9.503213200000000000e+07 3.060000000000000000e+03 5.720000000000000000e+03 1.970000000000000000e+03 4.910000000000000000e+03
9.503234100000000000e+07 3.060000000000000000e+03 5.680000000000000000e+03 1.970000000000000000e+03 4.890000000000000000e+03
9.503254900000000000e+07 3.060000000000000000e+03 5.660000000000000000e+03 1.970000000000000000e+03 4.890000000000000000e+03
9.503275600000000000e+07 3.060000000000000000e+03 5.630000000000000000e+03 1.970000000000000000e+03 4.890000000000000000e+03
9.503296500000000000e+07 3.070000000000000000e+03 5.610000000000000000e+03 1.970000000000000000e+03 4.880000000000000000e+03
9.503317300000000000e+07 3.060000000000000000e+03 5.600000000000000000e+03 1.970000000000000000e+03 4.870000000000000000e+03
9.503338100000000000e+07 3.070000000000000000e+03 5.580000000000000000e+03 1.970000000000000000e+03 4.870000000000000000e+03
9.503358900000000000e+07 3.070000000000000000e+03 5.580000000000000000e+03 1.970000000000000000e+03 4.880000000000000000e+03
9.503379700000000000e+07 3.070000000000000000e+03 5.590000000000000000e+03 1.960000000000000000e+03 4.880000000000000000e+03
9.503400400000000000e+07 3.060000000000000000e+03 5.590000000000000000e+03 1.950000000000000000e+03 4.880000000000000000e+03
9.503421200000000000e+07 3.060000000000000000e+03 5.590000000000000000e+03 1.960000000000000000e+03 4.890000000000000000e+03
9.503442000000000000e+07 3.060000000000000000e+03 5.600000000000000000e+03 1.960000000000000000e+03 4.890000000000000000e+03
9.503462800000000000e+07 3.050000000000000000e+03 5.630000000000000000e+03 1.950000000000000000e+03 4.910000000000000000e+03
9.503483600000000000e+07 3.030000000000000000e+03 5.660000000000000000e+03 1.960000000000000000e+03 4.890000000000000000e+03
9.503504400000000000e+07 3.030000000000000000e+03 5.700000000000000000e+03 1.950000000000000000e+03 4.880000000000000000e+03
9.503525200000000000e+07 3.030000000000000000e+03 5.740000000000000000e+03 1.960000000000000000e+03 4.890000000000000000e+03
9.503546000000000000e+07 3.060000000000000000e+03 5.800000000000000000e+03 1.960000000000000000e+03 4.910000000000000000e+03
9.503566800000000000e+07 3.070000000000000000e+03 5.850000000000000000e+03 1.960000000000000000e+03 4.890000000000000000e+03
9.503587600000000000e+07 3.070000000000000000e+03 5.880000000000000000e+03 1.960000000000000000e+03 4.890000000000000000e+03
9.503608400000000000e+07 3.060000000000000000e+03 5.830000000000000000e+03 1.960000000000000000e+03 4.910000000000000000e+03
9.503629200000000000e+07 3.070000000000000000e+03 5.770000000000000000e+03 1.960000000000000000e+03 4.890000000000000000e+03
9.503649900000000000e+07 3.070000000000000000e+03 5.710000000000000000e+03 1.960000000000000000e+03 4.910000000000000000e+03
9.503670700000000000e+07 3.060000000000000000e+03 5.710000000000000000e+03 1.960000000000000000e+03 4.910000000000000000e+03
9.503691600000000000e+07 3.060000000000000000e+03 5.750000000000000000e+03 1.960000000000000000e+03 4.910000000000000000e+03
9.503712300000000000e+07 3.070000000000000000e+03 5.780000000000000000e+03 1.960000000000000000e+03 4.910000000000000000e+03
9.503733200000000000e+07 3.070000000000000000e+03 5.810000000000000000e+03 1.960000000000000000e+03 4.890000000000000000e+03
9.503754000000000000e+07 3.070000000000000000e+03 5.810000000000000000e+03 1.960000000000000000e+03 4.880000000000000000e+03
9.503774800000000000e+07 3.070000000000000000e+03 5.800000000000000000e+03 1.960000000000000000e+03 4.890000000000000000e+03
9.503795600000000000e+07 3.070000000000000000e+03 5.810000000000000000e+03 1.960000000000000000e+03 4.890000000000000000e+03
9.503816400000000000e+07 3.070000000000000000e+03 5.850000000000000000e+03 1.960000000000000000e+03 4.880000000000000000e+03
9.503837200000000000e+07 3.060000000000000000e+03 5.850000000000000000e+03 1.980000000000000000e+03 4.880000000000000000e+03
9.503856400000000000e+07 3.070000000000000000e+03 5.830000000000000000e+03 1.970000000000000000e+03 4.870000000000000000e+03
9.503877200000000000e+07 3.070000000000000000e+03 6.010000000000000000e+03 1.970000000000000000e+03 4.880000000000000000e+03
9.503898000000000000e+07 3.080000000000000000e+03 6.110000000000000000e+03 1.960000000000000000e+03 4.880000000000000000e+03
9.503939600000000000e+07 3.080000000000000000e+03 6.090000000000000000e+03 1.960000000000000000e+03 4.880000000000000000e+03
9.503960300000000000e+07 3.070000000000000000e+03 6.000000000000000000e+03 1.960000000000000000e+03 4.880000000000000000e+03
9.503981100000000000e+07 3.080000000000000000e+03 5.910000000000000000e+03 1.950000000000000000e+03 4.880000000000000000e+03
9.504001900000000000e+07 3.080000000000000000e+03 5.850000000000000000e+03 1.960000000000000000e+03 4.880000000000000000e+03
9.504022700000000000e+07 3.090000000000000000e+03 5.790000000000000000e+03 1.970000000000000000e+03 4.880000000000000000e+03
9.504043700000000000e+07 3.080000000000000000e+03 5.750000000000000000e+03 1.970000000000000000e+03 4.880000000000000000e+03
9.504064300000000000e+07 3.070000000000000000e+03 5.710000000000000000e+03 1.970000000000000000e+03 4.880000000000000000e+03
9.504085100000000000e+07 3.070000000000000000e+03 5.680000000000000000e+03 1.970000000000000000e+03 4.880000000000000000e+03
9.504105900000000000e+07 3.070000000000000000e+03 5.660000000000000000e+03 1.970000000000000000e+03 4.890000000000000000e+03
9.504126700000000000e+07 3.070000000000000000e+03 5.650000000000000000e+03 1.970000000000000000e+03 4.890000000000000000e+03
9.504147500000000000e+07 3.060000000000000000e+03 5.640000000000000000e+03 1.970000000000000000e+03 4.910000000000000000e+03
9.504168300000000000e+07 3.060000000000000000e+03 5.670000000000000000e+03 1.970000000000000000e+03 4.920000000000000000e+03
9.504189100000000000e+07 3.070000000000000000e+03 5.770000000000000000e+03 1.970000000000000000e+03 4.920000000000000000e+03
9.504209900000000000e+07 3.070000000000000000e+03 5.870000000000000000e+03 1.970000000000000000e+03 4.920000000000000000e+03
9.504230700000000000e+07 3.070000000000000000e+03 5.960000000000000000e+03 1.980000000000000000e+03 4.910000000000000000e+03
9.504251500000000000e+07 3.070000000000000000e+03 5.960000000000000000e+03 1.970000000000000000e+03 4.890000000000000000e+03
9.504272300000000000e+07 3.060000000000000000e+03 5.900000000000000000e+03 1.970000000000000000e+03 4.890000000000000000e+03
9.504293100000000000e+07 3.060000000000000000e+03 5.830000000000000000e+03 1.970000000000000000e+03 4.890000000000000000e+03
