9.531533600000000000e+07 4.530000000000000000e+03 6.100000000000000000e+03 1.000000000000000000e+03 4.560000000000000000e+03
9.531554400000000000e+07 4.510000000000000000e+03 6.110000000000000000e+03 1.000000000000000000e+03 4.560000000000000000e+03
9.531575200000000000e+07 4.550000000000000000e+03 6.100000000000000000e+03 1.010000000000000000e+03 4.560000000000000000e+03
9.531596000000000000e+07 4.500000000000000000e+03 6.100000000000000000e+03 1.000000000000000000e+03 4.560000000000000000e+03
9.531616800000000000e+07 4.520000000000000000e+03 6.110000000000000000e+03 1.000000000000000000e+03 4.550000000000000000e+03
9.531637600000000000e+07 4.510000000000000000e+03 6.120000000000000000e+03 1.000000000000000000e+03 4.550000000000000000e+03
9.531658400000000000e+07 4.510000000000000000e+03 6.120000000000000000e+03 1.000000000000000000e+03 4.560000000000000000e+03
9.531679200000000000e+07 4.490000000000000000e+03 6.110000000000000000e+03 1.000000000000000000e+03 4.550000000000000000e+03
9.531700000000000000e+07 4.510000000000000000e+03 6.110000000000000000e+03 1.000000000000000000e+03 4.550000000000000000e+03
9.531720800000000000e+07 4.490000000000000000e+03 6.110000000000000000e+03 1.000000000000000000e+03 4.550000000000000000e+03
9.531741600000000000e+07 4.550000000000000000e+03 6.110000000000000000e+03 1.000000000000000000e+03 4.550000000000000000e+03
9.531762400000000000e+07 4.550000000000000000e+03 6.110000000000000000e+03 9.900000000000000000e+02 4.550000000000000000e+03
9.531783200000000000e+07 4.510000000000000000e+03 6.110000000000000000e+03 9.900000000000000000e+02 4.550000000000000000e+03
9.531804000000000000e+07 4.490000000000000000e+03 6.120000000000000000e+03 1.000000000000000000e+03 4.550000000000000000e+03
9.531824800000000000e+07 4.490000000000000000e+03 6.130000000000000000e+03 1.010000000000000000e+03 4.550000000000000000e+03
9.531845600000000000e+07 4.490000000000000000e+03 6.120000000000000000e+03 1.010000000000000000e+03 4.550000000000000000e+03
9.531866400000000000e+07 4.540000000000000000e+03 6.120000000000000000e+03 1.000000000000000000e+03 4.540000000000000000e+03
9.531887200000000000e+07 4.520000000000000000e+03 6.120000000000000000e+03 1.000000000000000000e+03 4.540000000000000000e+03
9.531908000000000000e+07 4.500000000000000000e+03 6.120000000000000000e+03 1.000000000000000000e+03 4.540000000000000000e+03
9.531928800000000000e+07 4.500000000000000000e+03 6.110000000000000000e+03 1.000000000000000000e+03 4.530000000000000000e+03
9.531949500000000000e+07 4.490000000000000000e+03 6.120000000000000000e+03 9.900000000000000000e+02 4.540000000000000000e+03
9.531970400000000000e+07 4.490000000000000000e+03 6.110000000000000000e+03 9.900000000000000000e+02 4.550000000000000000e+03
9.531991200000000000e+07 4.520000000000000000e+03 6.110000000000000000e+03 9.900000000000000000e+02 4.550000000000000000e+03
9.532012000000000000e+07 4.540000000000000000e+03 6.110000000000000000e+03 1.000000000000000000e+03 4.550000000000000000e+03
9.532032800000000000e+07 4.490000000000000000e+03 6.110000000000000000e+03 1.000000000000000000e+03 4.540000000000000000e+03
9.532053500000000000e+07 4.490000000000000000e+03 6.110000000000000000e+03 1.000000000000000000e+03 4.540000000000000000e+03
9.532074300000000000e+07 4.530000000000000000e+03 6.110000000000000000e+03 9.900000000000000000e+02 4.540000000000000000e+03
9.532095100000000000e+07 4.530000000000000000e+03 6.120000000000000000e+03 9.900000000000000000e+02 4.530000000000000000e+03
9.532115900000000000e+07 4.530000000000000000e+03 6.120000000000000000e+03 9.900000000000000000e+02 4.520000000000000000e+03
9.532136700000000000e+07 4.560000000000000000e+03 6.110000000000000000e+03 9.900000000000000000e+02 4.530000000000000000e+03
9.532157500000000000e+07 4.510000000000000000e+03 6.100000000000000000e+03 1.000000000000000000e+03 4.530000000000000000e+03
9.532178300000000000e+07 4.550000000000000000e+03 6.100000000000000000e+03 9.900000000000000000e+02 4.530000000000000000e+03
9.532199100000000000e+07 4.550000000000000000e+03 6.100000000000000000e+03 9.900000000000000000e+02 4.530000000000000000e+03
9.532219900000000000e+07 4.490000000000000000e+03 6.110000000000000000e+03 1.000000000000000000e+03 4.530000000000000000e+03
9.532240800000000000e+07 4.490000000000000000e+03 6.100000000000000000e+03 1.010000000000000000e+03 4.540000000000000000e+03
9.532261500000000000e+07 4.510000000000000000e+03 6.100000000000000000e+03 1.010000000000000000e+03 4.540000000000000000e+03
9.532282300000000000e+07 4.560000000000000000e+03 6.110000000000000000e+03 1.000000000000000000e+03 4.540000000000000000e+03
9.532303100000000000e+07 4.490000000000000000e+03 6.120000000000000000e+03 1.000000000000000000e+03 4.550000000000000000e+03
9.532323900000000000e+07 4.510000000000000000e+03 6.120000000000000000e+03 9.900000000000000000e+02 4.550000000000000000e+03
9.532344800000000000e+07 4.490000000000000000e+03 6.120000000000000000e+03 9.900000000000000000e+02 4.540000000000000000e+03
9.532365500000000000e+07 4.550000000000000000e+03 6.110000000000000000e+03 9.900000000000000000e+02 4.540000000000000000e+03
9.532386200000000000e+07 4.550000000000000000e+03 6.120000000000000000e+03 9.900000000000000000e+02 4.550000000000000000e+03
9.532407100000000000e+07 4.550000000000000000e+03 6.110000000000000000e+03 9.900000000000000000e+02 4.550000000000000000e+03
9.532448700000000000e+07 4.490000000000000000e+03 6.110000000000000000e+03 9.800000000000000000e+02 4.540000000000000000e+03
9.532469400000000000e+07 4.500000000000000000e+03 6.110000000000000000e+03 9.800000000000000000e+02 4.530000000000000000e+03
9.532490200000000000e+07 4.500000000000000000e+03 6.110000000000000000e+03 9.800000000000000000e+02 4.530000000000000000e+03
9.532511000000000000e+07 4.540000000000000000e+03 6.110000000000000000e+03 9.800000000000000000e+02 4.540000000000000000e+03
9.532531900000000000e+07 4.530000000000000000e+03 6.110000000000000000e+03 9.800000000000000000e+02 4.540000000000000000e+03
9.532552600000000000e+07 4.550000000000000000e+03 6.110000000000000000e+03 9.900000000000000000e+02 4.530000000000000000e+03
9.532573500000000000e+07 4.520000000000000000e+03 6.100000000000000000e+03 9.900000000000000000e+02 4.520000000000000000e+03
9.532594300000000000e+07 4.490000000000000000e+03 6.100000000000000000e+03 1.000000000000000000e+03 4.530000000000000000e+03
9.532615100000000000e+07 4.500000000000000000e+03 6.110000000000000000e+03 1.000000000000000000e+03 4.530000000000000000e+03
9.532635900000000000e+07 4.490000000000000000e+03 6.120000000000000000e+03 9.900000000000000000e+02 4.530000000000000000e+03
9.532656700000000000e+07 4.490000000000000000e+03 6.120000000000000000e+03 9.900000000000000000e+02 4.540000000000000000e+03
9.532677400000000000e+07 4.550000000000000000e+03 6.120000000000000000e+03 9.900000000000000000e+02 4.540000000000000000e+03
9.532698200000000000e+07 4.550000000000000000e+03 6.130000000000000000e+03 9.800000000000000000e+02 4.540000000000000000e+03
9.532719000000000000e+07 4.530000000000000000e+03 6.120000000000000000e+03 9.900000000000000000e+02 4.550000000000000000e+03
9.532739800000000000e+07 4.540000000000000000e+03 6.120000000000000000e+03 9.900000000000000000e+02 4.550000000000000000e+03
9.532760600000000000e+07 4.520000000000000000e+03 6.120000000000000000e+03 1.000000000000000000e+03 4.550000000000000000e+03
9.532781400000000000e+07 4.500000000000000000e+03 6.120000000000000000e+03 1.000000000000000000e+03 4.550000000000000000e+03
9.532802200000000000e+07 4.520000000000000000e+03 6.110000000000000000e+03 1.000000000000000000e+03 4.550000000000000000e+03
9.532823000000000000e+07 4.510000000000000000e+03 6.110000000000000000e+03 1.000000000000000000e+03 4.550000000000000000e+03
9.532843800000000000e+07 4.490000000000000000e+03 6.110000000000000000e+03 1.010000000000000000e+03 4.560000000000000000e+03
9.532864600000000000e+07 4.560000000000000000e+03 6.110000000000000000e+03 1.000000000000000000e+03 4.550000000000000000e+03
9.532885400000000000e+07 4.510000000000000000e+03 6.120000000000000000e+03 1.000000000000000000e+03 4.550000000000000000e+03
9.532906200000000000e+07 4.510000000000000000e+03 6.110000000000000000e+03 1.000000000000000000e+03 4.550000000000000000e+03
9.532927000000000000e+07 4.570000000000000000e+03 6.110000000000000000e+03 1.000000000000000000e+03 4.550000000000000000e+03
9.532947700000000000e+07 4.490000000000000000e+03 6.110000000000000000e+03 1.000000000000000000e+03 4.550000000000000000e+03
9.532968600000000000e+07 4.550000000000000000e+03 6.110000000000000000e+03 1.000000000000000000e+03 4.550000000000000000e+03
9.532989400000000000e+07 4.540000000000000000e+03 6.100000000000000000e+03 1.000000000000000000e+03 4.550000000000000000e+03
9.533010200000000000e+07 4.560000000000000000e+03 6.100000000000000000e+03 1.000000000000000000e+03 4.550000000000000000e+03
9.533031000000000000e+07 4.490000000000000000e+03 6.110000000000000000e+03 1.000000000000000000e+03 4.560000000000000000e+03
9.533072600000000000e+07 4.550000000000000000e+03 6.120000000000000000e+03 1.000000000000000000e+03 4.540000000000000000e+03
9.533093300000000000e+07 4.550000000000000000e+03 6.120000000000000000e+03 1.010000000000000000e+03 4.540000000000000000e+03
9.533114200000000000e+07 4.540000000000000000e+03 6.120000000000000000e+03 1.010000000000000000e+03 4.550000000000000000e+03
9.533135000000000000e+07 4.530000000000000000e+03 6.110000000000000000e+03 1.000000000000000000e+03 4.550000000000000000e+03
9.533155800000000000e+07 4.570000000000000000e+03 6.110000000000000000e+03 1.000000000000000000e+03 4.550000000000000000e+03
9.533176500000000000e+07 4.530000000000000000e+03 6.110000000000000000e+03 9.900000000000000000e+02 4.550000000000000000e+03
9.533197400000000000e+07 4.580000000000000000e+03 6.110000000000000000e+03 9.900000000000000000e+02 4.550000000000000000e+03
9.533218100000000000e+07 4.550000000000000000e+03 6.100000000000000000e+03 1.000000000000000000e+03 4.550000000000000000e+03
9.533238900000000000e+07 4.510000000000000000e+03 6.100000000000000000e+03 9.900000000000000000e+02 4.550000000000000000e+03
9.533259700000000000e+07 4.520000000000000000e+03 6.100000000000000000e+03 9.900000000000000000e+02 4.550000000000000000e+03
9.533280500000000000e+07 4.530000000000000000e+03 6.110000000000000000e+03 9.800000000000000000e+02 4.550000000000000000e+03
9.533301300000000000e+07 4.550000000000000000e+03 6.110000000000000000e+03 9.800000000000000000e+02 4.540000000000000000e+03
9.533322100000000000e+07 4.520000000000000000e+03 6.120000000000000000e+03 9.900000000000000000e+02 4.540000000000000000e+03
9.533342900000000000e+07 4.570000000000000000e+03 6.120000000000000000e+03 9.900000000000000000e+02 4.550000000000000000e+03
9.533363700000000000e+07 4.570000000000000000e+03 6.110000000000000000e+03 9.900000000000000000e+02 4.550000000000000000e+03
9.533384500000000000e+07 4.510000000000000000e+03 6.120000000000000000e+03 9.900000000000000000e+02 4.560000000000000000e+03
9.533405300000000000e+07 4.560000000000000000e+03 6.120000000000000000e+03 9.900000000000000000e+02 4.560000000000000000e+03
9.533426100000000000e+07 4.520000000000000000e+03 6.110000000000000000e+03 9.800000000000000000e+02 4.560000000000000000e+03
9.533447000000000000e+07 4.560000000000000000e+03 6.120000000000000000e+03 9.700000000000000000e+02 4.550000000000000000e+03
9.533467700000000000e+07 4.530000000000000000e+03 6.120000000000000000e+03 9.800000000000000000e+02 4.550000000000000000e+03
9.533488500000000000e+07 4.530000000000000000e+03 6.120000000000000000e+03 9.800000000000000000e+02 4.550000000000000000e+03
9.533509200000000000e+07 4.500000000000000000e+03 6.120000000000000000e+03 9.700000000000000000e+02 4.550000000000000000e+03
9.533530100000000000e+07 4.520000000000000000e+03 6.120000000000000000e+03 9.700000000000000000e+02 4.550000000000000000e+03
9.533550900000000000e+07 4.520000000000000000e+03 6.120000000000000000e+03 9.800000000000000000e+02 4.550000000000000000e+03
9.533571700000000000e+07 4.490000000000000000e+03 6.120000000000000000e+03 9.900000000000000000e+02 4.550000000000000000e+03
9.533592500000000000e+07 4.540000000000000000e+03 6.120000000000000000e+03 1.000000000000000000e+03 4.550000000000000000e+03
9.533613300000000000e+07 4.510000000000000000e+03 6.120000000000000000e+03 9.900000000000000000e+02 4.550000000000000000e+03
9.533634100000000000e+07 4.520000000000000000e+03 6.120000000000000000e+03 9.900000000000000000e+02 4.550000000000000000e+03
9.533654900000000000e+07 4.500000000000000000e+03 6.120000000000000000e+03 9.900000000000000000e+02 4.550000000000000000e+03
9.533675600000000000e+07 4.570000000000000000e+03 6.110000000000000000e+03 9.900000000000000000e+02 4.550000000000000000e+03
9.533696500000000000e+07 4.530000000000000000e+03 6.120000000000000000e+03 9.900000000000000000e+02 4.550000000000000000e+03
9.533717200000000000e+07 4.500000000000000000e+03 6.120000000000000000e+03 9.900000000000000000e+02 4.550000000000000000e+03
9.533738100000000000e+07 4.550000000000000000e+03 6.120000000000000000e+03 9.900000000000000000e+02 4.550000000000000000e+03
9.533758900000000000e+07 4.560000000000000000e+03 6.120000000000000000e+03 9.800000000000000000e+02 4.540000000000000000e+03
9.533779600000000000e+07 4.570000000000000000e+03 6.110000000000000000e+03 9.900000000000000000e+02 4.540000000000000000e+03
9.533800400000000000e+07 4.590000000000000000e+03 6.110000000000000000e+03 1.000000000000000000e+03 4.540000000000000000e+03
9.533821200000000000e+07 4.570000000000000000e+03 6.110000000000000000e+03 1.000000000000000000e+03 4.540000000000000000e+03
9.533842000000000000e+07 4.530000000000000000e+03 6.110000000000000000e+03 1.000000000000000000e+03 4.540000000000000000e+03
9.533862800000000000e+07 4.560000000000000000e+03 6.100000000000000000e+03 1.000000000000000000e+03 4.540000000000000000e+03
9.533883600000000000e+07 4.540000000000000000e+03 6.100000000000000000e+03 1.000000000000000000e+03 4.540000000000000000e+03
9.533904400000000000e+07 4.520000000000000000e+03 6.100000000000000000e+03 9.900000000000000000e+02 4.540000000000000000e+03
9.533925200000000000e+07 4.540000000000000000e+03 6.120000000000000000e+03 1.000000000000000000e+03 4.540000000000000000e+03
9.533946000000000000e+07 4.570000000000000000e+03 6.120000000000000000e+03 1.000000000000000000e+03 4.550000000000000000e+03
9.533966700000000000e+07 4.530000000000000000e+03 6.110000000000000000e+03 1.000000000000000000e+03 4.550000000000000000e+03
9.533987600000000000e+07 4.510000000000000000e+03 6.110000000000000000e+03 1.000000000000000000e+03 4.550000000000000000e+03
9.534008400000000000e+07 4.530000000000000000e+03 6.120000000000000000e+03 1.000000000000000000e+03 4.550000000000000000e+03
9.534029200000000000e+07 4.560000000000000000e+03 6.120000000000000000e+03 1.000000000000000000e+03 4.550000000000000000e+03
9.534050000000000000e+07 4.500000000000000000e+03 6.120000000000000000e+03 1.000000000000000000e+03 4.550000000000000000e+03
9.534070800000000000e+07 4.490000000000000000e+03 6.120000000000000000e+03 1.000000000000000000e+03 4.550000000000000000e+03
9.534091500000000000e+07 4.540000000000000000e+03 6.120000000000000000e+03 9.900000000000000000e+02 4.550000000000000000e+03
9.534112400000000000e+07 4.510000000000000000e+03 6.120000000000000000e+03 9.800000000000000000e+02 4.550000000000000000e+03
9.534133100000000000e+07 4.530000000000000000e+03 6.110000000000000000e+03 9.700000000000000000e+02 4.540000000000000000e+03
9.534154000000000000e+07 4.530000000000000000e+03 6.110000000000000000e+03 9.800000000000000000e+02 4.540000000000000000e+03
9.534174800000000000e+07 4.500000000000000000e+03 6.110000000000000000e+03 9.800000000000000000e+02 4.550000000000000000e+03
9.534195500000000000e+07 4.040000000000000000e+03 6.120000000000000000e+03 9.800000000000000000e+02 5.030000000000000000e+03
9.534216400000000000e+07 4.030000000000000000e+03 6.110000000000000000e+03 9.900000000000000000e+02 5.030000000000000000e+03
9.534237200000000000e+07 4.030000000000000000e+03 6.120000000000000000e+03 9.900000000000000000e+02 5.060000000000000000e+03
9.534257900000000000e+07 4.040000000000000000e+03 6.110000000000000000e+03 9.900000000000000000e+02 5.070000000000000000e+03
9.534278800000000000e+07 4.030000000000000000e+03 6.110000000000000000e+03 9.900000000000000000e+02 5.070000000000000000e+03
9.534299600000000000e+07 4.030000000000000000e+03 6.110000000000000000e+03 9.900000000000000000e+02 5.070000000000000000e+03
9.534320300000000000e+07 4.030000000000000000e+03 6.100000000000000000e+03 1.000000000000000000e+03 5.030000000000000000e+03
9.534341200000000000e+07 4.030000000000000000e+03 6.100000000000000000e+03 1.000000000000000000e+03 5.060000000000000000e+03
9.534361900000000000e+07 4.030000000000000000e+03 6.100000000000000000e+03 1.000000000000000000e+03 5.010000000000000000e+03
9.534382700000000000e+07 4.030000000000000000e+03 6.100000000000000000e+03 1.000000000000000000e+03 5.050000000000000000e+03
9.534403500000000000e+07 4.030000000000000000e+03 6.100000000000000000e+03 1.000000000000000000e+03 5.030000000000000000e+03
9.534424300000000000e+07 4.030000000000000000e+03 6.110000000000000000e+03 1.000000000000000000e+03 5.030000000000000000e+03
9.534445100000000000e+07 4.030000000000000000e+03 6.110000000000000000e+03 1.000000000000000000e+03 5.070000000000000000e+03
9.534465900000000000e+07 4.030000000000000000e+03 6.110000000000000000e+03 9.900000000000000000e+02 5.030000000000000000e+03
9.534486700000000000e+07 4.020000000000000000e+03 6.110000000000000000e+03 9.900000000000000000e+02 5.070000000000000000e+03
9.534507500000000000e+07 4.020000000000000000e+03 6.120000000000000000e+03 9.900000000000000000e+02 5.010000000000000000e+03
9.534528300000000000e+07 4.030000000000000000e+03 6.110000000000000000e+03 9.800000000000000000e+02 5.010000000000000000e+03
9.534549100000000000e+07 4.030000000000000000e+03 6.110000000000000000e+03 9.900000000000000000e+02 5.050000000000000000e+03
9.534569900000000000e+07 4.020000000000000000e+03 6.110000000000000000e+03 9.800000000000000000e+02 5.010000000000000000e+03
9.534590700000000000e+07 4.010000000000000000e+03 6.110000000000000000e+03 9.900000000000000000e+02 5.040000000000000000e+03
9.534611500000000000e+07 4.020000000000000000e+03 6.100000000000000000e+03 9.900000000000000000e+02 5.000000000000000000e+03
9.534632300000000000e+07 4.030000000000000000e+03 6.110000000000000000e+03 9.900000000000000000e+02 5.010000000000000000e+03
9.534653100000000000e+07 4.030000000000000000e+03 6.100000000000000000e+03 9.900000000000000000e+02 5.010000000000000000e+03
9.534673900000000000e+07 4.040000000000000000e+03 6.110000000000000000e+03 9.900000000000000000e+02 5.050000000000000000e+03
9.534694600000000000e+07 4.050000000000000000e+03 6.110000000000000000e+03 9.900000000000000000e+02 5.050000000000000000e+03
9.534715500000000000e+07 4.050000000000000000e+03 6.100000000000000000e+03 9.900000000000000000e+02 5.010000000000000000e+03
9.534736300000000000e+07 4.050000000000000000e+03 6.100000000000000000e+03 9.900000000000000000e+02 5.010000000000000000e+03
9.534757100000000000e+07 4.040000000000000000e+03 6.110000000000000000e+03 9.800000000000000000e+02 5.030000000000000000e+03
9.534777900000000000e+07 4.040000000000000000e+03 6.110000000000000000e+03 9.900000000000000000e+02 5.030000000000000000e+03
9.534798700000000000e+07 4.040000000000000000e+03 6.110000000000000000e+03 9.900000000000000000e+02 5.070000000000000000e+03
9.534819500000000000e+07 4.030000000000000000e+03 6.110000000000000000e+03 9.900000000000000000e+02 5.050000000000000000e+03
9.534840300000000000e+07 4.030000000000000000e+03 6.110000000000000000e+03 1.000000000000000000e+03 5.020000000000000000e+03
9.534861000000000000e+07 4.030000000000000000e+03 6.110000000000000000e+03 1.000000000000000000e+03 5.020000000000000000e+03
9.534881900000000000e+07 4.030000000000000000e+03 6.110000000000000000e+03 9.900000000000000000e+02 5.010000000000000000e+03
9.534902700000000000e+07 4.040000000000000000e+03 6.100000000000000000e+03 9.900000000000000000e+02 5.020000000000000000e+03
9.534923400000000000e+07 4.030000000000000000e+03 6.100000000000000000e+03 9.800000000000000000e+02 5.000000000000000000e+03
9.534944300000000000e+07 4.030000000000000000e+03 6.110000000000000000e+03 9.800000000000000000e+02 5.020000000000000000e+03
9.534965000000000000e+07 4.040000000000000000e+03 6.110000000000000000e+03 9.800000000000000000e+02 5.040000000000000000e+03
9.534985800000000000e+07 4.040000000000000000e+03 6.110000000000000000e+03 9.800000000000000000e+02 5.040000000000000000e+03
9.535006600000000000e+07 4.040000000000000000e+03 6.120000000000000000e+03 9.800000000000000000e+02 5.000000000000000000e+03
9.535027400000000000e+07 4.040000000000000000e+03 6.120000000000000000e+03 9.700000000000000000e+02 5.070000000000000000e+03
9.535048200000000000e+07 4.030000000000000000e+03 6.110000000000000000e+03 9.900000000000000000e+02 5.020000000000000000e+03
9.535069000000000000e+07 4.030000000000000000e+03 6.100000000000000000e+03 9.900000000000000000e+02 5.060000000000000000e+03
9.535089800000000000e+07 4.030000000000000000e+03 6.100000000000000000e+03 9.900000000000000000e+02 5.030000000000000000e+03
9.535110700000000000e+07 4.020000000000000000e+03 6.110000000000000000e+03 9.900000000000000000e+02 5.030000000000000000e+03
9.535131400000000000e+07 4.030000000000000000e+03 6.110000000000000000e+03 9.900000000000000000e+02 5.060000000000000000e+03
9.535152200000000000e+07 4.030000000000000000e+03 6.120000000000000000e+03 9.900000000000000000e+02 5.010000000000000000e+03
9.535173000000000000e+07 4.030000000000000000e+03 6.120000000000000000e+03 1.000000000000000000e+03 5.040000000000000000e+03
9.535193800000000000e+07 4.030000000000000000e+03 6.120000000000000000e+03 1.000000000000000000e+03 5.060000000000000000e+03
9.535214600000000000e+07 4.040000000000000000e+03 6.120000000000000000e+03 9.900000000000000000e+02 5.010000000000000000e+03
9.535235400000000000e+07 4.030000000000000000e+03 6.110000000000000000e+03 9.900000000000000000e+02 5.010000000000000000e+03
9.535256200000000000e+07 4.040000000000000000e+03 6.110000000000000000e+03 1.000000000000000000e+03 5.070000000000000000e+03
9.535277000000000000e+07 4.040000000000000000e+03 6.110000000000000000e+03 9.900000000000000000e+02 5.020000000000000000e+03
9.535297800000000000e+07 4.030000000000000000e+03 6.120000000000000000e+03 9.900000000000000000e+02 5.040000000000000000e+03
9.535318600000000000e+07 4.030000000000000000e+03 6.110000000000000000e+03 9.900000000000000000e+02 5.030000000000000000e+03
9.535339400000000000e+07 4.020000000000000000e+03 6.110000000000000000e+03 9.900000000000000000e+02 5.030000000000000000e+03
9.535360200000000000e+07 4.030000000000000000e+03 6.110000000000000000e+03 9.900000000000000000e+02 5.010000000000000000e+03
9.535380900000000000e+07 4.030000000000000000e+03 6.110000000000000000e+03 9.900000000000000000e+02 5.070000000000000000e+03
9.535401800000000000e+07 4.020000000000000000e+03 6.110000000000000000e+03 9.900000000000000000e+02 5.070000000000000000e+03
9.535422600000000000e+07 4.020000000000000000e+03 6.110000000000000000e+03 1.000000000000000000e+03 5.030000000000000000e+03
9.535443400000000000e+07 4.020000000000000000e+03 6.110000000000000000e+03 1.000000000000000000e+03 5.070000000000000000e+03
9.535464200000000000e+07 4.020000000000000000e+03 6.110000000000000000e+03 1.000000000000000000e+03 5.010000000000000000e+03
9.535485000000000000e+07 4.030000000000000000e+03 6.110000000000000000e+03 9.900000000000000000e+02 5.080000000000000000e+03
9.535505700000000000e+07 4.030000000000000000e+03 6.110000000000000000e+03 9.900000000000000000e+02 5.060000000000000000e+03
9.535526500000000000e+07 4.030000000000000000e+03 6.110000000000000000e+03 9.800000000000000000e+02 5.080000000000000000e+03
9.535547300000000000e+07 4.030000000000000000e+03 6.120000000000000000e+03 9.800000000000000000e+02 5.060000000000000000e+03
9.535568100000000000e+07 4.030000000000000000e+03 6.120000000000000000e+03 9.900000000000000000e+02 5.040000000000000000e+03
9.535588900000000000e+07 4.030000000000000000e+03 6.120000000000000000e+03 9.900000000000000000e+02 5.030000000000000000e+03
9.535609700000000000e+07 4.030000000000000000e+03 6.110000000000000000e+03 9.900000000000000000e+02 5.070000000000000000e+03
9.535630500000000000e+07 4.030000000000000000e+03 6.110000000000000000e+03 9.900000000000000000e+02 5.050000000000000000e+03
9.535651300000000000e+07 4.020000000000000000e+03 6.110000000000000000e+03 9.900000000000000000e+02 5.010000000000000000e+03
9.535672100000000000e+07 4.020000000000000000e+03 6.110000000000000000e+03 9.900000000000000000e+02 5.040000000000000000e+03
9.535692900000000000e+07 4.030000000000000000e+03 6.110000000000000000e+03 9.900000000000000000e+02 5.010000000000000000e+03
9.535713700000000000e+07 4.020000000000000000e+03 6.100000000000000000e+03 9.900000000000000000e+02 5.030000000000000000e+03
9.535734500000000000e+07 4.030000000000000000e+03 6.110000000000000000e+03 9.900000000000000000e+02 5.010000000000000000e+03
9.535755300000000000e+07 4.030000000000000000e+03 6.110000000000000000e+03 9.900000000000000000e+02 5.030000000000000000e+03
9.535776100000000000e+07 4.030000000000000000e+03 6.110000000000000000e+03 9.900000000000000000e+02 5.010000000000000000e+03
9.535796900000000000e+07 4.030000000000000000e+03 6.120000000000000000e+03 9.900000000000000000e+02 5.030000000000000000e+03
9.535817700000000000e+07 4.040000000000000000e+03 6.110000000000000000e+03 9.800000000000000000e+02 5.010000000000000000e+03
9.535838500000000000e+07 4.040000000000000000e+03 6.100000000000000000e+03 9.900000000000000000e+02 5.010000000000000000e+03
9.535859200000000000e+07 4.040000000000000000e+03 6.100000000000000000e+03 9.900000000000000000e+02 5.030000000000000000e+03
9.535880100000000000e+07 4.030000000000000000e+03 6.100000000000000000e+03 9.900000000000000000e+02 5.020000000000000000e+03
9.535900900000000000e+07 4.030000000000000000e+03 6.100000000000000000e+03 9.900000000000000000e+02 5.040000000000000000e+03
9.535921600000000000e+07 4.030000000000000000e+03 6.110000000000000000e+03 9.900000000000000000e+02 5.050000000000000000e+03
9.535942500000000000e+07 4.030000000000000000e+03 6.110000000000000000e+03 9.900000000000000000e+02 5.030000000000000000e+03
9.535963300000000000e+07 4.040000000000000000e+03 6.110000000000000000e+03 9.900000000000000000e+02 5.030000000000000000e+03
9.535984100000000000e+07 4.050000000000000000e+03 6.120000000000000000e+03 9.900000000000000000e+02 5.070000000000000000e+03
9.540004900000000000e+07 4.040000000000000000e+03 6.120000000000000000e+03 9.900000000000000000e+02 5.050000000000000000e+03
9.540025700000000000e+07 4.030000000000000000e+03 6.110000000000000000e+03 9.900000000000000000e+02 5.030000000000000000e+03
9.540046500000000000e+07 4.030000000000000000e+03 6.110000000000000000e+03 9.900000000000000000e+02 5.020000000000000000e+03
9.540067300000000000e+07 4.030000000000000000e+03 6.100000000000000000e+03 1.000000000000000000e+03 5.020000000000000000e+03
9.540088000000000000e+07 4.040000000000000000e+03 6.100000000000000000e+03 1.000000000000000000e+03 5.010000000000000000e+03
9.540108800000000000e+07 4.050000000000000000e+03 6.100000000000000000e+03 1.000000000000000000e+03 5.020000000000000000e+03
9.540129600000000000e+07 4.060000000000000000e+03 6.110000000000000000e+03 1.000000000000000000e+03 5.030000000000000000e+03
9.540150400000000000e+07 4.060000000000000000e+03 6.100000000000000000e+03 9.900000000000000000e+02 5.010000000000000000e+03
9.540171200000000000e+07 4.050000000000000000e+03 6.110000000000000000e+03 9.900000000000000000e+02 5.050000000000000000e+03
9.540192000000000000e+07 4.040000000000000000e+03 6.090000000000000000e+03 9.900000000000000000e+02 5.070000000000000000e+03
9.540212800000000000e+07 4.040000000000000000e+03 6.090000000000000000e+03 9.900000000000000000e+02 5.070000000000000000e+03
9.540233900000000000e+07 4.030000000000000000e+03 6.090000000000000000e+03 9.900000000000000000e+02 5.070000000000000000e+03
9.540254400000000000e+07 4.040000000000000000e+03 6.090000000000000000e+03 9.900000000000000000e+02 5.030000000000000000e+03
9.540275200000000000e+07 4.040000000000000000e+03 6.090000000000000000e+03 9.800000000000000000e+02 5.030000000000000000e+03
9.540296000000000000e+07 4.040000000000000000e+03 6.100000000000000000e+03 9.700000000000000000e+02 5.050000000000000000e+03
9.540337600000000000e+07 4.030000000000000000e+03 6.100000000000000000e+03 9.800000000000000000e+02 5.010000000000000000e+03
9.540358400000000000e+07 4.030000000000000000e+03 6.110000000000000000e+03 9.800000000000000000e+02 5.010000000000000000e+03
9.540379100000000000e+07 4.030000000000000000e+03 6.120000000000000000e+03 9.900000000000000000e+02 5.030000000000000000e+03
9.540400000000000000e+07 4.030000000000000000e+03 6.130000000000000000e+03 9.900000000000000000e+02 5.050000000000000000e+03
9.540420700000000000e+07 4.030000000000000000e+03 6.120000000000000000e+03 9.900000000000000000e+02 5.070000000000000000e+03
9.540441600000000000e+07 4.030000000000000000e+03 6.120000000000000000e+03 1.000000000000000000e+03 5.010000000000000000e+03
9.540462400000000000e+07 4.030000000000000000e+03 6.120000000000000000e+03 1.000000000000000000e+03 5.050000000000000000e+03
9.540483200000000000e+07 4.030000000000000000e+03 6.120000000000000000e+03 1.010000000000000000e+03 5.030000000000000000e+03
9.540504000000000000e+07 4.030000000000000000e+03 6.120000000000000000e+03 1.010000000000000000e+03 5.020000000000000000e+03
9.540524700000000000e+07 4.030000000000000000e+03 6.110000000000000000e+03 1.010000000000000000e+03 5.000000000000000000e+03
9.540545600000000000e+07 4.040000000000000000e+03 6.100000000000000000e+03 1.000000000000000000e+03 5.040000000000000000e+03
9.540566300000000000e+07 4.030000000000000000e+03 6.100000000000000000e+03 1.000000000000000000e+03 5.030000000000000000e+03
9.540587100000000000e+07 4.040000000000000000e+03 6.100000000000000000e+03 1.000000000000000000e+03 5.010000000000000000e+03
9.540608000000000000e+07 4.030000000000000000e+03 6.100000000000000000e+03 1.000000000000000000e+03 5.070000000000000000e+03
9.540628700000000000e+07 4.030000000000000000e+03 6.100000000000000000e+03 9.900000000000000000e+02 5.010000000000000000e+03
9.540649500000000000e+07 4.030000000000000000e+03 6.100000000000000000e+03 9.900000000000000000e+02 5.070000000000000000e+03
9.540670300000000000e+07 4.030000000000000000e+03 6.100000000000000000e+03 9.900000000000000000e+02 5.030000000000000000e+03
9.540691200000000000e+07 4.040000000000000000e+03 6.110000000000000000e+03 9.900000000000000000e+02 5.010000000000000000e+03
9.540711900000000000e+07 4.030000000000000000e+03 6.110000000000000000e+03 1.000000000000000000e+03 5.070000000000000000e+03
9.540732700000000000e+07 4.040000000000000000e+03 6.110000000000000000e+03 9.900000000000000000e+02 5.010000000000000000e+03
9.540753500000000000e+07 4.030000000000000000e+03 6.110000000000000000e+03 9.900000000000000000e+02 5.010000000000000000e+03
9.540774300000000000e+07 4.040000000000000000e+03 6.110000000000000000e+03 9.900000000000000000e+02 5.010000000000000000e+03
9.540795000000000000e+07 4.040000000000000000e+03 6.110000000000000000e+03 1.000000000000000000e+03 5.050000000000000000e+03
9.540815900000000000e+07 4.040000000000000000e+03 6.120000000000000000e+03 1.000000000000000000e+03 5.020000000000000000e+03
9.540836700000000000e+07 4.040000000000000000e+03 6.110000000000000000e+03 1.000000000000000000e+03 5.010000000000000000e+03
9.540857500000000000e+07 4.040000000000000000e+03 6.100000000000000000e+03 1.000000000000000000e+03 5.030000000000000000e+03
