1.137482310000000000e+08 4.170000000000000000e+03 5.330000000000000000e+03 1.660000000000000000e+03 4.160000000000000000e+03
1.137484390000000000e+08 4.130000000000000000e+03 5.330000000000000000e+03 1.670000000000000000e+03 4.160000000000000000e+03
1.137486470000000000e+08 4.130000000000000000e+03 5.320000000000000000e+03 1.660000000000000000e+03 4.160000000000000000e+03
1.137488550000000000e+08 4.110000000000000000e+03 5.340000000000000000e+03 1.670000000000000000e+03 4.150000000000000000e+03
1.137490630000000000e+08 4.140000000000000000e+03 5.340000000000000000e+03 1.670000000000000000e+03 4.150000000000000000e+03
1.137492710000000000e+08 4.160000000000000000e+03 5.330000000000000000e+03 1.670000000000000000e+03 4.160000000000000000e+03
1.137494800000000000e+08 4.100000000000000000e+03 5.340000000000000000e+03 1.670000000000000000e+03 4.160000000000000000e+03
1.137496870000000000e+08 4.120000000000000000e+03 5.340000000000000000e+03 1.670000000000000000e+03 4.160000000000000000e+03
1.137498950000000000e+08 4.160000000000000000e+03 5.330000000000000000e+03 1.670000000000000000e+03 4.160000000000000000e+03
1.137501030000000000e+08 4.120000000000000000e+03 5.350000000000000000e+03 1.670000000000000000e+03 4.180000000000000000e+03
1.137503110000000000e+08 4.100000000000000000e+03 5.350000000000000000e+03 1.670000000000000000e+03 4.180000000000000000e+03
1.137505190000000000e+08 4.120000000000000000e+03 5.370000000000000000e+03 1.660000000000000000e+03 4.160000000000000000e+03
1.137507270000000000e+08 4.100000000000000000e+03 5.360000000000000000e+03 1.660000000000000000e+03 4.160000000000000000e+03
1.137509350000000000e+08 4.110000000000000000e+03 5.360000000000000000e+03 1.660000000000000000e+03 4.160000000000000000e+03
1.137511430000000000e+08 4.130000000000000000e+03 5.350000000000000000e+03 1.660000000000000000e+03 4.160000000000000000e+03
1.137513510000000000e+08 4.110000000000000000e+03 5.340000000000000000e+03 1.660000000000000000e+03 4.160000000000000000e+03
1.137515610000000000e+08 4.090000000000000000e+03 5.350000000000000000e+03 1.660000000000000000e+03 4.160000000000000000e+03
1.137517670000000000e+08 4.150000000000000000e+03 5.340000000000000000e+03 1.670000000000000000e+03 4.160000000000000000e+03
1.137519750000000000e+08 4.110000000000000000e+03 5.340000000000000000e+03 1.670000000000000000e+03 4.160000000000000000e+03
1.137521830000000000e+08 4.130000000000000000e+03 5.340000000000000000e+03 1.660000000000000000e+03 4.170000000000000000e+03
1.137523900000000000e+08 4.120000000000000000e+03 5.330000000000000000e+03 1.670000000000000000e+03 4.160000000000000000e+03
1.137525990000000000e+08 4.100000000000000000e+03 5.360000000000000000e+03 1.670000000000000000e+03 4.160000000000000000e+03
1.137528060000000000e+08 4.140000000000000000e+03 5.350000000000000000e+03 1.670000000000000000e+03 4.150000000000000000e+03
1.137530140000000000e+08 4.090000000000000000e+03 5.350000000000000000e+03 1.670000000000000000e+03 4.150000000000000000e+03
1.137532220000000000e+08 4.130000000000000000e+03 5.340000000000000000e+03 1.670000000000000000e+03 4.150000000000000000e+03
1.137534300000000000e+08 4.070000000000000000e+03 5.350000000000000000e+03 1.660000000000000000e+03 4.140000000000000000e+03
1.137536380000000000e+08 4.070000000000000000e+03 5.340000000000000000e+03 1.660000000000000000e+03 4.150000000000000000e+03
1.137538460000000000e+08 4.110000000000000000e+03 5.350000000000000000e+03 1.650000000000000000e+03 4.150000000000000000e+03
1.137540540000000000e+08 4.110000000000000000e+03 5.360000000000000000e+03 1.650000000000000000e+03 4.150000000000000000e+03
1.137542620000000000e+08 4.140000000000000000e+03 5.330000000000000000e+03 1.650000000000000000e+03 4.150000000000000000e+03
1.137544700000000000e+08 4.100000000000000000e+03 5.330000000000000000e+03 1.650000000000000000e+03 4.150000000000000000e+03
1.137546780000000000e+08 4.080000000000000000e+03 5.320000000000000000e+03 1.650000000000000000e+03 4.150000000000000000e+03
1.137548860000000000e+08 4.110000000000000000e+03 5.320000000000000000e+03 1.650000000000000000e+03 4.160000000000000000e+03
1.137550940000000000e+08 4.090000000000000000e+03 5.320000000000000000e+03 1.650000000000000000e+03 4.160000000000000000e+03
1.137553020000000000e+08 4.130000000000000000e+03 5.310000000000000000e+03 1.650000000000000000e+03 4.140000000000000000e+03
1.137555100000000000e+08 4.090000000000000000e+03 5.300000000000000000e+03 1.650000000000000000e+03 4.150000000000000000e+03
1.137557180000000000e+08 4.150000000000000000e+03 5.290000000000000000e+03 1.650000000000000000e+03 4.160000000000000000e+03
1.137559260000000000e+08 4.090000000000000000e+03 5.290000000000000000e+03 1.660000000000000000e+03 4.160000000000000000e+03
1.137561340000000000e+08 4.150000000000000000e+03 5.310000000000000000e+03 1.660000000000000000e+03 4.160000000000000000e+03
1.137563420000000000e+08 4.150000000000000000e+03 5.340000000000000000e+03 1.660000000000000000e+03 4.160000000000000000e+03
1.137565500000000000e+08 4.080000000000000000e+03 5.360000000000000000e+03 1.660000000000000000e+03 4.160000000000000000e+03
1.137567580000000000e+08 4.100000000000000000e+03 5.360000000000000000e+03 1.670000000000000000e+03 4.150000000000000000e+03
1.137569660000000000e+08 4.100000000000000000e+03 5.350000000000000000e+03 1.680000000000000000e+03 4.140000000000000000e+03
1.137571740000000000e+08 4.100000000000000000e+03 5.340000000000000000e+03 1.670000000000000000e+03 4.140000000000000000e+03
1.137573820000000000e+08 4.100000000000000000e+03 5.330000000000000000e+03 1.670000000000000000e+03 4.140000000000000000e+03
1.137575900000000000e+08 4.090000000000000000e+03 5.310000000000000000e+03 1.670000000000000000e+03 4.150000000000000000e+03
1.137577980000000000e+08 4.090000000000000000e+03 5.310000000000000000e+03 1.670000000000000000e+03 4.150000000000000000e+03
1.137580060000000000e+08 4.080000000000000000e+03 5.320000000000000000e+03 1.670000000000000000e+03 4.140000000000000000e+03
1.137582140000000000e+08 4.070000000000000000e+03 5.320000000000000000e+03 1.680000000000000000e+03 4.150000000000000000e+03
1.137584210000000000e+08 4.090000000000000000e+03 5.320000000000000000e+03 1.680000000000000000e+03 4.140000000000000000e+03
1.137586290000000000e+08 4.110000000000000000e+03 5.320000000000000000e+03 1.680000000000000000e+03 4.140000000000000000e+03
1.137588370000000000e+08 4.090000000000000000e+03 5.330000000000000000e+03 1.670000000000000000e+03 4.150000000000000000e+03
1.137590450000000000e+08 4.140000000000000000e+03 5.350000000000000000e+03 1.670000000000000000e+03 4.140000000000000000e+03
1.137592530000000000e+08 4.140000000000000000e+03 5.360000000000000000e+03 1.670000000000000000e+03 4.130000000000000000e+03
1.137594610000000000e+08 4.080000000000000000e+03 5.350000000000000000e+03 1.670000000000000000e+03 4.140000000000000000e+03
1.137596690000000000e+08 4.100000000000000000e+03 5.340000000000000000e+03 1.670000000000000000e+03 4.150000000000000000e+03
1.137598770000000000e+08 4.100000000000000000e+03 5.350000000000000000e+03 1.670000000000000000e+03 4.150000000000000000e+03
1.138000850000000000e+08 4.100000000000000000e+03 5.340000000000000000e+03 1.670000000000000000e+03 4.150000000000000000e+03
1.138002930000000000e+08 4.140000000000000000e+03 5.340000000000000000e+03 1.670000000000000000e+03 4.160000000000000000e+03
1.138005010000000000e+08 4.100000000000000000e+03 5.340000000000000000e+03 1.670000000000000000e+03 4.160000000000000000e+03
1.138007090000000000e+08 4.100000000000000000e+03 5.350000000000000000e+03 1.670000000000000000e+03 4.150000000000000000e+03
1.138009170000000000e+08 4.080000000000000000e+03 5.350000000000000000e+03 1.670000000000000000e+03 4.160000000000000000e+03
1.138011250000000000e+08 4.100000000000000000e+03 5.330000000000000000e+03 1.670000000000000000e+03 4.140000000000000000e+03
1.138013330000000000e+08 4.100000000000000000e+03 5.320000000000000000e+03 1.670000000000000000e+03 4.150000000000000000e+03
1.138015410000000000e+08 4.080000000000000000e+03 5.310000000000000000e+03 1.670000000000000000e+03 4.160000000000000000e+03
1.138017490000000000e+08 4.150000000000000000e+03 5.300000000000000000e+03 1.660000000000000000e+03 4.160000000000000000e+03
1.138019570000000000e+08 4.110000000000000000e+03 5.300000000000000000e+03 1.660000000000000000e+03 4.140000000000000000e+03
1.138021650000000000e+08 4.150000000000000000e+03 5.310000000000000000e+03 1.660000000000000000e+03 4.140000000000000000e+03
1.138023730000000000e+08 4.130000000000000000e+03 5.340000000000000000e+03 1.660000000000000000e+03 4.140000000000000000e+03
1.138025810000000000e+08 4.080000000000000000e+03 5.330000000000000000e+03 1.660000000000000000e+03 4.160000000000000000e+03
1.138027880000000000e+08 4.140000000000000000e+03 5.330000000000000000e+03 1.660000000000000000e+03 4.170000000000000000e+03
1.138029970000000000e+08 4.080000000000000000e+03 5.340000000000000000e+03 1.670000000000000000e+03 4.160000000000000000e+03
1.138032050000000000e+08 4.150000000000000000e+03 5.330000000000000000e+03 1.670000000000000000e+03 4.160000000000000000e+03
1.138034120000000000e+08 4.130000000000000000e+03 5.330000000000000000e+03 1.670000000000000000e+03 4.160000000000000000e+03
1.138036210000000000e+08 4.150000000000000000e+03 5.330000000000000000e+03 1.670000000000000000e+03 4.150000000000000000e+03
1.138038290000000000e+08 4.090000000000000000e+03 5.340000000000000000e+03 1.670000000000000000e+03 4.150000000000000000e+03
1.138040370000000000e+08 4.090000000000000000e+03 5.330000000000000000e+03 1.670000000000000000e+03 4.160000000000000000e+03
1.138042440000000000e+08 4.100000000000000000e+03 5.340000000000000000e+03 1.670000000000000000e+03 4.160000000000000000e+03
1.138044520000000000e+08 4.140000000000000000e+03 5.330000000000000000e+03 1.660000000000000000e+03 4.160000000000000000e+03
1.138046620000000000e+08 4.130000000000000000e+03 5.350000000000000000e+03 1.660000000000000000e+03 4.150000000000000000e+03
1.138048680000000000e+08 4.130000000000000000e+03 5.330000000000000000e+03 1.660000000000000000e+03 4.150000000000000000e+03
1.138052840000000000e+08 4.090000000000000000e+03 5.350000000000000000e+03 1.660000000000000000e+03 4.140000000000000000e+03
1.138054910000000000e+08 4.130000000000000000e+03 5.330000000000000000e+03 1.670000000000000000e+03 4.150000000000000000e+03
1.138057000000000000e+08 4.090000000000000000e+03 5.330000000000000000e+03 1.670000000000000000e+03 4.150000000000000000e+03
1.138059080000000000e+08 4.150000000000000000e+03 5.340000000000000000e+03 1.670000000000000000e+03 4.140000000000000000e+03
1.138061160000000000e+08 4.100000000000000000e+03 5.350000000000000000e+03 1.670000000000000000e+03 4.150000000000000000e+03
1.138063240000000000e+08 4.080000000000000000e+03 5.350000000000000000e+03 1.670000000000000000e+03 4.140000000000000000e+03
1.138065320000000000e+08 4.080000000000000000e+03 5.340000000000000000e+03 1.670000000000000000e+03 4.130000000000000000e+03
1.138067400000000000e+08 4.080000000000000000e+03 5.330000000000000000e+03 1.670000000000000000e+03 4.140000000000000000e+03
1.138069480000000000e+08 4.110000000000000000e+03 5.320000000000000000e+03 1.670000000000000000e+03 4.130000000000000000e+03
1.138071560000000000e+08 4.110000000000000000e+03 5.320000000000000000e+03 1.670000000000000000e+03 4.130000000000000000e+03
1.138073640000000000e+08 4.140000000000000000e+03 5.320000000000000000e+03 1.670000000000000000e+03 4.140000000000000000e+03
1.138075720000000000e+08 4.120000000000000000e+03 5.330000000000000000e+03 1.670000000000000000e+03 4.130000000000000000e+03
1.138077810000000000e+08 4.120000000000000000e+03 5.330000000000000000e+03 1.660000000000000000e+03 4.130000000000000000e+03
1.138079880000000000e+08 4.150000000000000000e+03 5.340000000000000000e+03 1.660000000000000000e+03 4.130000000000000000e+03
1.138081960000000000e+08 4.140000000000000000e+03 5.350000000000000000e+03 1.660000000000000000e+03 4.130000000000000000e+03
1.138084040000000000e+08 4.120000000000000000e+03 5.350000000000000000e+03 1.670000000000000000e+03 4.130000000000000000e+03
1.138086120000000000e+08 4.080000000000000000e+03 5.360000000000000000e+03 1.660000000000000000e+03 4.130000000000000000e+03
1.138088200000000000e+08 4.140000000000000000e+03 5.360000000000000000e+03 1.670000000000000000e+03 4.140000000000000000e+03
1.138090280000000000e+08 4.090000000000000000e+03 5.340000000000000000e+03 1.670000000000000000e+03 4.140000000000000000e+03
1.138092350000000000e+08 4.140000000000000000e+03 5.350000000000000000e+03 1.670000000000000000e+03 4.140000000000000000e+03
1.138094430000000000e+08 4.090000000000000000e+03 5.330000000000000000e+03 1.670000000000000000e+03 4.160000000000000000e+03
1.138096520000000000e+08 4.150000000000000000e+03 5.350000000000000000e+03 1.670000000000000000e+03 4.150000000000000000e+03
1.138098600000000000e+08 4.150000000000000000e+03 5.350000000000000000e+03 1.670000000000000000e+03 4.150000000000000000e+03
1.138100680000000000e+08 4.140000000000000000e+03 5.350000000000000000e+03 1.660000000000000000e+03 4.150000000000000000e+03
1.138102750000000000e+08 4.130000000000000000e+03 5.360000000000000000e+03 1.660000000000000000e+03 4.150000000000000000e+03
1.138104830000000000e+08 4.140000000000000000e+03 5.340000000000000000e+03 1.660000000000000000e+03 4.140000000000000000e+03
1.138106910000000000e+08 4.160000000000000000e+03 5.340000000000000000e+03 1.660000000000000000e+03 4.140000000000000000e+03
1.138108990000000000e+08 4.090000000000000000e+03 5.340000000000000000e+03 1.660000000000000000e+03 4.140000000000000000e+03
1.138111070000000000e+08 4.090000000000000000e+03 5.360000000000000000e+03 1.670000000000000000e+03 4.150000000000000000e+03
1.138113150000000000e+08 4.150000000000000000e+03 5.370000000000000000e+03 1.670000000000000000e+03 4.150000000000000000e+03
1.138115230000000000e+08 4.150000000000000000e+03 5.380000000000000000e+03 1.670000000000000000e+03 4.150000000000000000e+03
1.138117300000000000e+08 4.150000000000000000e+03 5.380000000000000000e+03 1.670000000000000000e+03 4.140000000000000000e+03
1.138119390000000000e+08 4.110000000000000000e+03 5.370000000000000000e+03 1.670000000000000000e+03 4.150000000000000000e+03
1.138121470000000000e+08 4.110000000000000000e+03 5.350000000000000000e+03 1.660000000000000000e+03 4.150000000000000000e+03
1.138123550000000000e+08 4.090000000000000000e+03 5.330000000000000000e+03 1.660000000000000000e+03 4.150000000000000000e+03
1.138125630000000000e+08 4.120000000000000000e+03 5.330000000000000000e+03 1.670000000000000000e+03 4.140000000000000000e+03
1.138127700000000000e+08 4.100000000000000000e+03 5.340000000000000000e+03 1.660000000000000000e+03 4.140000000000000000e+03
1.138129790000000000e+08 4.120000000000000000e+03 5.350000000000000000e+03 1.660000000000000000e+03 4.150000000000000000e+03
1.138131870000000000e+08 4.100000000000000000e+03 5.350000000000000000e+03 1.660000000000000000e+03 4.160000000000000000e+03
1.138133950000000000e+08 4.130000000000000000e+03 5.370000000000000000e+03 1.670000000000000000e+03 4.150000000000000000e+03
1.138136030000000000e+08 4.110000000000000000e+03 5.370000000000000000e+03 1.670000000000000000e+03 4.150000000000000000e+03
1.138138110000000000e+08 4.150000000000000000e+03 5.370000000000000000e+03 1.670000000000000000e+03 4.140000000000000000e+03
1.138140190000000000e+08 4.120000000000000000e+03 5.380000000000000000e+03 1.670000000000000000e+03 4.150000000000000000e+03
1.138142270000000000e+08 4.130000000000000000e+03 5.380000000000000000e+03 1.670000000000000000e+03 4.150000000000000000e+03
1.138144350000000000e+08 4.090000000000000000e+03 5.370000000000000000e+03 1.670000000000000000e+03 4.140000000000000000e+03
1.138146430000000000e+08 4.150000000000000000e+03 5.370000000000000000e+03 1.680000000000000000e+03 4.140000000000000000e+03
1.138148510000000000e+08 4.090000000000000000e+03 5.350000000000000000e+03 1.680000000000000000e+03 4.150000000000000000e+03
1.138150580000000000e+08 4.110000000000000000e+03 5.360000000000000000e+03 1.680000000000000000e+03 4.160000000000000000e+03
1.138152670000000000e+08 4.070000000000000000e+03 5.350000000000000000e+03 1.680000000000000000e+03 4.150000000000000000e+03
1.138154740000000000e+08 4.060000000000000000e+03 5.340000000000000000e+03 1.680000000000000000e+03 4.150000000000000000e+03
1.138156820000000000e+08 4.130000000000000000e+03 5.330000000000000000e+03 1.680000000000000000e+03 4.160000000000000000e+03
1.138158900000000000e+08 4.120000000000000000e+03 5.330000000000000000e+03 1.690000000000000000e+03 4.170000000000000000e+03
1.138160980000000000e+08 4.100000000000000000e+03 5.340000000000000000e+03 1.690000000000000000e+03 4.180000000000000000e+03
1.138163060000000000e+08 4.100000000000000000e+03 5.340000000000000000e+03 1.680000000000000000e+03 4.190000000000000000e+03
1.138165140000000000e+08 4.130000000000000000e+03 5.340000000000000000e+03 1.670000000000000000e+03 4.180000000000000000e+03
1.138167220000000000e+08 4.070000000000000000e+03 5.340000000000000000e+03 1.670000000000000000e+03 4.170000000000000000e+03
1.138169300000000000e+08 4.070000000000000000e+03 5.330000000000000000e+03 1.670000000000000000e+03 4.170000000000000000e+03
1.138171380000000000e+08 4.130000000000000000e+03 5.320000000000000000e+03 1.670000000000000000e+03 4.170000000000000000e+03
1.138173460000000000e+08 4.090000000000000000e+03 5.320000000000000000e+03 1.670000000000000000e+03 4.160000000000000000e+03
1.138175540000000000e+08 4.070000000000000000e+03 5.320000000000000000e+03 1.670000000000000000e+03 4.160000000000000000e+03
1.138177620000000000e+08 4.100000000000000000e+03 5.320000000000000000e+03 1.670000000000000000e+03 4.160000000000000000e+03
1.138179690000000000e+08 4.080000000000000000e+03 5.340000000000000000e+03 1.670000000000000000e+03 4.150000000000000000e+03
1.138181780000000000e+08 4.080000000000000000e+03 5.340000000000000000e+03 1.670000000000000000e+03 4.160000000000000000e+03
1.138183860000000000e+08 4.120000000000000000e+03 5.340000000000000000e+03 1.680000000000000000e+03 4.160000000000000000e+03
1.138185930000000000e+08 4.070000000000000000e+03 5.330000000000000000e+03 1.680000000000000000e+03 4.150000000000000000e+03
1.138188010000000000e+08 4.070000000000000000e+03 5.340000000000000000e+03 1.680000000000000000e+03 4.150000000000000000e+03
1.138190100000000000e+08 4.070000000000000000e+03 5.340000000000000000e+03 1.680000000000000000e+03 4.170000000000000000e+03
1.138192170000000000e+08 4.130000000000000000e+03 5.350000000000000000e+03 1.680000000000000000e+03 4.150000000000000000e+03
1.138194260000000000e+08 4.070000000000000000e+03 5.340000000000000000e+03 1.670000000000000000e+03 4.160000000000000000e+03
1.138196330000000000e+08 4.090000000000000000e+03 5.330000000000000000e+03 1.670000000000000000e+03 4.150000000000000000e+03
1.138198410000000000e+08 4.080000000000000000e+03 5.350000000000000000e+03 1.670000000000000000e+03 4.160000000000000000e+03
1.138200500000000000e+08 4.080000000000000000e+03 5.340000000000000000e+03 1.670000000000000000e+03 4.150000000000000000e+03
1.138202580000000000e+08 4.080000000000000000e+03 5.350000000000000000e+03 1.670000000000000000e+03 4.140000000000000000e+03
1.138204660000000000e+08 4.070000000000000000e+03 5.340000000000000000e+03 1.670000000000000000e+03 4.160000000000000000e+03
1.138206730000000000e+08 4.070000000000000000e+03 5.340000000000000000e+03 1.680000000000000000e+03 4.170000000000000000e+03
1.138208820000000000e+08 4.070000000000000000e+03 5.350000000000000000e+03 1.680000000000000000e+03 4.160000000000000000e+03
1.138210890000000000e+08 4.090000000000000000e+03 5.350000000000000000e+03 1.680000000000000000e+03 4.150000000000000000e+03
1.138212970000000000e+08 4.090000000000000000e+03 5.350000000000000000e+03 1.680000000000000000e+03 4.150000000000000000e+03
1.138215050000000000e+08 4.090000000000000000e+03 5.340000000000000000e+03 1.680000000000000000e+03 4.150000000000000000e+03
1.138217130000000000e+08 4.130000000000000000e+03 5.350000000000000000e+03 1.670000000000000000e+03 4.150000000000000000e+03
1.138219210000000000e+08 4.140000000000000000e+03 5.340000000000000000e+03 1.680000000000000000e+03 4.150000000000000000e+03
1.138221290000000000e+08 4.080000000000000000e+03 5.350000000000000000e+03 1.680000000000000000e+03 4.150000000000000000e+03
1.138223370000000000e+08 4.100000000000000000e+03 5.340000000000000000e+03 1.680000000000000000e+03 4.150000000000000000e+03
1.138225450000000000e+08 4.140000000000000000e+03 5.340000000000000000e+03 1.680000000000000000e+03 4.150000000000000000e+03
1.138227530000000000e+08 4.130000000000000000e+03 5.350000000000000000e+03 1.680000000000000000e+03 4.170000000000000000e+03
1.138229610000000000e+08 4.090000000000000000e+03 5.350000000000000000e+03 1.670000000000000000e+03 4.170000000000000000e+03
1.138231690000000000e+08 4.090000000000000000e+03 5.360000000000000000e+03 1.670000000000000000e+03 4.160000000000000000e+03
1.138233770000000000e+08 4.120000000000000000e+03 5.360000000000000000e+03 1.660000000000000000e+03 4.180000000000000000e+03
1.138235850000000000e+08 3.620000000000000000e+03 5.360000000000000000e+03 1.660000000000000000e+03 4.680000000000000000e+03
1.138237930000000000e+08 3.610000000000000000e+03 5.360000000000000000e+03 1.670000000000000000e+03 4.710000000000000000e+03
1.138240000000000000e+08 3.610000000000000000e+03 5.360000000000000000e+03 1.670000000000000000e+03 4.690000000000000000e+03
1.138242090000000000e+08 3.610000000000000000e+03 5.340000000000000000e+03 1.670000000000000000e+03 4.660000000000000000e+03
1.138244170000000000e+08 3.600000000000000000e+03 5.330000000000000000e+03 1.670000000000000000e+03 4.690000000000000000e+03
1.138246250000000000e+08 3.600000000000000000e+03 5.330000000000000000e+03 1.680000000000000000e+03 4.620000000000000000e+03
1.138248330000000000e+08 3.600000000000000000e+03 5.320000000000000000e+03 1.680000000000000000e+03 4.640000000000000000e+03
1.138250410000000000e+08 3.600000000000000000e+03 5.320000000000000000e+03 1.680000000000000000e+03 4.660000000000000000e+03
1.138252490000000000e+08 3.600000000000000000e+03 5.320000000000000000e+03 1.670000000000000000e+03 4.680000000000000000e+03
1.138254570000000000e+08 3.590000000000000000e+03 5.340000000000000000e+03 1.680000000000000000e+03 4.680000000000000000e+03
1.138256650000000000e+08 3.600000000000000000e+03 5.330000000000000000e+03 1.680000000000000000e+03 4.680000000000000000e+03
1.138258730000000000e+08 3.600000000000000000e+03 5.330000000000000000e+03 1.680000000000000000e+03 4.640000000000000000e+03
1.138260810000000000e+08 3.600000000000000000e+03 5.320000000000000000e+03 1.680000000000000000e+03 4.650000000000000000e+03
1.138262890000000000e+08 3.600000000000000000e+03 5.320000000000000000e+03 1.680000000000000000e+03 4.640000000000000000e+03
1.138264960000000000e+08 3.600000000000000000e+03 5.330000000000000000e+03 1.680000000000000000e+03 4.620000000000000000e+03
1.138267050000000000e+08 3.600000000000000000e+03 5.330000000000000000e+03 1.680000000000000000e+03 4.630000000000000000e+03
1.138269130000000000e+08 3.600000000000000000e+03 5.360000000000000000e+03 1.680000000000000000e+03 4.640000000000000000e+03
1.138271210000000000e+08 3.610000000000000000e+03 5.360000000000000000e+03 1.690000000000000000e+03 4.660000000000000000e+03
1.138273290000000000e+08 3.630000000000000000e+03 5.370000000000000000e+03 1.680000000000000000e+03 4.660000000000000000e+03
1.138275360000000000e+08 3.630000000000000000e+03 5.370000000000000000e+03 1.680000000000000000e+03 4.630000000000000000e+03
1.138277440000000000e+08 3.620000000000000000e+03 5.360000000000000000e+03 1.670000000000000000e+03 4.630000000000000000e+03
1.138279520000000000e+08 3.620000000000000000e+03 5.340000000000000000e+03 1.670000000000000000e+03 4.630000000000000000e+03
1.138281600000000000e+08 3.610000000000000000e+03 5.330000000000000000e+03 1.670000000000000000e+03 4.690000000000000000e+03
1.138283680000000000e+08 3.610000000000000000e+03 5.340000000000000000e+03 1.670000000000000000e+03 4.700000000000000000e+03
1.138285760000000000e+08 3.610000000000000000e+03 5.340000000000000000e+03 1.660000000000000000e+03 4.650000000000000000e+03
1.138287840000000000e+08 3.610000000000000000e+03 5.360000000000000000e+03 1.660000000000000000e+03 4.670000000000000000e+03
1.138289920000000000e+08 3.610000000000000000e+03 5.330000000000000000e+03 1.660000000000000000e+03 4.650000000000000000e+03
1.138292000000000000e+08 3.610000000000000000e+03 5.330000000000000000e+03 1.670000000000000000e+03 4.680000000000000000e+03
1.138294080000000000e+08 3.610000000000000000e+03 5.350000000000000000e+03 1.670000000000000000e+03 4.610000000000000000e+03
1.138296160000000000e+08 3.600000000000000000e+03 5.350000000000000000e+03 1.670000000000000000e+03 4.630000000000000000e+03
1.138298240000000000e+08 3.600000000000000000e+03 5.350000000000000000e+03 1.680000000000000000e+03 4.680000000000000000e+03
1.138300320000000000e+08 3.600000000000000000e+03 5.360000000000000000e+03 1.680000000000000000e+03 4.610000000000000000e+03
1.138302400000000000e+08 3.600000000000000000e+03 5.360000000000000000e+03 1.680000000000000000e+03 4.610000000000000000e+03
1.138304480000000000e+08 3.610000000000000000e+03 5.360000000000000000e+03 1.670000000000000000e+03 4.620000000000000000e+03
1.138306560000000000e+08 3.610000000000000000e+03 5.350000000000000000e+03 1.680000000000000000e+03 4.630000000000000000e+03
1.138308640000000000e+08 3.610000000000000000e+03 5.350000000000000000e+03 1.680000000000000000e+03 4.660000000000000000e+03
1.138310720000000000e+08 3.610000000000000000e+03 5.360000000000000000e+03 1.680000000000000000e+03 4.630000000000000000e+03
1.138312800000000000e+08 3.610000000000000000e+03 5.380000000000000000e+03 1.680000000000000000e+03 4.660000000000000000e+03
1.138314880000000000e+08 3.610000000000000000e+03 5.390000000000000000e+03 1.680000000000000000e+03 4.630000000000000000e+03
1.138316960000000000e+08 3.610000000000000000e+03 5.360000000000000000e+03 1.670000000000000000e+03 4.670000000000000000e+03
1.138319040000000000e+08 3.610000000000000000e+03 5.340000000000000000e+03 1.670000000000000000e+03 4.640000000000000000e+03
1.138321120000000000e+08 3.610000000000000000e+03 5.350000000000000000e+03 1.670000000000000000e+03 4.680000000000000000e+03
1.138323200000000000e+08 3.610000000000000000e+03 5.340000000000000000e+03 1.680000000000000000e+03 4.660000000000000000e+03
1.138325280000000000e+08 3.610000000000000000e+03 5.340000000000000000e+03 1.680000000000000000e+03 4.630000000000000000e+03
1.138327360000000000e+08 3.610000000000000000e+03 5.350000000000000000e+03 1.680000000000000000e+03 4.630000000000000000e+03
1.138329430000000000e+08 3.610000000000000000e+03 5.340000000000000000e+03 1.680000000000000000e+03 4.660000000000000000e+03
1.138331510000000000e+08 3.620000000000000000e+03 5.340000000000000000e+03 1.670000000000000000e+03 4.650000000000000000e+03
1.138333590000000000e+08 3.630000000000000000e+03 5.350000000000000000e+03 1.670000000000000000e+03 4.680000000000000000e+03
1.138335670000000000e+08 3.630000000000000000e+03 5.360000000000000000e+03 1.670000000000000000e+03 4.610000000000000000e+03
1.138337750000000000e+08 3.650000000000000000e+03 5.350000000000000000e+03 1.670000000000000000e+03 4.680000000000000000e+03
1.138339830000000000e+08 3.640000000000000000e+03 5.360000000000000000e+03 1.680000000000000000e+03 4.680000000000000000e+03
1.138341910000000000e+08 3.630000000000000000e+03 5.370000000000000000e+03 1.680000000000000000e+03 4.680000000000000000e+03
1.138343990000000000e+08 3.650000000000000000e+03 5.380000000000000000e+03 1.680000000000000000e+03 4.630000000000000000e+03
1.138346070000000000e+08 3.640000000000000000e+03 5.370000000000000000e+03 1.670000000000000000e+03 4.620000000000000000e+03
1.138348150000000000e+08 3.620000000000000000e+03 5.380000000000000000e+03 1.670000000000000000e+03 4.630000000000000000e+03
1.138350230000000000e+08 3.620000000000000000e+03 5.360000000000000000e+03 1.670000000000000000e+03 4.630000000000000000e+03
1.138352310000000000e+08 3.620000000000000000e+03 5.350000000000000000e+03 1.670000000000000000e+03 4.630000000000000000e+03
1.138354390000000000e+08 3.610000000000000000e+03 5.330000000000000000e+03 1.660000000000000000e+03 4.690000000000000000e+03
1.138356470000000000e+08 3.600000000000000000e+03 5.340000000000000000e+03 1.660000000000000000e+03 4.640000000000000000e+03
1.138358550000000000e+08 3.600000000000000000e+03 5.350000000000000000e+03 1.660000000000000000e+03 4.620000000000000000e+03
1.138360630000000000e+08 3.600000000000000000e+03 5.330000000000000000e+03 1.670000000000000000e+03 4.620000000000000000e+03
1.138362710000000000e+08 3.600000000000000000e+03 5.340000000000000000e+03 1.680000000000000000e+03 4.620000000000000000e+03
1.138364790000000000e+08 3.590000000000000000e+03 5.340000000000000000e+03 1.670000000000000000e+03 4.680000000000000000e+03
1.138366870000000000e+08 3.590000000000000000e+03 5.340000000000000000e+03 1.670000000000000000e+03 4.630000000000000000e+03
1.138368950000000000e+08 3.590000000000000000e+03 5.350000000000000000e+03 1.670000000000000000e+03 4.700000000000000000e+03
1.138371030000000000e+08 3.600000000000000000e+03 5.340000000000000000e+03 1.670000000000000000e+03 4.660000000000000000e+03
1.138373110000000000e+08 3.600000000000000000e+03 5.340000000000000000e+03 1.670000000000000000e+03 4.680000000000000000e+03
1.138375190000000000e+08 3.600000000000000000e+03 5.330000000000000000e+03 1.680000000000000000e+03 4.690000000000000000e+03
1.138377270000000000e+08 3.590000000000000000e+03 5.340000000000000000e+03 1.680000000000000000e+03 4.660000000000000000e+03
1.138379350000000000e+08 3.600000000000000000e+03 5.330000000000000000e+03 1.670000000000000000e+03 4.640000000000000000e+03
1.138381420000000000e+08 3.600000000000000000e+03 5.340000000000000000e+03 1.670000000000000000e+03 4.620000000000000000e+03
1.138383510000000000e+08 3.590000000000000000e+03 5.360000000000000000e+03 1.670000000000000000e+03 4.620000000000000000e+03
1.138385580000000000e+08 3.580000000000000000e+03 5.350000000000000000e+03 1.670000000000000000e+03 4.640000000000000000e+03
1.138387670000000000e+08 3.590000000000000000e+03 5.350000000000000000e+03 1.680000000000000000e+03 4.640000000000000000e+03
1.138389740000000000e+08 3.600000000000000000e+03 5.350000000000000000e+03 1.690000000000000000e+03 4.660000000000000000e+03
1.138391820000000000e+08 3.590000000000000000e+03 5.350000000000000000e+03 1.690000000000000000e+03 4.620000000000000000e+03
1.138393900000000000e+08 3.590000000000000000e+03 5.370000000000000000e+03 1.680000000000000000e+03 4.680000000000000000e+03
1.138395980000000000e+08 3.590000000000000000e+03 5.350000000000000000e+03 1.680000000000000000e+03 4.680000000000000000e+03
1.138398060000000000e+08 3.600000000000000000e+03 5.350000000000000000e+03 1.680000000000000000e+03 4.620000000000000000e+03
1.138400140000000000e+08 3.620000000000000000e+03 5.360000000000000000e+03 1.680000000000000000e+03 4.640000000000000000e+03
1.138402220000000000e+08 3.640000000000000000e+03 5.350000000000000000e+03 1.680000000000000000e+03 4.630000000000000000e+03
1.138404300000000000e+08 3.630000000000000000e+03 5.350000000000000000e+03 1.680000000000000000e+03 4.690000000000000000e+03
1.138406380000000000e+08 3.630000000000000000e+03 5.330000000000000000e+03 1.690000000000000000e+03 4.640000000000000000e+03
1.138408460000000000e+08 3.630000000000000000e+03 5.340000000000000000e+03 1.680000000000000000e+03 4.660000000000000000e+03
1.138410540000000000e+08 3.640000000000000000e+03 5.340000000000000000e+03 1.680000000000000000e+03 4.640000000000000000e+03
1.138412620000000000e+08 3.640000000000000000e+03 5.340000000000000000e+03 1.680000000000000000e+03 4.640000000000000000e+03
1.138414700000000000e+08 3.640000000000000000e+03 5.340000000000000000e+03 1.680000000000000000e+03 4.660000000000000000e+03
1.138416780000000000e+08 3.630000000000000000e+03 5.330000000000000000e+03 1.680000000000000000e+03 4.710000000000000000e+03
1.138418860000000000e+08 3.630000000000000000e+03 5.360000000000000000e+03 1.680000000000000000e+03 4.700000000000000000e+03
1.138420940000000000e+08 3.630000000000000000e+03 5.360000000000000000e+03 1.680000000000000000e+03 4.660000000000000000e+03
1.138423020000000000e+08 3.620000000000000000e+03 5.350000000000000000e+03 1.680000000000000000e+03 4.660000000000000000e+03
1.138425090000000000e+08 3.620000000000000000e+03 5.360000000000000000e+03 1.680000000000000000e+03 4.690000000000000000e+03
1.138427180000000000e+08 3.620000000000000000e+03 5.360000000000000000e+03 1.680000000000000000e+03 4.640000000000000000e+03
1.138429260000000000e+08 3.620000000000000000e+03 5.360000000000000000e+03 1.680000000000000000e+03 4.640000000000000000e+03
1.138431340000000000e+08 3.620000000000000000e+03 5.340000000000000000e+03 1.690000000000000000e+03 4.620000000000000000e+03
1.138433420000000000e+08 3.630000000000000000e+03 5.330000000000000000e+03 1.680000000000000000e+03 4.640000000000000000e+03
1.138435500000000000e+08 3.630000000000000000e+03 5.350000000000000000e+03 1.680000000000000000e+03 4.620000000000000000e+03
1.138437580000000000e+08 3.630000000000000000e+03 5.370000000000000000e+03 1.670000000000000000e+03 4.620000000000000000e+03
1.138439660000000000e+08 3.630000000000000000e+03 5.350000000000000000e+03 1.670000000000000000e+03 4.670000000000000000e+03
1.138441730000000000e+08 3.630000000000000000e+03 5.360000000000000000e+03 1.670000000000000000e+03 4.620000000000000000e+03
1.138443810000000000e+08 3.630000000000000000e+03 5.360000000000000000e+03 1.670000000000000000e+03 4.630000000000000000e+03
1.138445900000000000e+08 3.630000000000000000e+03 5.340000000000000000e+03 1.670000000000000000e+03 4.630000000000000000e+03
1.138447970000000000e+08 3.630000000000000000e+03 5.340000000000000000e+03 1.670000000000000000e+03 4.640000000000000000e+03
1.138450050000000000e+08 3.630000000000000000e+03 5.330000000000000000e+03 1.670000000000000000e+03 4.620000000000000000e+03
1.138452130000000000e+08 3.630000000000000000e+03 5.330000000000000000e+03 1.680000000000000000e+03 4.680000000000000000e+03
1.138454210000000000e+08 3.640000000000000000e+03 5.340000000000000000e+03 1.670000000000000000e+03 4.700000000000000000e+03
1.138456290000000000e+08 3.640000000000000000e+03 5.350000000000000000e+03 1.670000000000000000e+03 4.640000000000000000e+03
1.138458370000000000e+08 3.640000000000000000e+03 5.340000000000000000e+03 1.670000000000000000e+03 4.670000000000000000e+03
1.138460460000000000e+08 3.630000000000000000e+03 5.350000000000000000e+03 1.670000000000000000e+03 4.640000000000000000e+03
1.138462530000000000e+08 3.630000000000000000e+03 5.350000000000000000e+03 1.670000000000000000e+03 4.650000000000000000e+03
1.138464610000000000e+08 3.640000000000000000e+03 5.360000000000000000e+03 1.670000000000000000e+03 4.660000000000000000e+03
1.138466690000000000e+08 3.630000000000000000e+03 5.360000000000000000e+03 1.670000000000000000e+03 4.620000000000000000e+03
1.138468770000000000e+08 3.630000000000000000e+03 5.340000000000000000e+03 1.670000000000000000e+03 4.680000000000000000e+03
1.138470850000000000e+08 3.620000000000000000e+03 5.350000000000000000e+03 1.670000000000000000e+03 4.650000000000000000e+03
1.138472930000000000e+08 3.620000000000000000e+03 5.340000000000000000e+03 1.670000000000000000e+03 4.670000000000000000e+03
1.138475010000000000e+08 3.620000000000000000e+03 5.330000000000000000e+03 1.670000000000000000e+03 4.660000000000000000e+03
1.138477090000000000e+08 3.620000000000000000e+03 5.330000000000000000e+03 1.670000000000000000e+03 4.630000000000000000e+03
1.138479170000000000e+08 3.630000000000000000e+03 5.330000000000000000e+03 1.670000000000000000e+03 4.660000000000000000e+03
1.138481250000000000e+08 3.630000000000000000e+03 5.320000000000000000e+03 1.670000000000000000e+03 4.670000000000000000e+03
1.138483330000000000e+08 3.630000000000000000e+03 5.310000000000000000e+03 1.680000000000000000e+03 4.640000000000000000e+03
1.138485410000000000e+08 3.630000000000000000e+03 5.310000000000000000e+03 1.680000000000000000e+03 4.630000000000000000e+03
1.138487480000000000e+08 3.640000000000000000e+03 5.330000000000000000e+03 1.680000000000000000e+03 4.660000000000000000e+03
1.138489630000000000e+08 3.650000000000000000e+03 5.340000000000000000e+03 1.680000000000000000e+03 4.660000000000000000e+03
1.138491640000000000e+08 3.650000000000000000e+03 5.340000000000000000e+03 1.680000000000000000e+03 4.640000000000000000e+03
1.138493720000000000e+08 3.630000000000000000e+03 5.330000000000000000e+03 1.670000000000000000e+03 4.640000000000000000e+03
1.138495800000000000e+08 3.630000000000000000e+03 5.330000000000000000e+03 1.670000000000000000e+03 4.630000000000000000e+03
1.138497880000000000e+08 3.630000000000000000e+03 5.330000000000000000e+03 1.670000000000000000e+03 4.610000000000000000e+03
1.138499960000000000e+08 3.630000000000000000e+03 5.330000000000000000e+03 1.670000000000000000e+03 4.650000000000000000e+03
1.138502040000000000e+08 3.630000000000000000e+03 5.330000000000000000e+03 1.680000000000000000e+03 4.660000000000000000e+03
1.138504120000000000e+08 3.640000000000000000e+03 5.340000000000000000e+03 1.680000000000000000e+03 4.690000000000000000e+03
1.138506200000000000e+08 3.640000000000000000e+03 5.360000000000000000e+03 1.680000000000000000e+03 4.690000000000000000e+03
1.138508280000000000e+08 3.640000000000000000e+03 5.380000000000000000e+03 1.680000000000000000e+03 4.630000000000000000e+03
1.138510360000000000e+08 3.630000000000000000e+03 5.370000000000000000e+03 1.670000000000000000e+03 4.630000000000000000e+03
1.138512440000000000e+08 3.630000000000000000e+03 5.350000000000000000e+03 1.670000000000000000e+03 4.680000000000000000e+03
1.138514520000000000e+08 3.620000000000000000e+03 5.340000000000000000e+03 1.670000000000000000e+03 4.630000000000000000e+03
1.138516600000000000e+08 3.620000000000000000e+03 5.360000000000000000e+03 1.680000000000000000e+03 4.670000000000000000e+03
1.138518670000000000e+08 3.620000000000000000e+03 5.360000000000000000e+03 1.690000000000000000e+03 4.650000000000000000e+03
1.138520750000000000e+08 3.620000000000000000e+03 5.370000000000000000e+03 1.680000000000000000e+03 4.690000000000000000e+03
1.138522840000000000e+08 3.600000000000000000e+03 5.350000000000000000e+03 1.680000000000000000e+03 4.610000000000000000e+03
1.138524920000000000e+08 3.590000000000000000e+03 5.360000000000000000e+03 1.680000000000000000e+03 4.610000000000000000e+03
1.138527000000000000e+08 3.590000000000000000e+03 5.350000000000000000e+03 1.680000000000000000e+03 4.620000000000000000e+03
1.138529090000000000e+08 3.590000000000000000e+03 5.360000000000000000e+03 1.680000000000000000e+03 4.650000000000000000e+03
1.138531150000000000e+08 3.590000000000000000e+03 5.360000000000000000e+03 1.680000000000000000e+03 4.690000000000000000e+03
1.138533240000000000e+08 3.590000000000000000e+03 5.360000000000000000e+03 1.680000000000000000e+03 4.650000000000000000e+03
1.138535310000000000e+08 3.590000000000000000e+03 5.370000000000000000e+03 1.680000000000000000e+03 4.670000000000000000e+03
1.138537400000000000e+08 3.590000000000000000e+03 5.370000000000000000e+03 1.670000000000000000e+03 4.670000000000000000e+03
1.138539480000000000e+08 3.580000000000000000e+03 5.340000000000000000e+03 1.670000000000000000e+03 4.670000000000000000e+03
1.138541560000000000e+08 3.590000000000000000e+03 5.350000000000000000e+03 1.680000000000000000e+03 4.610000000000000000e+03
1.138543640000000000e+08 3.600000000000000000e+03 5.370000000000000000e+03 1.680000000000000000e+03 4.680000000000000000e+03
1.138545720000000000e+08 3.600000000000000000e+03 5.370000000000000000e+03 1.690000000000000000e+03 4.630000000000000000e+03
1.138547800000000000e+08 3.590000000000000000e+03 5.360000000000000000e+03 1.680000000000000000e+03 4.690000000000000000e+03
1.138549880000000000e+08 3.590000000000000000e+03 5.360000000000000000e+03 1.680000000000000000e+03 4.690000000000000000e+03
1.138551960000000000e+08 3.600000000000000000e+03 5.360000000000000000e+03 1.680000000000000000e+03 4.640000000000000000e+03
1.138554040000000000e+08 3.620000000000000000e+03 5.360000000000000000e+03 1.680000000000000000e+03 4.680000000000000000e+03
1.138556130000000000e+08 3.610000000000000000e+03 5.370000000000000000e+03 1.680000000000000000e+03 4.670000000000000000e+03
1.138558200000000000e+08 3.610000000000000000e+03 5.370000000000000000e+03 1.670000000000000000e+03 4.610000000000000000e+03
1.138560280000000000e+08 3.610000000000000000e+03 5.370000000000000000e+03 1.680000000000000000e+03 4.680000000000000000e+03
1.138562350000000000e+08 3.610000000000000000e+03 5.370000000000000000e+03 1.670000000000000000e+03 4.610000000000000000e+03
1.138564430000000000e+08 3.600000000000000000e+03 5.370000000000000000e+03 1.670000000000000000e+03 4.660000000000000000e+03
1.138566510000000000e+08 3.610000000000000000e+03 5.350000000000000000e+03 1.670000000000000000e+03 4.620000000000000000e+03
1.138568590000000000e+08 3.610000000000000000e+03 5.340000000000000000e+03 1.670000000000000000e+03 4.670000000000000000e+03
1.138570670000000000e+08 3.610000000000000000e+03 5.330000000000000000e+03 1.670000000000000000e+03 4.620000000000000000e+03
1.138572750000000000e+08 3.620000000000000000e+03 5.320000000000000000e+03 1.670000000000000000e+03 4.660000000000000000e+03
1.138574830000000000e+08 3.620000000000000000e+03 5.320000000000000000e+03 1.670000000000000000e+03 4.640000000000000000e+03
1.138576910000000000e+08 3.620000000000000000e+03 5.340000000000000000e+03 1.670000000000000000e+03 4.680000000000000000e+03
1.138578990000000000e+08 3.610000000000000000e+03 5.360000000000000000e+03 1.670000000000000000e+03 4.610000000000000000e+03
1.138581070000000000e+08 3.620000000000000000e+03 5.360000000000000000e+03 1.670000000000000000e+03 4.660000000000000000e+03
1.138583170000000000e+08 3.620000000000000000e+03 5.350000000000000000e+03 1.670000000000000000e+03 4.610000000000000000e+03
1.138585230000000000e+08 3.600000000000000000e+03 5.360000000000000000e+03 1.670000000000000000e+03 4.620000000000000000e+03
1.138587310000000000e+08 3.600000000000000000e+03 5.360000000000000000e+03 1.670000000000000000e+03 4.680000000000000000e+03
