1.142137680000000000e+08 3.130000000000000000e+03 5.010000000000000000e+03 2.140000000000000000e+03 4.640000000000000000e+03
1.142139770000000000e+08 3.120000000000000000e+03 5.020000000000000000e+03 2.150000000000000000e+03 4.620000000000000000e+03
1.142141840000000000e+08 3.130000000000000000e+03 5.020000000000000000e+03 2.150000000000000000e+03 4.680000000000000000e+03
1.142143930000000000e+08 3.140000000000000000e+03 5.020000000000000000e+03 2.150000000000000000e+03 4.650000000000000000e+03
1.142146010000000000e+08 3.130000000000000000e+03 5.020000000000000000e+03 2.140000000000000000e+03 4.740000000000000000e+03
1.142148090000000000e+08 3.130000000000000000e+03 5.010000000000000000e+03 2.140000000000000000e+03 4.840000000000000000e+03
1.142150170000000000e+08 3.130000000000000000e+03 5.020000000000000000e+03 2.130000000000000000e+03 4.910000000000000000e+03
1.142152250000000000e+08 3.130000000000000000e+03 5.010000000000000000e+03 2.130000000000000000e+03 4.830000000000000000e+03
1.142154330000000000e+08 3.120000000000000000e+03 5.010000000000000000e+03 2.140000000000000000e+03 4.870000000000000000e+03
1.142156400000000000e+08 3.120000000000000000e+03 5.010000000000000000e+03 2.140000000000000000e+03 4.870000000000000000e+03
1.142158490000000000e+08 3.110000000000000000e+03 5.020000000000000000e+03 2.140000000000000000e+03 4.820000000000000000e+03
1.142160570000000000e+08 3.120000000000000000e+03 5.020000000000000000e+03 2.140000000000000000e+03 4.800000000000000000e+03
1.142162650000000000e+08 3.110000000000000000e+03 5.020000000000000000e+03 2.140000000000000000e+03 4.800000000000000000e+03
1.142164720000000000e+08 3.110000000000000000e+03 5.020000000000000000e+03 2.140000000000000000e+03 4.800000000000000000e+03
1.142166810000000000e+08 3.110000000000000000e+03 5.020000000000000000e+03 2.140000000000000000e+03 4.810000000000000000e+03
1.142168880000000000e+08 3.120000000000000000e+03 5.020000000000000000e+03 2.150000000000000000e+03 4.810000000000000000e+03
1.142170960000000000e+08 3.120000000000000000e+03 5.020000000000000000e+03 2.150000000000000000e+03 4.810000000000000000e+03
1.142173040000000000e+08 3.120000000000000000e+03 5.020000000000000000e+03 2.140000000000000000e+03 4.810000000000000000e+03
1.142175120000000000e+08 3.130000000000000000e+03 5.020000000000000000e+03 2.130000000000000000e+03 4.840000000000000000e+03
1.142177200000000000e+08 3.140000000000000000e+03 5.020000000000000000e+03 2.140000000000000000e+03 4.880000000000000000e+03
1.142179280000000000e+08 3.140000000000000000e+03 5.000000000000000000e+03 2.130000000000000000e+03 4.940000000000000000e+03
1.142181360000000000e+08 3.140000000000000000e+03 5.000000000000000000e+03 2.130000000000000000e+03 4.980000000000000000e+03
1.142183440000000000e+08 3.140000000000000000e+03 5.000000000000000000e+03 2.130000000000000000e+03 5.000000000000000000e+03
1.142185520000000000e+08 3.140000000000000000e+03 4.990000000000000000e+03 2.140000000000000000e+03 4.930000000000000000e+03
1.142187600000000000e+08 3.130000000000000000e+03 4.990000000000000000e+03 2.140000000000000000e+03 4.910000000000000000e+03
1.142189680000000000e+08 3.130000000000000000e+03 5.000000000000000000e+03 2.140000000000000000e+03 4.910000000000000000e+03
1.142191760000000000e+08 3.120000000000000000e+03 5.010000000000000000e+03 2.140000000000000000e+03 4.920000000000000000e+03
1.142193840000000000e+08 3.130000000000000000e+03 5.020000000000000000e+03 2.140000000000000000e+03 4.730000000000000000e+03
1.142195920000000000e+08 3.130000000000000000e+03 5.020000000000000000e+03 2.140000000000000000e+03 4.750000000000000000e+03
1.142198000000000000e+08 3.130000000000000000e+03 5.010000000000000000e+03 2.140000000000000000e+03 4.790000000000000000e+03
1.142200080000000000e+08 3.130000000000000000e+03 5.020000000000000000e+03 2.140000000000000000e+03 4.820000000000000000e+03
1.142202160000000000e+08 3.130000000000000000e+03 5.020000000000000000e+03 2.140000000000000000e+03 4.830000000000000000e+03
1.142204240000000000e+08 3.140000000000000000e+03 5.020000000000000000e+03 2.140000000000000000e+03 4.820000000000000000e+03
1.142206320000000000e+08 3.140000000000000000e+03 5.020000000000000000e+03 2.140000000000000000e+03 4.820000000000000000e+03
1.142208400000000000e+08 3.140000000000000000e+03 5.020000000000000000e+03 2.140000000000000000e+03 4.810000000000000000e+03
1.142210480000000000e+08 3.150000000000000000e+03 5.020000000000000000e+03 2.150000000000000000e+03 4.800000000000000000e+03
1.142212560000000000e+08 3.150000000000000000e+03 5.020000000000000000e+03 2.140000000000000000e+03 4.800000000000000000e+03
1.142214640000000000e+08 3.130000000000000000e+03 5.020000000000000000e+03 2.140000000000000000e+03 4.790000000000000000e+03
1.142216720000000000e+08 3.140000000000000000e+03 5.020000000000000000e+03 2.140000000000000000e+03 4.790000000000000000e+03
1.142218800000000000e+08 3.140000000000000000e+03 5.020000000000000000e+03 2.140000000000000000e+03 4.790000000000000000e+03
1.142220880000000000e+08 3.140000000000000000e+03 5.000000000000000000e+03 2.140000000000000000e+03 4.790000000000000000e+03
1.142222960000000000e+08 3.140000000000000000e+03 5.010000000000000000e+03 2.140000000000000000e+03 4.790000000000000000e+03
1.142225030000000000e+08 3.140000000000000000e+03 5.010000000000000000e+03 2.140000000000000000e+03 4.830000000000000000e+03
1.142227110000000000e+08 3.140000000000000000e+03 5.010000000000000000e+03 2.140000000000000000e+03 4.810000000000000000e+03
1.142229190000000000e+08 3.130000000000000000e+03 5.010000000000000000e+03 2.140000000000000000e+03 4.700000000000000000e+03
1.142231270000000000e+08 3.120000000000000000e+03 5.010000000000000000e+03 2.140000000000000000e+03 4.610000000000000000e+03
1.142233350000000000e+08 3.130000000000000000e+03 5.010000000000000000e+03 2.150000000000000000e+03 4.540000000000000000e+03
1.142235430000000000e+08 3.120000000000000000e+03 5.010000000000000000e+03 2.150000000000000000e+03 4.550000000000000000e+03
1.142237510000000000e+08 3.130000000000000000e+03 5.010000000000000000e+03 2.140000000000000000e+03 4.600000000000000000e+03
1.142239590000000000e+08 3.130000000000000000e+03 5.010000000000000000e+03 2.140000000000000000e+03 4.630000000000000000e+03
1.142241670000000000e+08 3.120000000000000000e+03 5.010000000000000000e+03 2.140000000000000000e+03 4.650000000000000000e+03
1.142243750000000000e+08 3.110000000000000000e+03 5.010000000000000000e+03 2.130000000000000000e+03 4.680000000000000000e+03
1.142245830000000000e+08 3.110000000000000000e+03 5.010000000000000000e+03 2.140000000000000000e+03 4.690000000000000000e+03
1.142247910000000000e+08 3.120000000000000000e+03 5.010000000000000000e+03 2.140000000000000000e+03 4.710000000000000000e+03
1.142249990000000000e+08 3.130000000000000000e+03 5.010000000000000000e+03 2.140000000000000000e+03 4.720000000000000000e+03
1.142252070000000000e+08 3.130000000000000000e+03 5.000000000000000000e+03 2.140000000000000000e+03 4.690000000000000000e+03
1.142254150000000000e+08 3.130000000000000000e+03 5.000000000000000000e+03 2.140000000000000000e+03 4.720000000000000000e+03
1.142256230000000000e+08 3.120000000000000000e+03 5.000000000000000000e+03 2.140000000000000000e+03 4.740000000000000000e+03
1.142258310000000000e+08 3.120000000000000000e+03 5.010000000000000000e+03 2.140000000000000000e+03 4.740000000000000000e+03
1.142260390000000000e+08 3.110000000000000000e+03 5.000000000000000000e+03 2.140000000000000000e+03 4.730000000000000000e+03
1.142262470000000000e+08 3.110000000000000000e+03 5.010000000000000000e+03 2.150000000000000000e+03 4.710000000000000000e+03
1.142264550000000000e+08 3.120000000000000000e+03 5.010000000000000000e+03 2.150000000000000000e+03 4.690000000000000000e+03
1.142266630000000000e+08 3.120000000000000000e+03 5.010000000000000000e+03 2.150000000000000000e+03 4.670000000000000000e+03
1.142268710000000000e+08 3.130000000000000000e+03 5.020000000000000000e+03 2.160000000000000000e+03 4.670000000000000000e+03
1.142270790000000000e+08 3.120000000000000000e+03 5.020000000000000000e+03 2.160000000000000000e+03 4.670000000000000000e+03
1.142272870000000000e+08 3.120000000000000000e+03 5.020000000000000000e+03 2.160000000000000000e+03 4.680000000000000000e+03
1.142274950000000000e+08 3.110000000000000000e+03 5.010000000000000000e+03 2.150000000000000000e+03 4.680000000000000000e+03
1.142277030000000000e+08 3.120000000000000000e+03 4.990000000000000000e+03 2.140000000000000000e+03 4.680000000000000000e+03
1.142279110000000000e+08 3.110000000000000000e+03 4.990000000000000000e+03 2.140000000000000000e+03 4.710000000000000000e+03
1.142281180000000000e+08 3.110000000000000000e+03 4.990000000000000000e+03 2.140000000000000000e+03 4.700000000000000000e+03
1.142283270000000000e+08 3.120000000000000000e+03 4.990000000000000000e+03 2.140000000000000000e+03 4.700000000000000000e+03
1.142285340000000000e+08 3.120000000000000000e+03 4.990000000000000000e+03 2.130000000000000000e+03 4.700000000000000000e+03
1.142287420000000000e+08 3.120000000000000000e+03 5.000000000000000000e+03 2.130000000000000000e+03 4.700000000000000000e+03
1.142289500000000000e+08 3.110000000000000000e+03 5.000000000000000000e+03 2.140000000000000000e+03 4.700000000000000000e+03
1.142291580000000000e+08 3.110000000000000000e+03 5.010000000000000000e+03 2.140000000000000000e+03 4.690000000000000000e+03
1.142293660000000000e+08 3.100000000000000000e+03 5.010000000000000000e+03 2.150000000000000000e+03 4.690000000000000000e+03
1.142295750000000000e+08 3.130000000000000000e+03 5.000000000000000000e+03 2.150000000000000000e+03 4.680000000000000000e+03
1.142297960000000000e+08 3.130000000000000000e+03 5.000000000000000000e+03 2.150000000000000000e+03 4.670000000000000000e+03
1.142299900000000000e+08 3.120000000000000000e+03 5.000000000000000000e+03 2.140000000000000000e+03 4.660000000000000000e+03
1.142301980000000000e+08 3.130000000000000000e+03 5.010000000000000000e+03 2.140000000000000000e+03 4.650000000000000000e+03
1.142304060000000000e+08 3.130000000000000000e+03 5.010000000000000000e+03 2.140000000000000000e+03 4.640000000000000000e+03
1.142306140000000000e+08 3.140000000000000000e+03 5.000000000000000000e+03 2.140000000000000000e+03 4.630000000000000000e+03
1.142308220000000000e+08 3.140000000000000000e+03 5.010000000000000000e+03 2.140000000000000000e+03 4.630000000000000000e+03
1.142310300000000000e+08 3.130000000000000000e+03 5.020000000000000000e+03 2.140000000000000000e+03 4.630000000000000000e+03
1.142312380000000000e+08 3.130000000000000000e+03 5.020000000000000000e+03 2.150000000000000000e+03 4.620000000000000000e+03
1.142314460000000000e+08 3.130000000000000000e+03 5.030000000000000000e+03 2.150000000000000000e+03 4.610000000000000000e+03
1.142316540000000000e+08 3.140000000000000000e+03 5.030000000000000000e+03 2.140000000000000000e+03 4.600000000000000000e+03
1.142318620000000000e+08 3.130000000000000000e+03 5.020000000000000000e+03 2.140000000000000000e+03 4.580000000000000000e+03
1.142320700000000000e+08 3.130000000000000000e+03 5.020000000000000000e+03 2.150000000000000000e+03 4.580000000000000000e+03
1.142322770000000000e+08 3.130000000000000000e+03 5.010000000000000000e+03 2.150000000000000000e+03 4.560000000000000000e+03
1.142324860000000000e+08 3.120000000000000000e+03 5.010000000000000000e+03 2.150000000000000000e+03 4.540000000000000000e+03
1.142326940000000000e+08 3.110000000000000000e+03 5.010000000000000000e+03 2.150000000000000000e+03 4.530000000000000000e+03
1.142329020000000000e+08 3.110000000000000000e+03 5.010000000000000000e+03 2.150000000000000000e+03 4.510000000000000000e+03
1.142331100000000000e+08 3.110000000000000000e+03 5.010000000000000000e+03 2.150000000000000000e+03 4.500000000000000000e+03
1.142333170000000000e+08 3.100000000000000000e+03 5.010000000000000000e+03 2.150000000000000000e+03 4.500000000000000000e+03
1.142335260000000000e+08 3.100000000000000000e+03 5.010000000000000000e+03 2.150000000000000000e+03 4.490000000000000000e+03
1.142337340000000000e+08 3.100000000000000000e+03 5.000000000000000000e+03 2.150000000000000000e+03 4.490000000000000000e+03
1.142339420000000000e+08 3.110000000000000000e+03 5.000000000000000000e+03 2.150000000000000000e+03 4.500000000000000000e+03
1.142341500000000000e+08 3.120000000000000000e+03 5.000000000000000000e+03 2.150000000000000000e+03 4.510000000000000000e+03
1.142343580000000000e+08 3.120000000000000000e+03 5.000000000000000000e+03 2.150000000000000000e+03 4.520000000000000000e+03
1.142345650000000000e+08 3.130000000000000000e+03 5.000000000000000000e+03 2.150000000000000000e+03 4.530000000000000000e+03
1.142347730000000000e+08 3.130000000000000000e+03 5.000000000000000000e+03 2.150000000000000000e+03 4.530000000000000000e+03
1.142349810000000000e+08 3.120000000000000000e+03 5.010000000000000000e+03 2.150000000000000000e+03 4.530000000000000000e+03
1.142351890000000000e+08 3.130000000000000000e+03 5.010000000000000000e+03 2.150000000000000000e+03 4.530000000000000000e+03
1.142353970000000000e+08 3.130000000000000000e+03 5.010000000000000000e+03 2.140000000000000000e+03 4.520000000000000000e+03
1.142356050000000000e+08 3.130000000000000000e+03 5.010000000000000000e+03 2.140000000000000000e+03 4.510000000000000000e+03
1.142358130000000000e+08 3.130000000000000000e+03 5.020000000000000000e+03 2.150000000000000000e+03 4.510000000000000000e+03
1.142360220000000000e+08 3.130000000000000000e+03 5.020000000000000000e+03 2.140000000000000000e+03 4.520000000000000000e+03
1.142362290000000000e+08 3.130000000000000000e+03 5.020000000000000000e+03 2.150000000000000000e+03 4.530000000000000000e+03
1.142364370000000000e+08 3.130000000000000000e+03 5.020000000000000000e+03 2.150000000000000000e+03 4.540000000000000000e+03
1.142366450000000000e+08 3.120000000000000000e+03 5.020000000000000000e+03 2.160000000000000000e+03 4.540000000000000000e+03
1.142368530000000000e+08 3.120000000000000000e+03 5.020000000000000000e+03 2.150000000000000000e+03 4.540000000000000000e+03
1.142370610000000000e+08 3.120000000000000000e+03 5.020000000000000000e+03 2.150000000000000000e+03 4.540000000000000000e+03
1.142372690000000000e+08 3.110000000000000000e+03 5.030000000000000000e+03 2.160000000000000000e+03 4.530000000000000000e+03
1.142374770000000000e+08 3.110000000000000000e+03 5.020000000000000000e+03 2.150000000000000000e+03 4.510000000000000000e+03
1.142376850000000000e+08 3.120000000000000000e+03 5.020000000000000000e+03 2.150000000000000000e+03 4.480000000000000000e+03
1.142378930000000000e+08 3.120000000000000000e+03 5.030000000000000000e+03 2.150000000000000000e+03 4.470000000000000000e+03
1.142381010000000000e+08 3.110000000000000000e+03 5.030000000000000000e+03 2.150000000000000000e+03 4.470000000000000000e+03
1.142383090000000000e+08 3.110000000000000000e+03 5.010000000000000000e+03 2.150000000000000000e+03 4.450000000000000000e+03
1.142385170000000000e+08 3.110000000000000000e+03 5.010000000000000000e+03 2.160000000000000000e+03 4.430000000000000000e+03
1.142387250000000000e+08 3.110000000000000000e+03 5.010000000000000000e+03 2.150000000000000000e+03 4.440000000000000000e+03
1.142389330000000000e+08 3.120000000000000000e+03 5.020000000000000000e+03 2.150000000000000000e+03 4.440000000000000000e+03
1.142391410000000000e+08 3.120000000000000000e+03 5.020000000000000000e+03 2.150000000000000000e+03 4.440000000000000000e+03
1.142393490000000000e+08 3.120000000000000000e+03 5.010000000000000000e+03 2.140000000000000000e+03 4.440000000000000000e+03
1.142395570000000000e+08 3.110000000000000000e+03 5.010000000000000000e+03 2.140000000000000000e+03 4.450000000000000000e+03
1.142397640000000000e+08 3.130000000000000000e+03 5.010000000000000000e+03 2.140000000000000000e+03 4.470000000000000000e+03
1.142399730000000000e+08 3.140000000000000000e+03 5.020000000000000000e+03 2.140000000000000000e+03 4.490000000000000000e+03
1.142401810000000000e+08 3.140000000000000000e+03 5.020000000000000000e+03 2.140000000000000000e+03 4.510000000000000000e+03
1.142403880000000000e+08 3.120000000000000000e+03 5.020000000000000000e+03 2.140000000000000000e+03 4.530000000000000000e+03
1.142405960000000000e+08 3.130000000000000000e+03 5.020000000000000000e+03 2.140000000000000000e+03 4.540000000000000000e+03
1.142408040000000000e+08 3.120000000000000000e+03 5.020000000000000000e+03 2.140000000000000000e+03 4.540000000000000000e+03
1.142410120000000000e+08 3.120000000000000000e+03 5.030000000000000000e+03 2.140000000000000000e+03 4.540000000000000000e+03
1.142412200000000000e+08 3.120000000000000000e+03 5.020000000000000000e+03 2.150000000000000000e+03 4.540000000000000000e+03
1.142414280000000000e+08 3.120000000000000000e+03 5.020000000000000000e+03 2.150000000000000000e+03 4.540000000000000000e+03
1.142416360000000000e+08 3.120000000000000000e+03 5.010000000000000000e+03 2.150000000000000000e+03 4.540000000000000000e+03
1.142418440000000000e+08 3.130000000000000000e+03 5.010000000000000000e+03 2.150000000000000000e+03 4.550000000000000000e+03
1.142420520000000000e+08 3.140000000000000000e+03 5.020000000000000000e+03 2.150000000000000000e+03 4.560000000000000000e+03
1.142422590000000000e+08 3.140000000000000000e+03 5.010000000000000000e+03 2.150000000000000000e+03 4.570000000000000000e+03
1.142424680000000000e+08 3.140000000000000000e+03 5.020000000000000000e+03 2.150000000000000000e+03 4.570000000000000000e+03
1.142426760000000000e+08 3.140000000000000000e+03 5.020000000000000000e+03 2.150000000000000000e+03 4.570000000000000000e+03
1.142428840000000000e+08 3.150000000000000000e+03 5.020000000000000000e+03 2.150000000000000000e+03 4.570000000000000000e+03
1.142430920000000000e+08 3.140000000000000000e+03 5.020000000000000000e+03 2.150000000000000000e+03 4.580000000000000000e+03
1.142433000000000000e+08 3.120000000000000000e+03 5.020000000000000000e+03 2.150000000000000000e+03 4.580000000000000000e+03
1.142435080000000000e+08 3.130000000000000000e+03 5.020000000000000000e+03 2.150000000000000000e+03 4.580000000000000000e+03
1.142437160000000000e+08 3.130000000000000000e+03 5.020000000000000000e+03 2.150000000000000000e+03 4.580000000000000000e+03
1.142439240000000000e+08 3.120000000000000000e+03 5.020000000000000000e+03 2.150000000000000000e+03 4.600000000000000000e+03
1.142441320000000000e+08 3.120000000000000000e+03 5.010000000000000000e+03 2.150000000000000000e+03 4.600000000000000000e+03
1.142443400000000000e+08 3.120000000000000000e+03 5.000000000000000000e+03 2.150000000000000000e+03 4.580000000000000000e+03
1.142445480000000000e+08 3.120000000000000000e+03 5.000000000000000000e+03 2.160000000000000000e+03 4.580000000000000000e+03
1.142549460000000000e+08 3.120000000000000000e+03 5.230000000000000000e+03 2.140000000000000000e+03 4.390000000000000000e+03
1.142551540000000000e+08 3.120000000000000000e+03 5.410000000000000000e+03 2.150000000000000000e+03 4.390000000000000000e+03
1.142553620000000000e+08 3.130000000000000000e+03 5.400000000000000000e+03 2.150000000000000000e+03 4.390000000000000000e+03
1.142555540000000000e+08 3.130000000000000000e+03 5.340000000000000000e+03 2.150000000000000000e+03 4.390000000000000000e+03
1.142557620000000000e+08 3.140000000000000000e+03 5.280000000000000000e+03 2.150000000000000000e+03 4.390000000000000000e+03
1.142559700000000000e+08 3.130000000000000000e+03 5.230000000000000000e+03 2.140000000000000000e+03 4.380000000000000000e+03
1.142561780000000000e+08 3.130000000000000000e+03 5.190000000000000000e+03 2.140000000000000000e+03 4.390000000000000000e+03
1.142563850000000000e+08 3.130000000000000000e+03 5.160000000000000000e+03 2.140000000000000000e+03 4.390000000000000000e+03
1.142565940000000000e+08 3.130000000000000000e+03 5.160000000000000000e+03 2.150000000000000000e+03 4.380000000000000000e+03
1.142568020000000000e+08 3.120000000000000000e+03 5.150000000000000000e+03 2.150000000000000000e+03 4.370000000000000000e+03
1.142570090000000000e+08 3.120000000000000000e+03 5.140000000000000000e+03 2.150000000000000000e+03 4.370000000000000000e+03
1.142572170000000000e+08 3.120000000000000000e+03 5.150000000000000000e+03 2.150000000000000000e+03 4.370000000000000000e+03
1.142574250000000000e+08 3.120000000000000000e+03 5.160000000000000000e+03 2.150000000000000000e+03 4.370000000000000000e+03
1.142576330000000000e+08 3.120000000000000000e+03 5.160000000000000000e+03 2.150000000000000000e+03 4.370000000000000000e+03
1.142578410000000000e+08 3.110000000000000000e+03 5.160000000000000000e+03 2.150000000000000000e+03 4.370000000000000000e+03
1.142580490000000000e+08 3.120000000000000000e+03 5.150000000000000000e+03 2.150000000000000000e+03 4.370000000000000000e+03
1.142582570000000000e+08 3.120000000000000000e+03 5.140000000000000000e+03 2.150000000000000000e+03 4.380000000000000000e+03
1.142584650000000000e+08 3.130000000000000000e+03 5.140000000000000000e+03 2.150000000000000000e+03 4.380000000000000000e+03
1.142586730000000000e+08 3.120000000000000000e+03 5.140000000000000000e+03 2.150000000000000000e+03 4.380000000000000000e+03
1.142588810000000000e+08 3.120000000000000000e+03 5.170000000000000000e+03 2.150000000000000000e+03 4.390000000000000000e+03
1.142590890000000000e+08 3.120000000000000000e+03 5.250000000000000000e+03 2.150000000000000000e+03 4.390000000000000000e+03
1.142592970000000000e+08 3.110000000000000000e+03 5.280000000000000000e+03 2.140000000000000000e+03 4.370000000000000000e+03
1.142595050000000000e+08 3.120000000000000000e+03 5.310000000000000000e+03 2.140000000000000000e+03 4.380000000000000000e+03
1.142597130000000000e+08 3.130000000000000000e+03 5.330000000000000000e+03 2.140000000000000000e+03 4.380000000000000000e+03
1.142599210000000000e+08 3.130000000000000000e+03 5.330000000000000000e+03 2.150000000000000000e+03 4.380000000000000000e+03
1.143001290000000000e+08 3.120000000000000000e+03 5.330000000000000000e+03 2.140000000000000000e+03 4.380000000000000000e+03
1.143003380000000000e+08 3.120000000000000000e+03 5.360000000000000000e+03 2.140000000000000000e+03 4.390000000000000000e+03
1.143005440000000000e+08 3.120000000000000000e+03 5.380000000000000000e+03 2.150000000000000000e+03 4.380000000000000000e+03
1.143007530000000000e+08 3.120000000000000000e+03 5.380000000000000000e+03 2.160000000000000000e+03 4.380000000000000000e+03
1.143009610000000000e+08 3.120000000000000000e+03 5.350000000000000000e+03 2.150000000000000000e+03 4.390000000000000000e+03
1.143011690000000000e+08 3.120000000000000000e+03 5.310000000000000000e+03 2.160000000000000000e+03 4.390000000000000000e+03
1.143013770000000000e+08 3.120000000000000000e+03 5.270000000000000000e+03 2.150000000000000000e+03 4.390000000000000000e+03
1.143015850000000000e+08 3.110000000000000000e+03 5.260000000000000000e+03 2.150000000000000000e+03 4.380000000000000000e+03
1.143017930000000000e+08 3.110000000000000000e+03 5.230000000000000000e+03 2.150000000000000000e+03 4.380000000000000000e+03
1.143020000000000000e+08 3.120000000000000000e+03 5.250000000000000000e+03 2.150000000000000000e+03 4.390000000000000000e+03
1.143022080000000000e+08 3.120000000000000000e+03 5.250000000000000000e+03 2.150000000000000000e+03 4.400000000000000000e+03
1.143024170000000000e+08 3.120000000000000000e+03 5.210000000000000000e+03 2.140000000000000000e+03 4.400000000000000000e+03
1.143026250000000000e+08 3.130000000000000000e+03 5.210000000000000000e+03 2.140000000000000000e+03 4.390000000000000000e+03
1.143028330000000000e+08 3.130000000000000000e+03 5.250000000000000000e+03 2.140000000000000000e+03 4.390000000000000000e+03
1.143030400000000000e+08 3.130000000000000000e+03 5.270000000000000000e+03 2.140000000000000000e+03 4.390000000000000000e+03
1.143032480000000000e+08 3.120000000000000000e+03 5.250000000000000000e+03 2.150000000000000000e+03 4.380000000000000000e+03
1.143034560000000000e+08 3.120000000000000000e+03 5.240000000000000000e+03 2.150000000000000000e+03 4.380000000000000000e+03
1.143036640000000000e+08 3.120000000000000000e+03 5.230000000000000000e+03 2.160000000000000000e+03 4.390000000000000000e+03
1.143038720000000000e+08 3.130000000000000000e+03 5.210000000000000000e+03 2.160000000000000000e+03 4.400000000000000000e+03
1.143040800000000000e+08 3.140000000000000000e+03 5.230000000000000000e+03 2.160000000000000000e+03 4.390000000000000000e+03
1.143047040000000000e+08 3.120000000000000000e+03 5.210000000000000000e+03 2.160000000000000000e+03 4.400000000000000000e+03
1.143049120000000000e+08 3.110000000000000000e+03 5.230000000000000000e+03 2.150000000000000000e+03 4.380000000000000000e+03
1.143051200000000000e+08 3.110000000000000000e+03 5.230000000000000000e+03 2.150000000000000000e+03 4.380000000000000000e+03
1.143053280000000000e+08 3.120000000000000000e+03 5.240000000000000000e+03 2.160000000000000000e+03 4.390000000000000000e+03
1.143055350000000000e+08 3.120000000000000000e+03 5.250000000000000000e+03 2.160000000000000000e+03 4.390000000000000000e+03
1.143057440000000000e+08 3.110000000000000000e+03 5.270000000000000000e+03 2.140000000000000000e+03 4.390000000000000000e+03
1.143059510000000000e+08 3.120000000000000000e+03 5.300000000000000000e+03 2.130000000000000000e+03 4.380000000000000000e+03
1.143061590000000000e+08 3.110000000000000000e+03 5.310000000000000000e+03 2.150000000000000000e+03 4.390000000000000000e+03
1.143063680000000000e+08 3.110000000000000000e+03 5.350000000000000000e+03 2.150000000000000000e+03 4.380000000000000000e+03
1.143065760000000000e+08 3.120000000000000000e+03 5.410000000000000000e+03 2.160000000000000000e+03 4.370000000000000000e+03
1.143067840000000000e+08 3.120000000000000000e+03 5.480000000000000000e+03 2.160000000000000000e+03 4.380000000000000000e+03
1.143069920000000000e+08 3.130000000000000000e+03 5.570000000000000000e+03 2.160000000000000000e+03 4.380000000000000000e+03
1.143072000000000000e+08 3.130000000000000000e+03 5.630000000000000000e+03 2.160000000000000000e+03 4.380000000000000000e+03
1.143074070000000000e+08 3.130000000000000000e+03 5.660000000000000000e+03 2.160000000000000000e+03 4.380000000000000000e+03
1.143076000000000000e+08 3.130000000000000000e+03 5.670000000000000000e+03 2.150000000000000000e+03 4.400000000000000000e+03
1.143086390000000000e+08 3.140000000000000000e+03 5.660000000000000000e+03 2.140000000000000000e+03 4.380000000000000000e+03
1.143088470000000000e+08 3.130000000000000000e+03 5.580000000000000000e+03 2.130000000000000000e+03 4.370000000000000000e+03
1.143090560000000000e+08 3.130000000000000000e+03 5.510000000000000000e+03 2.120000000000000000e+03 4.370000000000000000e+03
1.143092670000000000e+08 3.130000000000000000e+03 5.450000000000000000e+03 2.130000000000000000e+03 4.360000000000000000e+03
1.143094710000000000e+08 3.120000000000000000e+03 5.420000000000000000e+03 2.140000000000000000e+03 4.360000000000000000e+03
1.143096790000000000e+08 3.110000000000000000e+03 5.400000000000000000e+03 2.140000000000000000e+03 4.360000000000000000e+03
1.143098870000000000e+08 3.110000000000000000e+03 5.400000000000000000e+03 2.140000000000000000e+03 4.360000000000000000e+03
1.143100950000000000e+08 3.130000000000000000e+03 5.400000000000000000e+03 2.140000000000000000e+03 4.360000000000000000e+03
1.143103030000000000e+08 3.130000000000000000e+03 5.390000000000000000e+03 2.150000000000000000e+03 4.350000000000000000e+03
1.143105100000000000e+08 3.130000000000000000e+03 5.370000000000000000e+03 2.150000000000000000e+03 4.370000000000000000e+03
1.143107190000000000e+08 3.130000000000000000e+03 5.370000000000000000e+03 2.150000000000000000e+03 4.380000000000000000e+03
1.143109100000000000e+08 3.130000000000000000e+03 5.390000000000000000e+03 2.150000000000000000e+03 4.390000000000000000e+03
1.143111190000000000e+08 3.130000000000000000e+03 5.390000000000000000e+03 2.150000000000000000e+03 4.380000000000000000e+03
1.143113270000000000e+08 3.140000000000000000e+03 5.390000000000000000e+03 2.150000000000000000e+03 4.400000000000000000e+03
1.143115350000000000e+08 3.140000000000000000e+03 5.370000000000000000e+03 2.140000000000000000e+03 4.400000000000000000e+03
1.143117430000000000e+08 3.130000000000000000e+03 5.340000000000000000e+03 2.150000000000000000e+03 4.400000000000000000e+03
1.143119510000000000e+08 3.130000000000000000e+03 5.310000000000000000e+03 2.150000000000000000e+03 4.410000000000000000e+03
1.143121580000000000e+08 3.130000000000000000e+03 5.270000000000000000e+03 2.140000000000000000e+03 4.410000000000000000e+03
1.143123670000000000e+08 3.130000000000000000e+03 5.250000000000000000e+03 2.140000000000000000e+03 4.400000000000000000e+03
1.143125750000000000e+08 3.130000000000000000e+03 5.250000000000000000e+03 2.140000000000000000e+03 4.410000000000000000e+03
1.143127830000000000e+08 3.130000000000000000e+03 5.260000000000000000e+03 2.140000000000000000e+03 4.400000000000000000e+03
1.143129910000000000e+08 3.130000000000000000e+03 5.260000000000000000e+03 2.140000000000000000e+03 4.410000000000000000e+03
1.143131990000000000e+08 3.130000000000000000e+03 5.280000000000000000e+03 2.150000000000000000e+03 4.400000000000000000e+03
1.143134070000000000e+08 3.130000000000000000e+03 5.290000000000000000e+03 2.150000000000000000e+03 4.400000000000000000e+03
1.143136140000000000e+08 3.120000000000000000e+03 5.310000000000000000e+03 2.160000000000000000e+03 4.400000000000000000e+03
1.143138230000000000e+08 3.110000000000000000e+03 5.320000000000000000e+03 2.130000000000000000e+03 4.390000000000000000e+03
1.143140310000000000e+08 3.110000000000000000e+03 5.340000000000000000e+03 2.150000000000000000e+03 4.380000000000000000e+03
1.143142380000000000e+08 3.120000000000000000e+03 5.350000000000000000e+03 2.150000000000000000e+03 4.380000000000000000e+03
1.143144470000000000e+08 3.120000000000000000e+03 5.350000000000000000e+03 2.150000000000000000e+03 4.390000000000000000e+03
1.143146550000000000e+08 3.120000000000000000e+03 5.350000000000000000e+03 2.150000000000000000e+03 4.400000000000000000e+03
1.143148620000000000e+08 3.120000000000000000e+03 5.350000000000000000e+03 2.140000000000000000e+03 4.410000000000000000e+03
1.143150700000000000e+08 3.120000000000000000e+03 5.330000000000000000e+03 2.140000000000000000e+03 4.400000000000000000e+03
1.143152780000000000e+08 3.130000000000000000e+03 5.320000000000000000e+03 2.140000000000000000e+03 4.390000000000000000e+03
1.143154860000000000e+08 3.130000000000000000e+03 5.320000000000000000e+03 2.140000000000000000e+03 4.400000000000000000e+03
1.143156780000000000e+08 3.140000000000000000e+03 5.320000000000000000e+03 2.140000000000000000e+03 4.400000000000000000e+03
1.143158860000000000e+08 3.140000000000000000e+03 5.320000000000000000e+03 2.140000000000000000e+03 4.400000000000000000e+03
1.143160940000000000e+08 3.140000000000000000e+03 5.330000000000000000e+03 2.140000000000000000e+03 4.380000000000000000e+03
1.143163020000000000e+08 3.140000000000000000e+03 5.330000000000000000e+03 2.130000000000000000e+03 4.380000000000000000e+03
1.143165100000000000e+08 3.150000000000000000e+03 5.330000000000000000e+03 2.130000000000000000e+03 4.380000000000000000e+03
