1.146472410000000000e+08 2.550000000000000000e+03 4.530000000000000000e+03 3.080000000000000000e+03 5.070000000000000000e+03
1.146474490000000000e+08 2.550000000000000000e+03 4.520000000000000000e+03 3.080000000000000000e+03 5.060000000000000000e+03
1.146476570000000000e+08 2.590000000000000000e+03 4.530000000000000000e+03 3.080000000000000000e+03 5.060000000000000000e+03
1.146478650000000000e+08 2.540000000000000000e+03 4.530000000000000000e+03 3.080000000000000000e+03 5.060000000000000000e+03
1.146480730000000000e+08 2.490000000000000000e+03 4.530000000000000000e+03 3.080000000000000000e+03 5.060000000000000000e+03
1.146482810000000000e+08 2.430000000000000000e+03 4.530000000000000000e+03 3.080000000000000000e+03 5.070000000000000000e+03
1.146484890000000000e+08 2.390000000000000000e+03 4.530000000000000000e+03 3.080000000000000000e+03 5.060000000000000000e+03
1.146486970000000000e+08 2.370000000000000000e+03 4.540000000000000000e+03 3.080000000000000000e+03 5.060000000000000000e+03
1.146489050000000000e+08 2.400000000000000000e+03 4.530000000000000000e+03 3.070000000000000000e+03 5.060000000000000000e+03
1.146491130000000000e+08 2.460000000000000000e+03 4.530000000000000000e+03 3.070000000000000000e+03 5.060000000000000000e+03
1.146493050000000000e+08 2.460000000000000000e+03 4.520000000000000000e+03 3.080000000000000000e+03 5.070000000000000000e+03
1.146495130000000000e+08 2.430000000000000000e+03 4.510000000000000000e+03 3.080000000000000000e+03 5.060000000000000000e+03
1.146497210000000000e+08 2.420000000000000000e+03 4.500000000000000000e+03 3.080000000000000000e+03 5.060000000000000000e+03
1.146499290000000000e+08 2.400000000000000000e+03 4.500000000000000000e+03 3.080000000000000000e+03 5.060000000000000000e+03
1.146501370000000000e+08 2.400000000000000000e+03 4.510000000000000000e+03 3.080000000000000000e+03 5.060000000000000000e+03
1.146503440000000000e+08 2.390000000000000000e+03 4.510000000000000000e+03 3.080000000000000000e+03 5.060000000000000000e+03
1.146505530000000000e+08 2.390000000000000000e+03 4.520000000000000000e+03 3.080000000000000000e+03 5.060000000000000000e+03
1.146507610000000000e+08 2.400000000000000000e+03 4.520000000000000000e+03 3.080000000000000000e+03 5.060000000000000000e+03
1.146509690000000000e+08 2.400000000000000000e+03 4.520000000000000000e+03 3.080000000000000000e+03 5.060000000000000000e+03
1.146511770000000000e+08 2.400000000000000000e+03 4.520000000000000000e+03 3.080000000000000000e+03 5.060000000000000000e+03
1.146513850000000000e+08 2.370000000000000000e+03 4.520000000000000000e+03 3.080000000000000000e+03 5.060000000000000000e+03
1.146515930000000000e+08 2.370000000000000000e+03 4.520000000000000000e+03 3.080000000000000000e+03 5.060000000000000000e+03
1.146518010000000000e+08 2.370000000000000000e+03 4.520000000000000000e+03 3.090000000000000000e+03 5.060000000000000000e+03
1.146520090000000000e+08 2.400000000000000000e+03 4.520000000000000000e+03 3.080000000000000000e+03 5.060000000000000000e+03
1.146522170000000000e+08 2.440000000000000000e+03 4.520000000000000000e+03 3.080000000000000000e+03 5.070000000000000000e+03
1.146524240000000000e+08 2.460000000000000000e+03 4.520000000000000000e+03 3.060000000000000000e+03 5.070000000000000000e+03
1.146526330000000000e+08 2.480000000000000000e+03 4.520000000000000000e+03 3.060000000000000000e+03 5.070000000000000000e+03
1.146528410000000000e+08 2.470000000000000000e+03 4.520000000000000000e+03 3.060000000000000000e+03 5.070000000000000000e+03
1.146530480000000000e+08 2.480000000000000000e+03 4.530000000000000000e+03 3.070000000000000000e+03 5.070000000000000000e+03
1.146532560000000000e+08 2.470000000000000000e+03 4.530000000000000000e+03 3.070000000000000000e+03 5.070000000000000000e+03
1.146534640000000000e+08 2.480000000000000000e+03 4.530000000000000000e+03 3.070000000000000000e+03 5.080000000000000000e+03
1.146536720000000000e+08 2.460000000000000000e+03 4.530000000000000000e+03 3.070000000000000000e+03 5.070000000000000000e+03
1.146538800000000000e+08 2.460000000000000000e+03 4.540000000000000000e+03 3.060000000000000000e+03 5.070000000000000000e+03
1.146540880000000000e+08 2.460000000000000000e+03 4.540000000000000000e+03 3.060000000000000000e+03 5.070000000000000000e+03
1.146542960000000000e+08 2.640000000000000000e+03 4.550000000000000000e+03 3.070000000000000000e+03 5.070000000000000000e+03
1.146545040000000000e+08 2.590000000000000000e+03 4.550000000000000000e+03 3.080000000000000000e+03 5.070000000000000000e+03
1.146547120000000000e+08 2.580000000000000000e+03 4.550000000000000000e+03 3.080000000000000000e+03 5.070000000000000000e+03
1.146549200000000000e+08 2.530000000000000000e+03 4.550000000000000000e+03 3.080000000000000000e+03 5.070000000000000000e+03
1.146551280000000000e+08 2.490000000000000000e+03 4.550000000000000000e+03 3.080000000000000000e+03 5.070000000000000000e+03
1.146553360000000000e+08 2.490000000000000000e+03 4.540000000000000000e+03 3.080000000000000000e+03 5.070000000000000000e+03
1.146555280000000000e+08 2.490000000000000000e+03 4.540000000000000000e+03 3.080000000000000000e+03 5.070000000000000000e+03
1.146557360000000000e+08 2.500000000000000000e+03 4.540000000000000000e+03 3.080000000000000000e+03 5.070000000000000000e+03
1.146559440000000000e+08 2.480000000000000000e+03 4.540000000000000000e+03 3.090000000000000000e+03 5.070000000000000000e+03
1.146561520000000000e+08 2.460000000000000000e+03 4.540000000000000000e+03 3.090000000000000000e+03 5.070000000000000000e+03
1.146563600000000000e+08 2.470000000000000000e+03 4.540000000000000000e+03 3.090000000000000000e+03 5.070000000000000000e+03
1.146565680000000000e+08 2.490000000000000000e+03 4.540000000000000000e+03 3.080000000000000000e+03 5.070000000000000000e+03
1.146567760000000000e+08 2.490000000000000000e+03 4.550000000000000000e+03 3.080000000000000000e+03 5.080000000000000000e+03
1.146569840000000000e+08 2.480000000000000000e+03 4.550000000000000000e+03 3.080000000000000000e+03 5.080000000000000000e+03
1.146571920000000000e+08 2.470000000000000000e+03 4.550000000000000000e+03 3.080000000000000000e+03 5.080000000000000000e+03
1.146574000000000000e+08 2.490000000000000000e+03 4.550000000000000000e+03 3.080000000000000000e+03 5.070000000000000000e+03
1.146576080000000000e+08 2.490000000000000000e+03 4.550000000000000000e+03 3.080000000000000000e+03 5.070000000000000000e+03
1.146578160000000000e+08 2.490000000000000000e+03 4.530000000000000000e+03 3.070000000000000000e+03 5.070000000000000000e+03
1.146580240000000000e+08 2.480000000000000000e+03 4.530000000000000000e+03 3.060000000000000000e+03 5.070000000000000000e+03
1.146582320000000000e+08 2.480000000000000000e+03 4.530000000000000000e+03 3.060000000000000000e+03 5.070000000000000000e+03
1.146584400000000000e+08 2.460000000000000000e+03 4.540000000000000000e+03 3.060000000000000000e+03 5.070000000000000000e+03
1.146586480000000000e+08 2.440000000000000000e+03 4.550000000000000000e+03 3.060000000000000000e+03 5.070000000000000000e+03
1.146588560000000000e+08 2.420000000000000000e+03 4.540000000000000000e+03 3.060000000000000000e+03 5.070000000000000000e+03
1.146590630000000000e+08 2.420000000000000000e+03 4.540000000000000000e+03 3.070000000000000000e+03 5.050000000000000000e+03
1.146592710000000000e+08 2.440000000000000000e+03 4.540000000000000000e+03 3.070000000000000000e+03 5.060000000000000000e+03
1.146594630000000000e+08 2.440000000000000000e+03 4.530000000000000000e+03 3.070000000000000000e+03 5.070000000000000000e+03
1.146596710000000000e+08 2.440000000000000000e+03 4.520000000000000000e+03 3.070000000000000000e+03 5.070000000000000000e+03
1.146598790000000000e+08 2.440000000000000000e+03 4.520000000000000000e+03 3.070000000000000000e+03 5.060000000000000000e+03
1.147000870000000000e+08 2.440000000000000000e+03 4.540000000000000000e+03 3.060000000000000000e+03 5.060000000000000000e+03
1.147002950000000000e+08 2.440000000000000000e+03 4.540000000000000000e+03 3.060000000000000000e+03 5.060000000000000000e+03
1.147005030000000000e+08 2.460000000000000000e+03 4.540000000000000000e+03 3.070000000000000000e+03 5.050000000000000000e+03
1.147007110000000000e+08 2.500000000000000000e+03 4.540000000000000000e+03 3.060000000000000000e+03 5.050000000000000000e+03
1.147009190000000000e+08 2.530000000000000000e+03 4.540000000000000000e+03 3.070000000000000000e+03 5.060000000000000000e+03
1.147011280000000000e+08 2.550000000000000000e+03 4.540000000000000000e+03 3.070000000000000000e+03 5.060000000000000000e+03
1.147013350000000000e+08 2.570000000000000000e+03 4.540000000000000000e+03 3.070000000000000000e+03 5.060000000000000000e+03
1.147015420000000000e+08 2.580000000000000000e+03 4.540000000000000000e+03 3.080000000000000000e+03 5.070000000000000000e+03
1.147017510000000000e+08 2.560000000000000000e+03 4.540000000000000000e+03 3.090000000000000000e+03 5.070000000000000000e+03
1.147027900000000000e+08 2.430000000000000000e+03 4.560000000000000000e+03 3.100000000000000000e+03 5.070000000000000000e+03
1.147029990000000000e+08 2.420000000000000000e+03 4.550000000000000000e+03 3.100000000000000000e+03 5.070000000000000000e+03
1.147032070000000000e+08 2.370000000000000000e+03 4.550000000000000000e+03 3.100000000000000000e+03 5.070000000000000000e+03
1.147034150000000000e+08 2.430000000000000000e+03 4.550000000000000000e+03 3.090000000000000000e+03 5.070000000000000000e+03
1.147036230000000000e+08 2.480000000000000000e+03 4.540000000000000000e+03 3.080000000000000000e+03 5.070000000000000000e+03
1.147038150000000000e+08 2.550000000000000000e+03 4.530000000000000000e+03 3.070000000000000000e+03 5.070000000000000000e+03
1.147040230000000000e+08 2.590000000000000000e+03 4.530000000000000000e+03 3.070000000000000000e+03 5.070000000000000000e+03
1.147042310000000000e+08 2.530000000000000000e+03 4.550000000000000000e+03 3.070000000000000000e+03 5.070000000000000000e+03
1.147044390000000000e+08 2.550000000000000000e+03 4.540000000000000000e+03 3.070000000000000000e+03 5.060000000000000000e+03
1.147046460000000000e+08 2.520000000000000000e+03 4.550000000000000000e+03 3.070000000000000000e+03 5.060000000000000000e+03
1.147048540000000000e+08 2.510000000000000000e+03 4.520000000000000000e+03 3.060000000000000000e+03 5.060000000000000000e+03
1.147050620000000000e+08 2.530000000000000000e+03 4.520000000000000000e+03 3.070000000000000000e+03 5.060000000000000000e+03
1.147052700000000000e+08 2.500000000000000000e+03 4.520000000000000000e+03 3.070000000000000000e+03 5.060000000000000000e+03
1.147054780000000000e+08 2.520000000000000000e+03 4.520000000000000000e+03 3.070000000000000000e+03 5.070000000000000000e+03
1.147056860000000000e+08 2.470000000000000000e+03 4.520000000000000000e+03 3.080000000000000000e+03 5.060000000000000000e+03
1.147058930000000000e+08 2.400000000000000000e+03 4.530000000000000000e+03 3.080000000000000000e+03 5.060000000000000000e+03
1.147061020000000000e+08 2.350000000000000000e+03 4.540000000000000000e+03 3.080000000000000000e+03 5.070000000000000000e+03
1.147063100000000000e+08 2.340000000000000000e+03 4.540000000000000000e+03 3.080000000000000000e+03 5.070000000000000000e+03
1.147065190000000000e+08 2.360000000000000000e+03 4.540000000000000000e+03 3.080000000000000000e+03 5.070000000000000000e+03
1.147067280000000000e+08 2.360000000000000000e+03 4.550000000000000000e+03 3.080000000000000000e+03 5.070000000000000000e+03
1.147069350000000000e+08 2.380000000000000000e+03 4.550000000000000000e+03 3.080000000000000000e+03 5.080000000000000000e+03
1.147071420000000000e+08 2.390000000000000000e+03 4.550000000000000000e+03 3.080000000000000000e+03 5.080000000000000000e+03
1.147073500000000000e+08 2.380000000000000000e+03 4.550000000000000000e+03 3.080000000000000000e+03 5.070000000000000000e+03
1.147075580000000000e+08 2.360000000000000000e+03 4.550000000000000000e+03 3.080000000000000000e+03 5.060000000000000000e+03
1.147077660000000000e+08 2.350000000000000000e+03 4.550000000000000000e+03 3.080000000000000000e+03 5.060000000000000000e+03
1.147079730000000000e+08 2.350000000000000000e+03 4.550000000000000000e+03 3.070000000000000000e+03 5.060000000000000000e+03
1.147081820000000000e+08 2.350000000000000000e+03 4.540000000000000000e+03 3.060000000000000000e+03 5.050000000000000000e+03
1.147083900000000000e+08 2.350000000000000000e+03 4.520000000000000000e+03 3.070000000000000000e+03 5.050000000000000000e+03
1.147085980000000000e+08 2.340000000000000000e+03 4.520000000000000000e+03 3.070000000000000000e+03 5.060000000000000000e+03
1.147088060000000000e+08 2.330000000000000000e+03 4.520000000000000000e+03 3.080000000000000000e+03 5.060000000000000000e+03
1.147090140000000000e+08 2.320000000000000000e+03 4.520000000000000000e+03 3.080000000000000000e+03 5.050000000000000000e+03
1.147092220000000000e+08 2.290000000000000000e+03 4.520000000000000000e+03 3.080000000000000000e+03 5.050000000000000000e+03
1.147094300000000000e+08 2.290000000000000000e+03 4.530000000000000000e+03 3.080000000000000000e+03 5.050000000000000000e+03
1.147096380000000000e+08 2.300000000000000000e+03 4.520000000000000000e+03 3.080000000000000000e+03 5.060000000000000000e+03
1.147098460000000000e+08 2.300000000000000000e+03 4.530000000000000000e+03 3.080000000000000000e+03 5.060000000000000000e+03
1.147100540000000000e+08 2.310000000000000000e+03 4.530000000000000000e+03 3.080000000000000000e+03 5.060000000000000000e+03
1.147102620000000000e+08 2.310000000000000000e+03 4.530000000000000000e+03 3.080000000000000000e+03 5.050000000000000000e+03
1.147104690000000000e+08 2.300000000000000000e+03 4.530000000000000000e+03 3.080000000000000000e+03 5.050000000000000000e+03
1.147106780000000000e+08 2.300000000000000000e+03 4.530000000000000000e+03 3.080000000000000000e+03 5.050000000000000000e+03
1.147108850000000000e+08 2.310000000000000000e+03 4.540000000000000000e+03 3.070000000000000000e+03 5.050000000000000000e+03
1.147110940000000000e+08 2.330000000000000000e+03 4.540000000000000000e+03 3.070000000000000000e+03 5.060000000000000000e+03
1.147113010000000000e+08 2.330000000000000000e+03 4.540000000000000000e+03 3.070000000000000000e+03 5.060000000000000000e+03
1.147219070000000000e+08 2.200000000000000000e+03 4.510000000000000000e+03 3.070000000000000000e+03 5.240000000000000000e+03
1.147221150000000000e+08 2.200000000000000000e+03 4.510000000000000000e+03 3.070000000000000000e+03 5.200000000000000000e+03
1.147223230000000000e+08 2.190000000000000000e+03 4.510000000000000000e+03 3.070000000000000000e+03 5.210000000000000000e+03
1.147225310000000000e+08 2.190000000000000000e+03 4.520000000000000000e+03 3.070000000000000000e+03 5.210000000000000000e+03
1.147227390000000000e+08 2.200000000000000000e+03 4.530000000000000000e+03 3.070000000000000000e+03 5.210000000000000000e+03
1.147229470000000000e+08 2.200000000000000000e+03 4.530000000000000000e+03 3.070000000000000000e+03 5.250000000000000000e+03
1.147231550000000000e+08 2.200000000000000000e+03 4.530000000000000000e+03 3.070000000000000000e+03 5.270000000000000000e+03
1.147233620000000000e+08 2.210000000000000000e+03 4.530000000000000000e+03 3.070000000000000000e+03 5.270000000000000000e+03
1.147235720000000000e+08 2.210000000000000000e+03 4.530000000000000000e+03 3.060000000000000000e+03 5.270000000000000000e+03
1.147237790000000000e+08 2.200000000000000000e+03 4.530000000000000000e+03 3.060000000000000000e+03 5.260000000000000000e+03
1.147239860000000000e+08 2.200000000000000000e+03 4.530000000000000000e+03 3.060000000000000000e+03 5.250000000000000000e+03
1.147241950000000000e+08 2.200000000000000000e+03 4.530000000000000000e+03 3.070000000000000000e+03 5.340000000000000000e+03
1.147244030000000000e+08 2.210000000000000000e+03 4.540000000000000000e+03 3.070000000000000000e+03 5.490000000000000000e+03
1.147246110000000000e+08 2.210000000000000000e+03 4.550000000000000000e+03 3.070000000000000000e+03 5.590000000000000000e+03
1.147248190000000000e+08 2.210000000000000000e+03 4.540000000000000000e+03 3.070000000000000000e+03 5.670000000000000000e+03
1.147250270000000000e+08 2.210000000000000000e+03 4.530000000000000000e+03 3.070000000000000000e+03 5.740000000000000000e+03
1.147252350000000000e+08 2.210000000000000000e+03 4.520000000000000000e+03 3.070000000000000000e+03 5.740000000000000000e+03
1.147254430000000000e+08 2.210000000000000000e+03 4.520000000000000000e+03 3.080000000000000000e+03 5.590000000000000000e+03
1.147256510000000000e+08 2.200000000000000000e+03 4.520000000000000000e+03 3.080000000000000000e+03 5.510000000000000000e+03
1.147258590000000000e+08 2.200000000000000000e+03 4.520000000000000000e+03 3.070000000000000000e+03 5.460000000000000000e+03
1.147260670000000000e+08 2.200000000000000000e+03 4.520000000000000000e+03 3.070000000000000000e+03 5.420000000000000000e+03
1.147262750000000000e+08 2.200000000000000000e+03 4.520000000000000000e+03 3.070000000000000000e+03 5.410000000000000000e+03
1.147264830000000000e+08 2.200000000000000000e+03 4.530000000000000000e+03 3.070000000000000000e+03 5.410000000000000000e+03
1.147266910000000000e+08 2.200000000000000000e+03 4.530000000000000000e+03 3.070000000000000000e+03 5.420000000000000000e+03
1.147268980000000000e+08 2.200000000000000000e+03 4.530000000000000000e+03 3.070000000000000000e+03 5.410000000000000000e+03
1.147271070000000000e+08 2.210000000000000000e+03 4.530000000000000000e+03 3.070000000000000000e+03 5.420000000000000000e+03
1.147273150000000000e+08 2.200000000000000000e+03 4.540000000000000000e+03 3.070000000000000000e+03 5.440000000000000000e+03
1.147275220000000000e+08 2.200000000000000000e+03 4.530000000000000000e+03 3.070000000000000000e+03 5.470000000000000000e+03
1.147277300000000000e+08 2.200000000000000000e+03 4.530000000000000000e+03 3.070000000000000000e+03 5.470000000000000000e+03
1.147279380000000000e+08 2.200000000000000000e+03 4.520000000000000000e+03 3.070000000000000000e+03 5.500000000000000000e+03
1.147281460000000000e+08 2.200000000000000000e+03 4.530000000000000000e+03 3.080000000000000000e+03 5.500000000000000000e+03
1.147283540000000000e+08 2.200000000000000000e+03 4.530000000000000000e+03 3.070000000000000000e+03 5.460000000000000000e+03
1.147285620000000000e+08 2.200000000000000000e+03 4.530000000000000000e+03 3.070000000000000000e+03 5.460000000000000000e+03
1.147287700000000000e+08 2.200000000000000000e+03 4.530000000000000000e+03 3.080000000000000000e+03 5.450000000000000000e+03
1.147289780000000000e+08 2.200000000000000000e+03 4.530000000000000000e+03 3.080000000000000000e+03 5.450000000000000000e+03
1.147291860000000000e+08 2.190000000000000000e+03 4.530000000000000000e+03 3.070000000000000000e+03 5.450000000000000000e+03
1.147293940000000000e+08 2.180000000000000000e+03 4.540000000000000000e+03 3.060000000000000000e+03 5.450000000000000000e+03
1.147296020000000000e+08 2.190000000000000000e+03 4.540000000000000000e+03 3.060000000000000000e+03 5.460000000000000000e+03
1.147298100000000000e+08 2.200000000000000000e+03 4.540000000000000000e+03 3.060000000000000000e+03 5.470000000000000000e+03
1.147300180000000000e+08 2.210000000000000000e+03 4.540000000000000000e+03 3.060000000000000000e+03 5.470000000000000000e+03
1.147302250000000000e+08 2.210000000000000000e+03 4.540000000000000000e+03 3.070000000000000000e+03 5.480000000000000000e+03
1.147304340000000000e+08 2.200000000000000000e+03 4.530000000000000000e+03 3.080000000000000000e+03 5.480000000000000000e+03
1.147306420000000000e+08 2.210000000000000000e+03 4.530000000000000000e+03 3.080000000000000000e+03 5.500000000000000000e+03
1.147308500000000000e+08 2.200000000000000000e+03 4.530000000000000000e+03 3.080000000000000000e+03 5.490000000000000000e+03
1.147310580000000000e+08 2.200000000000000000e+03 4.530000000000000000e+03 3.070000000000000000e+03 5.510000000000000000e+03
1.147312660000000000e+08 2.190000000000000000e+03 4.530000000000000000e+03 3.070000000000000000e+03 5.500000000000000000e+03
1.147314740000000000e+08 2.200000000000000000e+03 4.530000000000000000e+03 3.080000000000000000e+03 5.430000000000000000e+03
1.147316820000000000e+08 2.210000000000000000e+03 4.530000000000000000e+03 3.080000000000000000e+03 5.430000000000000000e+03
1.147318900000000000e+08 2.200000000000000000e+03 4.520000000000000000e+03 3.080000000000000000e+03 5.440000000000000000e+03
1.147321080000000000e+08 2.200000000000000000e+03 4.520000000000000000e+03 3.070000000000000000e+03 5.440000000000000000e+03
1.147323060000000000e+08 2.210000000000000000e+03 4.520000000000000000e+03 3.060000000000000000e+03 5.440000000000000000e+03
1.147325140000000000e+08 2.200000000000000000e+03 4.520000000000000000e+03 3.060000000000000000e+03 5.430000000000000000e+03
1.147327210000000000e+08 2.200000000000000000e+03 4.530000000000000000e+03 3.060000000000000000e+03 5.440000000000000000e+03
1.147329290000000000e+08 2.200000000000000000e+03 4.540000000000000000e+03 3.070000000000000000e+03 5.480000000000000000e+03
1.147331380000000000e+08 2.190000000000000000e+03 4.550000000000000000e+03 3.070000000000000000e+03 5.400000000000000000e+03
1.147333450000000000e+08 2.200000000000000000e+03 4.540000000000000000e+03 3.070000000000000000e+03 5.320000000000000000e+03
1.147335530000000000e+08 2.190000000000000000e+03 4.540000000000000000e+03 3.070000000000000000e+03 5.270000000000000000e+03
1.147337620000000000e+08 2.190000000000000000e+03 4.530000000000000000e+03 3.070000000000000000e+03 5.270000000000000000e+03
1.147339690000000000e+08 2.190000000000000000e+03 4.540000000000000000e+03 3.070000000000000000e+03 5.300000000000000000e+03
1.147341770000000000e+08 2.180000000000000000e+03 4.530000000000000000e+03 3.060000000000000000e+03 5.260000000000000000e+03
1.147343850000000000e+08 2.190000000000000000e+03 4.520000000000000000e+03 3.060000000000000000e+03 5.240000000000000000e+03
1.147345930000000000e+08 2.200000000000000000e+03 4.520000000000000000e+03 3.060000000000000000e+03 5.210000000000000000e+03
1.147348010000000000e+08 2.220000000000000000e+03 4.540000000000000000e+03 3.050000000000000000e+03 5.200000000000000000e+03
1.147350090000000000e+08 2.210000000000000000e+03 4.540000000000000000e+03 3.060000000000000000e+03 5.190000000000000000e+03
1.147352170000000000e+08 2.220000000000000000e+03 4.530000000000000000e+03 3.060000000000000000e+03 5.160000000000000000e+03
1.147354250000000000e+08 2.220000000000000000e+03 4.520000000000000000e+03 3.060000000000000000e+03 5.130000000000000000e+03
1.147356330000000000e+08 2.220000000000000000e+03 4.520000000000000000e+03 3.060000000000000000e+03 5.150000000000000000e+03
1.147358400000000000e+08 2.230000000000000000e+03 4.520000000000000000e+03 3.070000000000000000e+03 5.190000000000000000e+03
1.147360490000000000e+08 2.210000000000000000e+03 4.530000000000000000e+03 3.070000000000000000e+03 5.210000000000000000e+03
1.147362570000000000e+08 2.220000000000000000e+03 4.530000000000000000e+03 3.070000000000000000e+03 5.230000000000000000e+03
1.147364650000000000e+08 2.210000000000000000e+03 4.530000000000000000e+03 3.070000000000000000e+03 5.240000000000000000e+03
1.147366730000000000e+08 2.200000000000000000e+03 4.530000000000000000e+03 3.070000000000000000e+03 5.240000000000000000e+03
1.147368810000000000e+08 2.200000000000000000e+03 4.530000000000000000e+03 3.070000000000000000e+03 5.250000000000000000e+03
1.147370890000000000e+08 2.200000000000000000e+03 4.520000000000000000e+03 3.080000000000000000e+03 5.320000000000000000e+03
1.147372970000000000e+08 2.200000000000000000e+03 4.520000000000000000e+03 3.070000000000000000e+03 5.380000000000000000e+03
1.147375050000000000e+08 2.200000000000000000e+03 4.530000000000000000e+03 3.070000000000000000e+03 5.410000000000000000e+03
1.147377130000000000e+08 2.200000000000000000e+03 4.530000000000000000e+03 3.070000000000000000e+03 5.410000000000000000e+03
1.147379210000000000e+08 2.200000000000000000e+03 4.530000000000000000e+03 3.070000000000000000e+03 5.400000000000000000e+03
1.147381290000000000e+08 2.200000000000000000e+03 4.530000000000000000e+03 3.070000000000000000e+03 5.370000000000000000e+03
1.147383370000000000e+08 2.200000000000000000e+03 4.520000000000000000e+03 3.070000000000000000e+03 5.360000000000000000e+03
1.147385450000000000e+08 2.200000000000000000e+03 4.530000000000000000e+03 3.070000000000000000e+03 5.390000000000000000e+03
1.147387520000000000e+08 2.200000000000000000e+03 4.530000000000000000e+03 3.070000000000000000e+03 5.480000000000000000e+03
1.147389610000000000e+08 2.200000000000000000e+03 4.530000000000000000e+03 3.070000000000000000e+03 5.560000000000000000e+03
1.147391680000000000e+08 2.200000000000000000e+03 4.530000000000000000e+03 3.080000000000000000e+03 5.590000000000000000e+03
1.147393760000000000e+08 2.210000000000000000e+03 4.530000000000000000e+03 3.080000000000000000e+03 5.620000000000000000e+03
1.147395840000000000e+08 2.210000000000000000e+03 4.520000000000000000e+03 3.070000000000000000e+03 5.670000000000000000e+03
1.147397920000000000e+08 2.210000000000000000e+03 4.520000000000000000e+03 3.070000000000000000e+03 5.690000000000000000e+03
1.147400000000000000e+08 2.210000000000000000e+03 4.530000000000000000e+03 3.070000000000000000e+03 5.700000000000000000e+03
1.147402080000000000e+08 2.200000000000000000e+03 4.540000000000000000e+03 3.070000000000000000e+03 5.690000000000000000e+03
1.147404160000000000e+08 2.190000000000000000e+03 4.530000000000000000e+03 3.070000000000000000e+03 5.670000000000000000e+03
1.147406240000000000e+08 2.180000000000000000e+03 4.520000000000000000e+03 3.070000000000000000e+03 5.670000000000000000e+03
1.147408320000000000e+08 2.180000000000000000e+03 4.520000000000000000e+03 3.070000000000000000e+03 5.650000000000000000e+03
1.147410400000000000e+08 2.200000000000000000e+03 4.520000000000000000e+03 3.070000000000000000e+03 5.660000000000000000e+03
1.147412480000000000e+08 2.200000000000000000e+03 4.520000000000000000e+03 3.070000000000000000e+03 5.690000000000000000e+03
1.147414560000000000e+08 2.200000000000000000e+03 4.530000000000000000e+03 3.080000000000000000e+03 5.680000000000000000e+03
1.147416640000000000e+08 2.210000000000000000e+03 4.550000000000000000e+03 3.080000000000000000e+03 5.710000000000000000e+03
1.147418720000000000e+08 2.200000000000000000e+03 4.550000000000000000e+03 3.080000000000000000e+03 5.700000000000000000e+03
1.147420810000000000e+08 2.200000000000000000e+03 4.540000000000000000e+03 3.070000000000000000e+03 5.680000000000000000e+03
1.147422880000000000e+08 2.200000000000000000e+03 4.550000000000000000e+03 3.060000000000000000e+03 5.660000000000000000e+03
1.147424960000000000e+08 2.200000000000000000e+03 4.550000000000000000e+03 3.070000000000000000e+03 5.670000000000000000e+03
1.147427040000000000e+08 2.200000000000000000e+03 4.560000000000000000e+03 3.070000000000000000e+03 5.670000000000000000e+03
1.147429120000000000e+08 2.200000000000000000e+03 4.540000000000000000e+03 3.070000000000000000e+03 5.680000000000000000e+03
1.147431210000000000e+08 2.190000000000000000e+03 4.540000000000000000e+03 3.070000000000000000e+03 5.710000000000000000e+03
1.147433280000000000e+08 2.200000000000000000e+03 4.530000000000000000e+03 3.060000000000000000e+03 5.770000000000000000e+03
1.147435360000000000e+08 2.200000000000000000e+03 4.530000000000000000e+03 3.070000000000000000e+03 5.630000000000000000e+03
1.147437440000000000e+08 2.200000000000000000e+03 4.530000000000000000e+03 3.070000000000000000e+03 5.520000000000000000e+03
1.147439520000000000e+08 2.210000000000000000e+03 4.530000000000000000e+03 3.070000000000000000e+03 5.440000000000000000e+03
1.147441590000000000e+08 2.200000000000000000e+03 4.520000000000000000e+03 3.070000000000000000e+03 5.380000000000000000e+03
1.147443670000000000e+08 2.190000000000000000e+03 4.530000000000000000e+03 3.070000000000000000e+03 5.370000000000000000e+03
1.147445750000000000e+08 2.190000000000000000e+03 4.530000000000000000e+03 3.070000000000000000e+03 5.510000000000000000e+03
1.147447840000000000e+08 2.190000000000000000e+03 4.520000000000000000e+03 3.070000000000000000e+03 5.510000000000000000e+03
1.147449910000000000e+08 2.200000000000000000e+03 4.520000000000000000e+03 3.060000000000000000e+03 5.500000000000000000e+03
1.147451990000000000e+08 2.200000000000000000e+03 4.520000000000000000e+03 3.060000000000000000e+03 5.480000000000000000e+03
1.147454070000000000e+08 2.180000000000000000e+03 4.520000000000000000e+03 3.060000000000000000e+03 5.480000000000000000e+03
1.147456150000000000e+08 2.180000000000000000e+03 4.520000000000000000e+03 3.060000000000000000e+03 5.500000000000000000e+03
1.147458230000000000e+08 2.180000000000000000e+03 4.510000000000000000e+03 3.060000000000000000e+03 5.590000000000000000e+03
1.147460310000000000e+08 2.190000000000000000e+03 4.510000000000000000e+03 3.060000000000000000e+03 5.490000000000000000e+03
1.147462390000000000e+08 2.200000000000000000e+03 4.520000000000000000e+03 3.060000000000000000e+03 5.540000000000000000e+03
1.147464470000000000e+08 2.200000000000000000e+03 4.520000000000000000e+03 3.060000000000000000e+03 5.490000000000000000e+03
1.147466550000000000e+08 2.200000000000000000e+03 4.530000000000000000e+03 3.060000000000000000e+03 5.570000000000000000e+03
1.147468630000000000e+08 2.190000000000000000e+03 4.530000000000000000e+03 3.060000000000000000e+03 5.420000000000000000e+03
1.147470710000000000e+08 2.190000000000000000e+03 4.530000000000000000e+03 3.060000000000000000e+03 5.340000000000000000e+03
1.147472800000000000e+08 2.190000000000000000e+03 4.530000000000000000e+03 3.060000000000000000e+03 5.310000000000000000e+03
1.147474870000000000e+08 2.200000000000000000e+03 4.530000000000000000e+03 3.070000000000000000e+03 5.310000000000000000e+03
1.147476950000000000e+08 2.200000000000000000e+03 4.530000000000000000e+03 3.070000000000000000e+03 5.330000000000000000e+03
1.147479030000000000e+08 2.200000000000000000e+03 4.520000000000000000e+03 3.070000000000000000e+03 5.420000000000000000e+03
1.147481110000000000e+08 2.190000000000000000e+03 4.520000000000000000e+03 3.060000000000000000e+03 5.540000000000000000e+03
1.147483190000000000e+08 2.190000000000000000e+03 4.510000000000000000e+03 3.060000000000000000e+03 5.630000000000000000e+03
1.147485270000000000e+08 2.210000000000000000e+03 4.520000000000000000e+03 3.070000000000000000e+03 5.710000000000000000e+03
1.147487350000000000e+08 2.200000000000000000e+03 4.510000000000000000e+03 3.060000000000000000e+03 5.750000000000000000e+03
1.147489430000000000e+08 2.200000000000000000e+03 4.520000000000000000e+03 3.060000000000000000e+03 5.780000000000000000e+03
1.147491510000000000e+08 2.200000000000000000e+03 4.530000000000000000e+03 3.060000000000000000e+03 5.800000000000000000e+03
1.147493590000000000e+08 2.200000000000000000e+03 4.530000000000000000e+03 3.060000000000000000e+03 5.730000000000000000e+03
1.147495670000000000e+08 2.200000000000000000e+03 4.530000000000000000e+03 3.070000000000000000e+03 5.590000000000000000e+03
1.147497750000000000e+08 2.200000000000000000e+03 4.530000000000000000e+03 3.060000000000000000e+03 5.470000000000000000e+03
1.147499830000000000e+08 2.200000000000000000e+03 4.530000000000000000e+03 3.060000000000000000e+03 5.600000000000000000e+03
1.147501910000000000e+08 2.210000000000000000e+03 4.530000000000000000e+03 3.060000000000000000e+03 5.420000000000000000e+03
1.147503990000000000e+08 2.200000000000000000e+03 4.530000000000000000e+03 3.060000000000000000e+03 5.460000000000000000e+03
1.147506060000000000e+08 2.200000000000000000e+03 4.540000000000000000e+03 3.060000000000000000e+03 5.540000000000000000e+03
1.147508140000000000e+08 2.200000000000000000e+03 4.550000000000000000e+03 3.060000000000000000e+03 5.610000000000000000e+03
1.147510230000000000e+08 2.190000000000000000e+03 4.550000000000000000e+03 3.070000000000000000e+03 5.440000000000000000e+03
1.147512300000000000e+08 2.190000000000000000e+03 4.540000000000000000e+03 3.070000000000000000e+03 5.320000000000000000e+03
1.147514380000000000e+08 2.190000000000000000e+03 4.540000000000000000e+03 3.070000000000000000e+03 5.330000000000000000e+03
1.147516460000000000e+08 2.180000000000000000e+03 4.540000000000000000e+03 3.070000000000000000e+03 5.360000000000000000e+03
1.147518540000000000e+08 2.180000000000000000e+03 4.530000000000000000e+03 3.070000000000000000e+03 5.370000000000000000e+03
1.147520620000000000e+08 2.200000000000000000e+03 4.520000000000000000e+03 3.070000000000000000e+03 5.320000000000000000e+03
1.147522700000000000e+08 2.210000000000000000e+03 4.520000000000000000e+03 3.080000000000000000e+03 5.320000000000000000e+03
1.147524780000000000e+08 2.210000000000000000e+03 4.520000000000000000e+03 3.070000000000000000e+03 5.390000000000000000e+03
1.147526860000000000e+08 2.200000000000000000e+03 4.520000000000000000e+03 3.070000000000000000e+03 5.370000000000000000e+03
1.147528940000000000e+08 2.200000000000000000e+03 4.520000000000000000e+03 3.070000000000000000e+03 5.340000000000000000e+03
1.147531020000000000e+08 2.200000000000000000e+03 4.520000000000000000e+03 3.070000000000000000e+03 5.320000000000000000e+03
1.147533100000000000e+08 2.200000000000000000e+03 4.520000000000000000e+03 3.070000000000000000e+03 5.410000000000000000e+03
1.147535180000000000e+08 2.190000000000000000e+03 4.530000000000000000e+03 3.070000000000000000e+03 5.310000000000000000e+03
1.147537260000000000e+08 2.190000000000000000e+03 4.520000000000000000e+03 3.070000000000000000e+03 5.300000000000000000e+03
1.147539340000000000e+08 2.190000000000000000e+03 4.520000000000000000e+03 3.070000000000000000e+03 5.240000000000000000e+03
1.147541410000000000e+08 2.190000000000000000e+03 4.520000000000000000e+03 3.070000000000000000e+03 5.160000000000000000e+03
1.147543500000000000e+08 2.190000000000000000e+03 4.530000000000000000e+03 3.060000000000000000e+03 5.320000000000000000e+03
1.147545580000000000e+08 2.200000000000000000e+03 4.550000000000000000e+03 3.060000000000000000e+03 5.380000000000000000e+03
1.147547660000000000e+08 2.200000000000000000e+03 4.540000000000000000e+03 3.060000000000000000e+03 5.430000000000000000e+03
1.147549750000000000e+08 2.190000000000000000e+03 4.530000000000000000e+03 3.060000000000000000e+03 5.450000000000000000e+03
